nBuses=124;
max_busses=82;
cap_B=[80 111 101 57 85 83 132 74 97 135 81 120 87 115 86 89 60 85 139 75 131 95 131 62 85 80 87 139 86 52 69 129 129 67 70 55 96 106 76 71 127 81 117 133 80 78 104 54 117 83 90 101 55 76 71 132 77 84 113 130 129 135 138 101 50 128 98 75 121 117 139 82 96 51 59 98 99 101 129 105 106 75 111 71 140 93 50 89 126 81 79 130 90 122 106 68 134 127 72 75 129 132 133 52 61 62 113 59 64 78 88 126 78 91 107 101 106 73 121 99 58 130 89 111];
euros_min_B=[5.246180202397141 3.169611791233744 8.691625884558041 4.106994459664447 11.916437703499968 4.001606056104831 12.293132853832528 3.307455631627882 2.214055536888906 6.4310458979260385 7.630230426192032 12.766477511848809 9.01313522360248 3.7317524239066575 7.034602242106299 4.635172049524578 1.648507986049177 8.264209207033403 5.799805715910185 1.9301385714048527 9.857309745074266 7.102940682002883 8.819405770167489 12.75196874784338 11.712271378567863 2.7100356268505585 7.426262530382462 2.1565447341128348 11.288291390634962 5.5193437043275715 11.853352093152079 10.520612056933262 3.67981286732235 4.500663230887687 5.63830120878861 7.366994666859049 14.96059367108851 14.74448109344627 2.5906552585270504 9.337487708595242 1.5724931333006953 5.5000613776364276 5.1007038118920445 14.827203384069055 7.1433986406677565 6.897093461521189 12.634659670442915 1.5152835366242463 3.912916904780405 2.983824748919882 8.914818805724263 14.478573043743745 7.920032318119836 14.01898788089519 5.712254182598482 5.410520131942379 10.16625064029963 5.739428601557012 2.0413279534916073 10.356926356834217 2.7868590260705632 12.98838124310049 9.89265706020644 13.984733249740241 3.9567335316022323 13.269930180927714 13.290290185158666 3.2666207060273367 11.830034024869827 7.154992657672676 9.322815772748221 9.513752079289999 2.115658855036741 5.1571382710907265 2.1919741439681646 3.8749378995852517 4.2718083159771805 2.3316753885203556 12.176950144729021 6.822499319984133 1.9368501961253186 9.917117090763721 6.914502245593181 6.202441217303425 3.0902974797171883 4.620555114642399 10.947163912370128 2.6933398815190692 7.779492358627415 6.7564761330632965 11.733379025204382 1.0236950179507347 8.617186805449927 5.279105671601858 9.581993152532213 4.523747181852087 5.760615794849144 3.0151357908206045 4.995128040215269 9.063754715878733 13.365332568500495 14.106633101850715 6.2065103245781 9.45277075679153 12.215462528364892 3.218520421934282 10.254106432453563 11.64352662086408 3.408294820202774 9.650137566130438 12.938845194797999 4.3240712922531745 5.335471951563961 8.521172708087818 13.586249122320908 14.573180820382223 6.761902214839177 13.56332884403146 9.606638681620508 9.725209715894803 7.4147361638625 13.879497817632977 13.743557492485273 4.11026150702792];
euros_km_B=[21.915290247542327 2.9289377747081073 9.391896770992263 16.563720237069592 24.97927869170394 27.896793311413752 24.21298731774602 9.399580070244463 18.569704627876515 8.217332677214703 3.59104001069632 1.2091286954077938 26.58719995648491 13.288201267782311 5.678297577526646 24.124334612890447 19.1641716206572 19.791944411888437 29.921087350991257 27.49242275116926 9.012840213830811 18.07429167106299 27.225137944389076 21.536712159493668 18.847530178732217 28.102841810499513 2.2415244456785697 28.969766517634614 28.83616015677558 10.328607477353483 12.902402750997389 3.2549323477513865 13.880124944954101 18.365480332766435 1.272497523847373 11.590533917610527 17.572216896831723 13.2946230588806 2.8040664911482316 29.14794542893451 15.229360855350548 2.0316446315193497 29.91026688270506 14.855096927668223 15.266221091666864 8.208993246969833 15.45881186756188 8.34823397568825 7.712532968051034 2.486938028333627 29.726550687265107 19.93605627838694 3.694349881061311 17.596840479173462 20.05036099751027 13.179685572629367 20.89283570075055 12.373273884744142 29.161560044604144 2.2917751181810595 29.087513937158917 26.23231727518665 17.506972139278908 7.337702461647868 5.545532236845774 4.360809113664266 16.96764351091253 18.640060093914343 14.673793454034703 3.2906853034444987 15.176105560834568 5.024089717864329 26.49307891105564 11.060466013843437 16.757981629366604 29.32045581954652 15.112908019190765 4.3190826144584 11.610590695304905 21.625800524063415 26.5584232306537 27.96274205488575 24.152117246318188 5.7217980855269515 15.333401634803566 29.239054711297882 1.1613015964256599 4.214321651374503 3.194845505809209 9.510078969202386 29.58833798061703 2.5346625944712113 27.36539733070022 26.158256550827403 13.819899360555247 18.315555151575854 13.568598869400047 24.4616455364332 28.246194420662942 11.162784863814963 3.2347774406811265 6.2105931606872575 6.064060946679292 16.194109950455818 24.410253864332848 17.940895390690002 29.782997147734733 29.085728515721552 14.894789804417629 25.106623419729264 20.945020510086646 15.205236154825203 7.680689540688094 16.3630625597911 12.606290636079455 10.080663936058928 1.3823160625042061 14.29751711417281 11.564749715638824 5.5255236910871295 28.986764070739945 18.5103049285034 22.911349911087537 27.91908480844281];


nDrivers=125;
max_D=[420 455 352 502 545 379 346 334 310 505 581 448 330 413 566 574 484 441 388 354 434 409 313 628 433 439 399 384 458 448 621 490 344 610 472 643 498 559 427 391 426 542 443 345 580 453 303 449 593 660 459 560 399 511 516 606 447 520 531 382 419 456 432 322 341 323 536 620 443 565 573 631 541 658 475 374 644 400 334 511 403 625 623 525 441 394 482 523 601 464 624 585 401 465 351 331 417 442 598 615 421 362 469 390 448 535 313 321 482 657 342 446 645 467 309 465 447 464 378 633 510 617 648 339 450];
        

nServices=136;
S_starting_time=[241 490 20 819 532 798 219 819 317 88 687 182 91 7 721 199 295 238 83 287 717 68 451 446 649 103 284 882 957 26 917 18 989 882 300 299 613 586 465 297 212 60 609 41 255 854 667 247 37 254 510 260 213 890 52 119 506 215 344 818 834 670 944 879 45 785 890 582 223 944 897 829 563 687 792 450 712 574 792 81 304 87 390 239 97 817 444 643 952 121 380 723 880 997 5 558 495 251 234 1 929 801 959 627 144 677 84 181 589 904 661 669 307 20 826 186 960 667 632 873 243 317 550 920 410 448 257 709 413 28 469 618 773 655 796 70];
duration_s_min=[102 96 331 80 234 104 63 149 371 360 309 292 330 199 209 266 281 182 286 323 124 153 144 351 151 81 348 112 198 232 196 197 383 367 148 178 131 236 236 99 156 78 126 301 68 199 294 260 265 269 66 174 168 122 211 256 97 343 386 378 320 187 304 371 367 187 375 256 51 56 109 245 153 219 291 90 107 181 71 317 227 328 209 299 108 237 277 150 295 335 133 217 182 52 209 299 88 200 142 77 328 340 309 276 355 118 123 240 229 89 141 217 61 95 100 303 109 395 388 257 300 167 321 254 210 351 326 364 248 311 372 209 297 294 126 117];
duration_s_km=[39 34 42 54 47 35 60 38 39 57 42 37 60 59 58 43 43 39 31 46 40 43 38 53 47 56 54 37 35 31 60 40 34 60 49 34 60 30 35 48 43 31 51 47 40 46 36 44 37 50 36 38 54 38 58 48 42 59 39 58 43 55 42 38 42 60 35 45 55 35 38 54 31 49 55 30 49 57 34 54 56 60 36 54 32 58 43 58 56 55 57 34 40 58 50 33 46 43 54 51 40 59 57 49 38 40 49 39 55 32 59 41 58 46 56 48 32 45 55 59 58 41 50 55 56 43 35 47 60 34 60 55 38 59 32 39];
num_passangers=[70 28 57 48 55 53 53 41 67 63 51 55 58 93 85 96 40 25 100 80 45 100 65 61 61 49 98 62 78 30 61 61 72 29 76 68 62 25 66 76 34 41 97 94 35 72 45 82 76 47 24 87 73 61 92 25 75 41 80 60 47 63 29 44 36 27 79 69 47 98 70 48 40 91 87 24 82 97 66 21 29 78 69 71 99 85 28 58 74 41 42 83 89 41 35 96 86 65 100 98 79 59 76 70 66 75 99 45 99 71 62 42 97 65 40 93 42 48 58 96 48 61 77 84 56 21 78 66 99 28 64 31 48 97 50 26];
BM=250;
CBM=0.500000;
CEM=0.800000;    