nBuses=127;
max_busses=131;
cap_B=[41 33 33 74 113 27 32 44 55 116 105 121 107 101 99 77 48 108 115 128 70 82 60 62 115 58 62 41 57 65 97 103 136 138 61 82 137 103 46 111 46 61 48 52 83 49 55 112 71 139 100 55 26 28 39 109 32 131 21 66 95 53 110 83 104 50 97 70 25 126 99 99 20 129 61 28 114 24 100 50 112 26 90 99 52 64 32 69 77 139 92 80 51 104 33 51 38 80 122 118 61 114 124 90 121 46 87 115 31 61 134 56 31 99 98 112 60 130 91 43 71 79 70 36 53 25 34];
euros_min_B=[1.888345068976735 4.422756532666457 3.353405821872399 12.674533396491366 1.8400967271232525 4.339853073029845 9.52464874098379 9.418039560753673 10.270443530325231 12.122151370601955 14.177795967145695 1.6561461771610824 13.337293499893661 3.279030300117048 7.807473795105 4.801900045857177 1.4667039316763204 2.8552867127478283 2.7229695551130897 7.61504168245296 5.716381254986205 5.25051731332662 8.25383351142012 11.415750778388581 7.24946128336326 6.240579228913239 5.19447476228706 9.763751825044933 10.93119222016668 12.45843778640602 1.4111036156421242 6.957508090174879 7.520399066674634 14.864294368501934 9.951012474837079 10.301139553241295 10.639766910720564 1.6190929474531393 14.280167086616196 12.709195845266311 12.267088821597282 12.17969726404191 13.780476253192251 13.60316722931149 6.224171593226285 4.493209391286544 1.0987525641983205 11.394747843682685 6.919537379056563 9.593457309925807 9.146484812367866 2.395234674555968 5.48000311162405 8.808697338371491 12.637720800414362 6.207950073189638 14.465447552096796 8.42913366969966 7.6346317492571725 5.02535319610632 5.926851685495241 1.7282071533789007 6.570054431145626 12.048571798020244 11.023135943066817 8.030440903582953 13.841362562291195 4.236555925603085 11.537181491521176 1.342605066531579 9.148737468997984 5.557148946897721 14.535221335599044 12.317558461381996 11.132743742377492 4.6014395269808315 4.2888228186567225 5.8002412624039925 1.5117836843955599 7.510724990087783 11.09510798221099 12.609641200597785 10.217641507588887 3.2918856760744766 6.324368977528074 13.665867026523344 7.825105710552025 8.8362967254035 2.388080452366262 6.459321539868858 9.36713748708046 11.063389685747804 4.637113900007753 8.819430189340306 3.831190312339827 3.2041248165336516 13.939860404651133 14.288807943742228 8.961340933921834 2.716343312841044 2.0272882625157633 9.504191690757125 2.3948063647859383 11.25468039671319 4.304717300447955 5.716643383629455 1.4256307227850795 4.510552462223176 9.085645551088811 11.124011864605212 14.906203467888147 11.626715693406945 1.1007608051834838 2.6203969027368093 3.1319466666763853 12.436396267449421 3.4647821076718053 4.393364249959976 2.875010591460166 5.761372482784688 5.889519808488178 11.432276757043978 13.619552527813154 7.785610008419908 13.369092829907052 7.046403494067376 4.958559847973728];
euros_km_B=[11.816393313033776 29.82155299516403 25.484843922087165 25.559128199571784 24.385487725531895 6.382037581846426 22.76595797673818 24.7979213439905 22.451889098738746 9.67057947021992 15.656856512788957 1.0497693723626025 25.113921888229104 29.65278592253519 13.35093832518085 15.689970194248327 19.13219682914841 19.285452185246992 17.022187204443586 29.710293816176623 6.822365401635576 21.714928553044412 19.42413010430257 7.121174660530915 17.678064477261675 20.541603726598442 13.871302313411299 21.41657209226741 3.5347092260657806 19.626440508015087 18.691876467221427 2.6033292743967507 22.069995789287105 1.3537485543153283 28.391839918483196 27.051018255419876 28.555998358232685 14.724294920024978 25.67355810997054 21.02284648589803 20.950258809331594 2.710081213130646 3.9764677529888948 5.778567492399436 10.219527861950287 19.28812936578638 9.830972312400066 12.155291969870037 27.27532803806535 1.1960446096772932 20.262052514648396 2.5669986412334485 14.482556971273585 7.615332701118281 18.10097263654658 28.12523679608563 25.479827154630946 26.720264899851006 18.813707380415362 17.82458117706746 19.000188900332333 16.259676255217606 18.767289229003325 21.435002351569032 19.990976391904915 2.1378293276537885 16.59461451334798 25.396100441133072 18.383437593938638 26.5581059461979 14.593382756140212 8.840806720846226 20.219999785950087 20.097211342931136 13.642400819443333 1.6271574365503798 8.108766266186192 19.339063161794947 25.420389707735136 6.977099220793898 19.41763772853526 13.185432591512475 24.22359483047287 20.364708815734303 5.547773373614849 11.709531109384866 5.365356046128053 21.617929161734963 8.66545786327108 17.50509765527555 4.394712388184519 8.482383310962227 9.299358746381095 2.3058940542542326 29.820239450199075 16.05149451806318 28.91314918613759 2.52410923330269 18.686078658093834 27.806214398056618 19.72122526985472 8.13004346103566 26.778733945731656 8.556685805668353 11.147025907009526 24.011189505609106 29.50548085261847 19.693671678842403 16.02574986686907 4.22527103495281 21.797708517762935 10.038010806975437 1.2689913488225175 25.55754870206635 22.46312596136486 20.76061644564518 28.593060388659968 17.854937101215345 27.885261026553444 1.8863464541183719 23.186082295981613 5.9846190912724015 8.227406930946046 26.007902950254962 15.917949118833342 24.64865406576582 5.755672415895921];


nDrivers=133;
max_D=[123 167 195 170 214 228 147 233 170 161 229 126 128 171 123 136 136 188 186 186 177 148 231 161 175 164 201 217 221 201 219 184 159 149 168 239 144 129 185 210 123 192 199 188 236 192 129 138 142 166 125 174 145 215 177 236 231 131 217 151 200 171 213 123 180 217 176 216 164 156 179 215 232 178 152 139 147 221 176 232 239 174 187 124 203 193 212 175 219 220 234 173 237 222 160 239 173 228 123 201 157 162 214 198 179 202 198 145 159 158 143 187 121 206 139 157 214 237 160 137 147 154 229 164 154 194 230 158 184 218 120 186 204];
        

nServices=134;
S_starting_time=[218 197 571 349 451 378 561 552 673 398 110 262 133 205 518 235 251 713 410 517 673 184 161 305 685 443 683 5 374 242 136 73 599 128 535 450 649 420 475 628 138 97 68 405 98 505 560 485 120 391 94 72 401 409 85 703 48 523 579 474 631 616 616 388 389 137 116 504 501 298 48 38 503 23 403 151 478 458 581 638 139 269 305 663 451 528 440 546 11 308 137 387 704 617 413 141 462 169 350 111 76 596 2 718 692 96 365 16 612 368 334 545 180 135 162 162 330 67 112 617 491 96 438 618 579 436 343 568 195 276 227 173 560 454];
duration_s_min=[114 61 119 78 76 88 81 82 118 104 85 86 97 85 62 70 102 73 82 101 85 119 97 78 70 110 119 80 74 65 97 76 65 90 89 83 95 106 76 84 93 92 74 62 110 81 89 78 103 77 77 61 70 78 115 112 60 103 110 67 117 106 88 114 89 92 104 62 109 86 64 61 109 88 113 100 63 68 114 112 81 81 108 105 115 98 100 65 77 83 69 115 118 109 76 108 96 107 65 89 96 71 108 74 65 75 120 112 81 69 70 62 74 89 85 100 111 78 92 84 65 70 86 113 73 96 117 93 82 77 91 117 101 106];
duration_s_km=[32 30 55 33 53 43 44 37 48 37 47 56 33 57 60 46 58 56 54 58 31 31 38 34 42 35 41 43 33 60 57 40 50 57 48 42 54 46 36 54 60 30 41 39 42 35 37 33 52 57 37 38 49 31 40 58 31 47 45 35 41 32 40 35 45 31 32 32 33 35 60 54 57 52 59 57 36 58 38 54 34 41 56 32 41 56 39 59 57 58 58 49 39 40 44 51 58 50 34 46 32 40 55 54 43 31 45 57 48 49 42 44 39 40 38 58 48 52 58 58 52 59 30 40 50 42 31 36 36 55 41 35 39 45];
num_passangers=[74 51 47 30 21 92 89 99 81 98 99 37 67 33 88 91 65 55 83 97 56 42 94 20 72 42 39 22 98 87 22 75 44 94 100 69 98 29 27 65 51 43 73 79 64 44 80 88 85 35 21 36 42 61 54 50 81 42 54 93 54 86 49 100 95 100 82 33 82 75 24 49 78 59 93 27 74 89 81 34 25 55 81 81 54 88 94 36 20 28 58 92 45 40 66 72 79 71 43 25 96 88 86 22 88 54 78 96 72 54 91 28 67 36 99 86 89 91 76 100 46 24 30 66 69 60 95 61 38 91 81 66 100 51];
BM=250;
CBM=0.500000;
CEM=0.800000;    