nBuses=101;
max_busses=97;
cap_B=[107 94 26 80 92 96 62 64 69 85 136 24 54 25 117 91 23 135 69 33 116 138 71 111 82 69 81 49 79 49 69 95 72 100 66 42 23 83 27 64 109 92 29 129 128 65 132 118 132 86 46 41 103 105 123 41 80 86 70 122 122 85 42 77 60 110 91 140 29 140 40 139 85 120 74 113 79 101 128 96 48 101 87 68 60 136 94 102 111 20 76 135 49 34 45 34 27 85 136 29 115];
euros_min_B=[7.340251902254403 2.812800072709617 6.270712571318756 13.037638933496332 1.337251477730742 3.9577455577132774 3.800516405504606 3.1446107759859725 13.157476499285572 9.234254175855234 4.1357135153737 14.087328663934061 7.8487726374519955 14.756875358350172 10.307192121104144 14.26839021905331 1.2682710245242432 5.487104996205101 6.34665467891114 11.327700881159211 14.865629734752439 1.3557442073492296 9.175114379076009 5.979543587539792 5.045948106026955 3.2489463314728058 8.527610224730589 14.888416401811423 3.619648082708121 1.601468561903248 10.018347678342316 6.351416035770768 9.260012543448067 9.045295409300367 8.607382378165102 10.806803788773083 10.552339396854872 12.230220655915845 12.114056681123675 1.0521665758372312 3.546348238586258 9.357260580148578 10.400189298209966 4.877219000002196 4.009886136727164 8.254891149144237 14.332683486244143 11.702995079052235 12.682460147465944 5.336778923383378 8.398349425187837 1.666996404902616 7.31589522324356 14.921030269037772 10.373428433519836 6.47175649559439 8.050491956277307 8.871267667942256 6.286079860826394 6.9702638752351955 3.1313866591512816 10.607425603713521 5.333863223221252 1.5654043624082983 3.15560324620037 8.505893476924777 7.250550784421163 7.531120572323233 9.576266755424347 9.20166244213948 6.982571430889463 10.946751058666365 1.740727839075553 8.452646707201765 2.8432720592297724 3.2658586871072255 7.556368730616682 4.596722323338591 8.847521647449692 13.104999747273176 2.7178016977974604 6.043834135664918 10.859715241658359 5.918844875851874 4.208186538651168 13.58325104609241 6.282325714614644 14.834861928361692 12.090484905870717 10.27642011033236 1.2464576169175712 4.971900967429192 8.201260050385068 7.787095375002441 4.252749111088266 12.589376452639733 4.832605451526204 8.865785019393828 2.5115319844443444 8.80502843939814 4.0288533087066245];
euros_km_B=[25.90502534445521 27.060582623020466 28.8872304822861 14.707464596987872 10.989596514821956 29.163363234047317 14.21888402218894 22.24854254474264 16.66336988343627 19.24186808573812 10.67926557992358 6.910177764154883 28.78527343402462 29.57105936469919 23.083897797186488 2.0483581991303494 9.744804057927112 6.753957709577107 14.009487350785735 11.626616712509088 10.853796001665787 22.016154309323976 24.62627919119317 6.553627652535026 12.98507784785795 18.269574461051537 7.930670467934325 17.414959756601753 20.155803976812404 28.89195114289103 6.776694256396145 12.067234128611364 8.971593061602327 8.009801202580222 15.834341854482952 19.231582257787345 5.8796336484382605 8.386787373431869 21.45153495390585 28.568732350539953 27.666467752931318 9.719096473853172 25.364271071677138 2.9022087478714127 11.619988710515136 6.760738494236378 28.14827643573837 22.774459195000155 10.319636028655676 26.890164644954083 1.6985872721193414 23.77617999041575 10.554547783779926 26.639377650892204 26.380081277423493 25.025440418635206 29.53021745874213 25.933013070990764 3.2631704780258035 9.220263566633076 28.708371636475057 15.450228344889798 18.65014167097329 5.623352098634498 7.987144922767057 8.733675872409762 14.445120317202374 10.35436856135198 24.24929180017257 25.512685867805217 1.4291430788519186 17.657179244529058 10.175373665422288 26.057899915402075 6.161400676911887 26.92629531717703 26.76520246476309 27.593679114359624 28.556132360929997 21.695235397712974 9.454838537890703 9.91802226532152 26.569467947386293 20.056983612799957 26.479535904640272 18.782464571068658 27.240843452222368 9.446314662024168 9.628027113162167 19.62018313995219 1.7005746644076862 12.912464861878597 21.10954359485926 3.6518122450398582 17.597048299396356 20.69265974034182 8.450795232120672 15.403838705181023 17.349338309486924 10.100934746763208 7.465644540529579];


nDrivers=99;
max_D=[214 146 140 129 201 180 184 133 215 213 186 173 227 190 120 176 141 230 194 236 146 126 145 193 142 173 196 232 201 154 233 233 208 209 181 151 142 169 204 132 207 151 136 126 146 162 217 163 208 171 144 197 233 174 189 183 173 187 184 129 153 213 137 195 134 141 237 236 236 176 189 210 211 155 136 209 135 217 149 236 238 208 148 189 233 209 163 237 195 221 120 166 162 204 146 222 141 197 139];
        

nServices=106;
S_starting_time=[390 381 4 599 417 73 402 378 265 150 208 474 494 230 134 656 431 529 523 95 302 236 598 2 403 508 195 339 124 88 289 646 220 347 113 671 301 65 381 419 335 68 312 18 8 348 118 709 419 30 641 21 597 39 344 167 675 656 62 535 290 199 122 583 456 254 482 529 98 476 329 612 573 119 289 554 394 41 67 144 645 266 668 370 70 499 246 603 613 528 9 63 631 556 493 358 37 509 141 621 630 567 637 714 358 552];
duration_s_min=[110 63 92 97 93 74 85 69 95 117 62 74 104 90 100 86 88 61 115 63 117 74 111 66 118 79 105 102 108 72 60 94 107 102 117 117 108 101 74 109 75 73 112 73 101 75 102 77 69 80 112 93 111 93 108 114 120 89 66 79 72 84 84 115 100 96 107 81 114 94 118 64 109 95 91 117 100 86 92 110 113 115 89 70 114 106 114 100 64 91 79 82 87 66 73 102 75 89 75 77 85 73 108 74 64 72];
duration_s_km=[54 41 45 40 45 55 55 58 43 40 54 54 36 39 55 30 53 55 38 35 52 53 48 40 48 51 35 32 48 55 31 57 48 33 34 43 32 53 38 47 45 60 41 45 49 47 49 53 31 56 35 31 59 53 41 60 47 34 38 53 47 34 40 52 44 50 34 56 35 41 30 39 49 54 46 55 53 31 47 50 39 52 33 45 54 51 48 57 38 44 45 30 50 35 46 58 36 59 30 36 51 43 60 60 50 50];
num_passangers=[43 93 28 27 81 52 59 99 51 68 97 31 100 43 60 83 79 60 85 34 58 86 28 25 30 27 30 26 35 43 22 29 53 58 41 21 49 41 22 71 47 71 85 21 87 26 93 89 92 52 64 73 54 49 56 73 40 74 70 54 63 77 88 62 29 65 41 98 47 86 92 63 74 52 93 89 73 100 61 93 33 44 79 44 37 89 30 50 87 97 22 53 49 53 22 45 20 80 57 44 93 93 23 26 57 21];
BM=250;
CBM=0.500000;
CEM=0.800000;    