nBuses=71;
max_busses=70;
cap_B=[117 91 73 104 122 84 95 120 26 52 34 53 33 21 24 109 46 26 112 39 109 119 136 58 78 56 87 64 127 60 98 125 83 59 109 124 48 125 81 47 92 75 92 21 50 60 84 94 85 129 99 66 139 134 34 44 30 34 45 46 114 122 85 121 34 53 73 137 75 128 72];
euros_min_B=[13.82330393115944 10.890975282279825 5.038200323608068 11.329517112824105 11.3427521085016 3.359833744418162 14.12999341631307 1.1165619286949287 1.5853195635441926 11.268398095175488 11.4348301256272 12.080552583059085 5.176145204777481 11.910608257915845 12.264765292972713 3.1814250146206993 13.771917560487173 10.210460120906186 10.02467574444181 14.04314924075022 14.013759491619929 11.148145250646142 3.8952536593227522 2.9534373198473145 3.759646026625089 12.54305536327037 9.244538778052508 3.369570847223688 1.8492034294231117 5.006884329008449 14.528737735625656 7.808535361359512 14.602962787676642 8.679415928115706 7.157635273615215 10.927026640759204 13.273408939930153 7.894108839109083 5.165361613970949 9.42762878938528 2.4297443169635002 14.459239968083427 2.6083710141748466 5.744344110142406 7.956155275263508 9.714102672092727 10.42242315944954 7.210523243580632 6.820338981461458 8.402056613404763 4.72201753466028 3.3035831679015972 2.956490500599551 14.14592380997739 12.690839373947613 10.571996921687493 11.065764667670205 7.613698322825663 9.585242761464702 8.100802290411147 6.987688438092013 3.754223680308513 1.4190513215864453 7.907501736148101 2.937758990837749 10.644070964603769 4.098404829671939 10.707999724263495 11.936156415958425 13.206856863363546 7.616035338685057];
euros_km_B=[3.4329214354781437 29.87617606736324 1.9905339915349698 17.20235700550597 6.681414479686777 9.87703760419427 28.8042355682689 23.011556275609482 2.706329926372073 8.174066434662835 24.080203036167962 11.441885028260504 13.09364209647744 1.381439468339112 18.865370586331395 1.6055686407820469 10.814774854135157 7.928404762008664 21.221614366850247 27.182851049130242 27.860983380459682 25.029405865505474 2.2322187025699085 22.687778711044487 12.854329304474144 13.33312437934926 26.36109833156017 27.132139524684142 28.86177766091749 12.72315977728779 25.092602600987362 15.367382786690237 23.861027730643162 3.514485671618182 8.069963354030016 15.923703651587997 22.402680390381303 26.19076891962953 12.66528388808818 29.920384075140284 8.470943254917142 15.331787451367708 17.599839533979882 14.550185702544619 23.98164503294915 29.678996827960255 5.855833955769941 23.61107577215882 18.319048124865784 1.5059696405390484 20.118037080068525 2.1609447851631445 18.63095306516541 5.0359057599489745 12.585664773439738 18.63830188944919 26.089355534097724 7.742790426508437 24.00672649431126 22.06136608682399 19.839590245109815 23.593127270248395 17.950525953708215 7.249372662858914 8.280281144827757 24.697711895763614 10.025869264723864 20.199161467537813 18.6801380547808 9.286090820541306 10.950374038575493];


nDrivers=72;
max_D=[227 126 230 169 211 122 163 206 133 220 174 155 143 175 205 139 122 134 146 158 122 223 120 139 143 219 135 183 225 171 137 168 225 235 222 138 132 176 200 136 128 153 184 240 184 223 197 162 187 139 238 214 203 164 141 204 159 134 225 144 173 221 219 132 218 161 156 173 208 203 226 194];
        

nServices=76;
S_starting_time=[383 434 163 172 598 682 213 83 14 619 86 527 237 266 92 535 37 593 76 368 334 1 662 447 706 276 445 75 66 274 70 118 689 445 179 270 619 480 653 18 663 709 344 375 19 187 94 183 153 506 147 260 554 411 264 199 684 698 633 324 217 36 263 72 413 244 425 486 349 315 236 543 659 516 17 48];
duration_s_min=[76 91 69 67 106 93 114 93 98 79 92 108 109 91 74 113 95 62 95 97 115 108 65 70 72 85 78 110 63 101 74 114 70 103 99 91 85 109 75 95 65 84 70 109 90 92 116 60 113 104 105 106 106 108 84 105 87 115 83 86 81 69 114 90 94 83 110 98 78 65 61 69 71 65 68 86];
duration_s_km=[55 60 41 30 45 37 53 30 41 40 37 44 36 38 55 30 45 60 30 39 34 36 47 49 32 60 55 39 33 48 36 39 40 42 48 49 53 47 32 42 35 58 43 30 42 31 54 36 31 60 58 33 50 32 41 55 41 53 36 60 58 34 41 59 52 46 41 42 43 37 37 55 59 59 55 34];
num_passangers=[23 83 33 78 35 50 31 68 65 94 31 49 89 53 87 56 48 87 31 98 38 53 65 90 47 52 96 38 62 51 43 28 69 89 98 92 60 34 60 82 35 51 86 96 20 21 46 83 28 76 51 68 61 73 52 98 51 58 80 42 61 41 59 32 57 41 43 76 57 38 27 66 92 95 20 58];
BM=250;
CBM=0.500000;
CEM=0.800000;    