nBuses=72;
max_busses=64;
cap_B=[39 78 82 92 49 44 127 136 78 93 22 73 65 20 33 39 133 80 136 102 136 105 140 54 97 51 127 81 116 116 97 109 61 97 127 68 30 95 67 20 134 123 50 138 69 101 139 69 71 36 140 130 58 30 53 136 105 112 69 69 119 51 138 21 127 36 109 23 64 106 78 45];
euros_min_B=[2.6845547635491562 10.912115317185442 1.6889321798523962 3.866536933394247 7.869497690264016 1.5445667687151494 12.188744570416866 11.412553174138015 5.8719480561994715 11.887614914784464 13.588687076503854 6.376698270346312 1.9416715724620794 11.912543581580456 13.966116296735645 8.855973154333714 7.92166740727519 12.431105198551986 5.384024699479998 6.814270769570648 5.832262767189109 11.430281356108235 1.1668175187933696 7.256516811539921 3.1575616201339334 14.642829492624656 5.8002460600914905 11.70691500438454 12.08709329140891 13.552554708976944 10.435397316294384 11.923936135691555 3.605474014133113 6.804180686772117 8.653060963939216 5.0725823178164875 3.019626245605209 5.606619307456922 14.842281216069898 9.56104389385941 10.539483024906485 9.98116942220184 3.248943924880934 8.017451491202232 5.627303054721384 10.588384468156388 13.032825126150627 5.890316761454521 12.981688504116867 11.873439290450499 11.328886575494135 6.361227064505669 10.119117303697452 7.382820826265892 1.1877196935459138 13.766211739259708 10.50900345633364 10.107808911674509 6.303302982289127 8.26762716305022 3.6790516595264577 11.769353309706814 10.579930809332868 14.940948254808177 13.782433221150702 12.419092452657967 6.102109638747948 12.774794272148016 10.459624192983533 7.749722949033646 13.108900415140269 1.2418179099158635];
euros_km_B=[29.589234222964095 9.321620564526322 6.2239849499001485 19.849581205989562 22.157764925905038 27.499395661192942 1.3339799665896055 3.599372507761585 7.839848484519638 29.809591015420548 10.964339535954002 19.67587090687916 4.847621465364007 8.737488653333344 10.178749214965379 23.67341036530827 3.2860442667012277 8.861631085523378 26.821239730678727 6.135276757414518 27.677655689364784 16.381031934506375 9.098336733384976 19.204679851287306 10.950944828746328 26.481491053371315 1.3438330936828864 8.162994031079815 7.519400869978388 18.684537548528404 7.565255129963351 12.5985757432642 27.699304494002565 9.70679844931221 5.206734513079572 11.320576741884485 12.295787111880431 20.823398390149165 12.681321464715118 5.0270408814608425 2.9331889042638606 20.513048458382006 3.8410028045915374 21.240653231527475 14.442804973684767 26.15651156618785 18.54169714757483 1.203268556025496 26.489378832406864 8.306221548216724 23.34387472617763 28.491889695381225 23.327290073115847 25.11300413458109 16.60986145968574 5.923593140181951 22.453539959969447 8.935181583882228 12.468504921194597 23.49299498234072 20.158257750069158 5.990262537381673 6.867071179221544 28.395772146680873 2.8669913652809442 3.2854111312738743 10.328867051399776 23.132152930000455 7.994588139199534 14.699279693938557 7.997353449349589 14.316937815629245];


nDrivers=73;
max_D=[126 191 171 164 204 167 201 222 184 232 164 150 158 224 154 206 197 161 141 179 177 232 124 224 167 205 195 191 162 234 208 138 182 156 133 185 233 208 203 230 129 131 201 190 157 127 232 222 137 185 161 132 223 233 197 202 135 132 222 153 141 220 223 126 154 130 161 176 221 185 183 180 156];
        

nServices=74;
S_starting_time=[615 557 203 61 198 256 354 257 47 415 496 286 65 414 348 187 120 610 368 266 343 214 28 86 713 436 267 486 366 62 350 231 163 299 591 441 122 1 110 492 325 222 719 676 220 649 490 245 478 253 506 576 203 361 123 395 162 429 28 602 351 594 509 354 183 477 106 297 355 197 652 657 409 583];
duration_s_min=[70 111 93 68 77 91 111 77 78 67 86 66 93 68 64 64 118 67 78 71 114 115 116 98 64 106 116 95 78 82 71 104 60 90 96 60 112 62 74 68 63 89 72 115 88 87 75 110 82 105 108 71 95 92 73 60 96 99 103 102 79 64 69 68 79 69 77 70 74 60 101 119 107 107];
duration_s_km=[50 55 35 55 59 45 60 53 31 33 32 54 59 49 43 45 50 54 56 41 32 49 30 44 53 44 38 39 30 60 36 45 55 39 36 53 33 35 44 37 38 46 36 57 58 53 34 35 39 30 60 48 30 54 44 57 35 50 57 33 36 58 40 38 35 51 31 43 37 52 58 36 46 54];
num_passangers=[71 37 66 71 82 76 80 50 94 96 25 100 65 51 28 80 66 68 21 45 81 85 41 83 75 41 95 67 47 99 60 91 27 84 73 28 89 58 52 78 28 98 82 72 44 93 40 57 63 33 39 96 39 73 97 40 46 86 35 78 42 33 50 40 72 87 64 55 96 50 100 94 91 31];
BM=250;
CBM=0.500000;
CEM=0.800000;    