nBuses=113;
max_busses=106;
cap_B=[132 118 111 52 103 72 130 79 109 64 106 29 82 92 79 67 64 41 77 37 140 103 114 101 48 40 99 29 107 96 44 124 60 78 113 73 128 134 116 59 124 96 86 100 94 138 64 96 66 44 139 114 26 87 24 108 23 86 107 123 52 73 97 100 37 127 36 57 93 127 42 76 90 119 23 71 60 79 90 39 130 90 71 32 39 68 77 83 60 94 49 79 108 97 128 134 52 77 111 118 124 91 20 111 123 50 47 139 51 123 125 124 28];
euros_min_B=[11.139926763504402 13.192932688670782 9.504551177421755 2.9617393923460975 5.538751480170756 12.418616351941953 9.186779525514039 4.59531798014963 5.541253832928238 4.536876703721806 8.084608939355014 14.671230227457643 12.824409866673754 5.0194373924875775 8.691890164345411 9.56210072842554 3.085009766879836 8.446746700431692 13.410840778426762 10.955667181327447 10.848683573007294 7.836200109523549 10.039845522152449 3.2520323532131634 6.4541068394163785 8.384573942723723 3.856183063672158 14.186451227591316 10.632415631418153 5.746140687738894 11.770713948530794 2.435810320586506 7.816606616244132 9.912535989700814 9.481183013245222 12.518531761375996 10.182268975463895 6.572055330201695 7.584044159704169 10.14144460775756 14.619957366551555 14.267386615965663 8.329254494672428 10.90296289450557 10.89631668997142 1.2546524623057016 4.647782821542561 9.577886261645162 13.222679373600226 2.6874720101424354 13.749720652129806 11.646240460384885 11.799595720208774 7.529591662805811 7.932295855929389 8.895109283405064 1.9711699478085605 6.926487747891174 5.626198621236549 2.782463682113077 4.3561081956413705 13.189298091636346 12.0143629298177 4.692535963563569 12.490196446602988 4.735865720404011 11.59993341116535 9.12313166601502 3.1576072693010717 10.041849476168464 7.655027894693214 3.6038870767501363 3.68969802388627 3.4986116498069615 1.8378541177247048 4.821594448688142 13.846905673019185 2.9803227021162764 4.350516712976213 9.120523382913305 7.135679644968249 1.4961376310654244 1.596088294479796 12.457361767392253 7.28856439743318 14.979162225873843 12.668194815348144 4.160739236354855 9.587242236425691 4.397263006571772 6.443130861876121 10.353559464737216 9.13982240734621 12.703199625641313 12.674981128179802 1.0224655371459062 11.197888926049508 1.5682421383797627 5.543210972013546 9.752499938386332 13.807777139597162 7.749244313599618 13.202085843032382 10.419945228170219 6.755862289608198 12.038952741164657 6.992304708853064 10.179608660250429 1.1663436037686026 14.648620456147698 4.754344185509717 1.0285673650979077 11.040515836040024];
euros_km_B=[21.653741222465253 21.195341878012343 11.519596122388338 27.568352253091007 22.814223476350758 23.30960574512786 8.394981647226096 19.151900053592755 6.111817063330262 16.68237090722762 29.107903428667658 16.616620785658277 15.50638943133542 6.1313867846632615 6.709718844256227 19.85445888788672 29.274381607645317 6.44959572493459 5.008776418703208 11.369492659836583 5.685831152245764 24.6338203832389 24.68062036646508 17.431518210364285 3.390864609596711 12.819250898418927 2.776908079226669 2.6481019966205763 14.218694085277736 9.918237680405767 15.746289267861094 22.330119438217263 3.7376461911788645 15.421086370823007 14.153195844658708 29.301324324625593 3.587419532821757 14.576851701718581 13.500683042846914 7.045387820124214 20.540995484023764 5.387734572910384 12.510673872745132 2.11043655169726 16.19701773933282 1.4535029642678503 28.03295689041594 11.427878085637651 21.81153812476627 17.106585541493736 8.2191570623126 3.7839570398603026 21.42024512731949 17.777828106877916 11.941490430563722 27.302888112366777 2.282037255300498 17.503797457158274 12.423848811242573 16.54912791935883 18.406483413623597 19.349984592728667 22.39715251494746 6.375766240036326 17.613926010589232 22.117290961599124 22.625347469624195 6.2398666202341095 2.5442209397329867 21.995371669244278 25.991311556472507 18.95968812286663 21.92047943345072 10.942779833631782 3.437660402690205 9.164335706975846 2.040591234777557 22.013213391780404 18.81608024409763 4.421066203652086 9.36037433720571 27.531781165223613 20.58858516911937 6.622650409256886 23.54607379951542 4.528270095870039 13.323217512558108 20.163095105421462 12.818911817627209 26.29440252175669 3.33624289918004 29.917975556485437 6.5883291217856765 17.33336418518025 20.927099353858672 11.764594878465777 5.166089906503878 1.9324244346798571 23.03744816805612 26.99545867330751 18.42973994580751 22.830734738285702 17.745848375414546 19.421242540780703 6.273574151425238 25.686020146439784 22.521366902982717 2.256901567254457 12.06308303020066 6.316810214364272 19.948965894800743 7.471383941851399 6.500951660518448];


nDrivers=111;
max_D=[143 226 146 207 197 227 148 229 136 167 181 123 164 161 238 220 172 165 235 195 137 146 157 127 161 239 190 162 138 148 165 125 178 171 200 172 203 154 121 165 226 129 132 167 125 145 170 151 179 197 130 180 143 160 141 240 193 123 215 165 123 210 235 154 152 181 239 155 127 129 125 233 195 146 221 188 120 135 141 225 138 161 141 184 213 178 182 126 214 127 203 233 178 222 188 183 240 197 142 190 186 128 158 169 140 133 232 139 227 206 133];
        

nServices=117;
S_starting_time=[175 242 663 283 651 170 701 358 713 187 630 491 201 671 139 460 471 476 12 283 554 630 201 215 69 506 48 432 631 426 538 612 439 228 261 366 664 132 194 707 89 562 423 699 229 314 149 141 119 279 106 719 533 130 204 527 642 64 328 473 212 537 555 708 672 589 681 342 441 59 142 594 617 177 716 620 594 462 677 619 601 280 157 99 574 210 208 299 211 595 412 23 639 407 636 335 462 402 325 583 485 111 411 507 504 709 348 51 136 593 679 317 678 633 329 507 580];
duration_s_min=[70 63 88 117 68 114 63 85 78 116 111 83 95 94 84 117 100 92 91 101 115 71 113 79 93 101 76 104 106 84 68 96 99 82 114 101 67 78 100 96 97 113 112 63 85 93 98 105 102 118 116 92 72 78 67 89 119 109 82 67 102 81 89 77 60 75 78 91 67 102 66 112 91 71 85 87 64 94 98 105 117 87 64 98 76 71 96 66 108 61 110 67 67 110 94 91 82 99 86 98 64 71 117 81 83 88 93 81 85 96 120 107 105 67 84 77 89];
duration_s_km=[34 58 60 34 46 48 58 33 57 41 46 44 32 32 38 43 36 35 57 45 53 42 56 38 48 48 32 41 45 53 57 54 31 50 60 33 35 39 55 33 55 57 51 51 34 56 30 58 43 57 37 35 56 52 48 57 57 56 36 60 49 41 54 45 33 38 47 33 39 50 34 31 54 31 37 43 41 50 39 51 53 42 56 59 59 35 32 34 56 54 57 40 35 59 54 49 42 54 45 38 51 46 30 40 47 56 39 40 55 54 43 58 49 32 32 51 38];
num_passangers=[39 69 88 21 29 77 80 52 21 76 71 100 56 58 62 61 96 93 85 46 20 92 31 37 74 92 99 30 42 50 44 82 20 94 24 53 81 21 79 42 63 52 100 78 40 34 57 44 40 44 71 44 54 39 90 39 21 93 77 74 46 58 98 37 100 26 48 100 65 73 94 64 63 32 91 24 74 45 27 81 74 63 36 74 85 80 39 60 98 25 38 61 81 62 60 44 26 87 61 89 39 29 52 82 56 54 38 42 31 21 88 48 37 22 97 48 35];
BM=250;
CBM=0.500000;
CEM=0.800000;    