nBuses=68;
max_busses=68;
cap_B=[118 33 95 118 24 25 89 116 89 83 36 34 62 128 140 75 137 79 85 98 21 54 107 111 56 42 37 70 121 33 127 24 78 108 99 119 34 95 127 93 70 71 115 44 121 63 107 26 55 39 99 113 39 134 109 32 83 67 97 115 132 71 112 53 77 84 136 102];
euros_min_B=[1.77141669353853 11.114751868954487 6.771227548946971 11.695268213949088 6.463543375280977 8.849739132160845 14.24395272619721 13.433556929538957 6.056010722188784 14.951662034571221 12.095287271269237 11.794661470878644 9.456529773077994 13.205785364117315 4.1934957640026065 10.038544680852308 4.517742685522993 9.425556052800431 6.008635834121674 4.322749971241001 2.8899168852063264 3.0139166410847444 14.959034265213491 12.914914511299973 13.718397795031919 10.66925350788713 10.976443646872784 10.679121594837213 12.717479391705172 8.28898903284946 11.094251638266375 11.830826912559894 13.629647035303561 4.286413753941481 8.404685194458777 8.513405116584188 5.236608858824476 10.268961783705704 7.675608982842789 2.2487586338733996 6.075025293048899 12.295390810185765 3.974361770793967 1.9571394175602934 1.0620947150042697 12.848942533303946 5.8428392303864545 6.890309851458179 5.780242881999359 14.580439449381505 7.177431167754508 6.4013488891191095 4.850155415321315 9.23243187103428 1.8350897350562936 11.12118350529304 3.7074555582499613 4.3119293277747035 2.3074680279209656 6.531587480364754 8.897675219845487 13.66396299064163 6.217976202829878 7.373836982769276 5.7139313670923135 10.263512208629182 14.716120953506225 11.50661491862426];
euros_km_B=[4.039059418681468 8.413465283858969 12.656792397430415 12.856893677122738 13.347567800854137 5.357445489533479 4.413857283659148 8.393547996942397 7.930713956324105 6.916473878078275 18.980277986682488 4.569357022703626 17.856674359889176 9.527491993649704 14.030124610100428 23.195641327111513 6.810630721860098 19.468305671034187 9.283350030284884 17.470075604025972 26.153174781384422 6.244417400308308 21.129396561910394 12.25541480148698 17.600579184915105 8.791207259310506 18.789663303466547 24.257458809667785 1.6677440501705625 24.675050503191382 22.649738095069424 5.284702499897836 19.717228309639722 4.425460588168952 19.077556062038507 27.30903235122561 10.060255646932827 4.61264174393868 25.33169907727276 5.071129365803648 29.470133595225466 4.830654301352412 28.452412194809238 18.60722918983253 24.659848918504135 7.425445253102917 11.399790848489538 21.797769093761005 11.732004495918188 23.69070058732261 17.046600275373674 8.236070503555158 27.609697632234468 11.898442007990656 5.619150205765095 26.728790384624325 16.221632186684353 2.3290616600966336 21.75690785427138 25.35019272851077 18.79055615131615 11.657310900519905 20.732770236160697 4.497188312093421 3.0964643630493445 25.3160589202447 18.749721907617175 14.98381522437234];


nDrivers=70;
max_D=[164 226 205 227 211 134 169 208 227 237 132 205 216 141 214 208 207 207 163 188 210 135 217 189 135 173 172 236 179 157 147 192 180 179 131 154 138 231 188 149 225 181 129 211 175 140 140 204 181 135 124 161 130 177 180 137 207 191 126 132 232 236 173 194 152 236 229 220 158 121];
        

nServices=74;
S_starting_time=[178 694 127 351 30 404 70 149 522 120 7 407 404 151 105 83 288 475 606 689 454 151 116 100 275 409 299 464 18 356 122 381 632 357 116 27 438 460 219 3 653 251 108 106 62 205 81 330 622 43 168 131 575 460 193 109 513 287 19 113 605 181 412 238 468 519 175 403 233 36 678 349 268 446];
duration_s_min=[93 116 83 116 115 87 75 68 88 96 99 101 70 87 66 84 112 86 116 92 103 97 107 117 113 100 74 74 62 117 77 116 113 103 91 67 76 77 72 103 69 115 63 103 85 101 79 77 87 119 80 83 86 67 71 98 118 107 99 67 116 118 119 104 61 86 65 71 82 93 69 76 95 109];
duration_s_km=[30 59 50 46 57 51 54 45 46 39 33 39 45 51 40 55 43 35 37 57 45 30 58 49 51 48 34 34 53 53 37 36 46 37 56 48 32 33 51 54 48 42 59 52 55 50 49 52 32 60 38 41 32 45 36 50 59 42 54 32 42 51 60 47 53 30 56 59 46 43 52 33 44 56];
num_passangers=[47 49 86 29 61 96 47 48 30 96 74 53 66 96 83 63 69 66 53 68 56 35 82 37 96 84 59 74 94 41 82 97 89 66 97 34 91 52 93 20 49 77 59 22 70 34 39 31 100 66 61 50 27 51 26 100 88 85 25 22 24 38 46 93 33 87 67 70 91 28 61 53 74 92];
BM=250;
CBM=0.500000;
CEM=0.800000;    