nBuses=74;
max_busses=74;
cap_B=[119 94 21 48 86 48 122 129 131 74 134 61 113 81 38 41 20 137 67 127 132 68 72 133 91 134 104 53 87 122 113 110 76 20 105 127 39 137 47 116 138 36 102 38 110 109 28 34 128 111 32 68 58 134 22 58 99 80 21 65 100 81 92 77 136 76 96 63 138 62 78 96 63 88];
euros_min_B=[1.6231084877296105 11.984891915463868 12.56767540599725 2.951036884992974 14.085386450499149 8.572351228304342 10.120026158483178 12.743561070546175 8.299933470871736 11.367389675376982 7.607044527348623 4.060831997665387 7.249299217246687 10.847684960750042 14.198281860266256 10.422692264074128 3.1179784431511646 7.243546115668627 1.1852943157616618 9.902658086058485 14.416087832140544 13.684426188317035 14.488713248129883 3.5570814812534035 8.30892389261986 8.321202914809351 14.082410448510355 11.57128538185992 5.998478850090021 9.189353092883087 8.30657826082607 1.5603394288925356 5.6998639920073 6.60457284144335 14.383466375095765 3.8176036061330816 8.79338808746547 11.772715277914013 6.180213349785763 11.074937444318932 13.652687420527425 2.5654336849757886 9.83103116676079 7.0067198430949045 10.552636066472086 1.8371049320585546 1.5777704973223459 14.14250070371178 9.379302945902682 2.160634991475014 3.71144889394917 2.1555168879497337 5.575402605632689 12.225072979175803 3.666410472825212 6.9621263424624384 6.578849349628246 2.332854826245717 2.7510314969897514 12.04404610471779 12.181603256700285 7.178107226919311 1.2037199787257706 5.433085818834207 3.3954544574481806 12.982250459460769 13.64639045921325 13.80876461181518 3.021307775621708 6.812405019621279 7.862579078237251 8.888426936847448 5.004084202516327 3.1999660818962927];
euros_km_B=[19.97185353597166 17.110365160824333 19.738456468195647 23.6530253878045 20.084709232817648 2.905971719291767 25.262158866087457 7.2791072582746335 15.23217914102187 17.360581613344145 3.6731676483736035 2.872838391072377 21.19579870060497 9.235918106319712 29.431689097073075 23.434947056691243 13.309112513762846 17.206263791076136 5.485409496715386 20.247275120827062 27.70366458039235 20.599151522561932 23.852173501112986 9.454935957324233 9.053996683838381 4.208877891607692 7.3850697821937095 13.525395634281736 18.480048126305242 7.3453632642747335 4.306433919978048 10.379959129192642 7.899857046593815 5.070722053305164 7.376459748978339 22.891058680561322 27.91326948305636 21.887656656998512 22.316312165952027 10.289246172044397 17.301430746318463 1.3032204262907923 6.912530031228542 9.512901594524031 28.789643180136764 19.024694190476342 12.984574556646034 15.20078239616576 17.49922629007727 7.329552914682884 9.954964488462172 21.779267016400972 21.878223854640257 19.08166720148634 12.77867808038097 5.20002377957461 17.211787731610322 10.93973102103305 24.37705801993445 5.204853979037194 20.561577679087726 1.413886710191163 28.80812351443097 9.196090643235276 11.794314523545726 21.17037882348535 7.855922478916037 2.2007140967751395 3.215557076145749 9.709851508067318 29.69621272924397 26.506133239560086 22.790103173274385 10.845913182022297];


nDrivers=71;
max_D=[217 190 162 180 144 171 189 163 228 185 239 193 138 209 162 219 191 159 172 185 152 144 163 199 223 201 196 148 153 148 183 179 214 202 130 161 133 140 123 162 207 240 189 135 211 162 203 234 217 175 181 228 168 221 237 208 236 139 174 133 148 197 201 143 192 139 174 191 149 164 144];
        

nServices=75;
S_starting_time=[159 242 354 132 665 458 506 288 719 341 575 249 300 693 386 656 687 330 569 532 406 597 208 538 454 365 249 370 437 290 244 169 457 240 164 711 325 58 123 624 64 568 715 94 510 417 479 247 462 359 454 6 40 589 539 195 137 199 139 17 560 493 33 483 65 345 451 467 260 445 713 548 521 84 511];
duration_s_min=[68 77 104 96 118 65 73 76 87 115 109 78 67 71 63 100 111 87 118 82 94 104 75 89 101 91 104 90 65 87 87 72 106 94 100 66 65 102 84 73 101 111 62 84 101 81 107 114 90 109 106 119 92 111 96 106 63 78 77 61 66 100 119 61 100 72 111 115 72 75 86 69 71 85 87];
duration_s_km=[57 56 38 44 42 48 37 43 36 36 55 51 56 38 36 33 35 56 54 33 37 42 54 47 38 54 58 53 36 40 60 44 59 41 49 52 37 51 31 41 48 39 45 53 60 59 50 40 33 48 37 46 58 51 49 34 52 43 57 53 46 40 33 38 60 38 43 53 48 53 45 47 30 37 38];
num_passangers=[97 55 57 87 89 69 78 63 83 61 68 59 64 48 55 56 78 70 61 43 83 30 89 70 67 36 36 62 88 62 23 53 27 33 82 34 62 28 54 64 98 54 25 85 93 65 96 58 39 53 57 50 79 73 93 52 92 88 40 49 48 44 23 83 50 73 93 90 36 86 93 36 21 59 45];
BM=250;
CBM=0.500000;
CEM=0.800000;    