nBuses=116;
max_busses=116;
cap_B=[55 78 139 26 49 89 29 83 135 98 129 136 121 118 22 118 26 114 29 94 137 25 78 92 54 140 46 66 41 98 126 100 37 96 97 24 136 45 33 96 67 72 25 118 108 30 49 96 86 66 45 137 99 26 112 20 97 86 114 108 81 110 136 51 129 132 129 57 80 115 60 81 125 98 53 121 70 135 68 132 85 66 35 62 125 125 57 43 46 34 63 80 112 31 95 32 125 128 81 83 105 22 116 94 130 118 83 46 28 57 86 28 101 67 63 135];
euros_min_B=[1.3951660407952469 2.621629265095311 3.1572331928640134 13.12399849684975 4.818974011509274 2.0703155097440944 9.724610633200067 1.6509875983449218 13.602478040159095 6.224430126921256 9.431862948974558 1.0641994976324853 14.935177696197542 10.49088323876317 13.761595611459132 11.742615531476059 6.419052588898729 12.98121429992493 10.42997164428861 9.79528755357654 12.88317180432114 6.644787592420294 3.981941514475187 2.056518087472063 4.475544918615903 3.2871640684234427 11.027044666423594 2.0710590705181886 7.753506068348503 12.133245341726447 11.15642606271518 2.413680215139782 9.877960581538611 8.289099433948083 3.162833118968806 2.301935477172454 7.627217545211163 12.184302958690338 12.816267727656989 7.129748449077248 8.47996834455123 2.5890460445333225 14.910326890622102 14.864231528824936 12.582501714309796 3.738404979964625 7.331171577306589 12.55761744358749 4.978115214654561 6.990931255123196 12.381434491710701 9.539686345775394 12.011949239046093 6.53714764207657 9.087303446637353 7.60535135829312 3.3520117282226822 4.710864647870764 2.9124383705226915 7.362416779371047 2.4715474696348325 13.507786871522114 1.2106755975072971 14.519553510148162 11.371377483447972 6.413726913369466 7.2518289909974785 3.2158186207895216 11.256444077345275 12.672178452154606 9.759513491690893 4.092815997006428 9.099094054164892 11.875957199378748 14.74345454528768 7.758890286050807 6.701047769374926 8.483473858051902 7.944050420381939 5.363883969247949 2.3975303056691484 6.635157530545765 3.460804393832762 5.806654460924334 5.130575587154883 9.557432702101032 12.353496756461732 13.07554061197101 11.037922859214671 11.214257880787304 10.603374313892363 10.936304958230021 1.995813556551448 7.506243015652576 6.901367161114461 7.160324004953486 12.053716248728128 3.3870661154166637 1.84266433579148 14.971822373226514 9.627821989251169 9.103645883446644 13.276852048433232 11.903848757597007 1.959414763786433 9.592636083590234 2.8300782677111895 12.052398700229022 10.155229248487519 3.8568315702819405 1.2677539002941827 11.381865770618232 13.922455538410304 6.595342715932549 10.435725982155406 13.910852360719021];
euros_km_B=[10.651216472426585 22.75521472523433 25.172751636340465 7.376536263036109 20.32557198681193 18.57961144502409 10.548496137393716 15.933724140961022 8.24467000931768 27.492565025745645 19.97434796646713 7.881984328344522 17.945216647027834 14.722912441912532 5.765403719678908 12.490322717288004 20.453508192441095 28.013135846195187 24.20164857205969 11.567806114635424 14.831134682455753 2.924575154757356 11.588036714118655 8.629798424324377 22.088492487532363 19.76765530110595 23.30746505620674 11.587025635877723 21.732632732713668 16.08415343811837 17.168776795949547 21.112572792584583 29.527075978564984 8.190647211807068 15.517694133796054 25.713875276593022 4.267540108664353 22.38407487589481 12.49391396433279 4.463116197468045 3.971355297244763 28.624514029898766 2.355200061514146 21.906521739533392 16.57718183431043 2.2963206217294445 4.007483273212998 28.31592060802283 14.82764138607205 3.6556246219812216 17.43432480196417 19.517830710965715 21.342479018039043 4.522107403738076 14.995922952333672 12.241912180918781 11.78102464800796 14.923520929458975 24.22059736394571 16.08419639558779 27.47818686408779 16.20146956034141 12.913222958326037 1.5935125397823788 16.901849125412774 3.4033362723913205 11.201950907786356 4.695856010206708 27.89206302329457 24.682630542611353 3.488105539094668 12.31827155024521 26.184767688285486 2.3197505091827306 12.270192223102656 16.308623570036815 14.621125371561215 23.852781037254694 27.380986244201466 29.3946807729817 26.450979791263077 26.733317742191023 17.774365289376405 6.624587328828416 21.738039520895327 11.159511921653829 18.89324819911715 22.591817667948025 10.39607117302841 9.441171824554948 7.073865378326123 23.07456298810931 16.07002024286122 3.8900279987153663 14.549207930777046 29.503289138590468 19.70643004229456 16.338888281479914 11.203919124600347 22.75118324982205 18.550608613223012 28.534714306757973 20.351350770425032 9.827555768422469 29.305368752827228 14.113618622297649 2.040968584137118 9.488934944083804 20.945951237901593 21.48041916439427 2.9250644409729123 11.768058682738227 5.604324897022613 10.251535007396624 8.397843088327225 14.957844341382117];


nDrivers=119;
max_D=[130 232 161 129 123 234 193 180 195 137 143 181 139 238 181 210 191 219 200 201 188 184 190 237 124 128 230 170 219 159 216 166 201 210 174 197 134 197 177 128 157 198 223 185 157 227 223 188 174 237 211 164 215 173 195 131 179 226 199 126 217 141 178 176 231 224 171 188 187 227 223 137 121 196 179 128 221 171 186 192 147 239 187 141 159 229 176 180 172 175 140 204 169 128 179 219 161 220 124 121 229 199 238 159 229 152 188 171 200 216 143 194 166 204 160 163 130 211 237];
        

nServices=120;
S_starting_time=[386 171 280 601 334 589 67 498 690 259 38 675 674 229 697 195 335 677 402 204 165 638 209 310 518 193 105 139 338 465 119 223 223 436 371 478 690 409 419 280 141 505 267 53 553 336 310 345 246 533 414 228 249 530 386 552 258 707 637 613 8 118 391 612 630 26 56 404 120 447 324 366 360 290 101 400 62 498 80 415 386 418 502 540 246 312 246 437 641 446 671 295 302 545 576 210 715 561 162 145 581 584 471 485 106 657 593 422 209 267 101 191 105 625 706 712 694 375 386 328];
duration_s_min=[99 99 66 107 97 104 101 115 114 106 105 108 108 113 102 72 64 115 116 105 112 92 89 72 66 88 78 101 81 93 120 105 114 97 109 117 119 64 91 68 65 98 90 111 69 83 112 108 66 98 76 90 120 105 114 116 101 65 66 94 71 85 72 93 60 90 79 110 109 82 95 118 90 118 102 63 83 64 89 90 107 72 88 64 106 86 70 114 70 95 64 98 80 80 103 111 89 103 89 119 62 81 68 92 79 82 89 111 114 75 75 104 73 80 115 71 71 93 116 110];
duration_s_km=[33 44 46 58 59 57 51 30 57 52 52 54 49 52 49 56 48 56 36 33 54 59 49 53 56 31 56 46 46 53 53 49 47 54 52 40 32 36 36 41 32 51 56 58 50 52 32 43 35 40 31 34 33 41 31 51 39 49 53 60 39 49 41 33 39 42 46 36 52 60 57 31 39 33 35 40 55 55 42 56 55 35 56 54 49 45 42 39 41 52 54 36 56 30 55 35 48 34 39 43 39 56 37 34 44 47 52 30 56 59 40 39 36 57 43 39 55 44 54 30];
num_passangers=[31 89 40 83 95 75 59 67 95 73 80 97 41 54 70 52 52 98 83 36 34 50 21 94 60 68 26 30 23 76 25 33 49 54 57 68 41 42 57 26 98 35 67 96 37 73 32 44 39 69 82 75 24 96 84 77 54 59 36 31 82 75 84 28 53 20 44 54 31 27 78 93 46 98 70 85 20 23 38 93 57 85 63 78 84 88 95 43 52 93 95 75 82 44 25 37 56 59 54 93 50 79 24 35 24 81 60 23 66 88 48 97 62 23 37 83 49 54 33 60];
BM=250;
CBM=0.500000;
CEM=0.800000;    