nBuses=119;
max_busses=118;
cap_B=[117 40 115 85 106 38 35 33 115 129 81 20 38 36 135 26 124 136 97 119 82 83 37 68 24 29 53 31 20 59 113 78 38 81 44 104 37 113 121 28 135 39 119 125 38 81 66 59 70 100 26 95 123 135 29 53 37 136 113 83 37 75 133 66 78 37 46 121 50 74 67 128 102 79 87 103 75 100 73 124 26 89 72 114 71 112 100 100 113 123 105 95 77 130 135 37 61 138 56 35 115 62 41 43 126 88 110 79 41 96 137 103 82 25 73 108 79 64 43];
euros_min_B=[3.060125368913675 8.563156826146443 3.0177962952295845 1.3348208355206936 10.166595812165292 1.7967477968305872 5.723918339518437 9.548956370127948 3.8103754702831827 14.565651643495613 12.84970717874399 2.710002526816904 10.576159803802287 10.871328410108013 12.959156513070631 13.344635511652598 5.697942125678299 2.6458935880917362 12.553934864818556 1.9031644357316757 4.853629315457809 3.7896960406920854 3.643973938874268 11.203064593764179 4.136222264233798 6.29852980422396 3.0383643409749053 6.304149670656262 13.26770397240658 12.608626271477211 5.177982301787442 4.474206729023766 3.0916478223738157 9.66721995637307 5.37827160524427 6.379924459828596 1.8300433742591162 7.589874006253719 6.691879936831658 14.855449162630329 1.588777939887442 1.484029424652199 6.957892265262081 4.9541717783997665 14.546360698532105 1.0782215641215245 3.8248970286656854 14.788332013310924 6.057661954708014 2.309165851977218 3.7199617317560625 8.720462599204197 2.711388553155804 12.79058378643444 5.120854914718715 9.121503479842273 1.1394140269624204 3.023652898598348 11.748805882721673 1.158104679284791 5.506413724129579 13.956226772033439 3.662627853634185 10.64412184754805 1.9638098192528572 5.207986782140912 4.385340280999854 12.780023483847222 9.177612344131052 3.4813631812440686 8.682685137036085 6.992677539431149 3.140399593428528 14.689026932081944 8.899737515263514 8.618859923836752 8.610612043161513 5.181464708659124 5.5893594238186814 3.815742981951114 9.959229922952979 2.4825785676484444 4.349859339723481 5.595972541503356 14.135275603054387 6.870711005660449 7.4383304997592985 13.663902885195345 5.395719655091751 5.178505411249626 4.103629730347537 13.2263047853061 5.559003402655611 10.050154175590425 10.823714422698291 1.287896441927223 11.91824319008435 4.5883319763852395 9.418023648872483 14.123293083044027 11.270927375533116 5.570720512834329 12.448064486946656 12.222287223526646 9.508688380884111 2.4382088986620127 1.3943795052447825 2.137272285272834 14.933328840878358 6.4093137922770245 2.9029106378247245 7.958168107935038 4.9049250272438325 13.253416821834914 12.62536963574683 13.758341746343314 2.696461301343689 4.351436478538336 13.789896870931397];
euros_km_B=[24.938880568534618 9.478972403930733 23.477376387785075 13.107383535303317 7.3259867881627345 15.976928974347256 17.586033809298158 28.450854714622384 12.483721792962921 16.090401707201934 19.519383229407346 28.043195906215594 15.654336751731895 26.174377153028747 17.646734278059604 21.920673578204124 2.823623220933698 7.790692716203722 13.963010596685475 21.766180291481863 9.258658265585677 18.347904581136778 6.5449147169048825 16.667464275223825 7.347282992228784 14.23085235082089 21.89046726363364 1.2863480369302724 22.681804883444524 17.71621946172977 12.572863202868744 20.715402627487236 8.367075677806652 14.128648506573239 16.636904323214825 10.88262792859412 12.01455187740546 9.928659114520036 1.157161538872876 7.950890812201451 2.2651237217480324 27.228270858414525 1.893979794758493 17.63140247158857 12.410537427037594 2.300797849245264 28.60207173477683 23.842620339832685 25.398681997571384 17.939362575831026 11.190667820764446 27.102695601060116 14.377427073342545 22.837671859545605 11.566826601837665 23.323787179824066 12.277377068838534 20.498012255145948 17.113921542447432 9.010926188011517 14.600885714997068 7.319777920556051 10.566134024968187 12.435906634436083 8.524743067972636 29.378641384746288 20.227130196106547 16.229978834172382 1.4948951796286765 25.63804899390967 12.463571472719073 22.42971746379547 26.701137437765258 15.01310213588092 7.509656008796645 20.213443526030822 4.768834616121607 20.97259575436679 13.104444853930891 9.505453954135792 21.83471455722139 21.237722465029456 4.957068568712881 10.371590647322554 20.65254025692418 18.312437016918437 28.942499488676177 28.502716679176327 6.109603959380721 10.210065495956101 15.06651617557155 10.989132826962022 29.661689232515798 23.903364122141078 1.9870510189656105 28.269620086396014 27.04237811809837 1.0357510943575692 26.5090954419095 26.850904039636262 6.422402295637006 5.626189193086161 20.231562407256114 10.92171824083942 22.145738283041293 4.6646486359518144 12.20693412898873 17.153031108343505 10.323950497085008 26.045607149755895 1.651929508614654 23.83325804028117 14.427737156892952 19.881625014955706 13.10655161506641 24.57389101425686 23.428880511548787 2.2579238742047165 15.049083661423303];


nDrivers=121;
max_D=[162 182 157 143 211 213 206 193 167 127 213 154 190 141 161 232 216 122 204 234 141 159 144 226 171 167 150 182 218 132 234 218 220 203 137 144 145 216 173 162 229 190 208 177 142 133 199 228 150 231 218 133 180 170 217 155 170 155 169 210 225 217 169 126 127 127 197 126 131 178 177 174 149 221 186 145 140 152 151 231 121 179 212 180 182 199 233 197 213 238 132 201 175 141 133 210 234 211 235 172 149 184 226 172 158 237 156 199 171 136 221 238 175 157 145 218 234 230 182 140 149];
        

nServices=125;
S_starting_time=[585 369 249 717 520 614 203 235 628 140 261 178 134 452 543 448 572 44 187 134 520 664 454 299 659 688 590 27 271 307 118 158 132 492 560 372 701 341 226 303 417 276 152 59 379 98 207 530 560 498 679 371 376 19 292 652 78 492 303 288 717 580 50 0 415 193 716 213 134 307 655 21 380 225 38 509 187 499 106 206 406 479 499 564 79 151 73 242 539 652 99 298 542 278 669 505 394 562 323 308 172 128 279 325 471 502 14 505 9 23 487 416 191 410 68 338 48 461 424 161 26 457 49 579 392];
duration_s_min=[71 108 79 79 91 95 76 65 116 76 98 74 104 101 83 97 60 95 108 70 76 110 64 101 88 96 100 105 94 93 65 73 115 87 90 87 102 70 105 89 78 69 112 76 89 82 85 119 83 95 82 114 69 118 73 92 81 77 101 95 68 61 88 96 101 83 113 73 61 60 107 110 117 90 75 98 118 63 86 70 100 101 93 65 60 104 114 94 76 91 106 61 86 65 101 92 78 79 73 80 79 92 70 60 103 113 89 82 82 116 96 64 107 100 103 110 105 118 85 79 101 62 93 82 71];
duration_s_km=[58 41 48 54 43 34 47 34 54 30 30 45 31 41 46 44 49 58 34 55 37 55 47 56 50 50 47 57 34 34 39 49 39 45 46 32 33 30 58 54 33 50 44 34 51 54 38 38 54 34 55 39 57 40 46 44 33 51 48 34 47 42 32 59 39 38 31 59 60 47 43 44 55 34 46 37 43 44 38 57 35 56 30 32 33 34 46 45 38 55 59 40 52 46 45 58 51 46 42 54 59 45 45 39 58 53 34 59 42 48 30 42 52 48 58 44 32 40 41 60 44 32 48 57 59];
num_passangers=[56 31 22 90 85 72 63 59 83 27 60 51 90 92 93 67 21 62 86 36 68 69 59 75 20 49 64 69 55 55 92 80 42 21 36 72 29 87 52 100 39 85 32 20 53 56 48 24 38 73 35 48 76 80 81 28 96 57 46 84 99 85 86 85 77 79 65 23 77 69 59 81 44 67 68 68 55 40 43 20 90 28 69 65 46 35 79 44 69 24 94 59 89 77 37 39 38 98 62 36 92 20 62 21 58 95 98 47 66 56 94 100 54 32 57 31 92 98 42 65 82 47 48 80 62];
BM=250;
CBM=0.500000;
CEM=0.800000;    