nBuses=73;
max_busses=75;
cap_B=[38 59 102 115 74 119 98 82 84 88 28 57 30 32 126 135 24 120 55 76 30 114 92 118 69 70 56 76 48 109 60 54 81 140 57 90 41 60 25 82 47 102 112 90 72 62 140 87 83 99 80 96 21 28 134 42 78 82 75 80 120 132 65 88 25 46 70 121 111 113 73 115 109];
euros_min_B=[6.049976003953887 1.4258648662215725 10.351019434980838 7.276929464904686 9.677417908407616 12.953814848729873 4.340312140722423 9.980797892885352 10.543089463832672 12.59951686341354 4.710791037925489 14.312371945478258 14.286891573753284 1.5545792721347822 1.8106351846342459 1.7263717592185444 11.079569148123234 9.752939923037298 3.2775548135347528 6.994865585070755 5.570278989060937 6.6401850619346 13.98323233345997 14.572791785073047 5.877275018180238 5.61985451053339 2.6767533265048113 13.871210141379953 10.714216920342267 1.5854830540083986 14.39095532719324 8.231655580449555 3.9756446940761823 14.179947860920292 12.536583401065846 4.814579694525975 6.274340115178111 8.625018974567357 10.29716697815286 4.421275478662274 8.908994034987597 6.931427493486596 7.001861227266036 6.930176959167864 7.997113303709019 2.6712242318821113 5.165774147091227 8.618871171260654 4.219901583878532 10.99351128398367 4.736696754104614 10.654060889631683 11.3887910081193 12.91894833714618 9.243942607647817 13.894794103453748 1.6323366130176604 8.094461253356728 14.502369262756583 1.3630699507658064 6.928941633316099 4.662317623110127 11.569518739093299 3.8575099328474467 10.223519153277474 1.2969077574386714 9.71393677230532 14.028002964984076 4.83690209951812 1.243887360046627 11.865855374205905 7.387197776762875 5.060857052804368];
euros_km_B=[15.86526133935547 21.760064814145327 22.886800056655176 21.544290749524794 16.466634152422458 28.665025991485848 24.121031446370022 22.075541920443406 28.460203953621445 29.462133626971855 29.2857636867274 22.66573996713727 17.93841558733321 18.273603805600263 22.440880404033045 28.261555941703904 13.727484132745191 29.21511484189011 25.510450642011975 24.404101764205798 1.7582639589321418 13.3328899545221 26.47774583889819 10.267759083952622 25.440293286679143 12.97018296771376 7.538544940857688 15.437685787110668 12.014858463297067 15.039300146934833 24.443904822848413 4.392461512766724 5.76940338130206 3.0831948661883697 21.526722413809793 7.42143588060115 14.709114027022402 24.513054912338582 12.25689331559892 13.606766887929027 4.943209237526546 12.043244189093773 27.49275169788969 29.32200243476186 24.512748223612476 11.192746910281748 28.71777020441027 16.474047432032734 10.755662538586504 12.8922614517597 23.733716648876015 14.829469593777947 27.827499152029823 4.636290341170163 8.528799899525481 7.914896400731184 19.42831108919068 6.94783170766281 15.588782320169177 18.712271681434007 18.448559796626157 26.93834392157374 23.125141040096867 8.847751620406061 14.667989970231652 15.329704471503229 13.864219731179526 29.50999218724717 27.725670480363597 2.689869709903591 20.29969123888189 26.531941948608495 7.285921578288087];


nDrivers=73;
max_D=[150 154 124 202 122 209 222 178 227 128 140 201 126 217 225 127 125 227 150 124 228 160 155 226 197 207 176 162 233 189 125 198 180 212 135 222 233 147 236 188 240 236 195 163 147 223 183 195 192 146 163 149 190 192 133 202 212 184 150 233 216 177 162 240 186 203 212 199 226 213 193 223 195];
        

nServices=78;
S_starting_time=[673 62 343 131 613 82 658 498 494 334 295 624 511 209 265 158 32 508 285 158 377 169 263 175 601 601 223 435 156 689 499 241 498 465 120 225 77 588 264 402 265 145 673 323 254 587 91 662 242 142 270 644 697 385 540 463 376 139 536 437 512 705 511 564 171 163 456 388 74 189 685 349 603 240 654 577 447 711];
duration_s_min=[99 82 64 70 62 86 64 60 93 98 60 97 116 92 75 77 90 62 88 85 85 115 91 80 89 119 61 105 114 116 94 88 82 96 84 120 71 82 85 79 61 98 107 88 103 68 81 107 85 63 63 115 100 115 80 112 118 77 107 114 73 116 98 120 62 83 99 63 107 103 68 70 118 111 96 99 60 89];
duration_s_km=[43 58 36 36 38 50 50 36 38 41 50 35 46 31 53 51 50 56 51 56 46 38 34 57 47 45 41 38 38 40 50 41 40 58 32 47 53 39 43 34 43 44 46 32 52 45 49 37 46 42 56 41 47 53 40 39 58 49 50 49 60 56 37 41 48 46 47 54 32 48 55 34 39 45 46 48 33 40];
num_passangers=[49 43 66 89 84 62 22 71 31 30 93 82 27 23 24 100 84 100 59 37 25 77 80 48 50 22 75 52 28 82 39 94 34 92 80 78 55 32 82 70 90 91 76 93 65 89 50 36 36 31 71 97 90 93 46 24 79 48 37 49 63 58 57 74 79 49 68 52 42 33 22 61 34 89 53 40 76 68];
BM=250;
CBM=0.500000;
CEM=0.800000;    