nBuses=108;
max_busses=105;
cap_B=[46 100 130 83 117 95 51 138 55 64 90 25 33 65 121 38 69 91 67 119 107 42 64 79 86 88 95 92 49 25 59 107 93 121 135 57 128 81 93 78 46 33 36 138 138 98 75 104 37 27 51 34 127 66 34 49 104 90 103 29 48 70 20 45 31 91 90 21 50 45 34 119 43 43 41 110 28 86 63 121 53 134 32 43 41 92 129 122 55 94 113 104 136 21 52 29 74 140 20 107 44 90 58 133 136 88 92 131];
euros_min_B=[7.52479454533608 9.450213328611325 7.243067296862187 8.626263314563735 5.535264977238286 12.388669938708961 11.913697415270265 1.5387797402606953 6.717063071435054 3.7882900133402053 9.067169256398808 11.275259628782957 7.3630115337724344 7.311413543669825 2.2543107214879594 5.067012691439829 8.369279705232488 13.094024095440469 1.1767681319164718 1.8358960013570207 7.153107553397746 10.476399997076612 7.553952534843287 12.893314511730308 2.405552958572884 9.003533580940285 4.322763030056547 14.04472964270258 14.888211657519188 4.956534196724465 11.783707978807268 8.25877453874306 2.1705688185117995 9.029649533980033 10.406514376262393 7.917706031590108 7.5214101312457995 7.806478364164386 13.835730635458344 10.527985926903723 2.2920574940487937 8.873894686276373 7.524747894390335 4.98981962618457 3.530272403585882 13.300650869703421 9.81614801198592 14.402655801720524 4.856208696995398 4.89988502610701 5.254859733845601 7.417283718320491 14.975393564354624 13.341164126306193 9.00247239157387 7.08150476048906 7.363149343617112 14.3087631981407 13.44080120160698 7.895479146583488 7.04611741680615 9.094518102488921 8.61423918031311 13.182740700524773 2.3510756239953676 7.352668102101205 10.722226495295189 3.4877013769476983 13.332265060352013 8.207306795072984 2.1808323538539733 6.319732567589126 5.837210353243874 13.38634530569552 4.06255668013439 12.752938667873693 7.943931985697109 14.465056768754383 3.3555353171736777 8.306652431347676 13.776730494342605 4.114190805452629 4.885167611547077 12.75142196128142 11.680229909765343 14.296066073801146 4.785855265681407 10.251310195085 4.667212267493586 14.82497434042352 6.792561222787583 2.999950445709802 8.86766866792701 7.294575683482668 3.4507680923331554 1.5557789337945254 8.880602097931614 1.5562875980536615 7.519170365797581 14.441034547658402 7.293551834572062 11.841365106384227 13.493528472009759 5.361631698874663 7.345741774200762 1.6312426562547573 9.84472072560999 11.869577951784509];
euros_km_B=[2.501998901822134 22.05945809721184 7.631755698629935 3.488978439018106 26.77808330085409 22.253356543069305 6.373522295815816 13.040380906990455 25.68128442389732 10.637572216444617 16.522268638333784 24.714943194783057 16.123478793372037 18.706704838659636 20.45569491847504 13.526671282514222 21.020656589628032 13.419492470267219 26.596458593192033 21.337609283768504 21.651408396733196 2.2401338949044693 10.96352382704793 3.4832287140367777 3.5334620181662144 18.705013789665692 8.736335103956653 12.610324440477045 10.765750742399117 9.22744792548604 1.372872485818454 17.453611976306306 29.222610331082713 28.49559282176112 7.946113385263228 19.278278887820804 29.565951688174724 3.6768112928357413 20.42661722483556 11.638900923859627 13.431539217435496 3.3090406175976605 16.53263172070362 16.31574333708621 9.121877251445254 16.21450483678943 18.016116675532977 9.248890677313865 14.300641918109147 12.457686637589578 27.38303065296573 26.01854835640403 29.206761630941262 18.239660504235886 13.977349735155745 26.35149028788609 19.725453209235404 21.388810937247122 17.634610440478234 11.720146191597697 24.373673515064567 24.0584166305728 16.339236854273462 11.25830979393345 5.505666128915243 27.27895331847804 2.232211469040545 23.340477237311838 25.124685005288697 26.10732712365811 1.545125034384284 12.26271139336774 16.528549882365475 15.459399134615325 24.88893127321446 1.9601708022866722 22.952726667063445 9.768319760480772 15.435089302574175 7.024919301100877 22.98741777660919 20.769573999621347 12.62996070345819 29.927352374191738 22.13942604949529 3.9777004772189324 1.7972197562706391 20.696710100015917 27.88301136100344 24.335495117592423 17.328115080944468 23.901277920069656 1.0793805546160684 28.131743175311005 25.54505945963389 26.248821816356283 24.65692528595035 5.39386737080061 14.782277349185449 13.25985781231848 17.47243767905239 17.26434757743475 8.16294164585295 15.164646024531507 4.569338656573887 9.30478136209409 18.44739581706629 8.371876401023798];


nDrivers=103;
max_D=[140 195 135 223 193 225 195 140 147 136 161 231 120 207 123 125 216 187 237 226 125 165 168 213 170 240 164 174 157 174 164 157 226 199 224 174 147 126 199 173 227 195 128 240 187 186 237 160 193 191 170 140 162 135 217 222 218 155 120 127 123 189 212 220 148 150 145 204 149 121 201 195 150 200 179 204 235 165 166 166 227 195 143 197 176 217 169 212 237 227 142 140 142 151 210 235 197 240 123 230 199 199 216];
        

nServices=109;
S_starting_time=[450 677 215 703 488 4 110 45 493 509 715 264 437 652 276 377 100 526 376 253 104 287 90 617 423 93 175 163 574 359 417 12 48 222 655 104 519 709 162 235 647 689 20 220 232 70 672 369 301 73 82 281 638 448 14 703 564 96 4 278 35 253 368 685 425 576 513 215 297 665 233 299 651 437 380 48 709 92 92 617 544 285 147 384 144 690 324 85 424 214 595 284 395 199 43 58 554 569 358 183 175 446 336 219 573 561 586 27 54];
duration_s_min=[119 92 119 98 101 61 101 104 71 113 61 81 70 103 84 87 64 93 65 73 106 100 72 65 90 85 64 103 63 72 96 74 78 94 112 81 85 111 101 81 72 85 100 89 105 74 81 112 95 70 115 111 102 104 82 72 109 114 77 92 93 108 78 82 70 115 77 65 77 71 90 79 83 85 78 88 73 101 120 104 110 61 95 63 99 84 81 78 108 76 68 86 69 100 102 81 91 95 77 117 62 81 90 65 110 111 65 89 71];
duration_s_km=[57 32 30 47 52 36 41 45 43 45 50 32 40 51 54 56 39 36 54 58 45 46 33 49 57 31 59 56 33 37 31 45 36 55 54 58 53 42 35 51 33 30 55 60 48 31 48 39 50 56 37 34 49 60 60 38 44 40 55 48 43 35 59 55 38 50 57 42 38 57 52 44 42 55 43 56 35 53 38 41 42 49 56 42 31 43 52 45 37 52 30 52 41 59 53 54 47 51 48 52 31 42 31 41 49 50 47 36 37];
num_passangers=[52 86 83 47 47 63 59 97 31 83 58 86 56 35 76 91 88 42 99 54 64 83 71 24 62 87 90 75 95 81 76 45 30 89 75 85 88 52 97 99 66 36 42 55 52 75 21 80 40 67 60 75 66 54 67 21 38 25 91 20 56 51 58 44 34 62 30 81 51 90 62 67 60 100 61 66 30 50 32 61 20 59 25 91 37 20 37 94 53 24 37 66 46 84 71 71 65 30 54 72 91 98 100 46 36 81 59 58 30];
BM=250;
CBM=0.500000;
CEM=0.800000;    