nBuses=93;
max_busses=96;
cap_B=[39 128 89 77 26 65 112 125 115 56 77 121 59 55 74 96 53 113 73 72 46 127 71 68 32 37 120 84 20 115 119 76 98 71 104 24 66 63 76 32 32 140 131 40 34 71 31 71 69 86 43 108 90 90 63 103 77 87 132 121 109 71 48 140 30 41 88 112 101 133 99 87 89 119 55 110 97 87 113 94 128 49 25 108 33 20 63 119 140 109 45 77 87];
euros_min_B=[12.054912583517858 14.202174728510212 8.275770635198837 12.690671627881041 10.028087561623986 7.478544608534141 7.028569992051533 2.3531071957112637 3.7873228021083554 3.3110044209267704 8.880116951072017 1.1907551615834342 12.697410862602391 14.195352906136467 10.060551574594692 11.817675974132584 14.359077743852943 13.426807089945504 13.615406270984574 12.972051371792041 14.988900128227124 3.722646205186667 8.360910438856468 5.174540176738187 12.041969587286776 7.0814208227420075 8.436267007519204 5.695494448906933 6.143840305036638 1.383232712767069 4.790867160336375 13.084914109556491 13.559424634670815 5.4999261550700975 14.756408770738371 13.675839182348781 10.373915050634668 12.310991799490228 11.693465750551995 14.41748500431964 14.379574123713317 1.6296134994105143 8.467629210312897 3.929783969541059 5.776013433264801 8.002258116114348 2.5890124026337604 4.084325012343912 3.991541490751881 8.69598767393023 3.359350105647974 12.503974664397685 14.223951993858936 10.650564557517269 12.584221120545243 12.941495781947655 14.791951294416176 6.188986993193094 1.8644158654617082 7.558548657189837 10.506787260509519 12.13389804975767 3.7606772177587056 10.594426770710466 1.5202573141675286 11.910321901459861 11.502225631737538 5.132651287668677 1.981409020717977 1.828570146576725 4.138069875702306 14.707308152515093 9.250059332681179 14.276969034006434 5.308878603885788 6.1969217197558155 1.6894096840583182 12.32746354869288 14.204091228692215 8.401985911168692 9.416904330294967 4.5741157143495235 1.7476735307456368 8.439278931054938 3.1919294967053857 1.607782965835112 1.2587969267079677 4.806847867602845 13.003804098338135 5.468623739106251 5.8651215275266 4.220830937085276 13.341587033312292];
euros_km_B=[4.8126739371419465 19.630668766052345 19.9884773529716 5.492914937192758 21.903987735171427 22.45198853018986 15.487600656522684 18.42663138393701 14.802935770587979 29.885692121113486 16.748143173135418 19.705916474393547 24.18866839885029 20.365695037526926 13.863647372749815 9.574586241976906 4.017020642808892 16.522189609112637 18.938705398287862 29.37764718719431 11.216263645463446 20.886615728827724 27.296896942376286 23.999439449509023 17.252114333871255 22.100209361302475 27.18725822283989 28.01229284945456 25.011628219789188 19.702186269967605 23.637585821291335 3.1043412615292505 18.21116835898062 29.257409497800634 25.15414216079281 7.711889495782508 5.561893714241389 3.7879353017412636 19.841402620633747 17.31678951596925 17.218637213599152 5.187166100491467 12.46186694074792 28.907051068708558 1.9794879387797084 8.134602871628234 17.84180596463459 3.6953835326541022 27.13977203959815 13.841307108399313 14.125855903842606 2.9847514625067575 25.216013219739054 8.862384671518672 25.03599662257091 8.576323152001395 27.2531981232793 11.101295288201337 26.113351075786685 15.154348600620068 6.7307802344955 8.02201911565381 23.90008728183628 4.738907810278951 17.747633316020085 25.194006939290404 6.968696418925989 9.133154259969505 25.27190443590955 19.07655400432322 27.34361814216983 28.363622569070323 4.86979415201067 22.5330022146743 20.5913254789254 17.31151205678715 4.749217929552069 3.9636584161169495 7.40798265303691 15.215141144701724 16.699602666032618 22.49234905216105 25.37393507781197 19.001465152264103 17.60268607280523 19.202058363921235 20.428733630604505 13.932223983252106 27.646509252206265 8.551191197535267 20.93591610398792 12.536958026179239 7.646175882805455];


nDrivers=96;
max_D=[180 218 124 223 120 222 143 167 131 176 201 199 127 156 129 160 175 143 188 234 129 180 200 155 202 180 176 195 222 132 148 181 220 240 235 128 133 238 233 163 191 141 206 150 138 214 202 218 154 182 238 194 202 224 140 150 147 160 125 183 225 132 200 132 137 139 198 138 151 208 166 207 210 180 208 171 164 128 125 203 189 191 125 141 148 140 140 204 162 215 171 204 223 209 140 166];
        

nServices=99;
S_starting_time=[445 191 20 668 427 381 229 479 415 180 100 550 606 407 521 572 118 227 436 407 443 13 483 629 28 403 460 82 448 223 277 181 569 678 525 574 503 505 504 437 46 172 226 68 355 31 403 162 317 187 369 528 344 423 375 588 646 681 381 515 125 78 191 123 343 57 289 702 382 314 189 318 59 447 600 139 124 170 579 366 65 712 642 287 167 369 539 493 551 515 130 491 612 130 394 545 151 241 550];
duration_s_min=[116 107 61 120 85 81 73 101 80 101 65 112 119 67 107 85 82 60 80 74 60 103 103 103 113 99 74 103 67 107 84 72 65 115 89 115 94 77 113 68 112 99 90 94 98 72 119 112 76 81 76 111 98 92 106 67 62 100 79 118 83 74 90 109 105 79 69 65 101 92 90 110 120 70 63 78 62 108 98 101 63 70 89 103 103 95 119 78 102 67 83 87 112 66 65 89 88 88 116];
duration_s_km=[48 54 40 48 31 40 47 57 39 58 45 39 60 37 36 39 46 46 42 37 33 47 48 40 49 47 43 53 31 57 41 34 43 49 42 41 31 58 46 60 30 38 44 56 56 50 49 50 53 52 59 47 41 38 37 39 48 43 34 35 55 38 31 37 38 36 45 43 34 41 41 51 55 34 40 56 35 32 58 46 40 57 34 47 41 55 41 34 43 37 47 55 30 30 58 37 57 60 48];
num_passangers=[62 49 63 88 75 32 95 79 71 88 39 23 96 46 66 92 72 60 95 97 71 33 97 28 93 27 22 69 79 86 99 73 55 41 28 48 99 46 92 45 74 28 92 73 66 92 84 87 56 53 46 61 93 23 96 54 32 37 82 97 61 70 54 90 28 60 35 47 46 85 28 87 100 46 61 28 86 47 20 68 52 67 76 71 34 93 88 72 100 27 24 94 35 73 100 79 44 38 39];
BM=250;
CBM=0.500000;
CEM=0.800000;    