nBuses=118;
max_busses=117;
cap_B=[69 64 62 75 86 89 45 139 71 114 54 34 91 36 63 24 73 111 31 105 91 128 82 62 125 102 47 101 39 59 110 42 79 101 126 57 106 102 36 124 82 57 79 37 133 127 114 28 60 28 52 129 74 27 55 135 50 108 49 107 121 36 23 116 54 60 116 71 32 66 64 53 115 37 25 127 45 65 101 42 35 89 69 65 35 79 91 58 79 101 36 124 117 29 81 66 131 33 64 89 92 31 85 84 54 86 28 20 82 72 58 26 49 140 40 81 58 137];
euros_min_B=[12.071943421557881 10.349575928616492 9.914593445139372 6.329909541267337 3.7380693958252325 14.000947245260694 11.145768627740049 13.91447901163743 4.154647914592813 8.262917554982023 2.2225195124457136 14.367812150034744 4.699801344286881 1.1560100177378911 2.44423505792968 3.046073662515201 3.2907462023547014 8.285121563533105 2.838239248862013 4.649738932925658 6.295432261143686 12.014834888010782 10.370246852374725 1.361455421811735 7.609817888556446 5.585374718836254 2.4748715798654537 12.030677232080272 5.501800194751002 1.4571355672348176 8.78307964757021 13.938874959372717 10.050389296707568 3.833651261206136 8.022389635536713 8.877236460395403 14.91561467230769 3.4274632095007727 13.06145431313556 13.875312902684623 1.5031059062175856 10.958957804777917 10.301378976634226 11.182919620641222 9.787091237238434 14.130650039281585 7.275283873638097 10.598379625526318 11.246427970953594 3.630791780579771 4.506759386726088 12.072529683938523 7.884946649971873 7.065151582728339 10.538203032237163 11.42541454191679 6.111904499632361 2.617954765080845 4.803995149118116 14.780956051276567 1.3425212505438742 10.960144170365771 8.913742083463053 4.334135304999453 6.969419718261477 5.913063288390285 9.045261943113331 14.471429027068554 5.447205042564662 14.814156162862819 14.953280085767206 10.805572800084091 12.739797473301925 3.2327922613460682 14.729323175147577 12.0984844680294 6.957100499634494 5.390679755989427 9.418768701577891 12.030607557131852 9.540184392243741 1.0367812588066874 9.158706710399269 5.067762430124403 5.496912136917269 7.777144453581322 14.894028083301508 14.912105340721967 14.298985405370214 6.043894669919995 12.284707663382164 13.506426645094225 13.093882492067776 3.4856387419633936 6.917196553202037 4.088413972260652 7.742935993134987 2.4714687381342317 12.489467257519477 13.521457208428027 2.286571472508629 2.363848308301998 1.4137310212436265 9.131564626269373 2.7902623401408286 8.36755636427099 7.597134846783385 10.346156518140779 10.183447602257619 11.763997952289223 14.508703162437499 12.967129077277411 11.108557223133698 13.140679684658348 11.671629302398307 8.269544420283069 3.356832628752816 2.565902835775768];
euros_km_B=[24.196348095230373 28.76358846633158 18.390902460424325 13.316831500366682 29.490651000827565 10.055052519536249 10.17704057468122 22.806357450124572 12.557163449725547 26.58740287807153 6.603313098859704 16.64762539179785 11.426643502430537 29.12911839534762 20.289770065049737 10.753101338873037 9.457518582099057 21.921741289465462 9.94249049409062 23.204962483899337 24.086559636857537 20.752058959136246 19.106370096139404 26.661556192046255 27.21660699085983 25.122287051434185 22.936465398876706 4.717083883477411 16.624070675147784 22.90200872118192 21.17421108887762 18.826147203656372 17.3522572857106 19.60709946536186 28.503136604144604 17.341047720066236 24.90105662377274 26.646535617342646 6.4040071552245195 22.99906355627981 6.4622645893757324 15.710366164684828 15.476233023992286 6.769463673386195 10.09255645879908 2.9041411500531855 4.9519890559143365 17.04946907196037 1.4510184307198428 28.482370210587348 25.79303123889251 17.845023517758573 8.336581906414393 28.04284928743086 15.178223654384055 21.54956736399673 8.261463544141158 11.86811686251586 26.80795363182655 21.39726848806163 4.1310656378471124 18.290621857039884 26.885598868765367 8.08472569876621 21.27981605061743 23.766634529319976 14.980692357968538 14.57948488364084 13.561869627374431 18.90350447711923 27.135396339006054 12.714224202964635 26.539189739944774 22.722430204513557 15.895134311649954 21.77507952414096 20.85039768979399 19.113060481937328 1.558535366646881 25.039970855089777 12.921842114027704 11.05765075544838 21.976542731051232 21.751801003504774 8.594407640401068 16.880986434500837 8.29446009736687 26.31284466983843 3.8030618396176723 20.36763568693598 7.25896362786785 26.35725781370976 26.008211378478624 19.469175240793078 16.192833020042826 15.890278922816664 15.021914080559423 24.26984850187398 8.07190978349704 13.208723519763796 20.64238055363065 13.488918763059353 13.410254638904659 1.2102794521199542 22.353762713636534 18.796864873073513 29.524047593510947 7.256794669345845 14.40880900482079 25.8190322278859 24.025806150580262 11.15146897265152 17.06738418453607 2.6751690541323643 15.878735061575894 6.135258467612207 12.199321168383566 6.275830910516001];


nDrivers=115;
max_D=[228 129 190 160 229 218 187 120 143 150 239 176 206 191 162 221 124 192 171 221 136 209 157 136 216 140 147 168 135 191 162 192 169 208 138 158 221 185 195 139 195 199 204 208 214 141 180 197 124 121 236 185 163 210 133 186 134 157 202 175 219 210 161 238 143 177 160 188 123 206 234 237 168 235 206 145 235 138 237 218 216 202 226 222 229 228 224 126 133 195 204 147 164 183 225 168 190 240 183 200 142 190 172 194 201 162 155 121 154 234 224 174 199 162 141];
        

nServices=122;
S_starting_time=[5 359 145 460 456 276 156 406 374 677 189 546 242 631 387 696 136 401 717 284 670 637 130 207 185 392 532 259 183 36 79 207 319 339 277 596 640 657 653 403 230 167 660 707 319 232 108 270 580 180 617 713 226 172 171 63 280 44 14 521 363 489 187 267 431 529 36 348 649 129 519 393 23 465 511 126 6 18 27 316 355 273 511 457 369 425 472 339 102 260 17 648 489 483 373 460 239 674 384 261 157 354 166 674 2 666 409 434 79 10 60 530 291 62 587 133 412 89 186 450 626 565];
duration_s_min=[113 78 120 120 67 102 75 117 81 60 119 115 95 67 95 114 98 85 71 91 114 97 67 101 111 98 65 89 68 115 88 91 91 108 64 120 86 108 120 111 96 92 100 106 80 106 79 118 82 60 119 104 96 108 101 71 70 105 76 92 119 64 120 102 76 115 119 69 92 108 96 74 86 88 88 62 89 83 110 63 114 103 112 83 106 66 116 80 117 87 111 87 61 94 89 65 90 63 65 116 100 69 88 120 71 89 88 75 109 61 88 98 86 70 85 117 89 119 83 62 70 81];
duration_s_km=[36 53 37 38 39 40 30 54 38 55 42 42 55 30 45 33 32 56 52 48 30 43 46 54 32 47 59 45 53 51 38 40 35 41 34 52 58 44 37 47 53 30 45 48 48 40 30 36 57 32 55 42 48 43 56 48 48 46 43 50 48 45 39 36 45 48 58 44 60 50 37 46 30 43 52 51 41 58 43 41 35 44 33 33 43 39 59 32 44 44 58 30 60 34 57 38 36 34 45 45 47 47 59 30 32 58 46 40 34 56 60 37 31 51 42 49 41 53 57 50 40 53];
num_passangers=[48 50 71 60 49 98 54 84 86 36 51 44 62 84 28 48 43 28 69 30 50 94 98 87 45 35 63 40 96 43 56 31 43 75 99 35 24 53 31 86 97 29 81 81 64 69 51 25 23 67 51 60 31 37 54 61 49 21 43 20 75 71 20 22 76 46 21 66 76 58 68 68 29 63 54 72 49 80 41 71 57 95 87 81 98 76 96 23 80 86 65 98 84 31 83 98 48 78 78 87 97 77 21 85 91 25 83 100 61 44 44 26 41 42 64 25 71 61 85 80 44 29];
BM=250;
CBM=0.500000;
CEM=0.800000;    