nBuses=105;
max_busses=108;
cap_B=[24 39 37 50 31 81 136 58 125 29 71 136 88 81 125 134 86 39 99 136 78 55 31 97 88 66 27 100 54 43 95 97 30 22 29 42 131 99 59 117 84 50 33 97 38 92 130 66 57 35 66 80 105 52 51 54 56 84 133 36 46 50 111 67 87 83 92 87 65 73 27 65 42 54 131 125 63 84 71 106 107 68 97 31 100 130 81 134 98 27 32 54 123 120 117 136 61 133 21 117 118 116 116 73 85];
euros_min_B=[5.075721268717686 9.196769762427625 8.696511423849278 14.72256281762618 5.735289173057629 4.726354876347756 3.206145568190055 14.305304835770947 2.3256324006954205 6.115593363131575 4.242678848952731 13.5376559128613 11.735963751354852 3.0431124525632303 14.803728712599884 11.743328150625333 7.021348055865222 13.511645895035764 12.659471810396994 3.517424837308919 13.774442100380718 8.466071833242765 7.542851751531471 6.6945118744704555 1.5059414372429374 4.471150150122014 7.090837646283652 13.52290460557446 4.6897343785701375 3.45850294671965 9.319694028520876 10.211598299946784 6.652780134899977 4.2688513280367575 14.782836175757284 6.385480274458077 14.177331768907788 10.037022826719245 13.125155069236376 1.3721413162127212 10.845650549257813 4.730946642035256 3.6331520081224276 8.63726531997364 12.904836946013095 9.39552336126372 9.736203958840719 7.10443554113035 12.674394981863616 10.032145826426072 8.553943633113132 14.794610774469216 12.37111238815067 3.1612725558199273 8.970544266480669 1.8298558336517314 8.06395656367658 4.1290025248991755 13.22415797946341 1.799507199875481 5.165171863240561 7.420811516620112 10.798106425213186 4.242316613681436 7.247522510726637 6.792973045227712 10.80134292274444 14.884574512356409 9.803250870740667 2.1743572342367283 12.056729506292147 13.873914920823925 11.638966382482485 4.791156398073592 3.6417765266647866 13.225628960069328 9.172749609354435 4.730335249670393 3.7541232574740935 1.5241468890440637 12.297896901959627 4.078685136051541 14.693332889388191 10.585769567496863 5.457154189278451 9.658769634489309 7.7675176106990556 6.3477540798866325 8.173695962663581 7.2724519211799725 2.9652561973147753 2.820817860406698 9.361738554803091 10.646876221994344 11.014359250816845 2.187202422246344 10.71408767329584 1.5063671026566043 8.323332264683351 6.120145920025718 11.817683406032632 1.2200904976142373 5.1395829919045015 9.381351327009238 8.686234784068407];
euros_km_B=[7.910758428787583 5.49139592556073 27.913834780416003 20.58389858347381 8.138370481086405 28.507643029834195 21.426260259190556 15.54622210895064 6.177980030071621 29.256367428978187 25.674785755408003 6.690484748741566 12.008023775645452 3.1893662040439055 3.01586475578528 5.1790297721086676 1.9992661676571843 9.234986302454685 25.161347703500805 28.13544359249195 14.165809867229669 19.230753916065915 10.095458158011393 9.957055685872778 19.014099992828356 11.239194141513567 13.627925381544568 21.120111281189992 22.206878849355792 6.619224887342443 27.686318504441715 24.93269351166739 4.004139094354833 29.601287944208035 3.271239331223442 15.753935259127074 3.2226514689672006 2.851567153672594 8.400100615552965 13.77489838204237 2.6980623110451454 29.271442396257864 7.892282027942833 6.373411473074567 15.704838429012861 5.0805969226839265 8.493666998430172 28.08840345877264 6.184102247212895 4.546347281395181 14.98881848548391 15.531409514554884 29.6214317832189 29.88259699636607 22.87031291684922 21.883697605578934 14.282027532770925 25.903190406816545 2.1359072590556822 22.31768872202247 26.56330274997103 17.392254442640006 8.069987265127695 22.81945525647373 6.547687496378712 14.942638895465635 24.034622712272053 14.63018797295531 18.07996606862463 7.371286192502289 7.89653698055121 7.557404210165653 6.54829654950682 25.031522529137405 16.038629359888976 26.77174122839402 23.689446792730855 21.06807235206719 5.771877687832923 1.1874323700724532 17.220508170758496 23.11478218857745 27.167842552590972 29.896327564694527 22.657745808801977 17.02896210702983 8.80604523717627 20.96973331993316 22.560785055721176 6.547164234711757 7.36507837336531 28.997689055101347 27.30824035459077 12.43902473574813 8.70923270317746 22.886087711225564 9.15333032255794 7.910618622042167 6.4037434795689405 29.59287492888075 3.929404368264212 3.1507364131400126 20.738946932722804 21.72732775124466 28.723984296796417];


nDrivers=103;
max_D=[168 124 152 179 121 152 164 235 228 146 188 123 220 167 125 213 211 120 233 171 141 121 175 176 190 164 190 240 199 179 149 126 230 145 237 152 203 224 185 139 177 186 138 166 189 143 150 131 171 203 181 206 199 160 214 136 172 163 142 203 224 135 176 234 183 226 225 160 151 137 164 236 132 240 136 152 183 130 227 172 202 158 197 139 187 203 199 188 200 122 177 159 191 191 142 189 187 236 195 156 188 168 208];
        

nServices=109;
S_starting_time=[204 649 37 100 144 370 472 57 187 155 194 322 718 625 41 18 694 684 636 22 626 306 181 647 697 605 667 109 136 102 198 491 158 688 264 696 430 391 246 4 688 499 94 316 219 690 102 112 366 648 118 318 266 54 519 7 676 485 299 215 263 267 707 118 335 668 204 591 314 550 156 408 299 519 416 82 54 409 26 590 498 74 614 66 604 613 314 552 524 58 440 454 334 443 47 168 54 244 374 415 530 173 57 529 433 364 74 101 681];
duration_s_min=[117 74 119 92 117 69 115 79 65 91 106 79 61 113 61 64 104 105 80 85 84 92 81 86 115 84 64 92 73 102 71 112 98 96 108 84 67 83 79 107 120 104 94 97 98 78 118 117 119 81 101 116 119 92 83 61 109 74 71 115 107 84 120 88 90 91 64 80 67 69 82 105 115 71 93 108 67 72 74 85 98 119 93 69 64 91 89 107 110 104 94 106 85 90 96 110 73 104 76 65 66 91 104 66 62 98 73 116 79];
duration_s_km=[48 58 41 37 56 57 45 58 31 37 30 56 41 52 45 47 35 46 38 31 44 46 33 57 58 43 49 32 38 41 39 45 52 35 60 52 39 58 56 46 42 39 30 30 51 41 41 41 51 50 54 41 44 54 49 33 39 45 44 46 33 34 38 31 49 50 37 56 59 53 41 45 40 50 31 33 48 56 56 39 60 40 60 36 52 52 48 59 33 39 37 31 35 44 52 43 58 55 34 49 43 57 34 36 45 47 50 41 32];
num_passangers=[80 57 96 98 85 71 36 38 88 74 83 28 70 95 23 53 52 63 46 97 69 82 37 42 78 69 26 60 30 82 23 81 64 92 92 47 99 47 42 88 34 63 57 88 28 22 83 30 48 78 96 31 79 35 41 58 75 82 93 65 73 85 91 76 81 100 37 24 76 43 89 99 81 78 54 70 76 93 78 84 65 39 31 60 100 84 81 32 25 82 87 37 43 59 92 34 30 52 41 39 29 43 74 69 96 23 70 81 21];
BM=250;
CBM=0.500000;
CEM=0.800000;    