nBuses=92;
max_busses=92;
cap_B=[60 41 106 74 69 119 83 54 35 36 136 102 131 101 86 49 71 117 58 55 70 48 140 21 89 48 109 122 26 119 82 122 112 109 86 42 72 88 39 134 138 21 51 29 60 133 67 83 124 26 45 52 33 101 110 96 46 62 94 106 53 43 66 49 71 32 131 29 103 42 136 132 101 131 47 136 108 80 64 132 69 49 73 38 92 122 121 120 73 104 109 105];
euros_min_B=[1.6199028607833348 14.666729584080969 1.7804396266063098 12.987303252261857 11.246116826542247 13.363205047169266 5.82042420719997 5.896249318486879 10.589430516551076 6.677296701581876 3.185956492880967 5.768824129240443 11.116655765722022 3.1295038649080196 8.649879762548736 8.805550326241182 9.925688333508862 7.517525737035379 2.910610396042498 2.484195981703646 14.544538933321682 3.667230896006492 11.895010500334255 4.107116971266095 7.237351863725693 5.272184976447875 4.7467258340096254 11.53336887648979 10.260527332328536 2.5570153885434936 4.554790286029921 11.689534268634008 8.904769963440021 5.6303602403595425 7.091114188471191 1.0033373635517664 13.564853162478105 10.716220942671354 13.273492745520809 5.662485561172878 1.3844788300484914 8.756211028725613 2.0695558509994667 9.586062217847918 14.020022121007486 12.918836888781394 11.785323505604572 12.63285567568293 2.6816455825420373 12.423543030820614 12.34903746600731 1.7556353604210133 5.7635650488466545 13.445584755194853 2.9709273087738595 4.985395071862586 6.2256115195513475 4.478322335872871 9.190708229059277 1.623408116229126 1.1470782313649144 10.81674517195654 13.688805740231844 2.430390495436993 14.126483156419082 4.672278272773002 12.395274963148832 3.2550450553210197 9.315006729098794 5.08961627897538 14.934167103794223 12.556479341615864 9.370215827738031 7.159994374700383 13.292654284966384 10.311998035871222 6.4653084927659945 3.679380287580832 1.3115706453510494 7.38306330798735 2.635339649282685 5.974296833214895 9.593927841956182 5.898225637256268 4.7426579351158304 3.2245809915029646 7.131000500839477 5.395023096075116 14.057251957628274 7.66784219546854 3.980720069412813 13.296562330757197];
euros_km_B=[5.235603516190456 16.710590003146223 22.98657682872689 23.099758634706305 4.253243011737368 9.83253067243938 12.22768286104364 26.730869543259473 3.7785608695598114 24.706132024105507 8.122561150815114 8.174126474946254 22.82155739614726 5.897416005612962 6.673324923884892 27.541896131963124 5.752917200815334 1.4044365704086355 4.624490000079948 19.05440142291129 3.5106777727554936 17.187336052357313 12.255724491848879 17.608875410892743 12.576814760782865 13.622699993134583 6.062752487990878 14.967754272275023 1.920583330679471 16.4639096548868 14.10005880493968 17.995072395063 24.874731537471074 2.083594365596622 19.52965475727188 17.81645317747536 5.359323264202114 22.884025312190005 19.53419596361609 28.294019100681407 23.86085970986462 15.66494746508554 5.482176156291778 13.821816764009261 6.960619662709201 12.546043458803407 29.501514918949148 10.434351052397568 26.248058774037613 25.843307833477247 19.534919299859677 5.578292119397771 11.203116963825963 1.1246306253235345 16.949381881826238 5.680231316880191 29.715985061345314 26.737243349071875 6.832109323704805 19.218453998577665 24.458141323117566 20.779285675378706 5.498907407145694 25.05579054623555 23.9514535171888 17.01003313762781 9.480896201558588 8.517153823166343 8.361944191943099 28.929003091823546 28.428256857940465 7.7192211116730505 9.536018697160898 7.235007269439719 2.841411460092478 6.683853353379868 19.89268168023659 4.360553028025387 15.964398336099604 25.460839543949305 19.62293448307764 19.89765184569844 14.12435762163621 18.319749972403994 10.344339651973247 20.302547979609173 29.43282538479802 16.977572786104016 4.998714344585708 9.553867109874544 3.242271957473619 27.50095646992973];


nDrivers=95;
max_D=[236 221 237 204 173 221 130 136 122 122 211 218 146 137 240 143 205 127 159 137 227 193 146 183 125 137 225 225 180 230 176 201 200 169 157 154 210 132 193 216 182 186 155 166 156 196 236 136 166 134 120 128 139 192 125 223 233 176 181 192 144 141 212 205 216 137 199 176 210 211 209 141 153 161 172 204 191 180 194 172 138 236 222 204 160 130 233 122 208 160 207 186 211 210 176];
        

nServices=98;
S_starting_time=[590 475 294 40 287 497 502 49 540 33 534 125 518 177 488 329 171 315 90 367 556 13 153 307 83 158 531 436 719 661 317 467 552 326 541 478 45 265 589 101 239 205 288 510 541 261 324 128 598 39 247 469 591 222 458 271 206 260 589 154 47 173 11 320 165 103 519 386 43 627 550 651 295 310 685 276 698 106 30 262 29 476 477 167 239 473 233 410 412 259 512 594 363 561 64 108 199 20];
duration_s_min=[94 85 61 111 61 91 88 110 109 74 68 72 107 66 79 77 119 74 83 64 97 119 70 75 83 104 112 98 107 116 80 92 117 72 98 65 116 111 65 61 110 111 62 110 71 85 72 78 78 106 109 80 115 82 96 87 103 70 84 112 108 80 76 99 88 93 62 63 97 96 114 74 85 92 119 72 96 119 71 88 110 61 87 72 76 77 92 107 65 106 70 82 118 118 74 95 81 61];
duration_s_km=[40 33 59 41 60 51 36 55 59 60 48 53 59 49 58 42 33 36 43 55 33 48 33 55 54 47 56 34 60 58 47 57 49 42 58 34 37 53 42 51 32 47 31 37 37 44 33 30 37 34 39 41 51 44 34 59 57 47 48 36 59 49 58 47 56 44 58 49 35 33 42 55 30 35 53 51 60 42 44 40 50 30 52 57 48 56 50 55 60 49 46 35 58 51 55 53 35 48];
num_passangers=[41 29 41 80 63 31 68 37 39 38 71 49 27 38 60 46 74 58 68 97 26 57 20 71 43 75 51 52 79 47 51 92 39 50 65 99 97 31 76 54 91 87 39 70 51 89 28 65 44 39 89 95 54 60 35 32 67 63 71 66 69 58 30 76 34 64 22 95 42 89 69 69 52 96 86 85 80 88 32 84 87 55 92 73 92 74 43 50 25 84 94 66 82 57 61 34 63 69];
BM=250;
CBM=0.500000;
CEM=0.800000;    