nBuses=93;
max_busses=89;
cap_B=[100 51 40 67 22 48 65 92 85 55 96 136 127 51 71 23 64 124 56 105 91 119 121 127 21 34 32 60 33 25 41 90 20 84 25 60 137 69 130 61 82 107 140 103 91 94 28 31 72 50 69 47 107 50 88 130 46 137 133 41 96 49 39 93 34 97 58 49 116 72 56 94 77 84 90 82 113 101 69 124 41 133 86 129 125 126 113 126 124 113 103 92 85];
euros_min_B=[5.430892354059587 7.2766768599277265 10.34403714980221 13.915658509954591 11.58296089942316 6.742713256217147 8.760160952950208 3.397985283466587 2.6734922245056767 8.62167888155673 6.160747115411053 10.189115981763406 9.428852020846884 4.522648254118956 14.315456468925996 14.997995752472729 8.142275200492346 2.6815704017104696 12.384655161740357 10.007637541812858 2.210720462324459 4.276086502517227 9.869907641763948 12.273341043900482 5.302997861992096 2.19463549976087 10.794706354363157 5.2218365784916525 7.289855243762656 8.641250920461433 6.491791241135118 10.466082515269928 10.241673407533009 13.210059668131931 9.804710108585745 13.516415134559058 5.52120567408157 6.883216082234391 8.88573082308295 7.5995270861865745 6.814487246234484 14.484125619608287 6.774988641664792 14.440319146296627 12.123674462471623 8.880004187404957 5.946188597843341 14.559666275536278 8.18425490002734 3.7014272549283582 12.783007560487992 1.7565726186598285 12.103601722287404 10.856947024622608 14.132873272251944 2.7767129640016837 11.117784984700826 14.776794833171799 3.662950449956373 11.356511397394181 8.091335158739959 5.833275529843373 14.420097822861441 10.052424187313907 11.160362447947318 3.8461565708912104 3.8138557689073753 7.3651705655187705 14.274402481785572 11.519998990243488 7.024616337794707 2.1457960554613766 3.738894828830158 9.3703487760356 5.263381991279381 8.751910288686624 5.44820413047159 5.975085407856069 5.5632164070673245 7.797017637760183 13.419696308430943 3.6548880179710697 3.238553725821622 12.06100167544253 13.036545779507252 6.447880518118616 2.814793033766626 4.659744746477552 11.76315801489249 7.777985840167333 10.625012632263896 9.176395822391994 6.1074734282770375];
euros_km_B=[16.441280946588734 21.023849807379193 12.259654174032363 18.330978511030878 14.64448948171695 25.86975680300269 24.962551772795564 22.581483404747466 12.24295568540658 29.997045975810686 17.6525914320543 18.514699680366626 13.70127031520838 24.73652038316961 9.651910265158476 21.134999275450124 12.772021035197584 20.099409964493272 4.670339572066194 18.61704980587725 6.40035077403812 18.08481734210584 21.537436716403874 5.9486181972656125 17.45670793798909 18.00176155943226 18.401229885450107 17.00631092603694 23.669857679030365 27.892391368677288 16.601486583805652 23.32675765552021 24.24367527782012 3.0384091034644967 23.504832916987656 25.368293241906468 9.946990272657311 7.165367331121355 5.217984141022654 20.990717617866533 13.672132404256944 9.337188929267464 23.0556425865912 14.20579878822019 18.514995270515307 8.665793235112293 4.2693913389512765 1.5434808076078148 23.909130689089157 25.02677488951683 9.836652128289485 24.799226984501114 14.417622672592975 1.2989749724656439 26.200062149051817 15.999458095178166 12.93756356636167 24.375369411411096 5.846736102982448 8.125885026785014 27.54307223513243 3.5108160379962876 25.36260521022005 26.522654621159756 12.747447985375853 2.7655293186001613 27.756842523571578 26.332311903196864 27.177246154592595 23.367793239069997 10.002915888487234 3.425222277668657 13.654256136943989 3.114001782878439 7.047788997603929 2.835442761630096 7.406517956726654 3.293659506212844 2.0324268611337515 13.548556184224768 3.751532669580025 2.560553382619239 14.78172981106099 3.359230817311481 20.580653451277147 17.849699144054377 19.699389692181757 28.85801512292347 1.6453620976375687 12.945829463728113 5.3692078639927585 23.75362218473479 7.130981092059169];


nDrivers=93;
max_D=[148 128 227 236 226 166 215 215 203 230 160 226 219 200 234 231 169 120 197 188 128 236 180 232 129 225 121 191 204 227 183 138 190 231 133 208 177 206 128 126 204 127 236 170 201 170 238 165 201 148 132 151 163 145 199 187 218 218 186 175 127 213 198 236 175 158 226 176 165 181 230 163 221 216 148 179 164 146 147 179 212 155 144 132 198 134 228 173 225 208 180 174 195];
        

nServices=95;
S_starting_time=[1 639 241 240 446 323 141 70 583 7 435 202 120 91 320 326 324 540 267 165 92 342 342 595 109 600 639 100 655 400 194 223 654 398 587 68 304 459 234 657 47 142 169 395 358 579 456 431 692 30 554 175 433 371 562 628 712 550 82 331 597 707 7 132 307 307 541 241 295 314 563 364 536 661 205 459 462 204 159 32 657 241 171 585 715 235 634 235 646 350 620 402 408 706 266];
duration_s_min=[87 66 97 85 107 111 62 67 67 87 100 78 116 109 110 119 62 109 95 99 62 94 87 101 84 93 102 93 84 107 97 88 100 89 119 107 110 62 116 90 65 88 87 119 100 103 108 116 120 61 116 88 90 64 74 91 119 105 85 77 64 102 77 113 70 96 110 117 72 89 80 60 61 69 120 120 88 76 103 65 101 83 73 83 110 95 93 94 86 80 70 87 108 99 76];
duration_s_km=[51 59 35 57 34 55 49 43 32 31 50 30 30 45 59 32 40 36 42 57 55 60 35 59 58 60 60 42 37 58 53 55 52 31 44 50 34 54 33 38 41 37 53 41 58 44 39 52 57 52 45 54 56 46 34 37 32 39 45 54 36 40 51 51 58 33 57 44 38 48 41 55 54 57 44 39 32 52 48 33 46 52 55 32 38 42 34 53 30 48 55 37 40 41 39];
num_passangers=[46 74 63 78 20 68 99 85 20 79 25 29 40 37 56 34 78 87 71 56 49 37 83 49 55 80 57 44 48 92 85 35 30 59 91 99 71 21 100 79 100 97 34 75 83 69 25 89 94 48 33 46 64 74 98 30 38 57 74 23 92 66 83 60 89 83 82 25 90 51 26 43 55 77 36 96 58 37 76 76 23 93 25 58 59 83 87 35 67 79 99 87 73 72 59];
BM=250;
CBM=0.500000;
CEM=0.800000;    