nBuses=92;
max_busses=88;
cap_B=[24 46 49 48 130 98 93 37 89 20 120 117 25 27 63 131 72 69 44 124 39 48 50 76 40 83 98 132 135 32 97 35 108 62 101 47 68 35 123 28 47 101 106 96 107 24 71 114 89 72 80 89 137 59 102 97 64 122 91 81 114 95 113 66 109 92 131 86 72 54 67 78 71 29 52 82 113 75 134 100 66 105 23 80 92 80 83 108 113 106 114 69];
euros_min_B=[9.275719765344858 14.388514090109023 11.298817427846025 8.602864625593742 3.654286273833203 3.8016090565084912 8.400792224570075 6.080083473236906 13.893010902576949 11.049034027963964 7.527616901818115 8.17469557986876 4.205859505750453 6.4418294020912565 14.58830789308358 13.134747742367145 1.4272246468256762 4.852433740835753 2.7955165161557463 4.698456393246174 12.35096767024996 3.767162275189147 2.590001220880743 10.857247449370186 14.39167464729539 2.645305752103421 1.8902558427155214 5.142988150138394 4.102077087560303 8.440067963859658 11.289093798104242 9.384872469900039 1.012676876486538 9.70862314292535 13.742650687643216 13.828785337254882 4.551720483792134 5.494286977056218 2.213528705010485 13.90928855398889 9.291953865161748 3.0678202883633836 6.259035827198782 4.953412835934944 12.969713393331789 1.417154880210629 7.982410055598503 8.089468221004083 4.231102174374244 3.95865119343315 14.845063493851926 2.5045453724303703 8.125322864808957 2.5686549802671856 13.999161671552097 11.696159843685688 12.463417037940458 7.436444478602452 5.1562156805290495 10.564885217777867 12.036910852456423 3.038284874544573 1.9131742179465128 11.907591263233103 13.701166730961042 3.221363808458252 10.89932175263245 13.218274490290652 9.935708529616338 6.858282099974532 12.9857805648585 13.585247006954779 14.805468205546035 9.155413035411474 4.359916223973332 8.805948927684533 7.537191726306743 13.645539404528169 5.381208469358074 9.779121903166274 6.850836752644486 6.075448942709663 12.710485692597224 6.450059892322193 2.726455396101202 12.281990226081655 11.753399790818337 4.49326130763521 13.522869462968204 12.768358678877489 1.4744823198049404 12.92201917240662];
euros_km_B=[2.4700905837543274 14.12236941205744 10.54336849028165 20.90581614278441 17.407041379636926 5.56043170455238 3.054639913643131 21.308825355968434 5.464163634454592 1.7175424339209115 27.9307911942316 2.094072535230067 22.869701136983384 28.083630730306773 14.381434930938582 11.81834113916643 29.897059886174638 16.209488955205593 25.949678336790708 21.61722829420933 4.986864430778542 18.501420106450517 15.696368175435014 27.534654506454086 22.872518479087265 7.501753196931201 26.55390819729012 22.67568313681493 14.814550907609984 18.214823577027886 29.921191981160018 13.82184799837146 17.24361807222301 27.171476815825397 2.2861186934250934 13.653828860851995 12.595869612859628 15.727836500981699 23.39294794379191 1.4753050523938427 15.56772361682976 25.06603905479949 6.248893732216659 28.037576965821444 4.989917269454491 26.154372990984857 26.032033314005613 26.006227683870893 10.441722518456814 6.318486582093541 22.6874874831736 12.080599534842614 5.066834007255724 17.757058483445842 28.1041567634671 28.91970514220622 13.609502092743565 9.83838119021296 8.655377901401842 7.548266786617729 4.713145159673384 20.459838121583875 17.336520022577115 26.03521267309029 23.52257653910601 12.771268248184318 8.505664799821018 15.482696525896088 2.739189811863427 17.50059143254391 22.49076114350015 8.087534652560004 23.14432694710521 13.888763273399983 28.29992557576342 21.67564627713636 13.359459423370401 27.670962837170762 19.448689647792158 22.12258741209103 10.389015414138123 12.75524686781445 14.866391910650128 29.638053969148004 7.209613961933709 28.92011961081028 1.4374274019700939 17.907554336626536 22.042048154039826 17.94775872276781 24.29732268791553 18.779435696120693];


nDrivers=98;
max_D=[233 179 143 208 133 237 120 188 191 145 175 163 182 127 212 190 170 192 191 135 146 206 209 209 240 161 240 136 202 212 133 182 208 150 224 219 236 157 172 239 124 233 150 126 203 181 203 144 152 189 202 167 225 181 167 172 167 127 121 180 176 228 176 226 199 129 222 172 151 201 217 151 175 134 180 208 210 137 152 210 226 213 201 185 121 165 141 190 145 143 228 193 184 159 208 239 238 199];
        

nServices=99;
S_starting_time=[408 409 117 62 268 143 428 32 105 632 210 186 647 293 213 473 580 284 78 654 362 457 145 684 493 665 386 446 400 572 299 6 482 123 292 493 192 359 303 68 553 523 285 323 177 402 51 17 118 3 310 244 107 646 192 394 126 349 481 259 243 35 214 262 446 638 173 59 356 498 632 143 378 254 520 245 654 7 223 489 345 556 658 270 463 361 308 398 655 572 357 263 221 249 559 713 529 22 67];
duration_s_min=[116 78 119 74 117 120 92 79 92 101 84 81 64 82 116 94 61 101 90 104 96 90 65 82 93 110 95 90 76 108 80 109 64 115 67 119 90 71 91 106 78 80 61 73 89 71 87 101 96 90 83 88 106 67 94 108 71 75 116 109 66 117 79 94 101 104 61 61 65 114 88 89 61 116 98 110 69 79 102 118 79 85 85 90 84 60 90 113 109 98 64 60 74 109 68 72 110 81 91];
duration_s_km=[57 40 44 54 36 30 46 57 56 36 48 43 46 57 55 31 37 54 32 47 43 54 52 55 53 40 33 35 34 58 34 35 38 57 60 51 38 49 42 52 44 48 51 56 46 42 36 58 37 59 31 57 37 55 30 46 33 32 52 45 36 49 55 39 38 38 46 42 56 54 47 41 48 49 38 59 37 39 36 39 36 32 50 59 32 37 59 42 32 37 58 32 31 54 32 42 51 56 42];
num_passangers=[72 87 45 96 71 77 80 90 77 100 96 65 70 59 44 97 67 47 25 72 96 68 79 69 98 65 24 64 94 34 73 51 43 70 76 79 32 28 75 50 58 89 37 47 34 42 27 29 95 30 34 98 100 83 90 81 68 77 98 26 37 51 91 42 88 67 92 35 74 64 98 74 52 46 27 47 44 52 96 45 29 21 22 50 64 90 43 93 48 56 97 99 67 41 87 75 45 46 37];
BM=250;
CBM=0.500000;
CEM=0.800000;    