nBuses=78;
max_busses=69;
cap_B=[112 56 107 127 71 31 55 38 130 128 75 39 45 79 86 43 61 118 63 135 128 99 28 134 63 115 108 85 89 91 91 70 73 91 36 119 120 33 78 91 92 87 38 136 96 110 30 104 124 113 124 32 115 101 21 40 65 93 122 134 131 123 53 99 115 24 101 61 76 97 31 42 23 77 123 34 118 108];
euros_min_B=[14.422159219106137 14.786936625512894 7.315619092510309 10.293360446130814 10.769681009934846 13.116386862252622 12.334140349599354 4.199628479507919 12.83611424973681 2.975515931209535 14.195310787036785 9.537334848092685 6.051270560545408 7.745488653713349 6.752289900656271 3.763515090819255 7.178608388974778 13.90810125930058 8.088189579170733 9.880750797348474 4.338708170607765 8.353848480016406 7.735886296177244 11.226596489305928 12.74426863020154 3.17035122782149 1.9467553588762052 13.650186308536023 11.401685467715144 11.261617522012793 9.288713619434859 4.659002717167838 7.08699084367062 11.113588849684131 8.188458901525987 11.580677286245649 4.7726849121640065 7.5470973634736485 4.471122213736431 2.1574878568750604 1.4271695812694205 12.678821514353661 14.481968705392687 5.628765357371697 2.1441543806894856 4.720673620043944 10.243389283865996 9.12940082871798 5.921962305931238 9.487327713248222 1.1754418688345172 5.86644863059919 6.757389846496689 3.0175030740800244 13.579199277463056 11.288561320042689 5.358921410578257 10.594469160170792 5.469811283929395 2.322693245360183 10.34172159128739 10.769023846975383 6.957206875623299 9.307316556886047 9.801283985128894 14.081241286860001 7.697333716367463 12.900574460929981 13.431007227391158 5.1048156402946425 2.743829241240835 2.2451277607024203 1.158324389906616 4.714946337242765 6.644366139660249 4.578492925523173 4.463879937867489 2.578857025062923];
euros_km_B=[10.830912300606231 12.236142436390974 23.38575881669506 10.966802262195426 22.759998764847506 9.814170182840595 15.350674140035018 26.79458106339551 11.346752139287231 26.7608489879991 10.612380229022593 23.521005769665496 26.964727057158722 5.200772365907546 8.3612921607989 3.440779505841914 17.42977263562449 9.825164284528029 9.832786375628269 25.958060960832885 23.49567875901636 8.017771998522981 27.903830208472407 21.33312514326538 20.2808571494131 17.004232875549892 22.820648191502563 28.56919404238778 20.994617647414852 1.4714290967069483 2.1789481109787103 12.644238304078184 10.718017927851466 2.6790047187510333 15.428959086224552 2.463544769122027 29.59811128912739 24.101126613080723 23.31033461036617 3.794256199608589 27.74481174492287 18.62898746775182 13.899246735926168 28.836881677575086 2.120486265597779 6.2693413941040825 23.16838330445614 9.683129698583812 14.396814707134558 10.079714776581344 6.33609434005255 7.4559426826439195 28.601419094917965 5.019639128620224 29.05367216555713 26.690042627191126 12.906214792451927 19.409712676030153 8.982490728142444 16.334842713340784 11.747405709841292 26.493801519323696 13.518998997191648 1.1491831393960013 20.105200635331503 15.739177546297602 20.086439281056975 10.224443518598175 29.736981520335753 18.136398634378732 8.325299945599632 26.50260058827258 14.51493164796285 11.829278391563268 8.619658381244893 4.310268432209211 18.749250477149232 24.960844636872295];


nDrivers=81;
max_D=[236 153 199 239 190 213 147 125 191 167 163 233 195 130 210 180 152 176 153 123 153 240 154 158 141 225 179 172 236 132 151 121 171 203 163 169 134 233 143 181 221 192 137 208 195 205 153 147 177 186 173 206 218 135 210 193 184 147 188 134 146 195 205 120 196 159 121 175 122 188 194 223 156 220 195 205 183 129 191 175 204];
        

nServices=82;
S_starting_time=[91 470 15 701 196 688 303 492 374 134 650 4 571 364 653 176 111 128 566 119 599 305 352 63 215 276 644 580 276 610 37 89 388 210 199 382 152 448 158 572 684 298 361 355 428 48 181 160 247 551 465 598 466 44 531 547 502 110 186 698 690 418 38 232 652 534 152 347 554 508 558 547 309 342 564 400 189 713 417 440 618 27];
duration_s_min=[82 95 67 105 87 88 89 70 95 116 77 99 95 118 86 112 79 112 112 76 96 72 106 77 118 101 85 108 79 90 76 77 63 120 65 97 92 63 69 106 89 105 61 115 83 67 64 106 120 105 76 118 95 77 94 100 89 118 70 68 115 112 107 63 117 108 119 66 66 91 82 106 99 101 62 105 104 68 99 101 114 106];
duration_s_km=[54 57 55 31 58 43 41 32 43 30 44 59 34 33 35 40 40 51 33 42 36 58 48 39 41 40 31 37 36 45 36 57 59 49 46 35 41 41 60 50 47 53 35 48 51 54 46 50 38 47 38 41 45 60 30 57 48 60 42 36 36 37 48 52 52 46 34 36 45 41 60 34 47 46 33 51 49 50 32 32 36 31];
num_passangers=[45 43 85 96 88 51 94 72 85 94 74 52 97 88 26 21 32 82 43 91 77 20 20 48 88 48 32 53 72 99 99 30 71 41 95 85 84 54 46 87 43 47 81 37 92 42 47 60 46 83 75 45 36 70 58 36 63 62 42 21 41 71 40 24 59 24 90 57 57 62 44 54 43 33 26 29 91 99 82 83 91 29];
BM=250;
CBM=0.500000;
CEM=0.800000;    