nBuses=98;
max_busses=91;
cap_B=[46 20 45 76 77 26 73 46 40 60 43 69 83 132 103 69 117 63 66 99 76 99 134 113 29 115 74 44 25 56 47 46 97 110 48 104 135 54 131 66 81 88 22 126 88 96 37 69 62 70 33 139 122 108 35 79 82 89 43 118 120 49 40 116 46 138 89 113 79 61 101 49 20 73 40 88 110 44 107 115 73 118 62 55 48 133 21 49 128 31 56 56 40 91 44 99 91 23];
euros_min_B=[8.49570363583959 7.014198030603106 10.318947054951987 6.019449997600105 7.088029833753326 3.9280961470095273 8.215773102647447 6.515768613707482 4.7830770625515955 8.884764029296413 6.966435501856791 3.0810126210653235 6.533727289388707 4.77602133551278 6.526374851041588 1.9289243664882199 11.716440830757762 8.30845645164767 3.872738044741615 1.561542835174751 7.160112973645365 5.351158530970093 11.555684021121237 13.17710770675411 14.460591884254807 6.8252605726000795 12.54276297832833 4.464309680687176 10.917992614576075 11.484071321494113 1.046985871785512 11.5115932836805 3.780345492352109 14.247854166531264 12.713417400936338 7.725267602914732 6.31519597583331 4.353431045214446 8.775329533686174 9.600666890118134 10.537270671321744 2.2970841074343378 3.739835991290159 5.081750529049596 11.108724654387634 1.3174697046797075 7.854122137816598 4.212293495066406 12.706053693896353 5.649239650967547 7.105901269503559 3.965474512797236 4.463770218884208 11.287589119120568 9.910077600982671 2.979416966654657 4.597641422294458 1.917859752451773 10.565450677096964 12.281315162327768 9.014852535705412 14.12185210985799 8.014999471997822 13.197464879083219 14.610426421805949 7.329193563908754 12.86833080892865 13.980035234676228 14.508284338585993 6.74156293826918 4.657592416926309 4.5506622867700965 14.814143284123764 12.085776174399157 8.390536988103362 5.193041402278155 8.779667781686516 8.718091661956873 4.909468373847666 1.9898836375746458 9.35204223900794 6.56332353847116 4.432217915991373 6.900205780833064 6.2667008640548705 1.388552536179249 2.8759296489047386 7.471126767564966 4.1902726855359935 14.422441368854656 7.3176867633133 1.0118868069951723 4.627816340177483 8.435405576548058 14.521453223534643 8.971484699097868 1.1334110775139061 10.152016602219923];
euros_km_B=[1.1425948342193641 19.201241418639142 22.41075364269237 4.29788277863478 18.631770661346312 1.0319650886792306 10.62522079723782 2.010871717470635 28.821373584361915 12.981239865618083 8.820541070952796 10.423740907899825 14.965374197545266 1.808109759994041 4.413356950931136 13.397680347194616 19.503301628887296 17.563691326614283 21.20842232389833 23.49467677456883 6.709351108333948 16.592451471272305 24.7793700709525 29.481372588968696 26.868821822513556 23.973956687461907 10.719821809499162 24.737655306229893 25.315179651722577 17.308782550246164 14.330626859112177 28.029815687211524 26.318431420383664 20.18613201726674 13.686346294728224 28.068849274152537 4.572429935734595 15.559465513157454 10.948748120516141 27.385969557504104 24.760264135192422 1.742346721881005 15.945170591765555 27.242610754325312 14.359598988027813 26.450327583980226 14.553870597046064 14.133985808042832 19.514394482686154 8.058902188918541 17.526428852531673 9.632420824052952 15.576154723224828 25.061827024068194 22.740458823830924 8.994454943232421 15.324781678947874 11.509005099468288 25.57604964205751 22.35294906461973 12.747004152054059 26.079743925327282 24.04143141565296 26.32698084826581 8.443124226912452 28.194578040934907 6.6271610266247825 29.207007303557162 11.238612009557599 25.571027890117556 15.174536775801299 6.88376236289795 2.818119823186487 10.931919887562282 13.892319280490737 7.155625149161918 2.4842913438584224 6.644384581263316 17.52081522308669 27.64624713345627 17.762604830969018 11.08625131955875 22.88986360630978 19.476591687892768 24.991192943071983 20.452722590261825 8.386379179695485 5.785075823712321 6.481039068863837 8.100876108181106 10.223127110917055 24.86423681421439 3.4999093456396473 18.806340900545237 6.7139790345280925 24.19288506010508 12.049849921481917 6.0279729311261185];


nDrivers=103;
max_D=[227 169 152 202 236 196 138 129 123 122 141 162 158 233 186 164 221 182 126 174 213 153 127 208 124 231 192 176 134 128 191 238 203 182 136 221 133 217 129 164 220 166 168 165 205 129 122 227 237 227 189 224 163 160 197 228 237 179 231 211 215 238 131 131 125 175 238 155 189 159 191 180 120 236 235 174 129 155 202 128 236 130 201 156 123 153 186 127 222 141 175 198 165 217 167 138 238 169 230 214 238 159 178];
        

nServices=104;
S_starting_time=[645 72 543 620 164 429 466 404 473 522 442 576 693 45 556 171 301 208 317 415 193 431 173 524 475 11 568 321 62 466 717 186 474 189 46 570 499 255 545 467 519 661 307 444 122 699 509 482 189 71 712 331 149 155 476 227 537 636 472 514 391 706 484 421 121 684 35 668 172 311 675 377 521 593 555 231 682 239 545 462 181 681 526 616 128 249 321 199 110 513 668 232 517 395 467 406 543 152 662 18 140 235 269 258];
duration_s_min=[103 112 90 75 75 62 68 98 99 77 70 74 90 80 113 116 119 81 75 68 83 79 90 96 91 82 97 112 97 103 85 89 98 101 68 93 75 105 93 102 108 91 60 66 97 84 103 96 70 74 95 108 84 62 112 119 71 65 78 73 120 96 89 120 80 86 113 117 91 69 101 79 88 86 63 71 62 114 65 92 79 112 71 73 99 77 110 117 95 99 60 99 85 96 66 109 85 74 75 102 102 60 73 107];
duration_s_km=[50 44 42 42 46 46 33 30 39 55 45 36 31 60 59 49 44 49 50 54 44 32 51 55 58 37 37 31 34 51 36 44 33 37 44 53 36 58 44 46 30 48 31 41 38 37 59 33 50 56 34 59 51 53 54 37 48 38 52 40 38 38 55 45 39 57 30 46 33 39 58 56 42 37 31 46 34 48 47 47 37 38 41 37 32 39 34 57 57 32 35 35 39 34 46 36 58 47 30 53 55 59 38 45];
num_passangers=[65 39 49 64 64 51 61 61 91 77 29 86 51 33 99 62 51 51 51 100 56 41 31 61 33 29 59 76 32 58 56 78 39 67 37 76 70 50 43 96 95 94 92 24 98 76 87 59 24 57 36 39 75 72 87 22 79 27 91 72 53 34 71 100 23 66 39 41 83 24 70 81 60 69 33 38 74 32 40 40 20 98 68 33 21 55 68 49 25 21 80 99 68 50 67 65 21 56 74 22 28 53 77 86];
BM=250;
CBM=0.500000;
CEM=0.800000;    