nBuses=100;
max_busses=97;
cap_B=[119 52 24 88 43 84 21 119 50 49 20 55 77 54 103 66 69 24 89 126 53 117 125 76 35 118 37 63 109 58 69 135 40 46 101 107 90 134 100 95 77 54 80 85 50 132 64 131 137 86 106 47 102 130 46 34 35 113 80 73 54 86 30 103 91 101 77 86 26 70 55 24 84 90 25 106 49 54 62 91 39 130 23 116 77 124 112 53 80 40 133 44 43 75 124 25 100 88 98 123];
euros_min_B=[9.248096699267709 12.484905402113935 9.452549633725248 6.772951991285182 8.24891938665552 9.469656177796203 12.588210343017503 12.458775092981597 6.218821695420272 12.371849590095445 13.310550663972606 7.1707530792429415 4.88544276210922 8.554729240557348 1.0013651125262493 10.2035714501966 11.837740711136917 2.600891321386567 7.9562097906946345 11.025741874374777 10.391630318661095 13.449481466552946 13.639454695371743 1.8784176080394401 11.384002220171517 4.7417710610115895 6.985612814179383 6.183091222541501 2.872431386178474 10.838510990989505 7.306599319087054 5.107267952241506 4.37752775801475 3.380901982725767 12.937670214692844 12.493136544554844 3.873803955664819 5.342250711521825 14.518949335588866 7.171880057479783 12.357460204694927 12.294173455137383 2.432122675633433 8.904065439092717 10.76060318050331 5.533386343091738 3.3255404098854626 2.608841325000237 14.349322509347909 8.952773893311598 13.127766744486916 14.509908815783646 13.943043297244541 6.4328811032793975 7.319362060106541 6.429286950266138 14.481732924920362 14.687279774099066 10.77001232867371 10.829524956078622 5.4670650385521595 5.997278102672164 4.880564424704827 5.334357940313108 4.018673754199437 9.83722211117937 7.8537133879933 4.36921316750769 10.575725815671852 6.577870212721491 6.841621706478293 13.956595609244927 5.449451095195929 9.766428031828381 1.0432433132439953 7.212624539439128 14.67017142145834 4.78856639128858 2.7983045305884118 1.268023172695997 6.910386025848021 5.519635834373879 14.186728261257604 8.21731968820124 9.735873426488132 7.631869245058496 14.794039703089183 7.745253080213451 3.00533226427619 8.480333005027326 9.256094595505507 5.879593124587753 6.412085766189812 4.199885628082196 13.941334313273682 6.400994040839819 1.7269764170493023 11.715012967447445 13.158245658869038 8.786473293846687];
euros_km_B=[12.656649689587377 15.811783025062608 6.942044965000269 5.5440115952717255 8.348100409205365 24.201208417415398 25.142894390106544 10.220628206519008 18.7284822051807 8.878895259280334 27.075240175555432 11.689690053736179 13.305774265418712 13.079394768700405 14.189692733806302 11.615010695748204 26.315649073318284 11.677366947626261 24.574588894596268 9.381543683232794 9.542126672042205 11.593706768542651 26.814732646703437 29.56183923020348 5.764909514923041 25.83035746332714 12.708676538274208 28.233893886842058 28.29870308846924 18.013737662935593 8.630341690052049 3.939453219759741 28.834433187364947 9.056559996489547 18.174217697289134 6.450967404819009 18.326542534652905 18.105805373727964 4.066396331216211 29.50169433460494 19.60842009682036 12.778852825503462 22.32505694227165 24.201920238275818 17.042430798924343 23.577909887183814 8.71983942657491 6.190128059660612 15.835982986746382 8.801887233022708 28.814989533191437 26.07838040386451 6.380646241847813 22.749600997447477 29.053959163841984 19.366926219477577 17.92458791873089 14.199327845009279 22.92964773384516 23.253161419698067 6.0656000706522235 11.007674735808186 1.174768437842721 13.924453098162397 19.869474648565358 2.330429177808942 10.887530313313393 14.25415853733766 29.89120978320825 5.3795840813519495 23.059345081778744 3.3776185522903512 25.955574983450415 15.482253324838748 16.391752631129304 4.384956654402596 15.471237217698617 27.146779398683144 28.24218966071358 26.05496571921797 11.67663336612086 16.288206917323475 14.53933852008075 20.348492431408886 5.6140657560981175 14.396160596208126 20.241001528982718 24.26884685336724 17.89273980839953 9.460522549388427 15.752931384651543 16.06265440664787 25.268895713214242 7.785377538368891 5.0027776120894965 6.520531004914425 14.752870939794436 12.253054211517528 19.63672041199769 26.178518436533928];


nDrivers=101;
max_D=[224 200 221 167 196 127 159 188 131 157 240 131 162 134 130 179 165 207 141 211 123 211 187 188 141 131 235 210 228 143 186 185 217 130 138 205 129 129 149 213 152 134 208 158 124 219 129 198 152 180 142 195 190 134 225 225 219 191 192 187 189 147 217 173 124 136 161 192 126 219 211 144 211 217 169 162 146 158 175 189 212 224 150 141 236 221 190 152 192 208 139 205 174 202 188 239 196 236 155 120 207];
        

nServices=106;
S_starting_time=[72 281 685 142 82 274 319 712 533 440 185 163 566 526 50 581 162 474 519 238 686 494 355 564 146 558 375 426 614 89 449 575 20 103 61 191 430 434 341 87 645 481 142 498 582 616 688 405 456 106 632 500 368 240 62 488 82 602 36 60 598 164 554 206 140 389 92 324 658 496 717 459 563 304 709 138 229 102 123 428 702 400 375 399 293 482 566 501 118 661 651 342 293 416 124 392 291 126 229 682 120 222 282 505 258 676];
duration_s_min=[77 112 77 78 113 102 113 117 97 103 113 109 113 78 117 112 91 73 98 118 117 77 99 83 95 75 90 115 82 119 100 69 70 118 90 90 114 93 106 111 109 69 93 111 83 77 104 90 68 64 78 68 117 113 67 70 75 88 101 107 110 102 68 120 87 86 75 120 75 95 62 82 83 80 83 60 97 100 120 97 82 104 96 79 63 84 64 81 72 100 94 101 100 99 118 94 81 87 87 66 79 84 73 100 118 117];
duration_s_km=[43 34 37 36 38 38 41 31 45 38 60 40 34 34 37 36 39 32 48 54 56 55 41 49 54 54 52 60 49 42 59 32 50 55 40 55 39 39 38 51 59 54 36 37 53 35 46 34 49 38 37 40 39 51 34 33 54 44 58 37 36 55 33 54 42 39 57 45 37 49 52 34 56 42 43 44 51 42 56 40 39 56 36 36 57 47 45 50 40 44 31 59 59 57 58 31 57 40 39 49 47 51 41 57 46 42];
num_passangers=[47 78 74 27 42 59 87 87 67 80 91 39 75 45 22 96 23 82 22 48 31 46 42 28 94 74 81 66 80 59 98 56 97 77 64 25 21 48 90 89 99 47 41 71 35 46 71 88 31 44 35 25 56 81 75 28 22 31 77 59 34 22 22 39 97 58 96 80 86 27 56 48 30 50 67 45 26 58 82 49 82 63 59 36 51 63 82 97 35 21 41 44 91 63 76 83 65 57 41 59 89 21 26 55 45 66];
BM=250;
CBM=0.500000;
CEM=0.800000;    