nBuses=102;
max_busses=98;
cap_B=[125 102 30 77 59 104 128 38 50 25 42 64 86 89 64 109 41 132 70 114 44 35 26 35 114 122 122 53 100 33 125 42 20 99 82 29 77 112 113 26 63 109 49 127 37 125 32 107 21 93 76 108 102 104 116 69 98 114 112 83 111 97 64 124 102 111 69 37 43 86 79 106 64 22 38 38 73 22 109 73 134 92 28 84 44 107 62 45 108 95 65 81 45 21 119 26 135 32 83 28 138 46];
euros_min_B=[4.578417278600705 13.385367004194197 13.79813482339845 2.125564461105557 8.991901316490559 9.923157072321283 7.696683436646437 6.696274043255755 13.975297724089746 9.029351388833932 11.896063977810682 9.005503272432847 4.269506054362356 6.5402080092761326 11.611058094397864 3.44262305152367 8.492703528628319 11.926928401232825 2.17259682888315 1.5627961790829525 6.6565596835496645 6.833170852175055 14.545002973604156 7.006496846853347 1.7040117531709207 3.307607481818047 6.752463416017395 9.30004262485808 11.429098528717203 7.978030418335585 10.70887604690353 7.212440943156896 10.915326468422448 9.036660152764323 6.543926881255707 11.27305957240567 10.380439664362125 9.359638607614695 8.035947232662473 13.445593585865446 3.9017267685086496 5.032403330265105 10.346879921387181 11.84679987212934 1.869476913037964 14.136187110738073 14.159764321219281 6.065289090415757 12.528826848545144 2.1805645933350033 8.694274445000143 3.4075296625641243 8.302750329448127 14.074832666707803 4.241647685979296 10.305643795024887 9.6500416799313 10.008031867722693 4.06173746849867 13.739552212486611 12.589183757700525 12.935219975029895 5.73646346044102 6.180839200249299 7.152910301892543 7.172949874167872 13.753219926120831 1.1115058166923473 14.702085077081952 4.313074411350698 5.311996829696678 4.335018245344636 4.901162410273737 10.687655210290337 2.6120707077255183 5.8203353030026035 1.853841012249313 13.859839657233003 14.170207873542969 11.121524828465509 3.4053436295410795 7.225302957548496 9.676907048554579 2.5240777542706136 1.415434404471421 9.666764290759286 6.312767904037923 3.4966150566140897 13.890905301164832 14.184908994830836 5.253648504123373 9.11013328694689 6.791670739317414 12.661914582424815 10.319502419722282 2.6474114210508026 12.264821696373367 5.948665111806483 12.230111316056771 7.723766956076188 10.660448960223126 7.144818487823038];
euros_km_B=[11.75055713906232 11.466088310509196 21.961573530980218 24.37683633403232 1.3378735443156797 7.813995985149446 15.702988235230636 23.54607959310334 29.409353422682948 4.6868620164165335 4.2816847673812735 11.832601216080379 28.83346565399702 2.5843843507410114 28.583148210813665 22.09251382890887 12.454741264338052 21.743052515183336 10.259021107199496 25.190974964579336 20.13130772510402 24.054574421688418 2.0634642347835306 10.15725926888346 20.715550350076303 10.185420449852835 5.607356990864914 29.219797929033984 24.99774877237071 22.103151761119953 13.143393310113067 25.89474465317789 24.688993381875996 28.45875311205374 22.00866610065887 6.203302063892373 9.571400580640562 24.777076488294718 23.90407330332666 19.590724205369636 23.131127246151905 16.47960721900801 13.713634129255713 6.554431938163156 29.663126885276128 21.746257479846985 13.13678024880503 23.61246607529461 5.408219323808417 9.176204515093477 21.335169112592023 4.600536418724991 28.903241428061207 26.259831885812467 10.56040619289818 24.091118805897164 14.277743285297866 10.609737034486127 20.92280914719748 7.9775485072949515 26.537142115819425 24.172047051534804 23.118226293047563 6.218860768631487 13.941455822419014 23.61371063608771 19.438693826124368 5.999440248266 24.06800641589507 26.0321148672982 19.75922642191062 15.529622379429016 19.37304585311672 23.74750937642368 17.76633902311045 26.23065108058763 12.54151755574334 3.8548571805687217 11.528221190420556 14.431846803208039 1.7983080475762758 2.834654325145667 22.87375610463653 16.115409039159523 1.6530558121192733 1.377904181885127 24.41655999291854 17.78667550298317 20.42502239806414 23.300421539841146 4.0556031803754875 17.733834544207337 6.358777755442602 29.409929315612004 7.35898394259471 6.8627938258332035 8.736999265546771 19.41183973743184 3.689846087334213 29.719934993055823 3.866340373655898 2.887846843161399];


nDrivers=107;
max_D=[148 227 173 220 206 203 165 127 144 233 195 239 199 151 160 190 212 210 225 219 236 164 124 126 220 191 190 184 173 196 130 139 212 161 220 164 236 141 207 208 131 213 175 208 135 199 198 198 197 192 193 190 238 219 183 185 173 162 122 193 210 230 208 199 218 214 218 137 148 187 229 148 162 145 179 227 224 143 201 211 166 120 190 125 131 174 180 184 202 125 123 171 230 209 135 239 171 152 139 217 173 127 189 169 138 215 143];
        

nServices=108;
S_starting_time=[618 546 508 637 474 123 601 236 490 602 339 196 119 391 575 32 86 564 557 384 451 343 431 341 697 217 304 422 74 121 705 154 396 310 277 715 397 313 275 177 394 684 229 194 606 88 607 167 323 224 375 313 16 190 357 182 129 422 411 630 538 281 27 496 686 638 528 513 555 210 585 670 505 184 23 601 579 604 376 205 146 363 374 89 719 160 312 419 720 56 402 594 166 579 107 626 418 11 330 415 676 534 703 426 597 76 55 150];
duration_s_min=[116 80 81 67 98 73 102 94 83 95 91 109 63 81 111 111 64 73 74 93 82 78 98 97 86 79 85 104 77 98 66 64 106 63 87 99 91 111 93 65 64 73 77 78 81 102 74 66 102 70 88 99 63 82 77 66 75 107 88 102 87 94 79 98 70 108 81 116 105 109 65 95 112 80 67 119 67 101 107 78 86 86 89 73 86 64 88 94 105 97 81 77 118 85 95 105 69 105 112 91 108 105 87 64 120 74 70 78];
duration_s_km=[39 55 32 42 42 32 53 30 32 45 44 58 60 51 57 40 49 55 58 36 60 60 50 50 52 60 59 43 35 39 38 43 49 32 43 37 32 57 35 44 33 32 56 35 37 35 42 42 53 32 56 41 30 33 40 56 52 31 51 55 45 46 33 31 42 33 49 60 53 33 45 56 59 60 40 42 47 55 41 42 52 60 60 38 45 38 54 39 51 51 49 57 33 35 37 58 48 37 55 37 44 36 55 50 44 35 42 43];
num_passangers=[36 86 81 65 49 28 94 57 67 95 82 45 99 98 53 30 83 35 60 52 65 38 29 73 44 50 56 55 71 26 91 39 24 44 68 54 78 85 99 75 20 75 54 54 71 84 100 86 68 90 84 33 85 75 34 85 34 66 54 43 35 92 56 20 91 95 88 97 39 100 69 96 80 54 20 83 93 26 47 84 97 40 37 28 92 28 72 51 77 37 59 39 41 89 61 88 84 21 47 57 36 58 79 37 52 47 37 56];
BM=250;
CBM=0.500000;
CEM=0.800000;    