nBuses=76;
max_busses=68;
cap_B=[103 121 77 26 34 56 99 36 103 83 85 66 73 54 35 22 38 91 76 88 78 38 106 87 131 89 138 24 75 74 76 34 101 68 42 88 22 81 124 22 99 64 90 126 120 62 84 100 63 34 69 107 45 126 89 76 68 108 104 119 126 108 138 83 119 94 103 113 49 73 60 103 22 137 79 52];
euros_min_B=[5.608368631878935 3.9250943979175905 2.454582693680257 12.284678411737648 3.6568701325184283 8.26691684184563 12.151071782259862 10.650008091392984 13.359162576576814 11.693246846340811 6.590267658425009 14.575205550908866 12.185715476930056 4.893913221433055 10.28014936809736 6.35667306743046 3.819021823278995 1.0703852263215061 6.714674080959892 12.537350003555117 2.5335968522247843 6.670210348795901 4.132311076087687 9.868000964896344 14.627439750741315 3.2033270356051746 3.3842449690965934 3.714300678244558 6.109936613782814 6.3796245235976725 11.295478628472711 7.646654427176122 12.211376950405773 12.5480285291532 2.2431046714607703 10.070371817934008 9.248690308361013 9.045080951490458 9.585483674024278 10.08209789328556 2.225167984066786 7.925891446552404 1.0266286245758671 6.076974147688732 7.670926357636331 12.70763273797611 2.056269590839128 12.286433087644145 5.676322306266647 3.8732555140595184 8.925361684493538 4.095319423740579 10.990654637821706 12.506101703374094 8.472387804883063 7.322884724283878 4.910941213875422 2.693760169638269 12.382141685675522 1.6410056332843599 11.446090372186877 3.507234193956819 3.734906055766361 8.17807258318735 10.798074190340463 9.240363595366915 12.484930692791238 9.481785054111887 7.0932063514702275 8.944895597306534 9.404755934995537 6.206877157819852 7.060001877608141 13.983654213296893 12.739660642817814 14.241619643001748];
euros_km_B=[25.780483027113092 10.681380808234563 22.69819511428624 12.474486942797675 13.774124555168429 7.27930004996473 16.14197404123547 29.092072771343908 28.57303899409757 2.7644560533380016 14.034035147624817 16.797723100601704 18.803718099399504 16.847743412523883 18.069479797910457 26.565171500456323 25.679210198033708 12.449822787116991 15.146794916682 4.042996393585417 17.963952481194415 1.8442867361682862 6.152457498559086 25.93711929001235 27.797098407091724 18.053465967953652 5.431582671729949 11.416851770735267 29.424413279214747 7.799658811342115 4.5144759377487595 28.971459873043536 19.648087143687825 17.419047797488354 29.28619605606454 21.246774769949916 1.3180977463320551 26.960308040387922 26.40289416177338 14.456353482192801 28.006022770175388 3.1073962532704567 15.632704025325259 25.12598652729591 22.951583006759265 25.78763041270432 11.0980272362294 4.906056208966812 11.748945358240123 2.4795677273118155 27.8049543823141 18.963110573924915 23.117325892988337 17.92321014479194 12.977771406961743 20.46508539975377 4.783216220096486 28.315222034089153 28.36664847319702 1.3831556181895879 4.902937230009668 26.43572506741391 25.133587115810137 26.97735046397544 27.112131541570378 25.96681196700103 6.055359608801534 25.965362391264964 16.163207750315486 16.436786843369628 23.489031824692635 3.3232490266598598 2.934325778698968 23.93799206352773 18.628735002784644 8.879621213712014];


nDrivers=77;
max_D=[180 175 217 232 184 131 202 189 137 184 200 125 204 195 178 128 225 209 130 189 217 187 210 228 152 157 140 210 182 167 135 181 141 133 148 226 235 140 197 205 159 185 163 122 235 139 189 211 188 190 159 155 193 235 144 150 181 239 196 120 207 185 217 214 174 135 154 135 175 143 194 173 217 167 206 152 163];
        

nServices=78;
S_starting_time=[584 140 418 292 125 650 264 672 269 155 630 207 345 71 581 467 158 432 222 8 183 300 276 282 445 579 198 213 49 677 146 653 543 489 26 373 175 24 543 336 693 240 57 207 103 541 294 498 306 80 270 708 633 418 540 253 637 707 678 635 583 341 337 207 245 23 328 684 180 647 162 417 221 271 535 47 634 264];
duration_s_min=[96 111 109 90 114 73 104 79 71 108 77 105 73 102 80 119 85 110 98 109 67 74 87 111 65 89 114 64 103 62 64 75 104 83 90 102 102 111 95 80 114 70 119 62 88 81 113 106 72 61 77 76 77 115 111 76 82 86 89 70 114 74 94 79 65 92 63 103 98 93 69 87 90 104 77 61 94 61];
duration_s_km=[36 60 55 40 34 36 54 59 40 33 44 53 43 30 38 50 34 55 59 34 58 54 53 58 39 30 48 57 39 39 40 43 53 60 47 39 44 56 52 56 50 48 59 38 58 53 33 59 56 34 56 49 42 47 34 49 45 36 45 41 50 33 39 47 58 42 31 44 48 60 57 49 36 43 48 31 45 58];
num_passangers=[52 41 31 42 68 27 63 83 33 73 21 32 76 95 46 26 92 33 41 74 58 88 85 85 28 27 59 63 95 40 49 24 37 72 61 36 54 65 53 62 94 83 74 77 24 98 40 69 76 23 40 25 20 75 57 88 56 57 94 63 98 31 69 50 37 87 100 57 95 75 62 43 94 92 32 41 59 76];
BM=250;
CBM=0.500000;
CEM=0.800000;    