nBuses=109;
max_busses=96;
cap_B=[43 140 40 48 140 42 118 75 81 136 57 53 29 71 93 30 49 129 123 125 30 68 22 51 106 68 71 71 131 93 50 108 93 115 105 107 108 63 50 26 110 102 31 134 40 101 61 44 84 125 111 77 62 124 138 117 104 97 125 74 54 43 84 20 136 101 133 83 67 20 55 78 120 66 86 51 23 91 94 93 85 27 113 86 23 58 73 106 48 90 33 100 91 36 29 81 135 130 106 111 38 129 99 106 111 57 117 69 125];
euros_min_B=[12.516460919227212 14.729572800513013 9.873496076317002 7.828433345381962 10.598358401392955 3.889719311953655 12.427790265794442 8.010307803082567 10.107532419054687 3.6220825995921544 8.686739770583678 4.20614051971471 10.586266940586794 12.310073176843234 3.5970306818121673 14.870809861076987 7.590686406352497 1.9557310552535805 2.4724083948262248 4.719535079049395 3.2279825734053196 8.740283901768422 9.776243468835965 2.223870068455689 5.780482773695411 4.185292481148305 4.574089650948644 12.44783281548333 3.594238819141503 10.758864107305373 11.222295631905968 3.377002577234875 11.893109573776693 7.217956857062507 10.960061635761134 11.15864950849775 4.858060583577096 14.29246920762527 6.213910674325637 9.594506065266017 13.167392558735308 7.224444030540362 7.688795103083368 11.069853231610395 7.195514179118391 2.040203629113652 3.584966080140347 4.474401368349627 14.555037379685368 13.878450211217457 7.270208762069913 4.8891907515021265 4.40042165173344 14.058751523681053 10.621890243188314 12.569259955785586 12.793854757680649 2.3131444531017076 6.085460687298382 14.791759849320423 10.406200079475063 12.322112665481816 12.679043404180241 14.303146324749545 9.704874007493746 7.834700386783962 8.540457518265553 4.506801641667815 3.2081233715117072 14.596558091452929 5.399433237959424 11.07563145916767 9.435932346004662 4.04000230267641 14.021203190795609 6.513689339622745 10.79737207723765 2.919196386935799 11.189220765682398 7.5704846004402295 5.804984349837187 13.964727475666542 5.387083170270342 10.429383536733969 1.8983423882452592 6.509161570512296 8.376527136870179 3.1685857064647167 14.529863577836677 3.410495883580598 12.803165610042802 2.1300040601126247 2.512122175241484 11.042835076676004 5.487516324907824 7.363957021037894 13.618746256266387 14.274778369731417 5.130856860196976 6.570572176155056 10.404530877354533 2.911490661901693 13.852618778086693 4.746095918718912 2.0765595510957544 10.187017535040829 9.282969841156802 10.046060392817816 6.324576760447443];
euros_km_B=[22.893241102923383 21.32247649313535 6.933320005955503 14.020759189552738 20.40675109684454 7.283166121923629 27.86500282101803 1.1317558619860932 29.774056426933424 12.075928991561547 5.907813911183607 17.26932750903683 22.77371079640953 26.038768025626542 7.910719941021476 5.947377297504538 22.433216451848036 14.190521258458215 7.861333287490378 6.888712517651885 1.230483890330536 21.12592417911894 22.651881721062235 19.51928842352054 16.394650760110807 2.4710642801243625 4.2457734302752055 24.349604108777683 18.483396114720847 27.742610331247032 10.886280087298484 8.393325689784806 24.48821781492647 8.772019126258819 7.749722219209448 1.4521932654287317 4.976899992094058 29.13464578288349 6.555378880879468 25.509072891099525 3.807472148497962 15.027733628891873 5.704427020091436 7.684301042195816 24.060514932289056 8.213574291349982 17.94394860729578 18.285130756907584 22.04637874010048 7.092929269655526 13.629305295910381 6.581716040634875 22.513222504920762 9.114649749626876 24.51436776852126 14.074681091535284 29.92262357696565 28.85757022333846 18.66934582455973 25.917908744010894 4.986685031080759 24.413673215551817 18.46016345108209 23.77874179271366 23.578586537118763 10.568775172719143 17.683218187023655 22.2136424194136 20.300804975430914 21.44574227431786 21.219674663831416 9.807783396035342 1.3672104428007654 6.172843581773921 20.860119886608437 14.446125374553153 4.37547337717711 15.52229687376617 24.887217748799742 9.861340784559019 15.401026796358627 11.212959284779286 27.893742528499526 12.332211736185679 9.185526529595563 4.393201292025128 22.12552495752858 2.5697071326388103 16.18200368716491 17.905291765877177 8.57849834732195 17.525026157889705 5.220539125484544 3.2125228105594257 22.021869549360314 10.657124486402745 9.174949794168825 20.571384148903697 12.940623674453953 11.888997946889843 27.23997159740341 12.40665196213748 3.8605538724505735 1.6382416356410094 12.631897191491236 22.99552635685134 22.15419206254374 20.2402627171439 4.5343191201573];


nDrivers=105;
max_D=[189 158 198 220 175 186 159 179 228 186 159 154 135 148 157 204 157 144 146 147 191 133 212 146 208 234 237 184 224 131 184 158 158 194 218 206 156 136 157 191 124 196 153 177 208 206 195 192 144 230 223 156 216 224 160 234 128 188 171 147 154 214 227 146 175 132 193 147 126 137 163 236 221 216 171 196 190 122 163 161 180 229 123 139 186 138 214 131 189 135 207 193 178 199 139 183 137 123 141 207 205 239 150 158 147];
        

nServices=110;
S_starting_time=[622 152 53 38 540 346 433 87 352 594 449 239 533 14 253 714 16 505 470 80 257 176 695 451 243 24 515 545 523 558 652 363 685 197 66 197 620 66 149 663 637 263 415 150 323 216 238 392 237 572 672 114 228 632 266 233 312 685 710 290 488 22 128 685 13 571 28 59 693 467 111 712 711 16 379 71 214 532 275 81 0 348 299 585 615 352 141 138 458 14 554 469 165 533 422 27 120 127 670 6 81 660 312 300 396 400 284 593 223 6];
duration_s_min=[100 112 76 95 64 62 108 80 77 109 69 70 108 70 120 85 103 72 109 83 69 90 72 89 80 84 94 70 70 91 80 69 70 65 100 66 80 90 76 65 60 85 97 108 109 67 83 103 64 109 100 105 112 86 87 101 85 108 81 103 71 78 60 68 68 113 93 96 65 111 120 78 117 104 109 61 101 91 76 105 88 110 74 112 84 97 66 112 120 98 70 89 110 112 118 90 111 108 113 65 61 88 69 70 116 92 93 74 109 66];
duration_s_km=[32 31 52 36 55 50 30 54 56 60 50 31 46 30 42 46 35 32 41 40 45 39 35 57 35 31 34 57 52 57 51 54 42 47 48 44 49 55 38 57 55 45 45 42 48 41 40 56 34 58 49 32 39 51 46 57 59 58 32 33 42 56 44 38 42 58 60 54 54 57 56 53 48 42 35 54 51 58 37 51 53 49 47 47 41 30 33 52 58 46 55 40 53 41 56 56 40 35 40 42 48 59 55 33 52 31 60 31 34 34];
num_passangers=[38 75 36 39 44 51 33 48 80 98 68 82 78 77 26 83 58 22 74 32 58 62 47 90 71 75 36 94 61 34 99 76 93 27 51 24 94 96 50 48 74 71 21 97 43 62 23 25 94 100 32 80 20 69 30 60 84 59 76 20 20 46 44 25 33 42 35 54 38 95 86 30 62 59 92 86 32 58 42 62 81 37 52 27 71 55 75 72 26 48 24 70 88 54 64 43 33 38 74 43 65 50 49 63 90 81 28 20 36 58];
BM=250;
CBM=0.500000;
CEM=0.800000;    