nBuses=116;
max_busses=108;
cap_B=[123 81 72 112 88 48 66 66 112 114 94 92 107 115 90 126 68 82 69 20 91 98 133 105 129 111 84 96 59 114 87 76 97 59 89 77 113 88 70 78 87 50 46 65 138 91 63 133 38 133 80 117 73 29 80 128 52 102 94 98 55 138 95 56 34 119 100 134 49 82 111 39 34 66 94 125 132 76 20 128 136 98 48 51 107 64 97 122 88 103 21 33 122 93 86 109 73 98 93 70 127 115 120 68 76 44 66 87 88 76 80 100 79 30 130 103];
euros_min_B=[8.249954742209825 7.037995662961404 14.139677743748656 10.557946232821253 3.683567890160069 1.0576925153118786 7.542210564078655 14.016477638354262 8.309189643946596 5.081575366368204 12.37033744418154 5.2269176907320585 2.7616776888407886 11.268543721681318 11.032022264519721 4.311858951353842 11.273603514661021 4.588229512935854 8.284679321575096 14.699319771268183 9.804826502628993 14.398632004623867 6.4500090191171555 10.29002557194002 11.759450993350683 3.8566532318235924 7.530583071843965 13.712809251453129 3.343620686328875 4.446067982876824 10.023613978060647 13.384261748761766 11.926607838680207 6.42851946476222 1.2154461791454925 12.338402803573748 1.8785647945218154 13.922526337424834 3.413549139301226 14.645262835949595 4.956101540158237 2.9110778503054915 7.58957261042284 6.0763300753094915 9.623274494965887 10.856505519097599 5.090231321320374 3.6505177045340904 4.732911836384197 8.137099003162742 8.626929444486404 8.37241197442954 12.542921047346663 9.36989698523765 4.739840278320108 11.499389176418603 1.131045075740416 9.730354797311868 11.00073948749838 8.417922012348214 1.3909439690011058 6.2949116227349995 5.2405801720702065 6.722839040323553 13.942982227929065 9.546531647773861 10.326363424002016 3.5703565640119246 7.553723730445148 7.345324760923671 11.327292726185602 8.632790302005596 10.298005268711186 11.094563516929988 8.912504778554707 14.625040532730502 1.5911137259914554 12.271204221836438 4.129655088891407 5.525795584026593 4.408512561819741 2.2579113972920526 3.204957999428111 12.235873451318001 13.430843332733135 6.511556604229544 14.950203930017526 5.32760543719352 4.575452385664867 6.482229780508607 13.477845724039938 11.968384367737624 5.424641409585806 1.6078494130666001 14.923056991293805 2.8734867809878395 5.92561773173186 5.275208109740154 14.381602071498243 14.80654008023802 1.0936255758493256 1.0436003243354184 4.501566894061846 11.009956393602113 4.225141351046892 6.091496983936603 4.212291155360589 11.017732142702055 1.455822318973514 8.578750947757046 10.6053069615956 8.818895249346953 2.990031703630052 4.753086266017483 11.258618710825719 5.596552210545133];
euros_km_B=[12.191266985539546 9.489313305479937 18.325649211281135 27.473783233059926 12.660697811446951 16.73156885336345 10.045970433443753 17.50683788761993 9.80975617067383 8.257812268371044 11.472644137666094 26.497438441365198 4.565108166889464 29.076702491540022 12.632966538826828 1.9679695110067588 18.285163317785578 28.319223554778446 29.285317209547618 29.834771443925597 5.44510175853734 10.138163311225101 26.278182456023988 4.0056701240460235 26.994938111166515 15.701516974944715 18.58822759178135 8.10615390338549 6.743898066820516 22.441830683823717 15.000425736992128 1.5821874915274503 18.714534831756257 21.753895729546567 19.528862767479076 23.59329281783021 1.67176860200329 27.176917809029703 13.880580259257997 2.3078399910950664 8.187425129341706 21.310307823958517 4.172677210940721 19.4742828611195 1.8980818849174046 20.020221198706842 3.117825761486086 11.58696913095478 7.832107776897002 11.724542056437938 28.421166182508763 9.560163388202836 19.596053021480294 17.278672411381255 25.75120407906297 10.518295994034235 8.976875558358746 16.754841125793803 20.239539048375406 18.539881880262797 28.155997708383083 24.16947377459966 2.7994841356500353 23.355061629142636 7.838563101074912 3.702871718470511 27.85036551752815 29.814259498273984 29.208136148124556 22.936180363575406 15.218604595147312 6.201526961625199 8.962730765466663 4.800151902809619 10.098361857028204 29.15527506069148 26.614937792707764 9.022852328305405 19.45573042851877 21.6018059433039 15.660659142676556 22.535190932080724 1.8494650852801109 1.4032526851614877 7.500320157865283 5.777941868775133 15.95157419862808 12.692139670477694 20.506081152025367 1.2648877271917252 3.6532971828301806 2.3402767776783726 21.822484911954163 17.37294207341423 15.626890214320925 23.838012281589194 27.506396341620807 27.91090523728262 8.047962213988278 17.28079542582674 15.705834476713871 23.959558530259347 4.226663305377804 8.352160510073363 1.4451405414287868 25.919135713908823 26.8705300660718 13.2028682178184 23.785523680232366 9.318990453304895 6.272308354390846 3.733592045404309 23.324408121238243 7.466343305514756 4.611992413209502 10.668704495449258];


nDrivers=118;
max_D=[128 180 171 164 144 130 191 191 128 190 202 217 201 202 193 161 169 186 206 185 235 179 159 133 120 156 221 151 200 145 231 194 142 142 167 160 189 146 231 239 224 195 181 168 206 239 236 125 204 167 218 175 223 225 167 158 236 122 179 214 199 150 190 150 221 155 144 204 149 217 213 150 130 186 120 236 152 187 198 152 133 240 218 127 220 174 165 227 193 204 147 236 146 185 135 200 206 219 120 133 204 185 204 187 209 152 134 211 181 124 160 180 200 135 212 181 156 185];
        

nServices=121;
S_starting_time=[460 453 35 147 716 643 604 563 83 432 651 375 280 654 192 543 184 626 29 568 47 193 588 258 642 341 580 712 703 165 15 458 674 651 519 607 370 108 203 493 598 304 166 163 582 153 710 33 688 235 442 533 655 96 371 475 640 199 464 610 536 225 321 226 590 587 366 468 688 260 182 227 364 550 188 593 102 251 683 289 324 493 136 645 195 497 283 719 642 591 390 261 508 464 360 481 47 495 225 688 451 370 205 142 190 516 328 218 564 478 38 590 557 497 287 583 713 160 403 471 249];
duration_s_min=[114 60 106 119 81 115 83 115 94 93 88 103 71 96 103 96 78 72 105 92 83 84 104 75 69 93 117 76 91 109 74 63 105 90 112 90 101 69 76 85 84 106 93 107 106 120 76 61 106 64 85 76 104 91 110 61 70 111 118 94 109 91 116 76 101 116 61 79 67 65 111 119 94 91 116 75 86 118 91 87 92 120 110 100 104 108 99 72 74 65 96 103 103 66 95 90 83 109 101 118 76 93 96 107 103 89 62 64 112 103 65 63 68 107 86 84 87 67 72 101 73];
duration_s_km=[45 42 39 33 49 34 32 60 60 59 39 44 38 57 47 44 51 49 57 32 58 44 35 41 56 43 58 39 32 58 60 43 56 54 57 34 34 39 55 37 42 36 36 33 55 33 57 56 58 49 35 55 30 43 56 52 60 45 35 48 36 51 57 53 50 50 34 48 55 48 44 38 34 46 54 42 55 47 52 57 39 49 46 49 43 42 31 51 39 35 55 54 52 57 58 56 56 48 32 37 46 54 32 50 41 57 43 31 35 58 30 47 40 34 40 57 50 39 49 52 31];
num_passangers=[47 90 39 51 59 54 71 32 95 34 75 63 77 98 20 82 42 50 71 46 53 60 98 55 89 65 78 59 89 85 21 93 51 32 64 71 64 74 51 37 85 22 27 59 22 55 93 46 72 78 87 58 89 39 51 77 47 72 25 54 63 26 99 28 28 85 41 40 64 36 31 50 55 72 36 45 55 61 94 56 25 59 88 41 40 38 64 54 90 44 74 31 26 91 63 36 82 37 100 64 60 76 45 22 80 37 27 96 40 100 27 90 48 72 42 62 37 58 44 82 62];
BM=250;
CBM=0.500000;
CEM=0.800000;    