nBuses=73;
max_busses=68;
cap_B=[79 41 115 103 34 44 93 106 85 67 87 101 21 78 108 106 46 51 38 127 96 133 127 70 121 129 124 43 135 56 138 82 29 91 57 129 140 95 140 99 48 30 131 131 99 97 100 118 83 42 54 131 26 107 112 83 28 32 102 111 64 138 28 87 113 124 118 124 24 118 65 109 85];
euros_min_B=[13.887848464386648 8.045677279378763 1.0175432591190323 4.05788197859941 12.414575700039627 13.61754648099758 2.2460166162667887 6.648014577720195 1.0549568189464433 1.0448230447374613 4.488469295102356 7.8434749011689355 6.9856383652471585 7.896512205620017 14.58402059908341 6.716465594515698 7.988745491883956 14.60030045220687 5.8548605205272075 5.709868921814943 8.495645859227542 8.531129733678789 9.262969572558484 9.399128977908727 2.6492096237013714 6.76050958761382 11.374512833937553 6.705246072156283 1.0251035343662886 5.604226384213373 4.969735223302246 12.356073137808679 1.8292703289720311 14.613709684731159 8.827106837558814 1.5452298135147078 6.224308794356154 12.022743364276112 9.635993901512512 8.61087003228659 5.845955586499587 8.309054684361442 14.1145398993122 7.714825407031117 3.759571492633264 6.695637736461334 1.0484724844127642 6.583175365615936 11.125821884869946 4.709508253144756 11.36008261682603 12.177840883945056 6.5378216018879245 2.2506374784073415 1.2134061905510587 10.822026747745857 11.824423160855492 14.204847750269735 5.475333554689341 1.4781238939695118 11.116629720321534 1.2978861072866463 8.476936210685551 10.827511659556311 4.2159697552077064 5.045529249496937 6.347917844146271 13.004382556050638 9.517715319102235 9.163978729753788 12.457499131881786 7.653298156669487 9.398395776136812];
euros_km_B=[14.938945998346668 1.5617620788304722 24.368039231921568 12.126566419509555 15.020183101146726 22.59823738334414 28.556904575735498 19.599860156578856 12.887074482517395 16.911191734912634 7.726836551885208 10.570869800790382 12.904773665757125 25.051423221960587 24.055207216003407 23.841685085015314 14.758412903570957 14.122901536399713 10.9899174533603 25.08166936227452 28.33106931913037 2.8420264241064985 19.600348730736528 21.948043761563166 12.554455667902753 3.218870545561237 11.673101876651188 21.39070753827287 5.835535047907368 8.689630512896482 4.115990230083004 20.497692336417686 12.566253640669704 14.721719755887387 3.2440382877335296 3.069502625718898 17.927134196647714 20.38050646475881 2.5479740053483626 20.476100272215255 19.766075378895717 21.734976875501822 19.77852876047944 21.708113850051312 23.662299048653058 17.32799376606206 17.304231298342913 25.090962046748988 25.239871227417797 27.499826895999465 20.721498048257807 26.177738098591046 6.7755885983733 12.60729071866579 29.076330407360285 15.329941543977405 7.429445398458267 20.359664943877917 1.7842169998111028 23.098325781556454 8.370545258641842 18.456630208607585 11.118831955549377 14.77675972193533 17.981511609789848 26.3344591275656 4.40278467922921 4.634261432973046 20.82762719239008 21.132638751800535 3.2247593252663824 11.129752906027347 22.638708874518443];


nDrivers=70;
max_D=[145 212 157 224 238 167 174 130 144 132 144 214 186 178 196 228 204 152 233 152 169 139 168 122 225 131 218 239 155 213 205 121 144 142 146 132 231 146 133 228 189 238 160 186 146 184 169 164 128 232 159 228 187 150 236 157 164 182 179 229 140 219 229 213 219 224 235 184 203 229];
        

nServices=77;
S_starting_time=[580 676 149 661 486 352 490 438 56 476 45 534 263 59 262 78 200 479 496 158 531 238 642 5 401 415 111 360 452 108 174 565 64 107 98 426 667 113 280 717 144 196 589 439 567 476 423 460 40 708 9 334 172 533 499 177 392 215 261 172 291 277 630 313 186 470 88 134 16 593 602 652 1 312 715 128 519];
duration_s_min=[113 106 92 91 89 72 63 86 91 120 120 118 69 99 86 60 85 93 80 85 82 104 91 91 107 89 111 83 107 113 83 119 73 101 102 99 89 82 66 92 79 104 102 64 92 102 76 96 62 109 72 114 84 112 108 114 70 118 77 96 68 89 65 99 119 114 97 109 117 77 106 66 111 68 88 67 71];
duration_s_km=[46 48 55 43 43 56 54 52 54 46 57 31 53 45 41 53 42 59 53 43 46 48 55 60 51 52 45 57 49 40 32 43 39 52 56 30 44 40 46 47 39 53 48 51 42 59 50 53 33 44 60 50 48 33 32 45 53 53 53 45 49 38 52 58 42 51 47 59 55 37 44 30 34 47 51 32 47];
num_passangers=[20 73 43 65 29 27 44 57 53 61 30 44 94 90 37 61 68 39 65 34 76 84 62 85 97 48 26 24 59 70 29 71 40 42 33 87 97 43 61 66 51 23 44 90 37 91 99 24 100 82 21 26 95 90 78 58 63 66 46 71 69 26 51 87 63 53 29 74 89 90 58 30 48 27 85 79 88];
BM=250;
CBM=0.500000;
CEM=0.800000;    