nBuses=76;
max_busses=66;
cap_B=[59 104 138 108 127 84 97 92 119 50 40 89 46 85 23 59 93 112 52 88 103 40 137 23 132 64 119 121 94 102 37 121 58 116 133 134 117 86 88 73 98 36 58 98 130 99 130 127 31 85 61 101 113 110 28 99 115 128 38 35 75 82 52 94 69 88 22 122 28 28 96 59 91 108 73 44];
euros_min_B=[12.426574251968628 1.5727543908848807 3.3008576900977467 3.3180538135519315 12.65901083641954 10.044028758012402 9.559039237575746 3.8997997721046684 7.443503821665296 2.775159962162774 9.225719878419197 4.877082593683807 11.048550334907596 8.772781023520006 7.374185510203702 12.952986592515504 10.455338516651242 14.018129237077664 11.78358233232538 6.591976129995144 13.733703543943466 12.777324916268181 13.645699242131835 3.626178196636922 3.5609741199000764 9.064775195898466 12.337355344548563 1.859012518015636 13.550241967015113 5.517785406213681 7.83017685388289 2.221668652150493 10.647862917144622 5.657198380690215 2.3656879855458697 6.118911911845663 4.603058771354708 11.72094102273678 14.751344112102597 12.468164906130633 3.629372822890444 10.973896019429747 5.656971266911408 9.06714286832068 5.728404663468297 10.520683615421317 2.609668739159263 6.944654810976802 1.4563104174114865 11.513396749259842 6.447045789677654 12.022792916989143 14.46159264161938 4.829258755619563 11.98021502864842 8.791842646646995 10.433283774277198 3.601693753241192 13.340523819308787 8.646348541482139 10.294510723508235 6.721755483420102 4.819792194537769 3.9631085633717356 6.1995675454490895 11.635902229238807 3.5862688879363978 12.736956045879229 7.010995792298893 1.3116384678012742 8.072844812784723 6.528225065559644 5.379330723033258 11.949438172466836 6.146505296272553 12.56560117678926];
euros_km_B=[8.355443738057023 24.521282371081547 7.035946889378403 27.845510010914317 12.573546023813002 20.48720249146726 24.540303997388285 2.501691330651768 18.68085206511947 4.096796824485918 29.87856908970406 10.921511562121841 20.287406848852207 25.9457371424046 23.76544607346596 15.302269511660137 29.83664536016184 22.628485761888545 4.212039842012412 8.488508300493836 28.7379078281922 3.8650679882563446 11.06161760238351 25.75338125194938 20.23859387514668 18.34093309618645 24.73991729533732 4.545390213110844 8.753052561946639 3.768889418942419 4.458251996766348 9.17024810701174 10.242831740768077 4.345596811442654 6.995397746653503 15.2539692613855 17.245575118572933 14.821924997503299 21.3926744949009 26.237766136735964 16.13423531984016 29.707559358586195 24.55875544588227 17.63325214353379 18.46129325402097 12.093844859405133 20.660514512104708 8.460546659828214 25.897991449779365 28.637040790449635 25.095438715384834 7.987953922952046 12.1249680216543 10.704753660678604 16.396245538499315 23.77594123827016 29.010920974818667 29.219005070828274 9.581897049591559 13.33627829499544 17.687600518517147 21.424615440199705 26.55533359561187 27.945876883179707 6.13807113376854 4.273322705442413 29.259417931210088 29.48145251896541 7.407668928888356 18.545985638002826 5.702414571625068 22.36728850389903 16.664022718470633 18.509645126915917 27.965581912677642 11.551728774136112];


nDrivers=75;
max_D=[199 169 130 178 223 164 183 122 123 176 144 156 203 131 206 196 127 217 153 128 184 204 189 212 233 235 127 211 177 202 209 224 236 159 164 173 138 174 179 158 152 192 200 198 220 224 133 199 193 126 164 121 181 124 197 179 177 148 127 197 131 182 158 165 171 124 181 161 124 141 200 204 140 139 124];
        

nServices=80;
S_starting_time=[530 164 670 25 363 700 32 144 417 241 2 389 719 128 4 469 415 695 618 361 107 3 46 534 619 86 381 288 498 173 224 439 470 629 92 5 370 306 653 345 109 648 383 696 222 396 578 360 576 445 516 33 544 261 119 320 174 16 341 138 698 122 560 384 485 372 193 205 613 154 282 204 458 77 485 386 681 73 148 464];
duration_s_min=[86 98 115 92 96 63 107 65 90 88 93 119 71 98 85 81 77 62 115 62 81 68 75 89 116 73 69 73 72 65 98 118 97 62 113 77 85 111 61 110 84 93 87 79 107 69 73 116 90 96 68 72 83 98 60 100 88 99 64 82 85 81 90 99 65 114 119 103 62 100 116 65 76 66 111 65 66 120 117 61];
duration_s_km=[33 57 56 40 47 40 41 49 40 52 46 53 40 41 51 58 52 43 49 55 37 43 56 46 54 54 39 49 45 47 48 31 40 44 39 54 55 55 40 46 37 47 59 37 56 38 46 41 42 45 56 55 49 41 32 38 53 36 49 44 30 59 44 40 30 54 42 32 38 46 53 35 43 47 47 55 60 57 40 49];
num_passangers=[27 65 69 76 98 94 49 88 49 41 86 85 91 94 76 94 20 58 57 93 66 82 67 61 83 50 86 47 51 34 22 99 53 96 72 84 20 26 50 70 86 24 77 67 68 22 84 75 68 65 70 25 35 76 79 92 64 53 58 25 42 24 48 96 96 36 72 39 41 47 35 24 83 59 92 25 90 89 28 95];
BM=250;
CBM=0.500000;
CEM=0.800000;    