nBuses=96;
max_busses=92;
cap_B=[103 35 134 64 53 111 82 82 62 111 52 42 71 100 126 59 55 66 53 132 57 121 140 86 131 109 100 58 83 82 131 48 115 99 119 81 38 72 74 31 133 133 48 98 68 54 107 107 45 76 121 109 132 131 121 56 139 46 132 136 32 127 25 35 98 89 59 133 137 30 59 133 80 122 42 41 102 127 55 116 101 56 72 66 22 103 109 42 78 125 126 75 80 119 34 42];
euros_min_B=[2.186811954931816 3.917506860374563 8.874873373516346 4.7944013701565265 1.903983892918439 1.4711968831688615 6.4429131674553926 8.694990894445741 12.792098463325832 4.543186957928385 12.990798860441886 10.63001042166946 1.280395359860535 13.404093968567329 2.98433332289619 9.402404960145269 5.473486287237609 9.56317816050943 2.9550497224439187 14.46612381281503 8.098949831002173 12.160367800091336 1.3106273702384978 13.916912660001367 11.675071886069713 10.805367369110987 2.9636243317092132 13.349920075977344 13.62316871928662 7.671700991659478 14.02749164242407 1.528253565513043 13.281707842768583 10.187308597338713 7.480534598599858 7.498384108180518 2.6188440578703425 8.165618494654137 11.018932091213962 11.303827762346522 13.629077127266605 7.800525259499268 13.764796870560753 9.21244670408122 5.963282908317966 10.665069252363777 4.922582952329557 2.1486872579413405 2.3259458220795177 4.9415478868897535 13.682394540114444 5.733357646896216 7.5893547215687285 10.913347123783057 13.849656124435095 7.14723861666496 5.7247782879345355 1.2429843102741434 10.546048547062604 3.4056483554382875 10.840066476721708 13.031085727355773 6.889678781230627 1.4607849673486573 5.5601114044804145 14.9418135648217 9.253531022301443 5.0779929296596205 3.182362915115612 14.906763474616376 5.325648342268654 3.5409130081007154 8.157967971652393 11.238521285504502 7.511083371601178 9.084262771852487 11.934824793538093 13.650425539730545 6.545015957084138 2.3651402097651606 8.717042650617834 8.206684230259881 13.80166096702185 3.6180764272888246 13.99198305291584 11.660236347114799 6.403477501747805 2.793981504830845 8.784766569347553 6.961244210026849 8.583320936751544 7.93653837615671 1.8902418733115651 6.609615126966207 10.843499993287466 11.725684862566721];
euros_km_B=[18.461177918358043 14.271111600859015 19.559611030001015 11.216429436052701 13.594630804522208 29.66165873863486 20.618145903523033 11.056428283668131 25.049416063414853 14.11699563533876 23.16582946767578 24.516429892595838 4.704612391023048 28.58432901922518 18.21096322083338 17.333439157717823 18.103415869016953 29.51698829142371 12.7729973645266 6.799105748244102 16.83771921099423 24.1334941142087 16.41809309088096 17.820088656365805 22.081613509386898 5.769884119979511 17.319237593665875 3.1760086222905106 17.966938700254786 5.399287464083505 19.870911774909292 25.240435053431714 20.890185375637405 3.468454994993499 27.937168265158626 18.482703424626553 19.14963386955761 21.770929051017802 26.08964670905801 8.462125377449961 25.05918174202753 6.989633364337012 21.79851423301537 4.270492046945177 5.930319843785564 20.889895549575183 6.456382016931238 10.518035364196942 25.095362000148842 8.211140489522633 11.619672732233894 20.591969403944844 11.685199251651712 13.937356489872716 3.388556478195367 25.350510665752225 6.039195972721173 19.10433098333598 11.374028131700992 16.904335638004184 18.973345167752374 23.80925534955989 3.8812938161933777 3.9321660446995903 18.90715633287217 13.50309616971257 29.571345262297942 4.873470683365928 3.786518349151838 7.129805099607594 14.352751162884292 13.534276696370206 26.428312003573435 20.790466274803116 27.3457925976649 20.94123080651477 12.573880666155313 3.9849596501619686 9.736179079922755 8.727662961567361 25.128446936738346 18.498142912671028 5.289071733644181 13.39050879659993 14.140281186265433 23.152658522940463 19.654531472131765 19.818082960838748 3.8556471097183493 22.0127639930211 23.375193422356926 9.154061803410158 19.98583098491685 16.504957281131905 15.563721743501706 28.274391019018946];


nDrivers=99;
max_D=[229 213 124 164 220 187 233 233 191 200 195 140 162 128 168 144 218 223 177 192 145 197 222 223 239 178 232 239 136 188 209 213 178 204 197 228 235 163 148 214 139 139 153 122 144 169 204 133 155 190 150 193 166 181 153 159 170 142 191 198 196 228 207 219 123 129 214 197 215 129 162 221 214 151 148 199 129 222 233 200 133 200 190 180 220 226 207 128 209 185 173 169 143 152 163 136 225 219 214];
        

nServices=102;
S_starting_time=[497 22 718 270 534 65 0 163 664 355 584 350 99 298 497 606 435 511 141 255 566 545 256 440 49 225 674 628 207 365 360 638 153 527 367 535 159 632 35 302 497 507 259 316 701 482 621 7 377 121 536 530 570 387 228 232 489 250 632 137 656 92 456 165 578 517 393 414 161 234 100 198 403 699 438 719 425 71 34 323 77 518 328 570 107 701 2 600 559 102 466 565 58 495 370 354 428 321 129 459 640 594];
duration_s_min=[71 61 115 111 63 84 66 68 115 77 85 109 74 119 108 99 60 78 103 96 114 99 93 81 102 93 102 108 110 87 115 62 81 120 66 90 78 112 119 97 78 66 72 100 119 65 96 60 106 99 97 78 68 100 63 90 94 85 94 111 63 62 106 82 66 100 120 67 110 91 80 84 97 109 113 111 74 97 86 99 105 69 64 64 109 79 114 108 106 80 115 67 104 111 76 72 72 84 120 60 79 79];
duration_s_km=[45 45 40 55 40 40 57 37 45 43 34 30 49 41 37 52 47 37 50 37 49 40 40 50 31 47 55 55 51 38 30 31 56 52 55 30 48 50 37 56 30 37 40 57 58 44 42 32 58 56 38 39 40 39 40 47 54 58 58 56 53 46 49 45 30 55 56 60 43 56 51 54 50 30 35 30 50 41 57 51 55 36 49 38 38 36 37 49 33 39 49 42 52 30 48 50 33 37 43 32 53 31];
num_passangers=[27 93 43 29 26 76 96 71 78 88 92 89 55 89 90 32 71 52 92 56 43 76 41 34 20 37 55 58 72 35 25 86 55 76 46 49 48 22 38 53 66 22 45 85 70 99 90 22 87 49 81 56 87 91 76 48 67 72 72 83 50 66 31 50 86 55 51 39 21 60 87 57 96 75 22 33 21 67 39 51 37 89 80 47 46 68 61 75 29 66 68 57 54 71 96 50 30 92 94 80 20 61];
BM=250;
CBM=0.500000;
CEM=0.800000;    