nBuses=125;
max_busses=111;
cap_B=[60 43 45 26 132 92 50 44 51 91 46 94 91 123 74 127 100 110 98 60 75 91 32 85 30 70 59 27 21 125 32 86 85 115 66 71 68 43 82 94 58 88 52 127 90 29 30 73 32 98 34 28 48 115 115 101 139 69 59 67 44 72 92 118 89 139 85 104 25 34 121 110 122 92 102 75 51 27 44 108 111 127 33 31 39 43 26 106 79 49 136 64 113 130 87 95 112 24 83 97 20 138 27 25 109 21 31 39 31 88 99 22 120 36 115 133 126 24 71 85 93 65 31 76 137];
euros_min_B=[1.6089158984706389 13.31744666916718 13.351224506013995 7.463906691692194 4.285951300143839 4.738334835061701 8.203785552170004 2.17267444790438 3.921554448728523 3.0152484453496515 8.001664872360065 5.97591651520006 10.182605608642248 14.320363862092458 11.976934358285625 9.965348097081748 7.365032668417069 6.449846466282832 9.479700234796445 2.5355080096905604 4.104279920187614 2.1079739445416594 11.373900723148585 5.486978837442914 5.336859430260314 9.704963531511012 9.48175229542643 1.7698699628216168 14.441383861807745 9.42901122758917 14.594196010237747 12.759738766885356 3.1724541021433526 8.795281738347878 13.662446121462187 8.656760370782443 14.610444818846817 7.490177448562643 5.012197805627932 6.598138368401803 1.95717952696622 13.574308577490156 10.707070213640902 8.002141260932277 8.205330961767586 14.868052894750898 11.055569777404777 2.896842831080697 6.409126502207821 1.3017922822103227 11.82995423302777 7.263197756437291 7.677554252092813 9.603444814034162 7.981391879718304 14.101761050129246 1.8759287814428136 10.258210136407621 6.839124254002463 13.679840748933298 11.030351408204043 13.086034185881449 8.417730069908924 4.865941934413113 13.533695197231516 12.855350792276603 9.17552564872793 7.262308535814847 13.91314353802348 9.756106071894415 11.109958267895399 13.83941467637658 14.962450999062536 9.598454331103907 9.71939316612406 7.010912405627592 5.03911442565561 14.204381565397135 1.2166990104759114 9.408227582671788 12.808618057319313 6.3568617320719465 3.723239879448175 9.93227254823249 1.0031465473468142 9.484740988346399 3.7634239809737897 1.895263514789737 6.819699194005262 12.464845198881441 11.299939948190955 2.477826157144016 9.40459577280091 12.559260659816507 6.3127485174290925 7.30426856350581 4.142985707979857 4.59176494518434 4.833959760464024 14.453603766858667 9.176491317656318 8.884293413651731 11.070088892384105 3.0682403389293276 8.518249523418655 10.469796211304898 2.006021631060806 2.2159239936510584 8.754867499702375 14.696822893678346 2.1872013629251246 6.027556250602694 13.708086029901278 6.288209975115927 4.900197564312306 14.11026905556913 10.274489802916444 5.438193614553539 3.354912602572166 5.23847335616331 3.583754558195138 3.2834803769906875 5.066986883185995 14.143632065876238 12.011149974906736];
euros_km_B=[28.902741552810788 12.591153098742586 28.019674208397838 28.254547503608983 6.727265991484174 7.886655748005804 18.28158618958499 14.55032054286944 11.07772628218797 20.91833429136074 29.9509037864371 29.14486598245959 10.342039844846532 25.297875684847327 22.990860001678257 4.020296054076685 23.782816464172686 10.510073088844134 22.369172173696576 24.46228801067963 25.725707603799513 10.784739951908321 24.162535929784667 14.333681836097387 14.129870958084739 26.64790849006999 6.752870297518767 18.985601948347497 25.493007927927124 25.989955158965767 2.158076063879246 5.500292918278295 12.644384121080142 10.815672654238917 20.03686495968178 27.673650160079696 2.990548448426795 23.771159687971753 13.90166338261292 20.248267105594426 17.684107073389324 7.99049993026204 20.45873684981411 4.934424894236112 4.121350798440016 4.517009035158738 4.7615914794916945 1.0181986995926753 14.827095946372845 13.969850884122264 14.60375755851879 20.42831280875263 24.66424097297393 16.979899493028228 17.690086062267167 19.404085817112012 4.49975120023244 5.403008382849523 11.946859595983781 13.986996788644863 20.36106583926727 23.99778566051591 18.072849543403485 15.303218794506977 19.005746310818896 24.20645118378614 12.252289025539788 1.8728586541420404 1.2681703419756634 14.131482040717161 22.711421452643517 14.639017195502067 15.60726303595822 23.117088370661694 23.175211815121823 16.6350615466485 18.47887332714499 27.093038569587538 29.45242257775178 3.317415267822523 18.986874069594005 17.20826685422543 1.8347129487529936 10.808017311792856 23.48983243320497 22.1456842742034 18.98233120925408 22.711084598954194 27.11440002618535 10.936951733108284 1.3246023905926887 5.219118186278617 25.1614339459922 4.855109902290936 10.709762357726825 17.46544174291665 21.429713367612614 9.317639947356156 12.16484060563753 29.614638297266136 12.039869562166732 8.338289361305833 15.422794626798053 21.632948492313776 28.76670697212152 24.419269384173194 1.9885295901029787 29.014991547612656 16.6108451549185 3.5623241938454018 28.807815009121505 4.071092453343313 8.181520921772961 27.25789131659133 12.60606791377952 18.827407994565608 22.50125101848547 13.061139511468783 7.731894246946304 26.793171687137114 15.800345751864965 16.54753027314653 22.819346504392016 26.993838774467914 21.204047313096808];


nDrivers=120;
max_D=[227 218 205 240 123 200 197 200 179 196 140 124 234 152 144 225 205 162 161 130 171 182 157 223 144 199 121 131 222 208 234 193 127 165 203 188 169 207 208 164 237 234 155 127 129 209 194 170 149 156 124 141 178 123 200 162 167 151 201 226 160 236 180 220 235 229 132 150 214 149 181 207 194 229 226 213 143 188 162 229 163 210 179 177 188 173 224 206 154 236 139 137 176 152 199 161 239 203 198 131 236 143 144 178 192 127 167 196 125 228 196 164 172 120 236 155 232 206 197 224];
        

nServices=126;
S_starting_time=[667 402 555 55 110 20 94 2 644 360 115 521 384 339 131 247 138 549 591 611 625 43 249 637 417 405 214 367 25 648 562 305 691 710 606 246 542 269 64 479 159 527 114 658 422 43 198 147 315 315 558 704 197 489 231 357 102 500 302 715 348 383 322 489 666 719 395 56 596 117 391 417 484 590 70 522 270 542 627 268 387 496 225 493 490 706 529 670 311 305 496 257 678 331 374 92 542 391 81 229 402 687 14 101 405 695 185 265 718 114 686 493 517 146 445 277 21 265 377 94 697 48 551 22 214 695];
duration_s_min=[105 74 66 75 93 78 104 83 99 66 61 108 111 82 64 112 70 103 79 107 94 105 62 73 68 108 117 68 80 113 65 75 102 85 72 63 77 64 70 104 115 80 91 89 117 107 63 75 62 112 108 62 104 76 79 107 93 92 112 67 95 103 61 99 70 113 80 64 74 79 83 94 120 77 103 86 71 68 60 89 118 95 105 86 79 84 98 109 120 71 98 74 76 71 66 98 108 87 98 80 80 79 61 116 89 64 107 92 106 67 63 98 60 86 91 77 117 82 98 68 68 63 101 76 104 63];
duration_s_km=[48 42 48 60 54 44 50 49 36 57 54 30 38 40 50 40 57 40 42 37 30 34 51 38 60 44 54 42 41 45 40 43 59 33 54 37 53 39 33 46 42 54 60 33 59 46 35 58 44 37 51 54 55 57 46 41 52 32 40 49 30 51 47 57 30 46 56 50 31 56 37 54 52 42 30 47 47 41 34 34 41 35 56 38 34 60 55 48 34 31 37 52 32 47 47 48 41 34 46 55 34 32 53 37 32 48 50 54 46 30 58 31 52 40 44 32 51 42 58 38 49 37 55 51 59 59];
num_passangers=[91 36 54 41 26 65 28 94 34 44 93 37 24 71 73 45 43 22 53 92 94 56 86 23 54 67 57 56 30 78 64 39 23 83 69 20 50 87 69 82 65 75 81 79 59 84 79 77 40 62 64 51 28 72 93 63 65 34 25 88 44 59 94 58 58 39 77 78 85 80 95 40 23 87 82 43 24 66 57 95 55 60 66 36 83 92 67 31 79 59 47 34 29 54 61 50 90 47 50 43 26 75 36 34 21 45 45 82 97 49 52 35 51 45 62 36 81 91 63 58 20 27 80 58 40 70];
BM=250;
CBM=0.500000;
CEM=0.800000;    