nBuses=85;
max_busses=83;
cap_B=[41 104 99 125 96 140 73 138 75 77 91 75 50 46 75 58 101 29 98 47 78 74 136 32 75 108 82 42 28 138 134 76 37 57 101 43 86 81 24 75 120 83 138 28 98 97 37 74 79 72 135 130 78 134 81 94 34 89 61 68 79 53 45 62 49 32 38 23 126 52 34 119 51 113 66 128 139 123 72 20 30 38 88 40 128];
euros_min_B=[5.679185242943409 1.2629526897755827 5.192131836892457 13.8685348713539 10.631166366243702 4.735734607984254 9.133345584070634 6.740257325757708 10.831609750545113 4.01259099081455 2.40071702530708 9.89490182263399 7.441438144505567 10.408321708080049 1.8956120149176716 4.748712563786748 14.766002263405495 13.105713199082594 12.639733448196363 5.929211012203027 11.568532181172673 2.149940863580916 12.868333420574038 12.722869041246238 1.4032896720179944 11.128864773888635 2.6215728809397714 6.634167389361895 11.206656746547013 6.9897770225393945 8.983202360202943 14.129971341107616 3.5108741960255565 6.096566498814939 8.828315183370165 2.9994148882481175 6.654805276330511 3.757075923885772 10.853261584424533 10.590603355857398 11.229655129269558 7.683582885918328 6.1860606648169725 3.7842958740470207 5.700938260922207 2.3837236388968837 10.133985080696162 6.254884207591908 2.7912670045041454 5.638305314498673 11.212497986219644 13.864766395920228 8.219838220311798 11.318126998391477 4.664992557182219 6.434020980880206 5.352184657254795 5.842027918283297 14.56354723861993 10.042092577263068 11.744066762411409 2.173493913586663 6.803418269915703 13.09185205405206 7.953721036510263 2.529073692643548 5.945737469290695 6.425232072704172 5.911539533658946 7.516244758764656 11.867188692290771 11.761949124710192 3.969877298103771 2.26490444245874 4.2728147662423845 10.116341085047303 13.606068636326897 1.1264795895263364 3.8357898944649733 4.440006034715203 4.756639849412542 2.5931227817019886 1.0044573198299622 5.055344018166724 2.8398119290989703];
euros_km_B=[27.082625809383263 23.789100699553 1.4674340719977788 10.975278148538195 14.966660754920909 12.871513642386589 25.719621397241646 13.9539687845846 18.32593817445132 29.26498939685334 10.311178342608692 7.541241860964014 26.98237070833819 14.792304828358906 28.75839290283922 28.699561144993094 20.894113175346025 13.76206409550131 8.776277130832261 3.4162198569779734 16.749460436634287 8.567034503858599 15.051850566514606 27.205870099393113 2.3220729348398805 22.005561390739796 14.574857707899737 15.992767440644679 16.89066955793441 11.235939109420272 23.320719042348635 15.158440501572398 6.64430758404518 4.586085826490903 19.304328562356904 8.520287251492036 12.911671139137015 24.615850076344284 8.501464062153204 24.450943484088604 6.428680569246429 12.859949773091188 1.2179024720242262 11.824097095284174 25.259522166265725 13.99744774714717 7.699674416289305 5.981742707909386 12.110519625510412 8.687667482137542 15.019011849541712 16.19351276153933 14.950454853517982 23.262954129057306 12.423817382291723 9.405669381084728 11.728793272311288 3.737725272602243 2.383510322747577 16.52456224640177 1.519750655442579 6.15949727178589 6.086595272768657 20.483245314711805 13.436583893027755 5.360239940153912 2.6843652851520585 28.440918673862722 29.534233755205367 21.44030026263903 27.939643496441413 1.6508680808268084 23.87878104722533 23.20231456843397 3.667462133323828 11.559008214220478 28.88471339731396 10.513708243279476 1.076033620400365 11.002825224274355 16.544740143063155 19.279555117154246 8.041827116832627 5.695448498792023 4.313304010881982];


nDrivers=83;
max_D=[182 132 190 184 225 128 182 183 219 141 149 128 137 205 168 227 148 128 177 146 235 177 210 199 231 150 187 150 153 167 144 190 231 190 152 209 225 223 135 215 207 193 222 196 177 124 208 214 184 181 200 124 238 132 225 180 238 166 183 170 225 142 153 133 174 190 200 126 197 124 139 142 190 138 178 150 182 162 154 154 142 189 132];
        

nServices=89;
S_starting_time=[175 677 516 53 664 603 202 2 591 590 616 618 30 117 172 129 6 405 68 179 219 513 228 599 495 633 691 365 521 149 252 683 368 88 144 455 442 26 284 65 461 614 319 129 105 297 397 705 668 677 311 502 116 336 371 136 207 434 221 434 152 126 421 283 271 70 552 661 321 680 518 433 558 192 342 89 561 710 175 211 489 361 101 659 455 32 680 296 22];
duration_s_min=[90 96 66 72 63 100 90 92 107 64 116 92 105 82 63 71 74 63 81 110 72 115 67 93 99 82 75 82 102 87 71 86 63 65 84 63 110 92 113 93 95 89 69 100 96 72 116 96 63 105 72 99 82 79 107 91 99 79 96 93 112 78 79 92 91 108 100 104 100 89 66 108 72 115 119 100 113 118 85 71 68 96 66 95 100 111 87 100 71];
duration_s_km=[30 46 43 40 31 43 38 56 35 46 40 60 58 40 52 41 59 42 54 38 56 54 58 47 53 39 50 47 40 56 60 59 35 32 52 51 40 42 30 34 38 52 47 58 32 44 38 40 46 37 58 49 58 46 45 44 41 35 31 40 49 37 52 35 42 40 55 31 47 46 57 36 51 46 54 46 49 60 49 39 48 31 34 49 56 55 56 37 33];
num_passangers=[72 23 96 54 49 85 46 23 28 62 21 42 65 69 33 62 57 52 100 21 44 61 71 81 40 20 69 98 47 31 75 55 97 99 71 85 70 43 88 28 40 99 74 63 37 65 43 56 28 22 72 41 81 41 94 56 97 47 70 46 37 98 94 85 60 91 65 76 89 20 62 34 66 82 35 83 98 63 68 50 54 76 95 39 63 26 98 96 81];
BM=250;
CBM=0.500000;
CEM=0.800000;    