nBuses=116;
max_busses=115;
cap_B=[85 63 108 62 131 120 92 58 100 32 113 103 85 25 52 96 95 99 48 37 132 109 68 101 107 138 35 98 108 77 73 71 70 33 87 70 103 64 105 77 95 59 72 115 120 44 134 99 69 31 60 92 70 90 38 78 122 86 24 136 136 94 95 136 43 105 34 106 34 54 140 139 49 137 95 63 94 27 40 67 20 37 126 81 57 70 89 43 77 51 74 66 71 99 31 112 70 27 90 126 106 71 26 54 90 46 52 85 94 140 58 74 104 20 119 138];
euros_min_B=[8.811548796675 10.674971430809787 8.169477187040599 12.063434701463287 1.7398004471709754 4.839339545827782 13.259713938841692 11.75518828641431 14.305807348720545 14.623499111780976 2.1672841341239577 13.634825510677132 12.600456989634596 9.567112163150188 14.153814037533461 8.86479574581085 1.8463562144857937 1.0545647324778447 4.353736865267989 8.688258223294483 3.5564099315338447 11.176548484158927 7.198915109977862 12.056118063969073 7.244799192892375 2.9705040844213344 5.153611751745419 2.7226334359564714 1.738774802964334 8.05751462833572 13.156805160966861 3.5240721385103067 13.437348077694509 11.435711024346752 2.120592460521917 7.652845913509962 13.236342929681415 3.429264360949996 8.461012030854743 14.431364741543115 8.305396898594612 5.81369686761235 8.634040240572986 6.337596754271442 1.6705251839574629 6.997744107077374 2.970771064171906 11.122496613602557 7.789046880005416 11.077972623637898 5.787931788328889 6.58237788170218 13.041451475742978 2.0413431912357307 3.748438161325125 6.8630768256388155 7.578311447578322 12.07876710202109 13.782518056898455 10.985565757798723 13.636440114220804 3.1842104612472104 9.086984047878525 7.361444749239185 11.43482326759617 6.918042171715892 13.068411545598869 13.316740351286317 7.550069606791124 1.0822868959059178 4.663292126005655 11.155366975028622 14.251145290517286 7.6492027851734745 7.642332649359222 13.552659307797516 7.541910862389409 4.378130605529875 10.282256063460231 3.793618776759548 4.036169471384914 2.6697312001986155 5.448887319463589 6.611097365137987 8.510128499979352 13.949530491899216 8.264652099040951 4.016370231650745 2.224026547879209 7.789276895787751 9.785614574718611 14.264793227633469 12.309589444074549 1.6217833143875633 12.340773350497493 5.758875806525086 4.8445639069172515 8.437772526355761 14.111505693005432 2.1877453967702203 3.7208921030545707 12.101823980112927 10.247739487782658 6.007789186251696 11.21838745839066 13.072974271584236 7.544884697738107 10.25649071007008 10.11107008563567 9.95172744655249 2.3686716670265504 12.112607470535451 3.4168697481188306 13.73741447280255 14.197454136665261 1.153156184286705];
euros_km_B=[11.704556924973023 5.854904975764268 12.867325976610475 17.947069142950326 7.384836195792742 7.789619674184165 10.936523798492495 8.833105669312088 25.94737950389512 20.21516404041002 18.234273592486254 22.35346188664882 27.77398271009938 14.318225902423645 27.711276713507452 11.055616769889594 5.950727512265562 9.618822623461451 5.384299031322127 17.7028998553235 20.065178680593526 1.5731387044120175 18.14177206929812 23.785146443700942 26.858105167016006 29.049075235207713 15.34872699162716 1.4798592585196115 12.899836874772841 28.90427726404539 25.422781123620965 11.762384952520433 10.845576696125502 12.894795786799923 29.471390290523047 4.5633119163322915 16.63324422364923 24.407155044399023 25.31482543084553 9.35833009509843 4.374116959534225 15.960050343734578 10.206883801566534 3.1703989085971127 23.851757377760777 15.975124067096615 15.334610519067905 24.174424125872996 11.387505690192658 6.410160191567432 3.352923366867847 1.3124769507976972 6.940921435992951 13.034625264450579 12.547071852820032 9.956650665383398 9.634120816900904 14.636852603218637 2.1092800857164065 21.96052939257311 20.439029384601362 9.028155745921516 6.811119074373702 26.432801601708707 1.2546743739711215 2.938933410858431 5.312168294826965 14.081299328017865 6.803963411395365 21.243878426899936 16.175461828624698 28.849416699267216 14.572134648214643 8.070195354256823 17.606403273243423 11.045833018311493 25.95043875527136 8.717950056998646 1.0599290417899714 14.129056174265651 18.785137373065965 10.715510943358598 5.111116619380384 19.73859876198899 6.952030357119048 7.105733926150924 21.134631439627277 1.2203074484409382 2.926360884903377 1.9893389864018767 1.0115435238018455 2.0858203639229442 4.513876007470831 16.683083387149573 4.918173579588073 7.155942819790735 29.133187726866538 13.07298390480322 29.7657354556389 27.128107494675913 24.531044900695093 29.886684765680126 25.5152490701437 5.185584961458109 25.884086782364225 23.334026941040364 11.711696495089914 27.512545367653516 12.293658417828722 1.8163068313940123 6.77447280961587 4.521121232695736 25.84463413616037 9.553266064443463 25.749631584915846 20.654463399526378];


nDrivers=116;
max_D=[162 165 174 135 204 206 124 215 141 134 165 169 125 201 190 162 231 184 228 162 125 232 132 238 179 202 203 192 189 217 204 180 129 234 184 161 138 239 126 171 210 231 175 120 171 132 160 152 157 221 125 222 155 133 128 218 138 151 133 228 233 185 239 141 220 196 223 236 233 126 164 147 240 198 226 141 215 238 156 211 133 200 202 227 235 133 145 186 145 187 153 212 155 138 208 135 240 217 136 180 190 134 152 132 180 211 231 184 197 238 153 167 146 120 141 221];
        

nServices=120;
S_starting_time=[719 525 9 9 577 668 720 317 383 667 86 308 554 347 679 477 454 277 532 640 42 440 334 454 686 84 217 124 435 14 387 598 51 503 484 227 355 707 384 359 525 599 125 180 569 662 290 278 17 284 420 103 552 579 720 179 224 618 659 631 508 630 395 149 173 446 504 268 14 502 525 57 653 314 609 534 237 391 247 342 285 675 190 401 714 230 199 5 57 241 511 696 226 502 504 206 486 341 10 444 121 393 451 101 491 537 554 223 282 263 678 688 715 7 19 463 147 311 615 158];
duration_s_min=[71 91 92 89 113 118 102 77 75 95 61 106 96 118 64 74 100 110 119 72 110 75 91 64 76 67 63 62 83 71 93 114 62 95 70 106 118 80 82 75 94 108 65 71 94 70 118 65 90 99 72 97 72 66 67 117 114 78 62 70 68 92 62 92 88 94 110 77 97 114 85 82 66 120 63 110 95 80 69 70 74 113 117 62 64 89 104 72 71 79 120 113 104 118 61 114 105 109 110 87 114 73 62 67 119 82 68 87 94 91 72 69 86 61 108 68 116 96 78 106];
duration_s_km=[51 56 40 58 48 55 59 34 52 39 50 44 47 35 31 53 56 49 34 37 30 48 53 44 58 30 50 45 51 59 48 54 38 44 53 49 56 41 52 30 30 55 35 39 58 36 50 54 31 34 60 34 55 51 44 43 60 53 31 31 44 44 50 32 33 58 47 49 36 45 35 45 33 59 53 30 30 57 53 54 50 42 53 44 54 60 33 57 37 42 30 37 32 56 39 30 42 56 54 60 54 33 53 48 46 45 33 52 52 56 35 35 38 44 46 55 40 37 43 43];
num_passangers=[22 58 57 44 65 71 35 99 79 34 30 31 87 22 73 34 75 22 96 57 36 79 30 20 81 92 45 65 41 34 93 93 86 54 28 50 63 59 49 29 24 97 87 76 59 34 31 24 30 35 69 47 52 64 62 37 63 92 89 35 48 58 60 88 55 91 45 21 97 92 47 64 70 78 94 94 87 45 68 89 35 88 40 62 28 63 32 55 86 35 38 51 37 94 48 65 36 71 58 26 20 96 54 64 92 38 56 27 21 33 32 70 20 94 44 93 86 75 70 83];
BM=250;
CBM=0.500000;
CEM=0.800000;    