nBuses=72;
max_busses=74;
cap_B=[72 74 103 34 108 53 126 102 99 27 31 41 127 99 51 117 64 80 131 116 99 21 138 99 118 53 33 38 140 53 60 121 64 54 35 43 30 73 93 92 93 28 53 31 122 77 138 100 20 131 62 131 120 36 132 138 57 140 41 41 125 127 115 40 34 99 139 131 22 83 114 127];
euros_min_B=[14.41768052281826 1.9432427034362418 3.2840817009218157 6.606905510867102 1.8279282444630265 2.9962656561522496 2.443122342594581 9.177227928048643 3.654891587410777 12.366977004671014 6.9897268368477325 9.767567508149368 14.56282845742753 1.9989402690363487 12.144694284580098 13.891734996204727 6.277158895261919 5.2006490077412675 6.8681713175905985 2.8397706476780087 10.162005301563747 12.154256843266264 12.967879426836744 12.082646301001803 13.921188732383285 1.4646954694449088 10.942913418909635 12.003855349889225 7.465733241153787 12.88460480492693 2.1742431986223067 9.644124705934814 12.666613644781101 6.9313070844413005 11.313578010278004 4.920678265234105 3.6083791625020734 14.906889415882587 12.87204422500832 5.620286550388325 7.032979569047325 2.568942097083539 5.9335275414853745 14.178145996439572 12.943905999716852 1.4619688454255069 11.351235080392849 1.4336364007326117 9.831641634724594 5.3743461405327215 1.439271460216358 4.582114777857598 7.483952335699198 11.054220215496384 4.988388332030493 13.799602491496934 3.712465884172578 13.356975353048831 4.9652018395182145 14.409966042976894 3.473254134423114 6.800070336113917 8.423713482952373 10.519822803597037 8.938945145005619 11.727687672513884 2.8913872984963875 4.742989421587884 8.10809765323832 13.338236236423432 14.498711060907874 1.4625934555759514];
euros_km_B=[27.434338704239476 12.600476752135759 27.46108128424652 5.074041884094056 12.106418218568153 12.972480591623938 18.338121089924897 25.90073939867614 21.309554138439562 1.2480568143375246 29.840433612053776 2.8595913663675674 21.321976885910207 27.592280872543157 12.588959609266269 23.121409469164014 19.656020094136878 7.197884582470184 25.058032254893302 19.534452806327945 24.589904342584312 14.071962608465105 4.7788451676427925 22.48235113968402 27.691345391022402 19.641435586860613 22.239571932604036 14.056481789730542 5.250027515962101 28.280979841013213 14.977274493825922 26.40140358881913 9.266407370063854 21.044344906699628 12.251741483298439 13.702721012448201 28.159578550920358 5.736478729711523 23.079359883866857 1.6398008784841558 7.7453492628503 27.624390656638358 27.15147457126038 27.409727216204782 24.61838453331685 17.104175274393054 26.73708886649409 7.5796097624748 23.45586114198409 7.139761816101161 2.4246536053405765 16.506935935297975 25.957900347103873 28.59579686944191 19.075185240351633 13.011110897109017 2.536791548566157 16.11519840973734 26.925682928975323 10.838347551100407 29.05478621581906 14.484207247198308 2.210168483704125 28.44090943896952 4.188795458103453 15.650676184538398 27.076194444375776 11.285426209506534 3.069699331116348 17.17882512896716 4.766760455988173 28.732382572112652];


nDrivers=74;
max_D=[223 188 199 180 134 141 140 212 220 158 197 167 176 235 186 149 170 189 142 228 218 217 130 199 168 121 157 156 184 194 171 230 182 237 163 121 231 177 170 149 141 171 121 204 187 178 180 128 130 215 203 142 209 185 199 191 204 164 193 228 234 125 230 194 224 197 211 132 239 209 202 188 209 211];
        

nServices=79;
S_starting_time=[399 685 390 368 455 511 676 46 212 656 696 471 531 393 60 156 299 425 133 640 167 183 477 346 546 398 376 115 510 72 474 148 671 175 385 597 711 203 346 424 83 564 116 66 424 55 48 448 238 693 324 33 351 456 603 62 212 467 435 552 108 222 236 701 526 486 636 359 57 564 585 186 98 447 370 351 365 710 504];
duration_s_min=[61 80 96 88 64 78 99 76 115 88 114 78 113 105 100 68 95 88 113 116 60 99 66 82 61 84 64 91 90 61 104 78 102 103 80 69 112 62 66 68 102 79 81 109 85 113 107 87 93 75 88 84 68 95 116 99 120 77 70 75 88 78 82 96 60 118 84 116 120 86 70 87 104 91 115 69 67 71 96];
duration_s_km=[59 54 33 32 41 57 37 47 35 55 49 42 32 35 59 31 50 37 48 46 38 40 45 45 51 32 50 48 42 60 49 50 39 52 39 53 49 40 40 31 52 54 42 37 60 51 46 57 30 51 59 39 31 36 37 48 60 55 49 56 32 30 57 48 32 46 53 35 45 42 56 38 32 49 44 41 53 57 41];
num_passangers=[59 92 62 24 48 70 76 27 25 74 83 32 99 39 52 47 28 83 28 82 62 46 56 61 78 65 76 24 74 53 80 100 22 32 85 64 96 90 81 27 88 41 83 26 77 53 20 34 65 63 89 56 54 45 52 74 35 63 84 44 43 49 95 57 59 59 44 80 40 47 99 40 73 52 72 42 89 39 86];
BM=250;
CBM=0.500000;
CEM=0.800000;    