nBuses=125;
max_busses=114;
cap_B=[68 123 97 77 129 133 88 118 59 94 102 111 65 51 23 83 80 104 110 70 67 30 113 28 133 71 40 37 98 53 68 104 47 37 43 63 69 44 119 106 86 83 137 104 85 83 82 114 116 21 134 32 107 58 139 90 77 78 24 123 138 46 125 71 82 51 56 34 92 135 121 101 53 76 85 97 51 108 101 66 40 44 114 37 127 127 93 138 106 115 75 73 120 111 23 126 98 110 116 133 131 38 118 99 92 133 140 96 87 40 133 33 87 130 65 67 87 84 46 79 24 96 136 125 35];
euros_min_B=[1.2398848717520947 9.044391317786026 13.015201323209887 13.336322422109598 5.776639713603072 10.144746657570149 12.652116975810827 13.121043980292388 14.037650823116458 3.2352646630187625 13.095096907965981 1.264546328616929 1.132346613306327 8.678268840844858 4.637161420257744 8.128178214188175 7.5665672449836885 10.025860337788036 9.58011482467996 2.8572896325538917 7.331705854100591 7.37890263621269 6.462906514962787 10.943025249768871 14.317304873146877 9.342141863317405 3.152531486327022 8.367672345473306 10.693035449462231 7.0698456112257215 1.6988695407233594 14.01681149156306 8.886485189410955 3.177452300331709 6.382294949004104 10.799383576474174 3.5209526215610274 10.7888401424547 9.03903032528886 5.843799024426412 10.615752410452675 5.690232786517588 9.008343342158751 12.80386759214975 1.3926874465412957 8.783812628709846 13.467833529519968 4.287260577636227 12.542956924765333 9.171808626874746 4.815438851761481 5.628255508290066 6.436398738947502 10.821269075145512 12.587400733463197 8.932194322368964 4.530873577670837 6.940754072084785 9.532815792634098 14.877890415972622 3.1926541021472827 2.7006267372683173 14.988351716795531 1.8268310652096404 7.244574029206698 7.380197163379416 1.2257637659753278 9.94361090358842 10.050183124897773 11.891917927802648 9.88758951528457 10.160554047898046 1.333592969918345 6.949528147024837 6.988032390805147 2.8566930866324 12.473110204514963 14.252870472874326 6.233782172173058 2.7286650422690997 4.012340128355495 12.87624901397219 10.885766174302415 10.824671281278347 13.300646447147885 4.522294167390005 6.830164335950641 4.2959282410134545 5.9596223111797855 2.8478842727939773 8.161055688974903 2.9495485409188937 5.815177822645481 6.256146392243025 6.51050775419556 11.995348188801435 14.65895389592674 6.906708019122567 11.081679416431932 10.365435116879425 11.75203536228037 10.036510469908192 7.368793501278549 10.238926502993472 2.0194095489390147 10.383831067260667 13.64524598187164 13.419963525647232 13.46441768651701 14.474068781384421 13.720969063704272 12.102536140365896 10.915987058775237 13.070668194119127 9.968670792816368 10.668591804903736 11.13057218644733 6.449583150031831 8.973769782962304 3.452011065572178 10.659620057195925 8.73408595981334 4.619238783515143 8.036023591369325 5.927325481192427];
euros_km_B=[8.01252870473948 4.603062143040151 5.1451822474960345 3.922222805448473 1.282188883821979 17.12814550965295 28.188237464432053 5.278791442142133 22.977837907470352 11.144110189467408 18.491019763045585 22.705962655486072 11.199101701785892 9.145374282407207 15.736088077705004 25.938257957427627 5.235613120013219 20.802288544104055 5.928158818187541 27.499359669361017 20.422407967162975 18.504982256331697 17.843782138794115 1.8625274324524992 18.40551958743431 10.528017903378224 20.785067671265644 5.7482021563293 10.570000036827384 10.478099578118004 17.036154749465478 12.704412366829269 14.973468483595138 12.28470236493407 19.845834187872825 6.8066814100003 10.964217489315356 16.72267233394568 27.84127854501623 4.732395716657234 8.36937226060652 1.4259262237615284 28.497444465408666 28.35395017031976 28.12389520917455 8.211965420220167 29.853205324424103 22.922860181333974 2.183281484262614 2.067934346495788 24.46959267831488 9.948279762246504 25.08364341949185 19.234228005130095 6.942454159816673 12.13222511840365 9.3249265097712 22.826540567938988 26.71385833050286 25.349400685928856 13.792108070490436 4.346373650587525 17.466432569013058 29.331096330738717 20.918262737143614 3.839644149959775 23.47907031953385 10.35598257481233 17.069638844240515 28.516220758848558 9.469450793967631 9.505700657168774 26.949099739162264 26.9326782138791 29.712867913147075 29.05576590761647 9.806236428975817 13.07423857627831 29.773225681947903 24.98051103497611 25.546452787681034 6.635251686459691 27.693301804908064 21.958363128846145 26.100434197238023 19.300252598465782 3.1993185702044746 20.17569392771457 23.53525122853334 8.12480021214796 22.281890603431602 10.483611708412628 13.176735357013769 12.168646130472727 14.192468942242673 13.62305446827615 10.638976211335073 28.856130857543825 1.6923178564756312 20.962451715932925 28.541407990088178 15.523953770477318 3.779515924043154 26.84674638705234 3.4560521567195743 4.093278630193367 10.636126478518468 20.369258563051677 15.985487237643023 6.528602320216795 3.1972358246130343 15.659869336987875 10.368640020450234 1.2076813688496073 27.610660286352417 25.46425640115929 20.01615440804796 27.268927773982377 15.869615384460328 8.818280124859577 12.542602189544597 22.638206953431155 9.107400946877362 22.701817423085934 26.73134053151827];


nDrivers=123;
max_D=[126 210 169 174 121 170 138 159 173 130 144 145 236 122 196 181 129 223 134 152 194 133 173 205 218 199 126 182 193 139 214 150 156 236 139 220 239 186 223 238 155 183 239 134 199 174 120 139 135 212 173 220 142 236 165 135 134 131 202 201 188 144 207 130 203 164 239 163 127 188 226 173 148 238 154 222 209 178 157 152 151 138 127 167 223 134 134 207 194 202 136 193 201 138 216 229 214 220 157 138 140 202 132 126 185 135 136 220 166 225 129 198 120 153 136 195 185 137 240 136 160 178 209];
        

nServices=126;
S_starting_time=[322 695 17 36 258 520 15 539 595 484 269 145 246 343 223 421 433 599 584 105 514 402 390 605 357 490 354 71 463 282 305 320 345 205 653 684 28 248 365 570 299 471 218 602 111 243 689 255 377 91 716 317 338 10 46 499 674 500 715 164 77 304 363 288 561 619 83 251 644 430 564 719 328 182 448 8 617 478 622 209 214 399 60 178 138 108 96 578 420 447 457 712 365 240 502 484 145 44 253 186 617 239 437 488 369 391 462 571 431 658 182 679 667 688 481 161 623 366 219 39 279 120 223 717 227 388];
duration_s_min=[113 93 102 74 68 104 116 91 73 91 111 97 82 62 60 104 73 99 73 66 96 90 62 82 67 82 70 105 96 71 79 112 84 90 85 68 113 67 72 111 65 87 73 120 112 63 118 101 63 65 116 87 85 117 100 96 99 92 103 64 87 65 95 102 80 80 101 93 64 80 79 67 89 75 115 73 97 96 76 105 85 61 116 75 77 104 85 84 106 112 107 70 94 88 120 107 69 100 99 68 106 89 114 84 77 112 101 77 64 81 91 97 115 119 61 80 119 119 96 117 88 120 61 84 78 64];
duration_s_km=[51 37 47 58 36 43 34 37 37 41 56 50 46 54 50 44 31 38 40 35 35 41 37 51 46 44 49 30 59 47 42 54 36 57 58 46 53 40 59 50 35 55 32 56 53 48 33 55 50 44 55 34 36 56 38 47 37 50 50 33 45 40 38 41 48 31 51 43 46 43 52 39 42 52 30 39 38 37 58 57 36 60 31 42 35 57 51 56 47 30 49 53 44 58 45 38 44 43 36 50 32 46 52 33 51 33 43 60 56 39 58 41 55 31 42 44 36 49 32 34 60 41 33 35 50 43];
num_passangers=[71 99 65 93 98 99 37 34 20 73 46 53 43 81 78 62 98 90 33 91 69 99 71 84 77 83 52 30 35 76 59 82 58 69 71 85 58 38 78 28 46 75 57 52 46 33 87 52 85 33 31 95 64 73 59 41 27 30 58 41 74 25 60 66 62 81 28 49 89 62 65 57 73 71 74 78 53 38 77 24 31 60 61 99 21 35 84 59 29 56 39 78 38 84 69 100 40 81 69 49 48 37 61 23 98 64 45 55 78 96 66 44 24 27 68 53 89 66 83 81 57 48 37 47 84 85];
BM=250;
CBM=0.500000;
CEM=0.800000;    