nBuses=122;
max_busses=113;
cap_B=[122 93 105 26 53 73 124 44 49 90 63 85 73 75 133 77 47 104 69 108 66 70 132 91 98 51 51 43 64 33 50 129 69 117 85 39 43 30 98 74 89 77 120 102 33 106 27 101 22 92 20 71 89 77 110 136 92 93 139 126 28 139 91 126 111 132 136 135 111 128 103 67 59 134 50 77 123 81 52 25 48 41 60 26 81 84 87 46 37 30 131 38 36 80 101 94 39 116 118 123 87 118 62 75 60 75 23 132 50 23 88 44 134 110 27 110 110 64 47 131 96 42];
euros_min_B=[14.978715036378095 1.0781025115724245 2.9919993491301113 11.36574604129123 3.5872143574669497 2.090751671320932 11.852082752446266 6.1261802493659525 2.2185844737345204 2.436198538707061 11.156952203424696 8.175179064576485 6.45629501224629 9.045842713886726 14.72275754516156 3.9101445465279756 13.77782277812283 6.6384451013008 14.146239108904645 4.715866930358025 7.254712424987801 7.909578097731734 3.6637093271194003 12.492936529136706 9.430110069306897 14.06272550951837 7.491682791902451 9.629950408817855 3.8709759507902275 5.04378036759504 3.905671493274597 13.586859667495043 9.20117754056794 2.4008631548481736 5.441823039347749 6.104074105327312 3.4187382421203587 10.279594989876244 8.036100963992059 6.008430065798913 6.2291294778826485 5.82327950560154 6.145076885519923 6.595932265838543 1.5044066934685827 3.147140618473163 8.309747298865847 6.440602450937256 5.0981901373696 1.7450112932808157 12.714450460498194 5.914511145456061 1.064700536631013 3.1113280353373103 7.711720493340815 8.172041144237344 11.386877777486609 10.773432414005287 8.51569165682376 7.563393166186246 9.813171149312016 3.037709518714684 10.901165704274398 2.3118275716119756 2.9981903499517824 14.600854562840633 8.301498639338366 9.570918559551991 6.486547973733163 12.214338661418331 4.5084101701876556 6.684397573188491 11.273234224613931 4.4558855828371025 12.79979364675688 13.44718625729408 10.219161870427254 2.7734087458579126 13.495469584268012 2.946852740997949 13.797704180088829 4.021375603396979 13.494575727596146 3.343479429197954 6.226175789499131 4.851109442585548 2.334169761998896 12.570946193718946 11.784951374283427 7.488769132760705 9.821325374718036 3.5568973934217487 1.7143522770117168 9.826364122545446 12.79830740337745 2.1181595861485443 13.347784548794039 12.704020886593005 11.42360242069189 8.494987795451244 8.22759154834119 3.3144968883737382 14.17604590567085 2.0913320409409804 4.130860558238991 13.190560906696778 11.93349973195831 6.4747376306043245 12.243094845574133 9.448512067611224 12.937288399118636 4.911731275385083 6.5332259398121195 10.393223269261371 3.7815585046554325 3.8036853652082776 9.08738748882655 11.794633055128966 4.236075254318135 4.926178508549632 8.856933806663914 1.399358100637554];
euros_km_B=[20.345747155873322 4.135542683204542 29.23842315730495 27.202245126791603 21.36643228134405 17.239592664362668 12.119287443423481 28.26797173673618 27.08231914774155 5.969882548134255 13.651352802674607 20.430917284865114 22.416004178690336 28.960961919438873 24.665470682311536 24.51841283324625 4.405150005403289 1.4800037798692733 29.89065571221945 8.106254314405232 29.4290245190893 1.6999009246871033 10.04826319344886 10.492736572942539 29.853446094183727 17.171530106837306 14.621936992149463 12.154854707540293 16.805241821005275 25.2421570000775 23.7790407529824 1.974197777976134 19.627368001473414 13.70862199793527 29.127471165275875 24.883786116273573 13.089593020033607 15.362982610339152 20.722786006247958 14.853486671806417 13.312547920718012 18.762678769013583 14.063147467396597 7.818191155612787 17.08033578867103 22.00419891161583 3.826999641697263 14.484665720124877 9.710856491078507 6.508665595420206 13.854845805249917 15.943555079679312 1.8431900103525727 13.211222905830876 4.9368753404278785 7.132290033974049 22.660420593701232 6.471890321189808 17.310034729774678 27.057536328504618 25.60289947876402 14.428161831972565 9.813232035417482 3.309146731875634 27.120823202281063 16.241756328797365 23.44426695620982 20.880049266455124 19.94639049364575 17.22786102693895 24.80452268606115 5.239348243688541 14.130468484144485 13.407828807341467 29.346471080177505 20.969127838844 10.216675440279802 16.885417575523867 18.320873552723832 11.24476413235381 10.168934391325706 11.17519863450264 15.487867826334488 9.110926156297273 19.077011598300455 6.224176372727549 27.15099217531066 1.576464226197968 1.9264036133681983 17.015498464652623 17.916663488343143 17.878406282955307 16.583796043325894 27.653521524899826 10.174312164204126 28.092104694812452 19.19862499370995 2.5259282490667228 15.539488324469454 7.620781422919393 27.607585017400464 14.442791421056842 23.12794562759573 13.060619980839103 27.806282331150385 17.46481541007654 23.020788515567713 24.03777358572185 8.561612712643615 18.28928640119376 28.79522786807357 5.097989622386012 4.224617787956006 2.0346207367343827 29.657298133456507 8.42986043757858 12.911726347941656 21.58783877491912 24.930998746257828 22.477415346405593 8.18487351447812 18.85029032774837];


nDrivers=126;
max_D=[227 151 187 121 171 199 219 190 220 157 136 127 136 125 236 174 204 238 196 152 153 169 145 120 222 228 224 153 156 150 230 210 128 236 193 159 163 217 136 195 182 194 139 172 144 209 172 143 209 240 208 138 161 203 206 125 184 169 128 134 191 194 219 132 131 143 194 162 217 151 137 205 195 231 220 237 235 158 218 184 146 234 135 158 203 145 162 178 171 149 194 136 191 156 174 230 144 186 182 169 128 137 213 205 133 168 237 201 155 215 146 165 222 192 232 148 228 227 171 125 226 188 149 239 162 216];
        

nServices=127;
S_starting_time=[491 321 586 188 479 169 668 479 165 236 70 618 408 60 519 536 707 302 302 370 330 661 554 132 632 597 512 331 626 198 506 341 369 206 719 328 455 159 191 339 554 201 591 89 580 367 49 407 94 706 36 188 633 543 193 375 22 573 697 547 115 258 352 320 234 536 514 679 363 54 568 179 92 662 546 436 257 209 201 630 342 113 551 246 141 272 371 421 299 697 538 505 712 393 480 130 454 414 252 87 197 249 30 481 193 331 83 393 363 528 504 515 170 463 431 225 405 60 142 447 20 126 161 79 613 75 657];
duration_s_min=[106 64 99 94 107 116 94 73 93 112 77 104 63 103 116 110 85 75 119 116 95 115 120 68 77 112 106 69 113 70 89 87 108 69 117 73 105 91 93 85 110 91 67 119 104 82 89 62 61 98 98 76 82 105 69 75 85 101 93 93 117 69 100 108 68 99 89 72 100 106 68 119 74 109 72 118 76 92 92 119 119 85 85 91 63 75 68 102 112 68 93 107 61 117 120 68 88 97 65 85 84 82 79 66 115 76 65 87 110 107 73 106 116 85 86 78 109 113 94 80 77 94 116 107 116 67 101];
duration_s_km=[43 53 49 45 34 53 54 59 45 51 49 31 35 39 60 30 52 55 30 58 60 43 41 52 51 45 31 33 48 40 46 42 33 53 55 34 34 36 47 30 34 40 31 43 52 51 35 39 50 30 52 41 42 60 56 34 59 36 54 34 30 57 41 56 48 33 45 34 57 31 56 37 37 45 54 43 41 37 55 55 56 34 42 49 39 39 48 40 54 35 32 57 42 42 32 55 33 53 30 38 34 53 49 33 46 34 42 40 37 46 51 46 37 38 48 46 35 44 60 47 59 37 58 37 40 60 47];
num_passangers=[31 60 91 25 75 54 39 68 74 29 35 68 70 35 30 38 63 26 74 70 80 22 67 51 28 63 93 90 46 44 23 63 68 81 37 35 58 56 57 56 28 64 68 55 34 32 38 34 93 38 48 28 41 76 45 42 82 86 41 39 43 79 97 86 83 95 38 48 75 22 48 51 80 86 32 94 89 32 75 50 97 88 40 21 75 73 76 97 55 38 97 51 39 80 71 90 35 34 88 76 52 65 84 46 88 97 49 59 24 73 73 43 28 22 46 35 30 88 65 70 98 24 65 67 86 29 49];
BM=250;
CBM=0.500000;
CEM=0.800000;    