nBuses=107;
max_busses=98;
cap_B=[111 80 55 69 20 22 101 82 64 83 127 49 117 135 137 88 34 87 50 129 50 79 32 81 48 31 128 51 110 30 96 58 93 59 99 69 122 134 133 129 52 121 45 20 103 98 130 89 48 84 84 116 132 95 129 115 131 44 93 99 45 63 28 92 121 119 102 38 129 108 88 127 72 138 108 65 50 101 95 75 128 42 109 121 21 128 125 42 79 104 66 62 97 36 49 130 53 111 94 32 79 49 77 59 121 28 47];
euros_min_B=[11.184808870448474 2.6352870985199313 7.447581245921829 2.8270530054350935 9.942932689726714 6.498047140033976 5.255632963785869 12.787737346588242 5.3554204024182726 4.079497006178066 1.5321581051186584 14.414852030162555 13.1491568974257 6.3301560552907015 14.833296772621948 4.225234449601329 4.51757698603573 5.781969575182705 4.464214474753633 11.392550644320771 3.5195566387331447 5.928658694668793 10.595608491514563 3.978174692612229 13.411785774705132 4.686852919646655 13.050808542906884 7.427300115407114 11.395808062785113 10.326826627041324 12.183937492887514 13.65687097840995 7.846784084054489 4.612457569844728 8.78037971629723 9.489409543850758 9.33318948482071 14.891657794168825 1.1097265214966534 9.159378219655592 11.2328622592099 5.475001211792745 3.941740411168573 9.066211978474733 1.0992222476557403 7.075269200461323 13.105058220194355 14.125873816728252 4.521779114608227 11.640919627734924 12.191988197704548 1.7121952984456257 11.424899915932592 5.769016345155853 7.23931135145986 14.405453268096062 9.986575934808313 11.116188444484374 9.359055616040862 10.528504566948781 9.194149057094856 10.715347500647177 2.813831663730159 2.5478877455357205 14.773186517467849 13.995220229316649 13.569219993722932 10.707306960563228 3.6730368433742684 13.480058366956172 1.556285283245238 6.999604434898883 4.899094270740017 5.867269078626364 8.47903186741835 2.4806029687241686 2.7874322333256183 5.009261202552724 9.077939281296823 1.4304132055252923 10.777887861050687 8.899628975971241 10.935461611995592 2.9991977760149076 11.499193419694066 3.1755187491297314 3.9005904754007146 6.825881438893308 13.811246437444254 10.061451869134698 9.751717735835502 11.456509350256587 13.048314734604851 11.13704167530808 14.864650738173498 9.879699562535778 2.844299191059556 2.551553234874908 2.7919489948740637 5.392961122628438 12.163390449271091 5.154587384509825 5.1313078004963035 6.383736965205585 13.025742376960268 11.848160122944911 7.176939864224369];
euros_km_B=[27.04026524728009 10.697013282507795 26.196867223383617 16.613891945233757 24.036831139090904 6.5719121062041985 11.93605355921689 20.48515186533649 16.28736909584462 25.493104066928172 25.323238873481863 28.79461981377108 5.7359739406540555 2.802987751715674 19.964796511647023 10.763602280789668 29.222286626104918 2.2708901186879196 4.681713522994807 23.076888113264094 9.770446720440138 14.478036701047529 19.73836459695022 20.833869359939374 6.572276213960071 27.700458690474093 24.83533138999484 11.401920529772909 15.277940033430971 13.671220577220204 20.245323454766858 18.428937976286047 22.741019093029205 15.657864342222785 13.740311342658085 22.251193411781404 23.855789855035606 17.29822692627477 6.989352143543484 7.94966362267251 16.201214705706235 25.118659295998413 19.895449567016417 23.998215248586614 9.458636270071201 14.386722872598899 20.408585888939406 22.122387671398176 5.112812799327337 15.608890466843834 23.49281384893947 25.69171291511104 17.332416856790594 17.850912647976873 5.913459286189646 23.217810735307562 21.32482329269559 6.261076427886179 25.180266055631577 27.20548336762982 2.4329805406369465 15.218777397803454 18.389617512272974 19.82825995711509 13.440508786730982 5.191879569815587 26.48808085805034 10.142947557761152 15.957150588285476 5.477734728894729 11.958675385246464 8.464415797363596 8.163777863190086 14.03070771714571 5.59392661295994 13.773416699850623 26.63439221677267 17.0899057920495 24.799797647627496 6.614722736270358 25.452722956146342 9.836755546277058 26.679768939028087 16.28015730219573 28.123411388254937 24.478196437065893 19.23774887441416 20.318863111602763 25.6527899374216 21.32493862993105 14.28253056780789 7.600025441252524 1.204520256300524 5.8717862689395375 11.788076109880883 22.313348867974394 11.927811068737299 18.32628394112153 18.031071678476437 25.888803536385947 8.231983529619121 16.276700751670877 9.96800301568885 3.3552035386661077 18.17699565378471 25.83573063156064 5.703519121668052];


nDrivers=107;
max_D=[150 207 124 179 129 132 150 234 213 189 133 206 191 211 177 230 186 178 145 160 132 168 189 160 168 181 179 238 141 172 156 208 206 168 206 229 128 153 193 181 223 196 155 141 189 233 150 219 181 206 167 162 182 134 130 137 186 174 230 137 133 174 189 125 156 220 135 210 123 222 166 200 227 211 128 211 176 211 170 162 137 150 123 145 129 139 235 150 122 194 146 237 136 223 178 153 163 127 170 222 199 141 175 190 232 157 123];
        

nServices=112;
S_starting_time=[532 489 497 560 600 266 127 596 586 574 712 712 317 85 257 384 281 635 556 679 110 33 109 717 360 662 443 483 529 70 604 220 206 279 453 301 331 146 148 260 298 287 250 108 446 249 438 577 379 378 22 35 612 210 586 509 158 355 350 24 52 625 77 411 445 568 402 373 693 183 81 643 648 567 226 228 341 203 481 10 112 705 479 516 410 580 473 511 358 229 474 695 160 605 34 264 123 249 504 720 175 515 510 176 98 687 36 102 162 82 299 410];
duration_s_min=[119 103 105 74 88 92 67 93 72 100 79 97 80 70 67 119 87 71 101 62 60 88 75 65 116 72 87 76 112 83 98 73 100 109 92 87 83 77 83 117 72 86 64 69 72 107 116 92 101 64 91 73 113 118 115 113 78 113 79 109 111 94 83 120 91 105 98 119 70 69 69 118 78 86 77 63 66 92 71 98 91 99 68 120 103 77 120 85 60 94 105 64 82 111 69 97 85 62 103 75 69 80 117 116 60 109 117 105 99 72 102 66];
duration_s_km=[52 31 57 30 37 39 38 48 35 55 40 43 31 47 34 46 44 43 34 33 51 40 31 47 59 39 55 33 41 34 60 46 39 57 43 30 37 53 41 37 36 43 52 55 56 39 39 55 35 38 58 42 44 37 58 45 32 52 59 38 31 34 60 31 55 52 51 42 42 35 31 60 46 44 38 59 47 37 40 33 34 45 34 40 48 38 34 53 54 59 53 49 36 43 57 60 34 48 41 60 54 54 33 44 57 58 34 44 60 51 30 43];
num_passangers=[59 63 43 70 33 90 63 39 94 26 80 45 97 96 25 48 31 34 95 45 78 99 65 77 36 90 54 81 21 55 57 33 45 26 40 42 74 56 20 60 41 34 74 27 77 35 27 77 93 57 36 91 51 44 58 86 26 68 99 23 74 69 35 36 90 89 23 83 89 51 61 88 73 62 83 95 21 86 28 64 85 75 71 51 30 41 48 90 57 28 44 96 100 23 26 99 89 29 68 65 30 66 77 70 85 39 24 73 83 37 94 68];
BM=250;
CBM=0.500000;
CEM=0.800000;    