nBuses=75;
max_busses=67;
cap_B=[64 44 29 45 22 97 85 31 68 71 99 69 93 40 25 96 136 68 54 50 135 89 126 105 75 76 68 37 21 74 129 72 63 64 110 84 36 28 46 125 84 133 60 53 140 132 75 84 86 92 30 25 47 120 125 69 94 127 116 90 93 97 91 22 95 91 89 51 61 120 69 44 95 47 90];
euros_min_B=[4.820300150504629 2.936396758085509 2.143887540310736 9.901214596438434 10.952889408902438 8.984317045468739 10.6172264396752 4.613296884953235 14.786485066208776 10.306998521924076 2.5921476738174256 11.087293234664115 4.1043547201704325 5.7819919122337025 4.747625295936746 12.568497519412754 6.487143205175022 8.03649526744124 3.4967491315364803 6.28694562884385 6.595440933500825 4.664288718702067 8.465977974767227 2.03337965492724 1.8504907688102596 11.415605219932539 11.117869979729182 5.488600069896772 8.843446640605677 8.776107424682156 1.2957403519490696 12.455845118629707 3.689194760998751 1.0984983912715471 9.936588883449096 5.167979247197394 11.198844112903878 9.028451231791779 14.276017256069647 2.2496194504865903 1.2081367180672502 2.0588690373050933 6.310606227229659 9.82510501960636 8.288668593787703 10.211120312479347 11.548994215924173 3.466194753145827 4.979532482823801 5.158360755572604 4.1890259652157 14.181100198610336 2.8788387145351 12.180643212413468 8.231507505741916 7.4157737053488315 12.349998694427544 10.921564117644124 14.634068126409217 4.407168395764074 2.503016191134399 6.102635247378075 5.399216826917141 8.029143282535514 2.042976140669849 5.326232755893686 7.2409089153982436 11.110303245199596 5.409086617657251 1.6106204860799738 7.856582940924013 2.883389012845254 1.3544943107732517 13.514669450981456 12.473046056260491];
euros_km_B=[22.533406986035416 5.745708777575549 24.885429938407476 8.449766192110497 27.719038896631684 11.95956461050117 11.053426621927114 23.64590868711732 26.95526130301138 10.19998915042284 16.444178974059177 14.8023723552265 11.647059627871005 19.931765392029252 16.954391628270095 6.608522010124336 26.711926961053393 13.239723135734469 11.976245760017155 22.87884240642061 24.98460925482661 18.23540528135593 22.30617053065585 28.57452812280948 26.04920209339931 9.759454901421655 16.926454972605427 17.3357552932158 8.860960796814812 25.26076915660428 5.434578371788424 26.573487274252468 8.807107102278293 22.284524517300767 27.760757616450082 5.69413873115686 4.194649171649896 25.21381063472179 26.681427718250188 20.0555920155065 10.019260268134074 9.779889722928985 15.047404218678036 27.112021385640173 4.890264221567918 10.780707723272242 16.004070436941433 24.313329269344116 3.543479598976684 5.184526201900235 29.503224439602437 7.106753953064084 23.319949912841288 14.737401105850799 23.461737269568268 4.440301904085197 1.065430792207343 28.206090446770308 12.394132058754817 4.606280681016009 26.401045656764012 3.847769918738183 17.166391203031658 10.848507580902904 1.0893282072751145 25.177293868068514 3.1026711789531927 20.420704905097374 24.28613543760999 20.359695926147097 17.979766366489265 15.977980017947566 25.49142177384654 1.6327939124346906 10.666165842133433];


nDrivers=77;
max_D=[122 161 223 226 139 190 224 176 141 205 136 171 143 135 220 201 199 220 142 154 154 127 188 172 209 236 141 217 144 134 175 183 226 140 158 191 169 160 143 197 182 176 224 164 206 185 227 211 212 155 227 235 239 221 235 136 215 173 173 157 226 147 239 128 230 219 140 214 134 167 184 218 152 182 168 191 210];
        

nServices=81;
S_starting_time=[523 689 130 174 304 660 642 290 408 53 40 619 415 26 596 400 668 489 342 213 9 641 457 128 464 485 674 451 693 69 451 99 513 400 491 611 452 714 709 116 461 182 355 322 181 412 306 38 146 59 427 33 716 304 114 123 160 623 692 48 254 663 269 299 272 617 452 498 116 577 362 99 278 695 476 107 431 144 431 599 347];
duration_s_min=[90 96 70 64 78 87 76 113 99 90 79 89 104 83 95 120 104 65 116 72 87 80 112 70 80 116 73 76 67 83 73 106 65 119 81 101 83 88 101 91 104 72 81 72 79 73 77 63 109 67 113 104 91 89 107 62 86 86 76 69 67 105 73 70 72 78 70 103 118 98 96 81 118 103 84 66 71 93 67 89 104];
duration_s_km=[51 47 47 56 42 45 30 58 59 56 49 42 54 33 60 60 58 37 35 50 60 39 50 46 57 39 34 59 47 60 45 43 34 32 39 37 38 54 43 45 35 48 31 46 43 45 45 55 32 54 35 34 52 54 39 60 41 60 43 32 33 60 55 40 48 56 40 49 52 33 42 55 40 52 46 36 52 51 42 41 43];
num_passangers=[27 60 24 39 24 57 24 25 32 50 46 82 69 55 65 79 34 95 44 95 93 87 95 97 98 84 37 35 23 70 60 63 44 33 42 84 27 48 89 83 45 61 39 31 87 34 57 31 73 33 67 53 42 39 74 94 25 56 53 51 35 46 22 92 72 42 76 63 85 27 75 67 89 59 62 41 66 33 53 77 38];
BM=250;
CBM=0.500000;
CEM=0.800000;    