nBuses=125;
max_busses=120;
cap_B=[91 25 126 98 96 22 58 133 137 71 113 42 25 33 53 140 46 116 66 119 91 110 125 104 59 22 26 46 71 42 33 133 96 128 112 121 31 117 116 134 50 64 128 60 81 111 55 84 80 139 122 64 122 40 93 121 23 72 49 122 65 69 72 52 20 32 91 41 107 34 106 115 90 110 126 126 97 95 128 100 46 99 72 23 115 127 66 27 130 37 72 92 113 89 91 95 83 40 118 46 22 126 117 32 138 117 63 118 135 67 75 24 25 105 94 103 120 71 66 101 20 68 64 87 68];
euros_min_B=[9.36931256030936 10.032373332860413 3.163131376914564 9.767614109944635 14.786244861355014 11.63374823697383 13.88588173113524 1.8341554058336629 13.528197278674616 9.443189801513917 14.839759220699026 11.127247388855219 13.160397203576494 13.616943987653984 1.3287920937778466 3.2912077255927032 5.238683793235859 9.50900206564452 12.969456482981782 10.448606649362304 10.488359403196927 4.964717234718485 6.978303745491558 9.915321406071303 5.063849336790235 11.70466588881647 14.936468834367357 8.686434787065915 12.150582374289908 2.100165784590459 1.8860935915816293 3.31110231665032 3.724958042972173 2.357462326702502 9.041528399236087 1.500034430673558 14.323862303826699 13.99398391622265 4.11895508022872 10.061208056411767 4.7231289916899835 13.812672355857252 2.972040350381917 1.3176849695071675 7.094666608211584 10.124519612224379 14.20504876813532 1.368921199816286 1.2244565403246757 1.7664261641236598 12.768894515640758 13.208112281856339 6.393077503378238 1.3370330639625183 2.0601498919129444 4.360289176340012 6.8108565016322835 11.238247958792897 11.308425450657923 12.833181920556356 1.2249077628211136 13.692209713931454 8.068535170208996 3.8965481737845242 7.180980161007986 2.008409912926017 4.893892864919366 13.900857354779056 5.81301141021312 4.846027472858733 6.417373673117929 6.6818580328159465 3.9343417523316884 1.702542984184575 3.248025956847955 2.5358914458612247 2.3517764650223105 13.471087285099301 9.98833106591099 3.0135748509137317 14.325489542589276 5.003962364458628 1.7579103307384005 4.987911726459465 12.702844720183839 6.648152913848568 8.921444242798868 6.49657414496178 4.24909428236417 6.887805824154345 1.5732038887696331 12.36379019793711 13.567825909497786 1.5855962400972616 13.097028043116328 7.115834194199832 5.227466891396235 12.133948777657132 4.381207341284311 5.837745454074878 8.915691883299324 12.794353767747328 2.0512556791553966 7.368973269466806 14.54882402496628 2.615261466741193 12.413088692224783 11.408546173712335 7.580338026042162 11.696116872359166 10.194323285075255 8.439539525484644 3.438603104297755 9.476093754310224 6.615846231624851 4.906231314686173 3.3401339211027126 4.4439453166611855 3.582310135928574 13.980641999414166 10.06621786966468 3.63163276388034 11.438230490842589 14.097812379078432 7.37163431720493];
euros_km_B=[21.697567913143146 28.520253924294032 11.33210767999188 24.247471526130262 27.351524788572977 9.782516840591631 10.906871604013435 16.167520162387817 16.208886580077483 22.245001869528917 26.572686810141494 12.783133937164987 15.325275106107952 29.409498931857385 14.631241187696956 7.909584280237837 14.989107742965937 8.858342688406738 24.58883697246042 11.763638789727793 18.12749273711241 23.195164385009672 9.636263904289093 25.105339156464893 25.020827965702495 9.805379847738555 29.553764013500384 22.255663824296402 12.120575002411812 1.7666414861775976 11.290515432183506 25.769598971527856 29.007143173046202 21.43043074957087 15.52771227845961 29.56520566473929 28.673581247396537 15.84690778608848 5.957718522635249 16.703871415868136 26.983266750773954 10.262733900453258 16.2070023271548 19.15598574065945 2.7775811717159984 11.347397234770739 15.931160579038854 21.90858068748885 17.038467993946156 6.991521584310634 23.151524219559576 7.199533108212179 12.533084721677827 16.56587115515794 4.242245159469354 26.312496026400986 10.760947319121426 2.6796629396836766 24.718393923766385 17.59485424380035 3.8624231713535964 23.356383485880077 12.628168393293707 22.196970248195893 11.951975610475163 18.152192493170624 14.545136113126171 15.226908894579905 24.575762339295245 5.516170286132212 14.065202679152463 23.419390549003975 11.087730544101934 7.5982995678263325 29.18929885304519 10.621618015848032 21.364288032726776 28.738632732726764 26.540677113126673 4.125702402494609 26.607330079981658 12.872660600842318 13.033021502495277 11.16612947837439 28.129683893773446 21.778097109110952 24.513275828981957 16.719698301956928 14.736864777464188 15.765515752160066 23.5339874320259 19.52154861678784 9.284895297576263 8.227546247790176 11.03995921991307 22.7653479168805 21.26947280431746 13.756414762922878 17.572754271399166 4.636235165522653 9.516397741416808 14.129453473046965 26.68003686402614 6.1125291854611525 11.630505348510505 21.266347692994675 26.7331313530283 11.067677347759725 8.356165091892358 4.939339433909897 6.364947781607308 7.15229564368607 9.153240405408779 16.036222445000977 19.42729675263091 23.940430157539566 3.933036224762366 24.104182291024486 28.82848364118865 24.295929427314565 27.14224646046649 19.203088144969822 11.424043605264744 3.226446068622283 7.320111583811717];


nDrivers=129;
max_D=[122 199 197 176 193 181 171 177 228 163 189 163 122 131 138 174 125 205 148 228 171 206 193 163 206 134 152 185 224 134 156 125 177 123 120 181 206 214 204 165 225 175 125 141 159 219 154 125 134 149 204 187 138 217 223 212 125 193 219 126 122 165 156 140 214 207 130 195 223 203 227 213 215 179 213 183 129 137 237 148 201 143 192 163 206 157 183 141 208 128 134 205 176 174 126 233 180 133 155 164 170 145 194 220 225 121 235 212 159 196 223 145 163 224 194 214 233 157 237 214 179 125 232 153 178 132 238 180 124];
        

nServices=130;
S_starting_time=[180 219 586 171 582 509 68 146 504 552 347 691 168 378 83 522 488 290 333 511 602 69 275 673 390 675 556 421 37 466 293 76 192 355 449 500 147 274 629 416 230 85 500 333 128 445 376 107 485 666 438 316 692 550 112 228 320 235 640 442 647 433 64 294 424 341 490 199 74 346 706 19 427 206 367 311 605 236 113 507 190 604 472 320 585 603 575 67 406 14 561 360 505 261 606 584 32 705 114 339 404 248 240 432 335 272 211 66 56 336 158 451 149 419 685 146 227 23 401 505 271 222 496 184 628 369 443 306 306 593];
duration_s_min=[94 94 112 76 74 67 114 94 114 94 87 95 81 78 107 65 106 120 99 80 102 115 65 106 91 106 63 80 113 71 73 116 62 80 77 98 99 66 61 90 120 97 113 70 68 106 118 92 87 97 98 98 84 69 94 73 102 67 78 74 65 73 104 113 74 73 67 84 83 114 61 102 81 88 84 83 75 84 109 96 110 77 74 109 119 113 120 101 62 111 112 67 105 65 88 83 89 118 64 93 99 107 73 88 60 95 115 105 73 112 117 108 83 95 102 95 94 119 92 66 88 76 118 89 62 82 79 65 120 102];
duration_s_km=[60 35 48 40 55 48 59 58 43 31 52 45 34 53 31 60 59 60 50 46 34 37 42 44 38 43 53 31 57 53 39 52 42 37 33 35 35 38 45 57 57 51 45 49 32 41 30 57 57 33 60 44 48 46 60 60 33 39 42 55 32 59 44 46 40 51 42 44 43 58 60 37 44 48 56 32 57 58 37 60 39 46 38 44 43 40 32 41 35 38 59 56 42 44 50 47 60 34 52 32 33 52 56 44 41 40 31 56 60 57 47 30 57 45 52 32 33 58 54 30 59 59 44 32 33 49 53 41 31 60];
num_passangers=[99 84 74 28 56 71 47 88 91 84 24 44 22 52 75 88 33 97 65 58 62 72 100 52 92 81 25 70 57 79 69 69 80 54 43 45 79 93 86 34 94 52 87 73 53 49 39 56 30 64 30 22 89 86 67 42 55 21 79 84 92 30 35 65 48 29 33 21 48 40 92 56 96 96 86 75 89 67 49 24 23 56 67 38 36 87 74 100 91 25 53 62 89 39 34 91 92 45 53 80 34 55 36 97 80 82 54 89 50 38 22 80 22 25 22 97 39 24 31 60 99 22 70 68 95 59 33 86 45 94];
BM=250;
CBM=0.500000;
CEM=0.800000;    