nBuses=113;
max_busses=107;
cap_B=[65 112 51 114 87 122 124 99 33 31 82 23 68 131 33 35 101 43 104 60 58 80 35 123 41 37 100 24 24 37 93 81 118 112 85 127 56 102 84 43 109 101 111 51 48 105 86 65 34 31 130 22 40 75 62 124 136 72 51 40 114 43 46 56 54 82 114 99 67 26 47 44 32 98 124 124 69 33 49 96 30 136 73 92 45 55 111 59 108 44 39 41 125 47 77 62 107 71 47 66 28 57 131 124 92 45 28 26 47 38 29 64 120];
euros_min_B=[9.211478260612571 6.711009944358951 9.220542864377103 13.91069105457191 10.993780794047725 2.881279245847309 11.808845218294215 14.199967369866119 10.871753097332569 6.328759045282615 6.198812095028596 3.4263230863464536 4.445685393164256 7.423766933755024 6.883066831123801 10.707954908335543 9.258854166732027 13.857954745972238 1.105852645747994 13.691187453323748 4.872749184292093 11.169313375892497 14.735898996099598 9.977770614377807 4.419502015839415 4.738265003218039 7.557362289871348 1.1701442994288314 2.5754955015790086 6.913269960414386 6.423380561819946 9.075399141604576 5.6254766466523085 11.842301439443304 11.713404144282983 4.2704649769665135 14.291813439438293 4.968920767327214 1.8613631712353584 6.5838657524731 14.817682575192837 14.87670054978009 13.202195632056807 12.918456881266362 9.241772266668098 7.3905739756130995 5.395874103022961 6.622405855510257 2.2908908514910036 11.654327125605274 11.73108051602668 5.218603198171764 5.178707965150712 1.2601735554573348 12.200325932461448 9.309395034055125 8.297782475815861 2.702747912470317 13.702434324733648 12.614888665235133 7.014113880634761 2.7333732452033317 9.261945003599216 8.750927028712931 10.593616238397574 6.4948891058721845 8.62859941847606 9.737128882491675 1.306206919366351 13.812824638087468 11.148586017157252 13.631163103615439 11.32430173025998 2.1701154246242718 4.099786379694216 5.155558939991648 8.777503567932246 3.4447001820524763 12.473340366806955 13.851060436169647 2.3779187073255406 3.522586443373858 7.011808536395564 7.850317873987269 13.56938248869319 6.814204415955569 7.598885589253534 5.123979276726747 9.396756228939052 9.846665614982411 11.437457737518102 12.604220779681581 13.62712690332851 9.567459767003303 8.639986350516255 13.411800000119197 3.36380212718404 1.9422982971590785 9.095537854965489 14.187513982655409 9.910325414891602 4.2928256741310555 1.0138444791497767 5.523355127413808 6.061528448479222 6.469912676953076 4.610563983678473 14.206073369159522 10.497995130547842 1.330934840210268 3.7555242169384364 9.395495183244288 10.58467140603145];
euros_km_B=[11.199084610464848 23.843302696788236 1.8628908335446508 5.636144919791913 23.412695661236775 12.739778782835348 29.86605361888351 25.484032512175055 11.449009659878602 4.342929233491349 23.588167978193997 19.76965813190351 5.226346088139902 24.44790375095658 3.680464161026305 19.25324634367169 29.71157327087236 23.66635867202426 20.832495658050085 18.287962847953562 18.288515736383125 24.037001256620908 17.703121604144524 24.061197033592926 15.058911184262447 6.043603513071201 26.425048436245948 10.485481799760889 18.007059297258408 24.834458152425597 1.3872643433054628 27.519286974804942 21.667984768679943 14.774133929689466 21.495093300288335 23.55260379099956 15.654029538596749 4.907624577137623 19.626758804065272 17.572389620215876 1.7965391570847924 12.492533909960715 15.551028984098892 7.49012423996698 5.051585879974218 10.470636628131809 13.499622105662587 23.803244664270718 18.07821515193707 17.76283724362983 10.01123014702465 3.3594439353005217 13.325851403434012 10.954506187454019 15.680169912140169 19.69533306216018 5.9125866656770105 1.659413854277687 19.042406256052033 25.837562592295523 13.575508043884788 6.306439164746324 8.94735571223502 15.052841596175597 25.823160070599386 3.65579422350241 8.817932318063995 21.978502162279383 16.649235167580848 11.826173579852481 6.15644153371127 4.535401461234222 21.066544758835636 19.418043613585517 14.847470896570716 19.046226129787936 7.438436795177123 1.4039239218003772 4.464202490170968 6.677911221604457 1.6625330749990477 16.089599439617064 5.041772043295779 27.83556662426048 16.770937485300927 13.003676832015074 17.921456367466764 3.400421433471003 16.541044144596782 29.590884353710006 8.137661882575392 6.587342616028227 7.777886529127033 28.68684920169582 18.33025484448797 12.536076094966104 15.327986776899868 6.917276667358998 12.979240567032328 7.308709519789224 23.685321134900843 9.036251835226299 15.074940270000322 1.5228441990789359 15.628321740015833 21.85541994801978 7.980014925534631 29.758364678273498 23.82032088219462 19.75967025017716 11.372871142215068 13.217375634799648 27.24018236645204];


nDrivers=116;
max_D=[171 185 192 166 238 148 124 212 175 198 202 156 133 236 137 236 222 123 206 125 195 206 177 236 223 120 177 158 190 233 158 181 124 236 224 200 164 127 221 161 189 129 232 165 193 212 192 149 207 154 232 149 234 200 161 163 188 162 186 141 130 216 187 232 176 239 198 177 224 166 137 211 127 154 121 239 238 176 137 134 239 185 173 196 173 143 173 231 136 215 214 156 210 167 200 211 166 176 185 185 206 239 123 234 182 207 188 178 146 157 231 173 120 130 199 158];
        

nServices=118;
S_starting_time=[255 653 12 280 158 576 217 495 82 570 285 87 3 623 581 204 337 462 211 362 354 255 713 207 262 6 430 293 384 86 182 555 350 622 423 238 551 490 249 23 232 352 712 146 10 321 0 56 310 11 555 460 76 595 161 122 376 339 402 32 187 662 148 71 317 329 390 182 112 612 95 524 604 110 472 336 425 7 364 316 299 326 477 456 408 720 115 470 11 603 10 401 54 379 544 636 196 437 565 69 373 532 366 607 10 218 491 404 397 71 77 10 582 556 309 233 702 615];
duration_s_min=[114 69 118 63 74 113 116 75 107 118 119 115 110 60 68 113 75 63 89 64 94 100 74 62 93 84 91 105 98 86 64 61 94 70 60 87 71 86 82 102 67 79 76 101 91 117 100 119 106 115 82 67 60 97 73 64 91 112 62 65 119 63 84 90 79 120 115 91 85 100 67 91 67 109 77 108 107 83 93 104 88 94 106 94 105 84 112 102 99 84 110 93 113 111 70 113 118 85 82 84 111 107 115 113 116 94 119 80 61 87 98 72 94 63 92 114 74 97];
duration_s_km=[33 38 43 35 60 31 33 39 53 53 58 56 54 51 52 30 48 38 51 58 44 60 40 53 49 36 48 36 48 54 47 48 53 33 60 40 52 41 35 39 58 39 53 56 52 35 44 59 34 33 40 60 46 58 58 47 50 30 44 59 44 45 51 60 60 47 51 45 38 45 55 56 58 50 31 33 35 30 46 35 56 38 48 42 54 57 34 30 52 45 31 32 51 41 57 54 60 49 40 37 48 30 35 34 37 57 30 60 52 58 47 58 55 39 60 38 59 49];
num_passangers=[54 42 70 85 38 24 100 56 24 84 96 52 55 88 22 64 70 95 41 35 50 84 68 67 55 86 47 41 59 50 47 74 84 85 40 62 96 35 78 41 37 28 35 59 41 40 56 36 35 77 56 29 21 58 84 91 98 39 52 44 78 61 89 93 100 20 60 38 80 68 90 37 96 95 53 34 24 49 35 42 86 48 35 81 52 80 75 39 28 98 55 33 46 70 91 53 71 73 39 85 20 50 78 29 95 65 37 39 36 73 53 53 58 89 23 96 45 35];
BM=250;
CBM=0.500000;
CEM=0.800000;    