nBuses=101;
max_busses=89;
cap_B=[133 102 114 101 114 125 133 43 40 46 42 76 85 121 85 93 64 78 95 130 26 104 105 72 55 61 46 79 74 25 90 34 101 96 109 24 67 42 38 67 58 38 65 71 116 100 38 29 47 83 92 21 107 109 109 107 69 105 99 123 59 60 77 56 83 104 109 28 36 78 74 124 67 112 73 21 21 131 42 38 131 127 117 89 131 43 123 128 109 20 138 43 25 109 110 102 53 109 99 78 92];
euros_min_B=[14.48962517655329 10.713332048581249 6.978665265692364 14.225511478971578 1.0495375191328515 12.394150448111073 14.884957057014397 1.271934495808884 13.91711480067688 8.393532819475585 6.12796076250776 13.449859311948025 13.675436791341115 2.1517408411566676 6.278963739764242 2.435551925459216 9.287155093294656 3.44533378373069 5.2815450104593396 10.31225955819767 5.832749473993196 7.183795304910916 10.115812085942393 6.443643023138819 7.532698843861875 1.599769248226682 7.920059372389457 2.8934930705612043 14.70277499666891 7.544023280011502 6.188574609275913 9.684078984155015 6.748101688940781 3.1255274653334375 8.944535362377188 1.4647224728959356 5.190743714209836 3.835048276642073 14.46910535059507 2.1012247795442898 4.137767694348172 3.8274563801159083 8.94615465089556 11.954680031182152 14.64199239511569 6.388128616644537 13.226196767959843 14.451168382491598 1.6258899622299348 14.734104012952333 13.805943951121074 5.085611719878588 2.6618766549016675 3.011108592416644 12.746157318686734 1.9374822693936218 4.568243949814295 8.86440465429471 4.500440430166091 3.9624754858079356 8.223481179184587 10.949088654503232 8.818756792837382 11.917515809088194 5.934588060381847 11.75054074535846 4.641507904096779 13.072908993751645 2.6098288721489498 11.843270889415628 13.691309748139831 8.887113779712296 14.036586195582515 4.942329476916889 9.414645332515875 4.080425031960187 8.839065849149703 4.121772813328162 5.242036082179249 14.650282953942089 7.097264451232967 5.788809986645257 11.380251442878306 11.189770238785773 4.883056663960673 7.233740301927948 6.982965465335875 1.6153179255952852 8.074844830909216 14.642640471297184 5.161066055395644 4.378031644014666 7.520550045749208 6.721216176322431 5.227010268185728 7.870732381364632 5.235588813165936 9.93559226946507 5.534770623361888 12.043386645510166 8.496360992615925];
euros_km_B=[15.654403773335508 19.156165599819367 26.637733155121747 14.431773294265076 23.537366207087977 17.970936735007463 16.439445395709043 14.786822761008365 9.270116002516282 20.42090186361512 28.938875859384734 22.736261693015557 1.3641643321584527 5.469287778941355 20.957979894595994 4.450367335790705 1.3083133945557317 16.47121950718765 9.166221663804546 29.146885768167014 21.99594465177566 17.13874406065572 11.031469654172948 6.376865533092056 26.172540576308364 18.738277008420162 27.474020567037982 7.945214559377195 25.7108416326765 28.458474665434167 26.838972155193886 11.51403848943457 17.629236526995196 8.180599781543767 29.664206824556885 16.732324037890532 16.638823103142386 11.176699579537413 29.2698589744456 25.57039430486887 9.9889197248391 25.814197722729702 25.65791810361711 27.12618116936336 13.499739193274612 1.0992124087518746 1.2394023774332021 21.215814315531208 2.9113938093022576 22.56933860465143 6.565268166582092 28.788735461088763 29.706967934389255 2.4654703452082205 16.74374984171926 12.511126429112954 22.704586881157528 17.12623693309021 4.746816814758332 17.50188430112444 18.757337039198767 9.276885512082092 17.899534369421914 14.505607079229254 22.00636234610457 19.841927150280863 11.400894590187127 29.640614190869194 29.96515721808946 29.574166128734667 28.03135545650294 7.832135530994879 21.08907405112999 26.141191907740268 19.156377947375685 10.115786537760046 1.5008935560788834 5.374476676095129 28.67928059004578 13.075643453901332 2.3399253256796744 26.139943159897573 17.721964691173653 22.974127455412976 3.957867318660919 14.463893245203979 28.078319908319543 14.151993074725604 11.623576134137233 23.191263816807517 13.117507396668982 1.6768001275320414 4.967334704329634 10.059906055409263 7.886684410226751 21.683419365176828 29.796527373490683 20.209786235221852 14.055070585597335 23.185656829084486 4.7986821748467285];


nDrivers=98;
max_D=[203 126 134 231 168 151 186 162 156 128 148 163 192 221 214 230 141 231 171 202 240 235 143 192 140 169 228 170 175 185 167 213 240 213 150 173 152 203 201 215 156 137 139 132 190 234 195 211 151 151 159 161 191 153 239 183 192 212 172 157 235 207 124 225 176 223 181 152 165 192 193 173 137 221 149 231 152 143 235 141 133 217 175 174 219 163 211 228 240 221 224 204 182 198 130 181 204 139];
        

nServices=103;
S_starting_time=[355 407 610 494 607 341 267 478 145 547 525 291 673 139 657 231 640 147 510 564 9 639 119 382 169 56 210 446 587 155 188 145 669 452 422 533 246 296 554 541 388 420 189 625 377 568 361 75 649 408 248 351 392 197 135 567 686 286 383 409 23 694 23 357 79 179 325 147 251 85 516 473 542 600 344 588 441 328 414 644 546 447 285 194 270 433 561 447 587 101 677 142 13 262 418 451 340 637 670 220 643 399 33];
duration_s_min=[119 81 62 114 85 78 78 87 106 73 114 94 98 111 99 73 96 61 117 99 107 94 65 107 111 78 69 62 117 70 106 112 87 66 103 112 102 110 72 106 76 115 61 107 104 76 89 101 112 73 79 68 76 102 108 68 66 110 109 120 77 65 119 82 67 75 78 68 62 72 80 68 101 78 95 73 92 68 71 72 105 97 119 119 66 106 116 76 65 70 86 106 118 69 60 91 66 102 79 95 120 108 120];
duration_s_km=[39 33 54 51 47 32 39 38 58 59 56 54 43 56 35 60 37 47 52 52 41 52 54 49 53 48 52 35 51 60 52 49 60 39 40 48 36 45 57 43 42 36 56 36 55 58 60 33 60 53 38 43 40 48 55 59 48 44 49 60 36 49 44 53 54 36 49 40 42 59 55 35 46 35 37 59 50 36 56 60 56 60 30 48 42 48 53 59 59 53 35 33 41 53 38 46 32 50 44 36 32 31 31];
num_passangers=[68 92 58 50 47 89 53 70 68 99 75 100 68 51 23 82 51 55 20 67 32 97 62 76 64 76 64 86 22 39 60 96 36 36 29 50 74 20 52 44 78 97 37 88 42 24 85 90 100 83 59 63 62 51 21 53 91 53 47 54 25 96 46 89 91 59 41 37 93 38 23 57 72 67 55 49 68 51 51 100 91 61 90 28 98 96 21 61 93 88 72 59 93 27 22 42 63 41 43 42 80 48 73];
BM=250;
CBM=0.500000;
CEM=0.800000;    