nBuses=99;
max_busses=99;
cap_B=[104 88 121 24 131 50 124 109 106 75 118 93 118 114 72 130 140 88 116 68 112 41 77 36 121 35 106 91 29 83 139 81 80 139 85 116 79 133 42 43 99 49 33 26 122 72 51 111 49 20 66 126 88 49 28 95 34 87 81 90 85 132 27 114 127 111 70 47 110 24 34 55 107 60 104 82 51 128 125 35 124 68 110 60 126 76 136 126 27 59 54 131 80 42 80 60 104 45 42];
euros_min_B=[5.192608801721132 13.926463976102044 7.926403560944818 14.356842025626069 3.026872164099768 5.781418506315587 11.682768064418617 5.7683015250985985 4.7426837552081444 1.9153879177473958 1.3134089928665702 5.480210116782593 12.406227044190572 10.957060419145053 8.312112917390985 5.955607745514417 1.2663749000067437 8.721121929883257 14.860755810674751 6.939104306795465 4.435519027227786 14.116453690619712 6.53200668188863 14.065691112804526 12.057033549111154 13.766100908551824 12.287136096836875 14.126115982067137 7.907585835392254 9.117382280349398 10.25981915295517 9.67991296871009 3.6421741445217672 11.16077605174647 13.09710784718912 13.652086160103751 13.064171959064415 6.3797307859587145 8.78877931972555 4.202757479176578 7.0622192683241405 10.54835137445734 1.6323458282362064 12.37285538577615 4.294287250832852 2.773497638731956 3.124222416840002 13.376281208764329 2.0467640392614026 12.02960725791741 12.211033221962595 5.761941629560177 12.751284100485325 8.983998386149414 8.704222923700236 8.412391014468936 1.6644980084641205 11.478300999943558 9.587735547714018 3.8828308968997596 9.355249008650503 12.369177771596545 9.076116937120647 10.339814921552218 10.953699806605112 12.11845322334724 6.500165617727937 11.165455545805278 14.100023897452726 10.300364693561042 2.287361226310776 14.51680405847658 4.655279463517042 2.3357408718710024 10.053873852443571 9.817251064418341 4.318080357977712 9.65534208798847 14.274779607650474 11.510629120829837 5.20927292026273 6.330468642610483 13.642127379805926 10.205963320884104 2.973082194305185 14.617864704251021 11.298246278686667 4.8591257467912135 6.126132275853427 2.674772093096264 12.48435907295501 1.1836122146706871 13.88840277306097 1.421645317923066 7.3211374578337285 7.603613901598953 11.35574562735302 10.566657683860676 13.362724193392031];
euros_km_B=[26.144817692635456 5.109560990524292 13.736454008397047 22.01799851620128 17.31954617622114 29.590378910897375 4.677948786492781 24.873147989028073 5.243180237993798 26.039562824852993 15.091279831300522 24.21876221434516 18.781055346977762 17.051776273765345 22.52155667220706 1.2822996548993169 16.441653647711455 14.817993423006424 24.936235527258745 2.3861862075982714 9.492772650270926 20.999079002736334 19.519210329088665 21.954346677057927 10.53667944531941 10.928307271919964 4.572915643810912 20.06313831319092 19.13867459650382 25.685845070273167 11.372819168734381 21.65805470758241 19.437687107088408 13.12914103884372 16.709470227906454 23.556345160965307 26.032601564219096 25.221781067808518 20.02506977639235 9.477130505284705 27.97049207800992 18.22082261392084 6.967243162711737 23.319296331325948 13.302576660824696 29.151239856408278 18.905039218537407 3.7550537024258737 7.831613629914623 1.5134650916837489 13.747300806184644 7.340105443194976 17.82207012121962 20.967248445949046 26.044895618856415 25.48239323231188 12.439926575541088 16.31079346565471 6.7144398983379885 20.71815251593052 17.037961642746666 14.076146404580038 3.2802082570729034 1.3378969359172461 24.555065887514903 6.448275544311326 13.390425605225111 26.96591837089724 28.413933051999877 10.148231310811989 10.168044043100986 10.730996789885852 20.926091061957994 9.796457777400882 28.043485919732635 25.54007750095487 24.357129443246265 20.08884554072769 27.746467401156544 25.847979420101215 15.477468142447009 17.832184901656195 24.6383533307208 10.22798006907152 15.549914014054092 25.81857377190452 20.050024000427545 3.4664190656999443 21.178045456112436 25.628881846047374 27.139276462286638 17.56247243057348 6.92902555411091 1.7820996447061348 14.444033646319744 29.958526376239536 5.287577235519402 19.188710532311465 27.01782411033077];


nDrivers=98;
max_D=[149 125 158 235 233 193 144 194 198 232 235 170 126 229 140 170 185 150 153 197 186 221 195 224 229 123 238 226 240 179 120 225 240 137 131 181 237 166 199 217 199 175 166 191 210 139 152 193 192 179 124 135 133 121 171 144 225 234 176 186 238 157 150 163 179 232 145 146 147 228 208 229 239 205 122 133 213 211 130 221 127 176 188 120 186 212 222 152 197 195 133 180 167 136 167 158 142 147];
        

nServices=103;
S_starting_time=[326 101 89 292 116 305 496 7 238 662 610 222 395 280 285 124 393 321 598 62 398 531 496 217 458 707 94 686 343 126 300 440 295 260 581 473 664 350 59 373 666 462 493 533 341 126 497 602 647 77 168 661 436 114 155 167 530 529 431 402 279 313 503 484 273 441 652 620 466 370 678 299 497 628 599 594 477 84 573 429 528 225 665 341 148 658 159 38 409 148 200 212 92 132 56 560 109 588 569 22 590 464 624];
duration_s_min=[85 98 66 93 107 60 75 60 105 64 63 80 89 106 103 74 83 81 61 118 103 112 76 102 66 103 91 74 95 120 90 118 108 60 60 95 68 99 76 89 108 91 118 92 90 76 73 64 104 93 117 69 63 100 66 119 111 76 88 75 84 112 80 73 96 62 89 65 93 86 71 63 76 112 71 113 86 110 117 77 98 109 113 104 118 67 68 105 112 92 118 75 78 79 63 68 88 78 107 83 82 67 96];
duration_s_km=[50 59 41 30 31 52 34 49 59 36 36 51 56 59 39 32 59 31 40 54 56 31 33 53 36 53 50 50 31 44 53 50 49 59 60 58 48 49 53 46 54 46 37 49 57 36 54 53 51 39 37 32 52 56 46 42 37 58 42 56 32 45 31 36 53 57 30 57 31 60 43 31 37 51 44 36 46 58 59 36 31 51 36 39 35 30 33 57 45 30 41 53 45 56 40 51 55 53 39 38 30 32 42];
num_passangers=[89 74 38 100 69 99 52 61 94 64 76 29 53 22 83 20 56 52 78 93 44 37 66 82 50 85 52 87 59 94 44 89 55 64 62 96 54 52 88 40 100 93 65 85 62 71 75 95 73 58 91 51 45 100 85 29 22 27 93 22 69 89 100 93 24 56 73 48 31 95 78 79 85 36 42 70 42 47 30 39 30 61 90 93 62 40 69 39 77 91 75 35 73 50 72 75 58 81 29 61 25 49 30];
BM=250;
CBM=0.500000;
CEM=0.800000;    