nBuses=133;
max_busses=120;
cap_B=[59 59 60 116 74 75 48 97 132 22 55 137 41 49 26 59 118 111 45 45 102 57 129 72 105 80 51 50 28 87 116 60 94 47 87 129 90 128 139 24 21 90 47 115 103 74 137 49 74 76 126 140 51 121 120 89 135 129 64 113 126 53 85 45 93 53 35 27 64 49 40 80 57 55 122 82 116 70 130 136 49 123 113 122 58 51 93 21 81 136 54 112 75 122 83 103 120 117 79 67 139 95 27 78 76 50 103 32 139 54 117 135 79 95 93 120 88 21 87 52 134 47 56 79 137 63 88 69 130 93 38 73 104];
euros_min_B=[9.77900448168057 7.552714502928126 10.646785673244027 8.272454068248226 3.604000568326417 5.152554366404125 7.248653449722785 12.54050698190988 9.809997763741151 13.158616278906777 12.829604306072662 14.671476514012124 2.49800427748296 2.3194770866137637 14.764232121236159 13.577013579164474 6.531077131566162 9.861052604637386 6.433309301828562 7.158798494416001 11.792236302803467 14.978539792037656 2.7954144462099526 3.9224934967266565 9.502719624452904 2.0014997601548434 1.0206224236201562 9.265609109696992 8.295596668417783 8.729728543135279 9.27090501957304 8.350472089081258 6.208854429524877 10.05594538908205 13.94725703528736 3.987256374625038 9.960459175699071 4.698587913689809 3.8541706810763907 13.716958771637598 9.81533981899523 1.5029031209983172 10.465646104425417 8.564271399038 4.438756594562202 7.8264129564717235 7.157589264397745 3.1527511612765586 6.316752711746611 5.670136786859243 7.919185291774467 6.528978965161481 1.2586642569055786 4.1118174439834 9.75566337434248 4.3499992680328585 3.881213408578124 3.9816931549209857 11.814329464755655 6.100676325873227 13.770074400472197 9.052525555600043 7.246180203001649 4.532742416537422 12.873221494787188 9.297532276278663 10.344336090211412 4.5119230218551145 6.524238019561933 10.62356113949609 13.591231731511108 13.80482492678766 8.990875815345206 10.832559390670227 7.196390300327314 1.199868996362045 11.726399832447301 13.327098440504402 11.396473772558986 5.705524543584495 9.879196077047634 13.159365924182628 6.437954567703399 12.429597828521015 11.831203474106347 3.3006009587837664 3.8625013371874948 3.408924621651601 4.026080771329954 4.077597009163376 5.28997046882834 10.367395081014113 4.68299939456816 4.036149802079678 13.894889516474162 9.695799954709976 9.395601243575392 4.281229482785575 13.617903128213477 3.715115656702638 11.267816094542967 5.887917661864245 6.2102165067350805 9.915111780551674 6.459886319744017 12.260564122684684 8.82383991699845 6.042457846488855 12.70656071331193 11.888981998129848 7.9560150767345785 8.844078413944084 14.472686242173712 12.52083269453443 3.685827893034845 14.082650507497496 14.779095328599404 2.02409996664013 9.355709186795421 4.789810351683688 6.73702072097746 6.7905750809182805 10.656661793577872 12.01651902080033 5.897784600966613 13.43456111136696 2.638412008026786 12.934432804172337 14.226097836958862 5.285620542656087 11.523179458549654 8.57125681844439 6.665139274547872];
euros_km_B=[26.828276296751554 6.080053237109615 15.002554567421548 19.834800556267393 10.9454223498613 13.278194740177401 12.068845047905024 29.520324443631427 7.2731913273863995 24.3518470790071 24.285120664508618 17.35680810895884 7.002083767007011 29.02472600438616 13.996557081412996 13.452264675784551 26.648893124336386 10.332541244062474 4.244745227167201 26.265633654836435 15.470318279111108 25.9085066433237 16.350280741886436 6.442588777624625 28.260105802372475 22.039669126261742 27.04514300005364 16.93316714913339 21.517539173175386 25.513355959547035 14.259187501821964 21.59618679490545 18.387006135234472 24.477373789765007 23.84880463652833 1.0704493183122876 5.125826075358444 15.565080037591631 11.101885679884521 20.87274392922496 2.4863239809484767 20.850305529051514 17.062572144935512 4.47913126433199 23.58499299664932 11.344872654362163 14.446635951610054 21.8367472836778 1.7408794841096267 2.7829898873003356 11.921098329703243 9.263101155087018 5.083620728957249 26.590368379519727 6.2145726115504125 10.385805728264767 2.2899868087567983 29.925443621300385 11.644440212879713 27.141846752401637 18.395369057354827 4.588494371612404 22.191440401887327 13.72537658654615 24.712177102400553 9.037081165658643 15.729298801840491 8.454874471904217 16.083319449014162 17.410798128995918 25.93307402157536 17.831488909350842 25.36664535056701 9.193861832513582 2.7556692235031734 20.145246365989745 15.497533964943441 16.452259863939183 14.255248933989641 17.88747515947647 14.7121730235798 22.09174755779847 4.038319522432208 5.650323581573355 18.63675050387431 16.480823639251597 21.964048692757412 10.13839759827269 24.664076516204663 16.187479366880474 7.128289347594842 5.982332188944795 21.345071934755843 27.68722497262164 14.451801314819257 5.076377280584786 12.29356153178864 7.290029210622666 18.692102760501065 17.84470108395709 15.363971635640198 13.69140469566897 14.318423583791223 12.20228586313632 6.8574165901217725 4.819238114664953 9.445973436986218 3.863847048292674 10.22647658745662 10.24975108477882 16.461839737093698 28.562962748655305 11.068300630658525 24.606163616918156 22.619865008721344 8.405335974921261 1.5952435679710086 21.47758407794735 14.62243814622136 18.384076045191794 5.51378496949768 3.4667188951863923 10.174445704001988 29.964586927470997 18.515983891459662 14.12069578716351 20.99851882688907 19.966958873583472 19.644510549795715 7.219381302868972 15.654028548889714 1.3804827064154754 7.144506276936246];


nDrivers=128;
max_D=[208 141 170 173 121 224 169 186 177 136 197 224 135 123 185 132 153 192 148 161 207 184 169 159 137 128 186 168 216 239 143 138 217 131 216 121 172 192 178 191 145 231 240 168 226 219 145 148 198 184 162 196 232 181 218 159 228 180 224 186 141 190 229 155 202 165 200 221 211 150 149 144 123 181 202 126 207 235 210 230 219 229 184 225 238 150 131 220 171 212 120 180 220 120 213 192 226 173 234 146 147 145 152 135 124 218 170 169 224 219 205 231 186 189 240 166 141 226 121 138 187 171 225 158 235 203 177 196];
        

nServices=134;
S_starting_time=[546 375 680 412 143 215 452 172 512 87 231 112 392 624 130 596 419 363 567 655 57 348 586 550 702 410 137 201 183 670 455 299 391 8 312 668 521 402 552 294 32 607 488 337 636 227 434 191 86 139 124 700 449 308 131 473 605 179 389 323 156 102 457 46 161 680 619 639 193 647 494 561 170 403 493 10 389 130 405 404 522 350 293 11 692 159 205 62 35 430 180 189 540 685 458 542 560 599 628 293 376 17 612 276 219 228 203 639 292 342 224 488 449 470 493 489 107 325 671 460 698 163 627 413 2 88 275 94 440 299 608 319 635 637];
duration_s_min=[104 80 99 105 78 102 98 79 95 93 100 67 82 116 96 108 77 102 91 78 79 92 91 69 79 107 78 81 94 77 77 87 113 93 72 96 83 67 103 83 60 104 84 119 114 64 79 84 99 70 111 87 96 76 105 79 99 101 80 65 109 86 62 115 70 63 87 93 108 66 70 112 84 119 69 95 96 85 118 119 104 67 82 111 71 103 76 88 78 85 90 116 118 104 104 114 66 78 85 98 78 87 91 71 109 64 67 62 69 71 90 85 85 116 97 115 118 116 74 72 118 72 78 109 111 69 67 87 96 78 90 96 114 119];
duration_s_km=[42 49 37 48 53 38 37 39 40 42 40 36 38 38 40 32 57 43 36 51 52 34 47 31 58 48 32 38 60 36 30 32 35 45 41 57 48 60 55 55 50 38 36 33 45 57 36 56 56 41 46 48 50 42 34 31 32 58 47 43 39 50 32 42 37 42 53 57 34 57 60 54 56 39 34 60 53 50 35 53 33 54 39 45 48 36 53 58 35 46 49 52 42 41 40 48 39 31 50 46 41 38 53 43 47 53 43 38 38 47 37 53 51 41 35 60 49 58 60 47 46 47 51 56 39 60 51 50 55 44 57 35 53 32];
num_passangers=[60 92 95 41 92 44 71 41 56 98 94 39 52 50 97 66 76 64 43 47 26 30 87 100 40 92 27 49 21 70 29 96 53 46 67 65 97 63 84 56 37 73 58 47 64 55 72 86 71 44 98 55 32 31 25 76 76 91 81 31 47 96 80 54 41 80 95 37 33 96 86 55 88 64 74 57 83 69 43 85 85 61 95 91 92 41 81 92 51 27 41 41 91 32 47 88 44 87 66 28 100 30 56 55 43 23 65 83 35 49 34 68 46 85 48 47 29 93 92 68 51 99 55 55 82 53 30 85 25 38 25 26 33 68];
BM=250;
CBM=0.500000;
CEM=0.800000;    