nBuses=101;
max_busses=95;
cap_B=[106 105 45 83 111 96 57 83 41 58 118 58 94 101 97 100 107 49 101 73 69 68 131 76 55 61 95 137 116 108 34 39 130 108 39 95 97 70 74 128 89 82 87 56 103 133 121 105 86 72 122 130 128 53 86 111 137 69 104 48 99 108 89 98 125 39 31 49 60 39 33 135 40 67 97 79 111 49 131 33 40 40 123 87 121 85 135 50 71 140 35 61 59 106 85 109 111 95 31 122 69];
euros_min_B=[9.579834727968619 12.764957961983354 13.820454436457151 12.531313671957893 1.066431064349928 13.980352894291185 3.5198360795040826 13.707572434178745 8.072144570594904 2.508955288436552 13.651068815788461 13.812281608920175 7.395195134103348 7.870278078093186 5.686703342866644 2.9814106113072336 1.4296360848876872 2.84743365203817 11.673009587423536 10.991952856369853 10.099314169987608 2.661913682832682 14.242641963199368 12.063918656921128 8.411704072220418 12.9624690873077 3.3289027888653795 6.266638513622753 5.897109113935204 3.0093798598652186 12.062511565408307 2.338702774830566 2.392893584708891 2.990358923222164 1.914311140564088 3.6214591434137913 5.673648352301969 9.066050921915366 14.345876471153948 9.97928271586825 10.17673341867057 5.662239184937797 12.186546488011253 8.890076521451274 5.084703080176041 2.9456240462813557 1.5437462619575009 8.262570351906334 11.286204172374271 9.438867108025406 3.5859179641252625 5.731930682690212 12.059320969623952 3.071141960122161 1.9463999206641933 10.091536147373601 10.118790690846405 14.435702001514152 5.8155259289584125 1.9850513701494428 4.252648037448096 9.297874620924638 11.773782821293775 12.652195035628493 8.471584555185395 10.417667690276835 2.0690738604710743 2.4725543660598888 3.273158809481596 3.1912510122121733 7.189447357644487 10.356528266453655 1.8917645011293793 11.594965078041561 8.05130210740688 5.791790433384481 14.567596703287736 7.105439233063887 11.185278300400569 5.482469609283884 12.00906643041282 10.988480470882852 3.82124857669643 5.637257140019134 2.53256205509181 2.404483760236668 14.352564854550792 5.576667939871187 10.025955094418979 2.257891225390988 14.352754135581272 7.168530116634025 14.738202592632877 14.259079756635428 9.265901424991865 10.41337544221498 1.7893872458491833 9.44174169289233 5.947725862577989 10.904271506425474 8.097048234139555];
euros_km_B=[12.107797769583067 1.3867744732424068 29.44006678363368 6.637256315460946 11.370896354032254 15.88767551863287 15.76221962863838 28.75855448833036 15.313413491696728 28.92270562670547 11.772494381330954 19.15149526057199 8.469459540970195 26.412147071904343 6.791302834136302 11.185666681075679 24.28286936461001 27.052877026032075 16.357202014999118 7.493326609822952 25.140735816657834 21.341345654705112 23.4778454598455 4.202832172197022 6.186959789942554 27.34922188657531 10.33929664020544 21.302074307936103 6.283601315923041 9.273231783927335 11.538844742283679 3.579400303134915 25.61008815626747 22.797038667894636 28.528857723744945 3.491351436687751 16.65935068532455 18.919433316865703 21.05244619261583 8.304994134462948 7.145186142616184 17.249437234723718 5.39965796060108 23.9228899345579 25.771528044005173 25.871262843257092 14.473494920424672 11.850281561496617 9.424222004558429 12.645703900214341 20.17877749749914 1.8800940650128104 10.722679657254824 4.572365569198822 6.882486019921129 7.087569601906496 5.619863262359075 7.2884396738360895 10.567968170690472 2.5916925400431285 28.248694498903195 9.823810476239649 29.236605530921782 15.901310062816886 14.620440021470095 19.508968959653533 27.078768171105562 2.8289943339388257 10.885505051154604 23.872045876063325 2.2496151358657643 20.62078790445639 22.998213316173217 10.211147060000922 10.528420275362826 2.4664258060461024 1.399890435887241 17.251374794886846 3.8104532554514345 9.376594493166463 11.566240170311398 1.6033346284188055 17.907156466175177 16.285843507277306 17.413003523130214 26.82385040350868 14.927519657177772 7.788145895638321 4.096577742982898 4.625028280103892 16.48958351625498 3.6295406972914668 8.790381268918653 28.98240524998919 20.043061993266782 14.389028100379868 13.93976743688605 12.941549519708307 23.039607313417285 17.713644309249812 1.3447747153974752];


nDrivers=100;
max_D=[170 165 229 167 126 167 125 152 152 209 221 177 220 165 151 141 199 194 222 168 176 132 147 132 177 202 198 236 168 167 221 201 162 197 140 139 145 197 129 143 162 170 125 224 160 215 132 174 214 172 159 238 224 209 182 173 237 147 165 234 218 136 186 186 175 236 160 214 166 195 168 182 135 204 232 134 199 135 186 209 139 126 126 177 170 196 196 175 186 215 170 153 150 223 173 153 138 216 197 204];
        

nServices=102;
S_starting_time=[530 268 438 192 142 343 98 427 215 291 446 271 61 252 303 284 95 471 158 343 578 517 151 485 306 562 647 208 306 146 300 1 673 488 428 254 365 621 550 666 3 493 415 186 295 444 704 55 393 112 399 236 538 570 454 310 171 115 107 185 595 618 356 256 97 175 600 686 91 196 169 628 637 569 245 401 553 555 378 637 284 303 281 671 455 230 648 231 319 491 224 368 379 601 36 230 71 304 212 206 136 528];
duration_s_min=[63 86 85 78 111 87 74 61 84 61 101 73 97 96 92 88 76 80 65 71 93 91 64 104 61 112 78 108 76 71 113 113 114 92 103 98 69 111 101 83 89 71 82 62 110 116 82 101 118 107 67 73 78 103 81 80 62 81 94 64 84 105 71 120 90 60 117 61 78 100 119 87 117 94 100 61 67 90 73 62 115 88 101 81 86 106 92 94 85 97 88 75 118 68 109 91 113 74 63 95 71 89];
duration_s_km=[50 54 45 58 52 40 38 31 30 35 51 49 48 44 52 44 49 52 37 51 49 60 40 33 33 38 58 41 41 36 41 38 56 32 42 39 39 50 46 37 57 46 34 49 48 39 38 47 54 37 39 45 56 52 42 38 56 38 59 46 32 44 37 42 46 34 35 35 39 43 32 57 39 55 34 50 52 55 51 40 43 30 50 56 42 47 57 46 36 40 43 44 44 56 46 48 42 49 33 41 36 57];
num_passangers=[96 51 63 61 43 68 75 57 75 54 52 30 48 67 82 80 81 65 53 35 60 27 40 29 51 45 61 86 57 86 46 82 50 80 96 29 42 52 89 73 63 88 43 79 95 90 33 79 97 79 69 58 52 41 43 81 58 36 61 76 57 76 95 88 53 40 37 58 46 69 38 44 85 34 59 85 28 61 23 45 100 30 38 73 62 64 39 24 67 55 86 86 89 74 32 48 64 69 23 44 40 95];
BM=250;
CBM=0.500000;
CEM=0.800000;    