nBuses=80;
max_busses=79;
cap_B=[51 27 81 140 45 111 125 33 68 137 31 34 124 131 36 133 43 32 125 27 25 130 51 54 109 79 70 46 42 27 69 101 66 110 37 120 52 84 105 137 111 68 20 55 133 75 135 137 85 81 31 123 110 114 77 79 85 103 134 28 137 45 100 104 70 60 27 62 81 56 64 137 55 130 92 54 63 78 95 125];
euros_min_B=[12.334449272341363 13.076462907510466 6.799361679306271 13.28756674718848 1.478136629464032 14.776967384888474 2.4957308183300015 1.304577274008018 11.763062842554124 11.882626983839575 3.775217846591005 4.4328889078622895 9.036536194751907 7.855935423105569 11.170323958849089 2.603112463416103 3.0924953429003934 7.299286575887354 14.863446733129644 5.4301667353241685 3.005004383688699 8.580270208628136 14.14381160091813 4.607813679076429 8.001002578799113 9.194062884073942 9.10977683917206 2.371302386887953 11.223320037025662 2.0343833845757047 5.1892313708963975 12.855794928563327 14.300954566202307 4.212966825788964 7.524848854415387 8.672834312095798 9.571098236739992 12.545670190268133 1.07411256404793 2.9320500252482438 2.8878681982918466 1.1685673289003897 13.151272053364567 2.707774663388374 13.164432812330798 1.2332606392764305 7.853928931262208 10.181999581303746 10.62574054930281 7.588833067247366 12.22394591959269 8.311470280356408 6.730722614961221 9.405516958909343 11.624369337473361 14.463225575812256 5.139645243030457 7.838464026202596 1.1534823442261857 1.5795287365423354 7.883621584867894 13.368523309048761 1.1060001947853662 4.06287164727259 2.2467223022997302 11.384611566487862 6.825761472535751 7.396227665447192 11.847540321519713 6.930472973130702 2.1912178294955558 4.632651739264908 5.355885409801358 5.672070106617142 7.12141954385355 7.989301871781575 14.036132465240243 1.6504933853679788 9.499621881517163 3.318396994695048];
euros_km_B=[25.375536162868386 16.232658499638326 6.5625050677369705 11.793121157350132 2.315433270428557 21.351315620441678 8.643514250844559 5.185521864016585 18.250584380592382 16.553237808104953 23.85800780153082 2.842621416524359 6.612555066174898 8.289974614546242 9.871170443633462 17.923016235253748 15.242503867492987 2.496918072947545 17.69551496064414 9.656988457373265 13.482634957951973 12.71896548366987 26.475037242904573 13.516019350846856 5.017961188464066 25.35850173629307 5.185321781027955 9.786860135045995 22.756634212276527 6.3078211413957845 27.725903744586613 17.70373393755806 23.008487537580834 17.709728222997384 11.82002023227839 21.132030602763177 28.966983316678462 3.73299636135267 13.380510742282986 16.261202082495664 15.205130146118371 21.888597648430196 22.201743162820758 15.563048828609531 14.211441483402606 4.792988360650821 25.193790098166684 2.584898050822449 8.330965843229123 29.914944108756433 17.39100761503606 2.1566313384239946 8.581336324952428 12.20995629626319 26.410365695288256 13.022328468749537 22.71882139746278 16.217161850943665 11.754978371166139 22.19879065856818 3.0192494034877706 27.115100149893337 10.206248688673782 1.0995031125967323 10.820019954817726 27.78434722229819 24.69688114475874 8.337305727231502 20.552121807927268 9.335332411238035 13.708167228215817 24.123942912654396 10.481518343653871 12.216450990793696 18.835055269315507 17.062749817966566 29.235992086113097 10.082607342080014 7.586811986004939 17.461059044141464];


nDrivers=83;
max_D=[149 173 203 217 160 145 179 201 201 145 194 210 222 144 195 149 195 194 140 148 216 146 175 145 137 131 180 239 213 231 228 184 153 185 197 196 176 202 239 223 123 177 238 194 161 235 222 153 203 173 238 184 240 201 233 129 227 174 217 171 211 230 191 195 162 174 223 211 140 220 166 171 139 144 203 220 224 125 136 232 141 168 136];
        

nServices=85;
S_starting_time=[85 621 544 691 35 682 192 83 632 389 663 628 414 675 105 234 490 515 708 683 375 638 181 580 674 112 687 502 177 163 204 420 613 14 335 326 616 421 433 435 344 264 168 678 348 713 158 299 67 433 215 582 296 170 160 707 24 278 150 260 126 290 469 552 230 715 200 269 316 294 641 464 288 170 94 577 161 708 636 632 600 620 415 390 323];
duration_s_min=[98 65 111 60 111 81 74 89 81 62 84 72 86 77 97 80 99 113 113 107 65 84 65 82 113 80 76 65 68 68 92 116 92 61 80 61 112 74 96 109 89 74 118 89 80 67 88 89 101 63 111 79 113 64 64 98 101 119 101 83 93 105 110 101 68 108 105 105 115 84 64 102 81 120 77 78 107 105 112 87 76 69 87 70 74];
duration_s_km=[58 31 35 45 44 40 31 56 50 36 49 47 34 45 46 49 32 32 49 59 45 30 39 34 51 53 43 51 41 44 51 56 52 42 34 37 32 46 45 55 42 48 42 37 42 60 42 53 30 40 30 33 35 36 55 59 52 56 40 52 40 36 49 47 58 33 52 49 39 49 32 48 31 58 55 47 55 58 54 60 31 37 60 32 56];
num_passangers=[69 21 40 96 84 31 88 31 43 32 23 46 40 52 84 55 26 71 63 57 79 56 41 22 45 75 81 60 49 78 36 29 67 40 89 58 49 60 73 22 61 67 41 63 20 42 89 50 32 65 69 81 31 61 83 50 89 81 33 42 98 62 45 96 84 30 59 68 94 75 74 44 81 35 46 73 48 63 88 80 34 30 95 72 43];
BM=250;
CBM=0.500000;
CEM=0.800000;    