nBuses=125;
max_busses=129;
cap_B=[60 72 91 22 64 29 66 129 44 109 84 94 102 117 33 33 80 119 83 40 120 50 107 36 126 80 70 46 66 23 128 22 66 28 130 67 72 38 35 82 125 105 82 115 101 135 128 47 24 30 134 76 120 133 41 66 42 112 31 129 29 112 113 88 64 85 36 97 47 91 28 42 58 100 56 80 29 85 128 29 119 95 36 44 56 137 115 104 79 127 44 47 131 102 30 112 133 54 34 20 64 46 56 122 101 114 29 56 103 59 74 126 40 68 55 74 140 35 78 37 117 127 98 36 25];
euros_min_B=[9.339007963370058 8.85390438570881 9.48875664247933 10.793382182368202 9.749910563394526 10.301220731688499 2.379602243629666 7.823890198204078 2.47801492420763 8.814945170404133 6.682587347149729 3.396519714431178 13.521307958998682 7.852272418159904 2.8625367188597353 8.996176593925153 6.227851218119444 12.191293511232914 7.893591766222935 4.855916244282794 2.927921993134516 2.487381614769544 4.71213189294808 12.515386982076821 13.299826326042608 1.5038177308575222 14.648093419116048 14.859953538333057 12.298671563678187 13.45450520463913 5.7704728119366875 2.090874390133634 13.030913260921041 7.306994261775899 13.0155256213793 3.6322574511159784 1.8764846111255156 8.397021340838169 7.859400684278552 11.896027457808623 10.06393342232926 6.350306834772299 1.9615683599219211 4.755079071074302 6.841909678150097 12.772494491222396 9.007239610563543 14.268491970172583 12.595201887565489 7.086494024887731 10.309067179131597 13.824419144621949 13.596008320947028 8.55311154296118 4.920718024573168 2.659660413262587 2.712085544848251 7.788706367640251 12.147936168402111 10.086751742121068 13.881898430963748 9.786501123712906 13.786250017782349 5.923642898702783 5.143471820262958 9.056477009235063 3.227105663321701 3.0208047737213737 5.063616465770089 7.141712507305403 9.651584684492487 7.901478602700293 5.466111961718301 12.991832564809794 11.24932135435475 4.313796576452797 8.419668765528504 8.353496290165346 2.23763078042861 10.947027509721337 13.661802286555847 3.3231815104510103 11.434621218685031 4.830159505946299 4.295594940473538 7.283076745119459 2.267974293728474 9.901374358527839 6.193552714039225 7.910929067198081 10.660038918508828 4.928697837002646 4.63628638686609 6.272200302758285 9.379582283662774 3.6366454192916455 7.866832599250531 1.7261264202752957 2.489593941676234 14.381439881295446 14.056858427729296 5.244312320795058 1.5578757635768994 3.5604562024641124 5.056410981753412 5.483993437922525 4.673919571537855 9.959035831808798 5.781336355061018 6.778771651078049 11.307846843191 11.906767350106147 2.130257539279193 4.7097547318079584 12.219763663316359 5.4350565347330555 2.780154478023276 14.574081514186043 13.920711671987066 4.096646738447888 1.5329615942914598 9.726480795193165 10.594593489015686 4.832650712257269 14.787757443674979];
euros_km_B=[16.948753841343127 10.114545225364605 21.331267711720606 15.346762102899499 21.561611792958605 6.333181274179587 28.532434608942758 24.27068353676098 12.697250149676446 2.86349896836185 13.558934170855748 15.192135714122461 2.10280891068099 19.499600498416346 27.915267570176674 15.653647075550987 12.268020889593103 20.83088946726386 17.56092942527571 19.846955336400907 15.819146026279004 1.1826052650641783 15.792960331528455 11.927098304334743 17.840539227108614 5.842284994001133 22.710422308034566 12.70059505144105 24.298638948927895 23.930365895156818 19.30566335213251 29.603582550299635 19.79955942882306 14.497876504297771 28.912344131775495 23.583054517567966 28.28466186650854 6.93171420219091 19.025830880909055 4.653025279606782 1.3935244643460805 10.717176090427374 11.690511788859743 15.299725861180374 25.942655739641378 8.880978961018492 14.909426911826671 15.161622135427217 2.6943269252850253 12.273529813124291 10.663983734825528 13.35060431423977 22.46123829237669 15.483719399996067 12.808706181295603 29.20366387392387 26.420935194371513 5.54347580505026 29.944128769832325 27.58113937680615 5.297904519127813 11.649298065450198 27.557323773539373 22.73985244702253 3.8851982629956803 24.952833801099743 3.8225425364421786 17.41801507216424 5.78352014245206 29.20384552575504 25.651994155216098 12.289419485955104 3.8194502662559575 3.5850614006717603 8.250264146361385 10.331376700259604 3.287365467689856 9.740542065934337 19.183102165799944 7.225400936104027 11.676924357664406 4.536673205952837 28.1105390110597 13.83678302143654 26.808734417957627 15.811576194236814 8.672219240665509 10.972289537160542 10.504974605159966 3.501193415035548 9.770063443571209 14.589593759211734 22.36226696484054 9.645544750330156 13.626406379072973 11.628320392350323 19.900177671800847 27.815678596656127 20.77288381223462 6.750962393016009 22.60472959768032 13.614235835829076 13.586669930521978 18.219026336247182 21.375685808525375 10.7907596564635 6.399762645306274 28.47784513101916 6.928799314279146 6.410164312268565 2.5986946909925734 17.14289686416388 6.836426511982542 25.000313499698862 20.973129950223797 27.613408775221355 11.334726315746515 4.68557611772024 10.713554914926661 22.17578311355102 3.0748367212850143 17.900234655960432 10.880633005604409 14.747884769861866 8.638112601427569];


nDrivers=125;
max_D=[142 228 218 201 223 132 209 216 176 154 197 141 152 138 157 123 159 133 134 218 142 231 177 175 128 180 231 210 141 156 166 185 159 139 207 156 126 229 240 121 199 215 231 212 159 166 122 206 198 232 210 196 157 134 204 239 204 192 202 232 180 167 163 204 150 228 144 121 140 155 123 151 183 162 218 219 132 160 209 187 156 143 139 151 125 231 133 127 206 127 158 186 202 237 167 136 149 166 192 140 193 194 136 217 195 235 148 184 190 230 151 174 126 234 238 158 240 133 225 145 237 179 173 149 222];
        

nServices=130;
S_starting_time=[617 230 675 666 280 571 655 487 557 193 672 390 20 700 688 526 703 363 50 472 282 80 697 276 144 289 418 370 681 507 633 81 593 405 80 590 120 347 457 534 105 353 342 568 373 87 46 203 513 270 88 219 652 634 587 423 392 41 613 633 180 458 665 158 692 252 599 293 540 673 162 478 318 715 640 539 693 213 152 45 614 463 716 14 500 426 103 136 696 258 641 716 252 204 535 449 554 308 152 163 651 702 576 376 707 644 348 122 627 213 241 259 617 69 396 293 139 22 353 602 493 24 608 341 336 11 521 717 274 167];
duration_s_min=[75 61 109 112 70 63 84 75 101 105 115 69 99 60 71 103 110 119 68 96 77 108 60 115 115 111 90 94 96 115 61 118 63 113 64 61 98 64 119 113 98 75 88 61 95 71 71 74 62 87 81 70 73 114 92 63 83 90 79 101 77 107 81 75 70 115 94 120 86 116 69 74 93 75 96 80 116 116 97 81 120 65 74 97 85 81 66 90 79 103 96 67 64 68 60 61 105 110 108 80 104 62 82 116 97 66 112 95 116 77 79 65 111 90 119 60 96 89 71 106 107 97 92 114 109 103 113 92 112 91];
duration_s_km=[39 49 57 50 52 48 56 40 36 47 55 35 31 53 33 60 59 55 30 43 55 48 55 40 37 38 35 36 55 57 53 36 43 60 35 47 30 59 38 38 49 37 47 41 57 48 58 32 50 39 43 31 55 34 41 35 31 57 42 35 40 36 57 45 41 45 39 43 41 58 30 52 55 55 32 60 35 38 37 59 43 30 39 35 46 32 50 42 36 44 32 54 50 39 42 45 55 44 35 40 39 57 55 54 60 43 51 56 45 34 38 31 57 56 47 40 53 58 40 46 31 37 30 42 30 55 53 48 30 57];
num_passangers=[31 37 76 50 57 45 68 91 92 84 44 96 48 88 44 100 92 28 29 85 99 41 58 33 88 100 27 53 38 90 33 90 55 61 26 87 92 98 89 62 62 77 54 84 39 33 82 58 72 76 99 25 80 32 33 38 48 94 21 37 66 25 28 39 20 60 50 72 99 49 29 72 81 52 91 72 47 36 87 73 90 61 45 51 32 38 47 59 99 95 95 81 56 97 49 60 52 86 73 20 79 55 45 99 53 85 86 87 87 75 87 99 20 63 60 72 68 55 53 94 29 63 57 34 69 36 99 86 26 76];
BM=250;
CBM=0.500000;
CEM=0.800000;    