nBuses=128;
max_busses=130;
cap_B=[87 80 41 107 118 76 72 102 36 100 65 116 91 30 41 71 26 39 127 57 34 70 77 127 133 105 41 137 33 107 45 79 60 94 49 56 85 127 78 37 53 29 126 134 104 94 99 52 63 43 138 22 68 20 117 28 119 71 87 137 71 88 137 124 120 77 43 111 32 75 37 90 133 68 129 83 69 51 127 35 31 106 118 50 97 116 125 109 72 28 118 29 26 26 131 101 100 74 30 75 69 83 122 67 101 62 33 113 140 32 129 43 91 126 64 39 133 113 31 122 95 140 55 121 133 105 78 73];
euros_min_B=[6.766560243257577 12.567955777543382 6.572882588368249 10.057934329918577 13.203794205570684 14.419670224962644 2.1170785506252123 10.997026639276832 7.537376554947199 7.954046794573831 10.339923136208474 13.560035781728573 13.369810269704479 9.954006084793631 14.296317007914102 13.547026569300984 7.774504993460715 10.080849236538146 2.636193978501895 2.9406579390584717 1.293300547460886 4.717805962930173 9.39176151985588 6.160873286029044 3.2577621272249724 5.45191882041805 4.284201217087373 8.675127648747683 1.2837271573094762 4.692721566394831 1.8911125974100504 2.5726517274122935 5.202601506499301 12.82539389771803 8.51699207911718 4.819547711665163 12.542674031999924 12.085281675941026 12.576595472476273 8.544914131530236 11.176289085350238 9.78153240362554 2.7101814849448242 11.394933956118294 4.742251149445851 14.825141437662548 13.743260552192146 9.336093216185095 14.184906857466425 8.421611160787666 7.761327029075401 8.31423028795563 10.921978923451615 1.5071995446357056 1.9625676239405738 7.6737413761809385 13.256098671282908 14.80655045975532 5.566912548570372 8.48828711110546 14.455766035289493 2.700062898809949 7.81133169872291 4.713605200070697 10.721686471314925 14.2160942411101 9.884369651377401 8.369199954583703 6.126104108482572 5.001678766450652 6.362334892377316 13.625675586474136 11.151860830541853 13.569330252420684 4.898951174898943 1.8621735469654779 1.6114496875590327 8.75331497225013 14.583864157536617 11.696752333277031 14.763800647969662 2.048724091470082 11.691530717766708 2.3183093652110287 8.303527014102555 3.7457756810418354 1.1125670266206684 14.0708928651086 3.270086920196738 2.983408143872638 14.264415217277167 1.5780471059860859 13.795643619754475 7.843830761572201 7.907684872897212 1.249203390292997 7.149185343201484 4.6300928412540845 2.905487319826499 8.378129912898826 10.266220721256566 2.628695654988495 8.568547513588744 2.921525750779452 6.738004161332453 9.144146384856926 9.807847252263363 6.146914377170778 2.5878823278457825 7.073687776656438 9.198787649558785 5.370769709440783 2.1520857069604924 8.748268108510244 11.062201225239198 6.747924007595369 12.977130260221728 13.882216682857244 3.934614009670736 8.968024799516021 13.956958870356077 9.72564314406296 2.5665187398738363 2.1255547843888665 3.0891379169222173 4.698729021329738 12.076481288067189 12.888435868071037];
euros_km_B=[4.698637783260873 28.195284697090653 16.66426779267854 7.760729301989764 15.309676963084602 28.483043256490202 12.671162035382146 11.234283922469105 15.054293819434157 4.563691061896845 13.151604784800947 28.643254477065703 11.067335146739945 21.783864647416994 8.319439254537041 12.683150899048561 4.7614865650127465 6.131251929239624 10.785453182549332 5.9913094381704015 13.215089642330092 16.408682831768743 19.020771394869 6.31285852114265 13.768222035497757 11.773638322370122 5.595611092216119 8.297242284906066 24.531335251467315 18.642687051388393 6.80915434964438 24.13552669310467 25.372509771537384 27.954325315594897 27.456923838037497 19.44508159252154 18.589601713843702 2.3714601995721427 26.463242624612935 4.211331799453722 4.611932039042476 5.903929043420818 22.11927850563705 1.4356425589045578 4.649560843594869 5.998035919738802 27.406870370888157 19.656742949807022 6.944114135739071 17.215238913282686 22.743696966356396 4.760626168271492 28.35449805461244 20.02552429370799 29.59612762705106 14.687596767153345 18.416781766405524 9.176745798338327 1.069478629833081 14.911718138916386 21.68075162275415 18.25661705730126 23.5870291787678 17.696603732206775 10.06892646377244 21.6568463698031 29.674481752840272 2.0245473278153163 7.857600708721742 25.27346616703297 22.909467755123913 4.886568377401171 22.562622961228012 28.32824715013896 7.143848877972762 23.733010659655033 13.436749450297844 6.740929541946658 29.727973790748678 6.359591623514214 12.116637770656459 21.861677114593387 18.6984197152576 15.368810433713822 5.759306716218199 9.457827567597956 27.557145023062134 16.215745378028224 15.704356601962026 6.423891990087956 21.36633135956745 24.390281487713242 2.2227062863817793 27.087312295309882 12.191937451954557 8.084969580643302 20.60598109724517 26.481525734314257 19.587634482865532 17.100337736884004 27.009996346540905 3.4621749075986474 29.00052550479558 29.700137352338604 9.769313253483048 17.863305698849135 2.1245696160475465 24.13371268864197 26.234209274080996 14.650000891636445 28.600119382448945 12.924446485528124 12.433227370906614 19.386857996881425 20.020200237820255 1.8752578554442683 22.732906022704483 9.673591372246683 29.759856355161457 21.455684749334264 14.811491573061696 20.798892558699684 27.773380072801537 22.079128538888504 7.4647747469193915 15.28957971986422 16.105890771325996 29.75948461336586];


nDrivers=125;
max_D=[190 221 202 197 209 232 230 214 143 161 230 194 131 144 168 133 142 168 183 139 175 191 139 149 171 192 139 143 151 151 207 208 138 174 174 121 171 201 213 128 235 233 172 172 132 221 215 168 192 200 223 142 225 238 127 160 212 210 238 231 143 214 234 238 129 190 222 227 163 233 222 169 172 218 192 121 192 177 127 177 192 130 163 152 143 215 168 135 194 125 238 216 135 185 212 186 159 195 197 228 164 167 198 160 125 193 127 169 122 133 143 164 187 239 156 213 239 236 222 159 231 184 195 224 158];
        

nServices=132;
S_starting_time=[599 629 28 406 104 346 74 451 134 391 473 472 641 471 249 254 557 390 346 454 91 385 563 363 598 402 715 301 150 585 630 659 419 257 319 377 426 493 337 265 429 207 283 542 530 604 162 260 121 167 578 522 251 638 264 483 73 670 239 629 362 350 154 681 507 106 520 44 506 461 270 183 612 145 271 91 495 701 47 549 574 700 472 177 291 417 593 667 546 574 393 191 501 164 247 333 476 631 6 717 200 611 642 129 363 441 445 545 340 323 645 701 569 665 81 38 98 640 140 263 308 314 666 210 681 310 374 393 309 75 19 264];
duration_s_min=[62 100 66 71 86 94 111 93 76 107 73 100 95 73 99 119 90 70 83 77 70 74 95 104 60 96 74 75 100 100 87 84 100 101 105 68 71 79 92 116 99 87 76 106 115 70 85 91 73 113 80 113 85 101 118 65 95 70 82 104 104 82 69 77 96 87 84 84 88 86 94 101 101 81 110 114 62 76 91 84 98 114 82 103 87 62 86 72 66 110 99 75 81 104 84 97 114 75 118 82 112 80 97 78 81 75 86 66 105 73 86 95 87 96 100 104 97 109 102 114 80 64 94 99 94 62 113 104 102 83 112 74];
duration_s_km=[51 59 47 45 45 50 30 31 37 60 41 49 58 30 52 52 44 35 58 44 39 53 33 30 37 38 55 45 58 31 52 36 52 49 47 52 36 59 35 33 53 56 56 30 51 35 42 53 32 48 40 41 55 60 44 37 53 53 35 43 41 32 44 56 31 51 56 58 47 30 52 44 59 49 54 52 58 59 52 54 60 48 30 50 43 38 38 56 47 32 55 54 38 43 57 51 40 41 44 50 35 50 53 53 34 42 37 53 44 44 38 53 51 45 56 49 39 38 36 41 50 33 50 51 39 41 37 37 53 52 50 59];
num_passangers=[38 85 73 74 26 89 60 41 72 36 41 29 55 79 66 95 78 76 44 31 23 58 39 52 71 58 82 92 41 52 21 26 77 92 79 32 42 31 39 23 80 34 88 35 79 94 38 39 89 24 86 24 76 34 63 55 61 79 54 79 84 79 85 23 64 82 52 24 47 90 23 58 97 64 91 29 39 78 92 79 22 41 95 80 56 92 90 24 99 91 57 98 50 57 40 37 64 29 44 37 48 98 91 92 48 74 69 70 20 31 45 73 78 79 22 79 67 69 61 20 92 75 54 46 99 78 45 45 71 53 67 39];
BM=250;
CBM=0.500000;
CEM=0.800000;    