nBuses=111;
max_busses=111;
cap_B=[91 140 131 71 108 61 46 48 74 31 96 88 95 130 46 56 27 92 64 54 110 60 95 97 39 39 105 89 97 129 120 80 107 96 81 67 82 100 70 36 55 97 131 24 126 136 35 76 89 96 123 138 25 84 93 72 39 50 70 106 72 124 51 53 80 41 37 135 64 105 100 104 123 116 66 59 37 117 44 33 35 68 95 58 132 118 46 35 111 53 25 94 133 85 121 112 110 88 127 28 97 95 126 34 41 56 50 114 56 25 40];
euros_min_B=[7.889588426212657 7.117678445835656 13.000253105374075 9.532229561136656 5.531624672060757 8.485611848782858 9.216925638698044 9.143387309262847 8.479411654390656 3.560551941585281 5.132260515479741 14.08714969495823 5.3289201028337585 9.57070743834436 9.31484100160108 11.814985497389618 4.149712108844202 8.99815390917276 4.66834092074127 6.213339426636717 11.409742519711639 7.82646586388075 8.099292134477084 9.069220121667069 1.6710511110443897 8.416000576009568 10.523489177978435 6.60198981559292 11.1519645553251 12.038482810242744 11.853624325374435 6.00340059975079 11.48723427383506 7.23567947039945 8.69881047971311 2.1159083062877633 4.21981728961039 7.725973877789387 6.509016069372297 11.9681395377118 1.327757189565867 14.183558285672328 3.257189587403916 11.672867041870823 14.544485357246582 1.4122999850567626 4.490610344265262 6.196177528307991 13.075682666006609 12.206869913208655 12.433578473336455 6.248966339512744 11.932392349550753 2.8228675898806936 10.608349086064365 8.244611772328316 4.286421807407752 5.782992199185153 6.521157818957405 6.287337093472264 6.27673078395925 4.967294461848782 1.5899321611407098 2.7697891661007104 8.225160730753448 10.395998222096754 10.217521113862635 12.334536772191935 14.0360396866922 4.703392376438609 2.7560519203013665 14.40160971585022 2.7322646191408406 5.2202602778104925 5.716311411529791 4.633596729486911 1.5882925367621 1.4396900848408065 7.463585330492663 8.827578440077849 5.983444330694795 1.011839662000487 8.832567443918913 4.329122861570234 9.18830738931905 14.254673026347445 5.009636925216006 7.557908763228712 12.304953125610538 3.3869249730318094 2.074450850189453 11.777577188609909 9.942952283734689 13.871685687953631 1.468667942993521 2.7319420692765144 6.946846990677795 6.149355067944285 3.826813986419379 14.006461252925732 4.50138935653974 2.178972173191495 9.987409254796685 10.56418844437049 5.819034351956848 7.861672671394895 13.04905126790652 3.647648624754818 12.287197512645173 11.694766415874367 8.448352242707262];
euros_km_B=[14.924225386305109 18.270322017740767 26.024570695411576 29.46220642390721 18.20541304430583 16.821917911510774 13.75983514311621 18.48557588878826 9.441754308820522 22.7190959258347 12.077642631114166 14.988457746652227 17.35405557838392 14.520579048659753 27.72125900221775 5.092154590728376 13.057724768541792 10.425743448714288 11.258041722278842 20.414114027835073 26.704793652180626 2.057424366950781 14.823867814276797 7.645401020054827 16.51119359983828 24.141957788926987 13.98567382914769 16.05137970733774 8.728834668415342 9.87704729379842 4.237805039308065 1.3983912413810122 13.317607668151728 23.681940807308486 7.947239310187012 23.877111017825644 17.628501546539123 1.7089929658250256 5.849137037952821 1.1109419120170345 26.17451265531976 17.986618930395657 28.666213147222102 21.624997580496228 6.775650765546197 12.00830420554314 17.20548968754002 24.710203511710368 16.040015261800225 29.29616726994494 6.303847492661872 1.8639149629540879 18.265664109098562 11.045643701370796 27.651693079031354 29.050714936599025 23.351981937832626 26.912692639766032 18.528785806931975 1.1040762733312892 18.619383872537945 29.663351543006367 9.03675280347493 11.997937307559516 7.836870076435391 20.76231513882233 19.236560368619283 6.162769129144072 14.56079380167189 27.46197092699216 15.39984071523247 8.643952512845999 3.955324982096157 5.188538837701428 3.2892857191983897 5.304614223209745 22.683007841306956 16.9723784625912 22.72291397765488 28.138986403698166 12.644520690915227 12.549655772338408 23.56657931151714 17.113305242952773 8.02284642788787 7.528191508020229 5.418615197544281 15.333718055537062 13.647400094896971 16.65884761230573 16.229661133074593 8.205698009523177 5.100095717508661 4.62019401521815 5.918409986531239 20.664954584565017 14.32179235746711 15.683674136040622 15.683369071480998 9.307011158833607 7.959075507482689 19.83189177183351 25.386941012859655 18.579432162465082 13.733506606507051 22.826287351463282 28.190848233041006 19.578320882664904 5.361806532615555 25.47538746912685 4.179067513417355];


nDrivers=115;
max_D=[120 159 191 211 139 231 124 182 149 136 168 224 197 145 187 157 180 166 216 151 194 141 215 176 127 125 239 200 200 239 203 183 195 155 234 126 161 204 166 141 174 163 139 122 131 146 147 181 120 190 219 135 227 211 193 125 218 214 155 226 179 162 225 172 147 157 231 157 210 166 188 194 173 224 129 190 124 179 172 134 215 136 155 127 168 185 175 238 138 136 192 164 146 192 168 191 175 235 125 186 179 204 134 204 180 163 177 239 146 156 163 133 203 237 135];
        

nServices=116;
S_starting_time=[222 86 77 205 31 150 441 288 705 225 421 100 675 600 297 81 344 342 218 388 426 436 244 473 581 101 39 439 285 463 421 663 372 370 384 338 690 536 718 326 578 216 598 76 327 257 42 175 493 370 391 446 236 712 153 385 102 301 565 523 248 215 395 363 418 413 548 555 198 388 37 292 703 87 93 630 323 252 190 584 432 434 58 649 575 226 355 45 435 373 118 343 297 490 8 417 633 390 606 532 7 448 21 21 499 373 83 165 604 558 176 84 489 308 452 550];
duration_s_min=[88 100 100 114 104 81 88 84 114 104 116 74 74 100 69 61 110 63 91 63 65 110 68 118 78 105 84 79 66 60 60 60 96 92 96 70 62 61 84 99 91 113 65 114 73 106 98 116 62 97 104 99 116 80 106 81 117 91 93 69 86 78 66 70 77 103 61 114 102 67 104 80 77 79 102 73 60 110 115 71 114 71 70 69 69 97 98 101 66 75 82 99 98 114 75 83 89 100 91 80 68 110 107 86 96 92 61 64 113 119 67 94 78 71 80 62];
duration_s_km=[36 49 52 47 57 46 43 59 54 40 38 59 43 51 35 50 44 43 35 31 59 50 47 49 58 42 51 33 30 43 45 30 46 48 47 37 38 59 31 53 30 31 60 57 47 36 30 44 38 42 51 36 38 44 42 30 56 31 32 51 36 35 50 40 56 55 39 31 30 57 50 57 38 45 48 53 51 51 42 32 37 59 54 32 37 40 45 47 48 49 37 58 55 54 40 30 57 49 57 52 49 40 55 40 54 30 47 58 36 54 32 43 45 46 33 60];
num_passangers=[80 71 34 92 68 71 99 89 24 69 50 65 21 53 30 80 47 41 45 27 59 69 55 71 22 73 40 62 34 67 20 33 44 29 57 85 25 54 98 34 97 21 49 85 44 84 97 95 36 93 24 95 97 53 87 83 46 20 37 21 98 62 48 20 37 45 66 99 33 22 46 79 99 92 80 67 82 78 77 68 83 40 73 49 60 69 76 58 27 61 22 35 79 45 96 60 39 75 26 83 52 22 60 87 86 51 27 47 82 57 24 99 32 41 20 32];
BM=250;
CBM=0.500000;
CEM=0.800000;    