nBuses=95;
max_busses=86;
cap_B=[140 22 25 136 67 100 65 82 26 122 33 94 39 90 33 64 76 95 84 42 101 97 69 102 109 58 74 20 73 97 36 65 64 20 99 42 116 128 42 123 99 75 86 98 112 38 74 119 32 72 24 121 46 91 87 48 40 137 105 61 104 85 113 93 37 116 130 120 101 72 23 47 30 114 114 31 48 35 85 40 112 83 82 128 56 95 76 83 22 96 90 28 56 57 21];
euros_min_B=[9.163162659700545 13.107767602730403 9.766618434443803 3.572608602985083 8.087648401495365 13.155639763382073 4.837551139083914 7.883000704109355 14.10657755710893 2.5137639220659134 3.535639644111091 10.169537450318858 2.77782812697624 12.706131695198216 10.642457748974298 5.9879585060748415 6.8190280674812955 7.131928636851465 12.49185935488368 6.825723392664813 10.753411733960593 9.743823788102715 6.307399768563419 5.001534496785099 2.962925902490872 1.0993230954394093 1.6241008229500606 13.285114320526077 7.632723738840032 3.7411153998760582 14.991902986505496 5.9352669831725615 2.6147693309633224 6.130670351230079 1.3664158783391087 3.7045672535928493 4.277408306039151 5.193580880279974 14.749754665282701 4.244839302434389 1.5324259259438517 4.860464582123003 9.129218840310052 1.2569218940863796 12.411709268358305 1.92077088994926 13.810466759495815 10.134546368165699 14.90195004502701 6.723321162091407 2.6482066400867703 3.8870756188923004 7.14272439634348 7.333440640141231 2.2789910940147555 5.6071491268945275 1.7015061908030744 8.428889303191301 2.9111072808286043 8.229861528845392 4.231734100231071 3.770076557994508 1.0467185691836385 3.932033289273696 1.4757821214406315 9.382066001117106 9.818476103609875 3.044905132754224 6.180722826130216 4.9712751999614255 12.371574982346322 8.067241080657421 4.224401139600024 5.391153376793415 5.139545836910983 14.791694264390973 2.887904490663127 7.304040698116688 11.23510767522931 6.348843160405744 7.977646182251828 1.8567398138509872 8.777214876267621 3.0891890683401346 1.0643780278500903 2.3517846143570322 12.552896892930608 2.359672873193353 10.063138317145597 13.29896229438993 12.029209185507629 5.186610157116626 6.958022946855835 6.000138905029694 4.839213780678733];
euros_km_B=[11.75271106795325 5.234063311850778 20.20426017385149 17.65270426123224 10.16342589130088 28.37205707982866 19.4253184553 25.998431411252948 10.482707903210848 27.303099665336852 9.09088792773321 15.533388300837391 22.59386675177341 12.273775128199475 19.532194935139774 6.807294905312335 21.919148344794134 18.664787365349298 18.092704160885976 2.472412193650534 15.269164080485755 3.8551475746132042 25.935764248172273 12.206153759600992 13.463463956451726 29.552220554557003 1.1312317729131707 15.928287529591003 16.862426830492524 20.079537593051725 22.097417429834966 18.50325473243861 19.29855905194782 21.72476551048345 6.178225728357636 14.159984338177946 20.748485184742716 6.42348870460566 29.493713641153793 14.84227717529412 9.875140053414132 22.229758416917374 23.635629714185576 15.926549564248498 4.3483675839890354 7.706881304395778 9.965730310820799 25.344401695348697 26.20942050726761 10.555057999519544 1.3544341572751555 12.723613415965739 13.134963171845722 13.122389900213703 25.32026048026758 10.940164287288582 25.006593441406363 5.655793472987767 12.565968020848493 26.289060756544863 23.463466449408205 27.010758901329524 14.50342879530233 7.508945522421602 22.315764703575063 17.74283962413386 12.794820669588038 7.113174136847205 28.082514869020496 11.638789897803221 24.06225231559035 14.467276490114784 10.851877455515588 11.82957173608076 15.002200469908844 22.050189613901736 23.685259734027834 23.4827591408944 17.68220291937749 15.034660527892868 25.159282470748614 18.59282912755988 17.369953711464667 2.5248276216240804 23.641268731241627 26.785564081258507 3.6027584186010517 15.548141916944818 7.932776053900494 9.08534118661325 11.241958703039819 28.37733654326583 7.7505702019910965 11.35966711197684 10.570612939198918];


nDrivers=89;
max_D=[166 140 213 181 157 167 190 130 137 144 120 163 205 141 134 140 124 236 193 147 170 139 131 129 173 235 129 149 161 224 189 147 125 160 155 239 138 183 167 183 226 221 127 141 140 156 233 227 162 196 175 190 212 128 170 121 194 153 175 219 226 233 203 128 207 209 158 196 175 120 202 221 171 157 226 231 174 204 192 217 181 191 188 183 129 124 134 219 133];
        

nServices=96;
S_starting_time=[413 130 335 136 707 378 187 593 496 377 384 376 515 579 296 75 291 577 487 56 153 487 511 250 625 420 67 28 420 555 546 612 523 92 549 212 600 112 523 303 100 579 444 465 313 165 43 31 137 675 87 400 705 518 432 370 5 285 676 506 167 238 433 94 669 358 168 225 274 596 444 574 224 0 398 363 6 390 645 646 573 382 530 524 581 614 71 504 109 615 200 584 519 467 242 560];
duration_s_min=[104 107 104 112 93 91 62 87 115 78 92 107 70 93 97 83 100 61 111 116 63 106 78 107 76 104 61 89 115 116 85 73 119 89 64 112 98 81 118 112 71 86 73 111 62 73 101 68 71 64 96 108 84 112 96 84 66 70 92 75 113 99 116 112 91 72 120 92 111 90 84 88 87 100 65 63 60 84 91 96 90 107 92 78 63 100 106 107 91 114 90 113 111 92 110 88];
duration_s_km=[56 57 35 55 60 42 34 43 58 34 54 35 34 52 54 41 44 40 42 50 59 51 47 30 43 38 48 37 34 43 32 35 38 51 46 36 59 39 36 36 34 30 51 42 58 44 50 45 36 58 57 30 53 52 44 38 32 55 47 51 33 53 53 39 45 42 32 43 45 46 37 40 47 59 39 46 47 32 55 41 47 31 59 57 52 59 39 52 45 44 50 39 39 39 45 50];
num_passangers=[67 23 65 21 36 40 67 39 47 44 77 33 45 87 30 72 44 87 94 98 44 45 58 27 51 83 85 62 38 74 65 97 77 46 36 53 78 26 69 89 76 97 24 48 75 100 50 23 20 58 30 62 40 39 94 42 56 28 79 24 59 22 81 81 46 95 91 100 61 75 70 76 42 86 25 78 75 53 56 45 53 92 76 86 33 86 87 50 23 75 75 64 52 44 54 34];
BM=250;
CBM=0.500000;
CEM=0.800000;    