nBuses=126;
max_busses=115;
cap_B=[30 76 107 76 41 89 119 20 97 56 44 118 36 21 117 37 77 117 46 96 22 90 24 58 53 28 132 119 99 45 72 79 101 136 73 96 32 44 86 32 92 53 51 37 45 125 69 138 91 125 114 47 24 72 80 53 125 138 80 109 78 57 130 121 135 84 22 91 87 127 63 65 102 39 30 87 78 38 107 108 111 41 68 28 65 75 62 112 70 90 100 108 88 75 80 53 61 105 111 110 133 29 92 31 115 30 124 72 60 131 32 26 126 23 33 63 138 26 122 107 95 58 121 52 68 20];
euros_min_B=[9.863887267197773 5.904212922886154 3.7025437430977393 9.101270154584164 9.480971734724049 11.421404086701756 7.006246335632872 3.4633715501786897 14.876787641811209 4.090135458273226 6.108549984677489 11.81428142914256 9.859134060457219 10.096904536555938 11.859426374718915 8.610829822879733 5.92699418901163 4.488544532640097 12.463996877388336 2.8024954672052793 11.213964023042825 10.07830400866401 1.4995471345717926 10.745710539918711 11.852251701933557 5.059078098979201 12.28324620784996 7.012353475215015 12.348593433751448 13.602947077734768 13.584259297347119 6.343777590802461 10.190573690486529 3.2316686724189223 12.535734467420856 2.3608923160755144 8.548984406251144 11.614699978748144 1.6087106027743492 6.169891309931982 9.581142774799696 8.30048025248271 3.124586768451632 5.729820805224843 11.795273174545695 9.365767086743567 6.331871688266575 2.1268999708290117 12.960271238593073 3.7029422440754245 13.716015159199092 7.060739826677832 4.206680798405785 13.094648554083562 14.017814931608376 7.668725871757579 8.24845752473304 14.36138906754289 10.918703160649367 3.4226119022715524 1.204785427995616 5.489004723447653 13.40333168769365 7.760135833600084 9.214425924602535 8.756220785496104 11.867037841218533 2.309907708734012 3.2599373418225293 12.666229838395477 4.2100248385008125 12.687807894146435 8.315983647594905 2.835458163673417 11.842023144668982 8.519645400484885 7.708916746702747 2.3650098756375773 1.3696875159220663 4.236873859903378 6.439979839759557 3.991683941132349 10.802048708856688 1.575219757728642 12.64075739765529 3.8818952838526046 2.859251956144875 3.5427995902587606 4.408317647424459 13.0730248209441 8.463652986791107 8.884957760427788 6.910618095418564 14.625053548285141 13.38455767266211 1.4249567632950668 3.637631838183681 11.109599591664818 8.415887253441559 2.5377778276623175 6.564644071477088 14.122890002501432 4.5437388926651785 12.998862681575353 5.2135565053703825 4.26390827638837 13.962198209127704 12.436857500326331 2.7588726900043 6.473789771562728 9.12192654547727 1.4438014306335436 5.005478471959666 9.3258207361376 13.508649490920835 7.621906237164026 6.871593277169694 9.381183415993235 1.8398063951729606 3.026880704119745 12.210450871169268 13.469487010605748 9.547927262163103 9.496879215453898 2.893405027895284 3.8777799955474874];
euros_km_B=[11.177769369964237 7.874350568726016 11.254624269734373 3.43028384518852 15.036610840097211 18.56754698547834 22.216739047302735 12.716213399330108 17.131662867443254 2.1867690190812428 22.75495771359934 11.673849658808768 2.0623850997572273 18.494475657442987 10.993648689218388 10.082767945163715 2.2732158767940263 3.980298776712015 19.89382997324844 22.462903924815976 27.54709721435396 27.41348518225323 1.0762316624930084 24.46926217066161 17.234719731505404 24.820700379403046 1.426181439550381 11.587000136316437 29.25773102389113 7.587412039892651 20.875223798476842 15.991554899918173 8.80764616268391 12.963246164327328 13.862691325659737 23.39980880920288 6.69129081905519 16.64439238531878 24.665143808614467 29.518707009801368 25.716246339989983 28.898111583398215 24.87608719403936 28.067177723219167 1.5776847923194914 11.991079653667658 16.491061799253572 28.79417950368761 18.18612010478775 14.998349540477575 12.556987348869333 14.819576267101905 25.121324278237083 14.291509061063211 18.083976316098855 4.047701102539909 28.396638925791343 4.681378469817583 9.116891030451132 8.034258070018561 16.04586318599844 13.547338860655511 16.44332108224635 15.895047153523217 21.877258768436857 18.220306597472273 4.619727479510519 24.110679236679868 22.847940442724102 25.722834440750436 9.445644429652532 10.266384489327923 19.35638070600025 28.64027990964403 17.72298663669519 29.5656775140223 24.03408139855588 1.8462118297860868 24.982392929528007 16.598320924725904 21.378274076024308 3.4655777747859897 15.768402634147316 7.059508385848394 21.778670950002944 20.115987282287033 18.390118956026598 25.786093602791453 20.907401618689292 13.557981014034958 8.960948952839718 11.283799507633175 19.232979607130414 15.946565072611907 25.458033851971383 11.364056767607682 17.914801193848046 28.60293551557558 5.66832028579279 26.16260231977761 8.566857281065833 13.551121563951364 6.434883705900207 25.77627186802204 10.484586450638275 27.771171500456433 29.168283047476876 28.404752274227803 21.220277201095765 23.30571020093963 27.16476467880743 23.757613904679637 27.744256573434086 25.59672500584836 22.437573961616636 1.9717841329387285 4.457676406508361 5.901397131685831 28.637283947990333 25.53612611024671 12.02075972335391 4.909726539426107 11.97617801537268 20.9290116033982 26.44000163504808 21.751726035130456];


nDrivers=125;
max_D=[187 147 225 220 146 238 153 159 176 195 199 209 127 213 159 237 128 167 207 205 214 170 217 159 139 121 133 201 207 195 220 139 145 153 178 174 133 135 182 137 192 124 194 134 156 137 133 133 140 146 157 151 225 159 162 187 127 151 151 235 125 230 237 177 165 207 216 143 186 172 132 172 202 199 216 197 139 217 231 150 151 177 237 184 174 148 135 240 140 234 200 219 204 196 154 203 147 236 192 123 122 155 172 221 169 170 157 189 120 195 209 177 226 157 178 166 229 176 194 187 214 153 224 219 125];
        

nServices=130;
S_starting_time=[435 444 208 596 71 383 276 16 621 269 89 610 553 372 93 469 137 411 516 290 256 475 382 114 708 458 550 33 641 684 654 268 558 703 495 381 365 688 157 123 163 631 573 291 574 4 172 367 81 132 313 47 220 241 527 195 248 361 444 566 500 344 360 263 311 362 205 209 78 352 568 375 110 703 11 92 593 160 648 513 285 191 234 23 528 637 624 83 291 325 27 110 395 237 90 309 664 561 187 297 547 83 439 199 583 674 446 473 600 421 442 491 590 172 108 568 297 56 61 686 678 334 494 26 380 404 679 551 194 128];
duration_s_min=[111 81 68 80 115 75 88 63 113 113 82 96 104 120 92 84 109 97 93 89 81 97 108 72 114 72 110 108 86 116 83 90 73 86 82 71 70 102 68 102 86 117 83 97 113 86 86 79 107 101 115 84 65 99 89 76 101 109 117 97 109 88 65 114 73 63 63 105 71 69 80 108 65 69 76 90 106 79 75 73 64 80 114 104 113 87 111 67 76 94 68 67 99 90 77 107 86 87 71 79 71 115 78 73 109 106 73 114 84 96 114 84 112 82 68 85 88 119 100 112 76 82 109 107 70 94 113 101 85 75];
duration_s_km=[49 37 57 59 46 56 45 38 60 34 44 36 50 54 36 36 38 51 40 51 37 30 30 45 56 40 40 51 53 40 36 54 35 35 60 37 36 39 40 33 58 41 49 48 53 47 30 58 41 49 47 46 48 32 57 48 42 38 60 60 31 48 57 35 41 48 44 48 40 54 41 60 48 44 50 44 43 57 45 45 60 45 34 58 38 40 44 58 43 35 32 52 31 58 44 55 42 60 40 49 57 33 31 55 32 48 55 52 46 34 49 38 30 54 48 51 54 52 32 53 56 52 36 53 59 32 57 37 47 41];
num_passangers=[85 59 82 37 92 81 100 93 80 34 41 87 82 86 46 38 47 89 35 67 90 73 74 70 62 78 75 40 74 74 61 23 86 88 79 80 74 32 46 30 63 38 81 94 78 66 58 47 80 59 90 70 99 95 63 79 96 65 42 57 77 58 89 26 79 60 31 26 40 87 34 29 38 96 43 98 66 64 47 35 73 54 60 75 60 59 55 80 20 96 78 66 61 41 25 60 67 75 93 63 45 28 25 57 51 61 76 95 90 59 37 58 71 46 37 53 66 26 94 94 28 55 22 63 44 38 27 36 66 44];
BM=250;
CBM=0.500000;
CEM=0.800000;    