nBuses=115;
max_busses=108;
cap_B=[110 32 96 137 122 51 76 32 89 42 114 94 56 33 73 131 116 36 127 128 49 75 71 82 45 97 61 106 57 138 130 95 94 85 78 93 103 91 99 20 21 62 86 81 103 114 67 41 33 79 114 97 49 137 128 46 126 60 71 78 115 37 33 95 122 108 77 116 43 100 58 60 99 137 136 113 74 124 58 135 116 52 108 86 133 123 46 60 129 93 124 138 22 36 31 63 131 52 32 82 126 86 80 56 29 130 21 126 28 92 31 42 138 54 103];
euros_min_B=[9.7133990829354 12.481740077965656 2.2792449601725204 13.105895613580254 5.366648247149061 6.1920785400947 3.8687908832933564 7.923230021724692 9.557268624361207 6.326602806827132 13.358236531971071 7.363165427897135 5.66633610587177 4.357041813617757 3.071533791985927 8.535991757085068 4.050901018601721 14.839457897095702 6.553526346599533 12.377650350947237 1.1378641003022996 9.917373066772821 12.956448593588444 13.390460230279906 5.503886884323 14.619094235124269 12.135043144285559 14.014498510391297 5.067852781141587 10.017779017087694 12.864124473838269 11.567757240062862 14.649267772010958 1.9737914850332703 12.181837779881596 9.983872760788365 10.993042660345933 8.726176911116465 12.539635297572719 1.8544855672478964 2.9186534145077028 1.9165255985803933 6.919478700738141 14.186351091187873 2.7924520337494156 11.453782108211234 13.637684151576991 4.5484451103209205 2.9746428057950114 1.3023996714383426 14.979050745983654 6.683720340284357 8.273050209311945 4.4365472367494 11.512318365103086 3.978352529766962 14.534644127088333 5.161787972245515 9.666080446650135 5.023850023486156 5.869961155938127 2.851329896814311 1.3550843338424832 13.734688078492267 3.0449489936969356 1.9729504109582212 7.611258173425639 8.54548959152146 14.996467908571532 11.203626972073211 3.3784721347297113 1.4596320470784003 12.063873763735327 10.006472429931334 10.272578108293892 6.12776926682408 3.6765319405507872 11.87359835496346 5.792736722226859 5.505844771473377 2.3216241639527793 4.200182838909974 9.78562464044807 1.9936313929715375 14.358569866464439 5.5345410439284395 5.8698090773997516 7.598263425992597 4.24569189488092 10.762250102426364 10.302193598507646 7.705460723630902 7.948412523628616 2.3003639348170735 2.8935139051907663 7.3601601551847375 6.980790804234357 3.913924680981828 2.1234304955193055 9.422507229754624 11.999583164848328 10.473215638900072 1.2340613165241863 7.095821313813706 14.873057393652616 2.206075894610791 8.117290649420601 10.258851844731335 13.86472450888811 10.273290169074256 7.520171316467602 11.90764748619769 10.653542025715545 11.71609210037546 9.026578890974145];
euros_km_B=[10.742467492030814 5.832842434473652 23.276564381184567 9.605752850517279 19.12326473924497 7.931369051532653 29.078853533311904 24.849291203724786 22.058225543406405 7.848753852073525 4.595367438713707 19.408325356683257 16.67402403732993 6.044713769047939 4.8862111723347486 11.800788704316295 28.291416317988624 15.617602975509282 14.1041344474841 9.12069632936854 4.594604438479458 1.8967166363774974 12.648095225283193 23.53116432277035 28.117677259430675 1.179080570963957 18.52710005422825 9.9567279834107 12.79218219428683 20.63698295369973 2.586960012536271 27.73436575081496 15.338824793327175 6.106123618702111 14.986778096054072 6.459217407786989 19.940545391926193 19.214195092592007 4.55960228400557 3.5050286697868853 19.50276797205383 11.8486350204703 9.538833419481708 18.820667132999183 3.2328931856061516 19.344394674772097 9.968775057545303 12.541122638028796 6.234138135695128 25.502849431070768 2.579885265954137 22.51203642472128 16.574150182951886 28.978280405590414 27.543342726705763 28.58997072519993 10.707807725426743 28.649456374795754 26.272645538451044 12.15559828712733 21.20471007200531 29.727464762388674 4.795273165930363 18.522111315464343 15.26551435388966 7.939819234081081 18.22781800718085 6.293256198876014 1.649852693224815 27.377887536260456 21.82317887662489 16.352314033882124 2.268444899101664 29.4908644015396 15.149529113051983 29.484919421917336 26.73816474507287 16.352348134087435 28.445127011506088 29.072939336283493 2.0838378331847536 19.83842504834699 14.083522290357342 2.255994887094837 5.654668122617842 9.048234549763922 9.53376354809684 7.749630386731536 25.26754312702443 21.494687183366803 1.1209419514039785 28.91183875892244 14.032665729777374 28.86753789572826 21.046934992641415 12.46598384117333 2.595615612499386 8.331902227298034 5.138981732947069 29.962120338339023 11.52356200826065 12.062567298258296 23.805059772695873 14.570431727669588 8.713373455095388 22.467733569585192 24.67190344663525 3.3663166008011682 7.056770934611949 23.669836986698964 16.04356430177067 18.97590289767418 20.26077913806582 23.267580192351133 9.326495642750313];


nDrivers=117;
max_D=[215 166 176 154 238 214 221 151 225 193 152 138 220 170 172 222 221 144 144 152 149 158 161 125 174 189 205 186 166 227 199 199 143 146 227 159 129 189 132 131 192 161 157 186 147 147 130 207 130 227 230 186 189 181 218 131 191 211 239 196 188 144 202 126 133 142 189 198 138 204 219 134 226 219 220 217 195 172 154 197 132 123 153 218 138 121 143 148 170 211 154 227 214 193 233 160 143 142 124 200 233 238 229 197 239 197 160 210 202 124 234 137 121 156 140 122 216];
        

nServices=122;
S_starting_time=[521 115 66 594 395 550 96 44 77 226 515 408 4 667 99 114 283 648 311 167 449 307 356 570 649 227 131 460 701 648 522 470 681 535 135 107 357 487 105 145 447 322 482 30 412 433 580 32 499 104 121 547 693 196 570 445 422 720 284 233 287 632 323 350 138 33 288 642 603 2 420 125 668 625 434 703 156 398 125 297 381 281 545 392 657 113 437 20 175 262 134 697 503 90 353 605 657 502 94 453 509 532 693 151 315 115 692 21 12 649 596 520 500 677 331 29 584 114 457 624 339 468];
duration_s_min=[106 60 105 72 86 80 89 107 73 99 93 82 111 114 89 114 92 62 89 70 86 102 85 112 110 105 78 63 96 120 91 70 76 96 81 82 86 80 100 102 94 98 110 118 109 108 81 94 114 64 79 77 115 104 64 117 117 71 79 87 88 71 77 102 118 83 71 120 113 113 107 100 90 64 74 115 102 94 107 92 68 90 119 106 111 100 76 102 79 107 106 107 115 79 118 109 65 69 104 90 89 78 86 103 91 108 78 101 62 111 82 114 120 73 82 72 90 107 119 100 69 112];
duration_s_km=[55 45 52 33 58 31 31 59 40 46 60 37 51 34 38 42 54 41 55 51 42 47 47 41 57 34 42 45 36 57 38 32 39 48 39 56 34 56 39 39 30 36 30 34 35 49 43 55 44 46 31 57 33 56 54 57 33 44 56 45 30 56 46 38 35 34 54 58 52 42 56 35 41 41 51 33 44 44 52 30 32 56 37 54 49 31 34 44 54 60 56 45 60 36 38 32 41 45 41 44 48 42 44 55 33 59 43 47 45 44 37 56 58 59 45 55 53 32 38 43 38 42];
num_passangers=[61 92 53 65 33 88 50 26 99 30 54 75 86 28 71 45 57 30 81 38 85 51 87 44 80 42 92 95 50 90 49 20 94 33 57 92 30 52 69 80 73 57 88 78 63 83 86 41 76 36 59 37 23 27 44 93 30 80 34 41 45 60 27 45 28 40 95 31 39 62 72 42 92 92 51 27 31 82 57 59 46 33 21 82 33 76 57 33 64 87 38 31 59 26 49 29 35 51 53 87 71 42 98 73 35 83 31 61 49 39 59 90 92 74 54 66 25 21 60 29 31 89];
BM=250;
CBM=0.500000;
CEM=0.800000;    