nBuses=81;
max_busses=70;
cap_B=[70 31 106 132 59 29 23 114 112 138 52 95 131 58 58 46 83 78 52 39 54 31 85 37 28 124 110 139 102 21 39 55 48 31 67 100 47 53 77 83 101 111 55 41 138 123 122 109 34 44 109 56 137 23 94 58 63 21 90 79 87 140 132 97 47 75 73 93 71 87 126 34 131 40 43 77 135 109 111 66 135];
euros_min_B=[12.247646681688162 4.002622879299048 14.281612451866277 7.189547390556735 5.30095206337069 13.521259580870666 2.448810314505005 9.530734329190935 8.064122809522907 7.381831240728604 3.8718192864189422 12.893768981242076 9.360424420669869 13.402312369628161 2.816024081276968 1.726444886314392 4.955557268244885 2.009047869255249 2.7232589152368796 13.274865933059408 7.309144306346069 9.56263459061134 11.288252336931206 1.3813399477501438 6.487801654426482 12.834826106631985 9.104112575335277 2.927780729582156 4.679321351422385 11.51709548210862 5.322218143064332 2.5539103934792284 12.65084218737866 4.377560049575223 3.502290569676182 12.345343079927437 1.2659367768453074 6.149661004661757 12.439612480400035 9.849221804103784 5.046279425760255 7.776252884806475 1.7822031499104773 4.158563788504539 13.644735743731282 14.07633201939615 8.826723265109603 12.219979663285221 5.632491886408955 7.893338117974279 5.559655828424454 3.00532969169072 7.988542101298946 7.917452582587744 14.924525819135162 2.929836953582 13.294573879870034 14.863059018524593 10.808194474099528 12.899262846350211 11.993680247829303 3.955236218505298 6.723462704865258 8.701794265790284 3.959763410255635 8.675294614478833 14.013738248008462 9.518583115228878 8.6612486709543 9.36697486686233 10.099031548392414 10.564550601988502 11.33416292698472 2.985514597143839 2.877446489078062 12.922576971947452 8.828099228658356 2.9498169182714005 14.864305998894615 14.884340171344014 10.567400655726088];
euros_km_B=[20.363087351034217 22.20738959774696 16.826100881940643 1.508973636139948 12.474987599484685 4.217878264521504 22.770241870559317 22.376220735576354 17.774286037809684 25.418684223337184 15.803308781121782 25.279673269687922 6.093977243287214 23.098364674337045 7.417220809952092 29.230678545916014 21.92860471345804 13.938966180894305 2.130546574447972 12.448068909914513 25.749966217989673 2.8228599899130247 26.41618649353838 2.7881712887287984 3.7775471282737296 8.06561074902067 9.638765923608918 18.385096953407796 14.143689383725645 1.7056861400716172 20.59113878720331 25.700151140167502 18.087950825343952 24.776264709940197 22.46533776743653 18.24957334662167 11.206067597920718 14.585166985128486 6.977560104282932 28.961077480563358 1.4833583540440483 24.606165582906414 23.36177797003993 29.16987225305925 11.177319140322451 4.420082628669265 15.245739957355713 26.29188040838552 26.38453769638329 21.124897452807048 7.157120512830208 4.693320180395036 15.239574173988297 27.108667884160276 26.230153111193466 14.953127043438544 9.003024810139912 20.50299792010425 4.180878277533035 16.511603787153184 7.265921931403042 5.2419490057986 17.32417231405187 21.974498920138185 5.843892795952117 25.474793108325315 16.658145586048185 26.95852479634226 14.552575437524366 24.597608612205935 3.662605329652293 22.49849743573736 24.912391383446934 7.988670303759424 18.591573981321602 2.5167785123443567 11.144315699904052 4.995746106183614 25.62758331176854 21.54776839399016 2.811513187052517];


nDrivers=78;
max_D=[123 235 145 229 221 197 203 171 182 180 156 215 180 121 139 206 213 228 128 190 222 183 211 216 153 138 162 152 233 140 179 238 172 184 197 183 237 138 238 227 231 221 135 175 173 229 224 126 139 161 222 185 206 156 156 218 121 217 185 233 224 201 160 142 203 221 134 191 175 166 186 206 174 232 128 126 239 132];
        

nServices=83;
S_starting_time=[667 480 223 173 706 153 211 696 300 264 654 508 99 587 436 240 141 308 235 425 632 71 143 78 626 690 169 629 646 75 40 177 500 542 480 571 442 330 50 421 562 463 131 436 105 645 308 227 332 606 304 432 256 718 425 580 114 572 166 63 500 649 606 685 1 326 360 323 574 195 37 182 124 221 571 547 406 314 117 609 369 570 271];
duration_s_min=[67 99 111 117 78 91 110 111 120 88 101 108 94 80 101 77 85 80 100 70 74 63 118 92 110 75 70 95 90 67 102 87 64 115 99 92 66 67 110 114 82 84 84 60 75 94 86 83 113 62 96 72 78 74 103 64 116 63 60 74 66 104 94 96 88 64 95 78 108 100 60 106 116 99 66 85 114 72 61 114 90 113 116];
duration_s_km=[45 60 34 48 35 33 46 48 48 57 46 35 31 60 49 46 43 32 35 32 50 52 47 35 51 38 59 41 41 41 46 47 39 48 31 40 56 30 41 57 52 30 45 52 44 31 56 36 35 46 31 56 58 38 57 31 59 37 54 30 42 51 48 37 56 42 58 42 39 52 39 58 37 43 38 42 33 40 52 42 56 33 32];
num_passangers=[38 66 71 71 71 95 86 22 32 44 67 76 28 24 62 77 63 62 33 25 69 71 84 70 95 59 69 43 96 43 60 34 29 63 59 66 64 98 39 91 73 100 67 21 87 23 84 31 53 63 43 86 43 64 54 78 23 31 90 89 77 89 89 71 62 20 30 46 58 98 27 37 67 80 43 67 86 71 56 55 79 21 76];
BM=250;
CBM=0.500000;
CEM=0.800000;    