nBuses=65;
max_busses=55;
cap_B=[95 123 37 40 35 82 76 89 124 26 127 99 116 38 76 136 90 21 68 71 135 54 111 97 64 28 119 129 31 112 111 124 88 27 63 107 104 98 25 131 118 31 87 21 104 71 115 20 58 140 72 42 35 79 138 140 52 82 62 46 59 34 133 133 21];
euros_min_B=[9.649094882113001 5.6378727543827 3.8705549494808897 11.904430734785938 7.694308172805478 1.5788249884431746 4.5618126092710085 11.542348147636723 4.263115362038908 12.287835121707538 11.433987297957083 13.811177660539565 14.309743373181716 8.359770086811285 10.707339160143434 10.599842887078758 13.981831950259382 13.827363204074569 11.257396574853608 9.47407803425639 11.704497400162538 2.900163575045025 12.21553733394725 10.10797029021295 7.250751233233507 5.865280410617588 7.359295128121607 10.299614632270474 7.9571077536114165 11.918288576645242 9.983859654193841 11.411584424429492 5.1457110574072615 4.327907059232853 8.563348010003484 6.576132951231109 12.57559213721931 3.026255279283767 1.8245858956406202 6.586249082362295 12.351859385738148 1.8584474525552468 10.96220171271828 8.196729479492465 9.62563785406015 5.2259953682715325 13.352778961696492 11.871491831622631 4.410228229986677 4.390692289033826 11.29062266124081 12.84267406637321 13.334760328128375 14.043331154397668 12.066986452482958 9.21047944002734 9.176119810438394 2.7095727994970673 8.008677617969427 3.9193847187062354 7.079139954590245 9.882911952060098 8.659078121593144 6.603414088883403 9.532782698214403];
euros_km_B=[8.430756852295483 9.40840744758436 9.945335820013502 25.599387287085175 19.924304644127343 27.03812062862846 5.654568843292055 29.53971245185359 1.1292549070872688 16.37684725300648 15.413261724718602 26.92138588375865 4.828370476576277 13.334809635355457 3.152085404698191 19.431656917865553 3.6993331344108022 3.503116406597579 18.813264110109458 28.975658063663886 7.650771754216364 3.737029977856405 14.626460911411371 19.741503080370123 23.6123606874917 12.92767853715525 19.786826465826294 10.246740048100516 10.581694955464435 4.360032037200564 5.936519640425423 11.99458986345508 19.581663354977348 27.744027414948725 22.88602452991622 29.35783572742908 22.796693041670487 13.301019772513275 1.2424375267067242 18.399011566076883 18.10440664057854 8.735843249029333 17.898908453525017 14.587996204863808 16.310001053556668 24.157982885276844 26.263140749614468 9.709038083065579 21.784930522250477 10.60922420168245 15.005811600290192 21.375659434664815 2.277181402580685 24.32695665962285 17.314740984956163 25.27063650732892 28.035894066878647 1.770688579967473 21.464361650556025 8.98600396969248 20.166498933231253 20.065608231679903 12.148655335008389 5.675787859470401 26.055883199076934];


nDrivers=64;
max_D=[144 191 129 207 174 177 140 215 132 165 126 166 180 204 234 148 127 188 186 213 216 222 125 202 225 239 210 159 191 168 152 127 138 123 169 227 158 220 155 137 201 218 169 137 183 163 167 196 160 222 124 218 173 172 208 197 222 209 160 148 225 215 189 209];
        

nServices=69;
S_starting_time=[275 704 186 473 699 244 405 433 223 175 402 434 619 79 712 179 324 301 610 595 257 419 587 237 278 132 422 200 18 502 341 150 550 581 142 258 705 323 316 383 128 312 243 364 533 611 175 651 249 444 183 589 461 574 334 50 71 337 647 448 223 458 486 662 278 718 225 672 191];
duration_s_min=[65 116 64 69 80 60 114 81 91 116 107 92 67 114 84 118 114 63 99 117 103 103 65 63 67 93 112 79 85 94 95 69 104 70 112 78 97 61 84 108 95 108 116 83 62 76 111 96 84 73 97 101 87 100 71 93 106 115 63 102 71 89 105 115 106 102 64 114 90];
duration_s_km=[33 48 42 59 31 30 55 57 43 37 33 36 54 33 32 50 31 32 32 48 58 39 38 41 50 35 42 39 31 42 36 43 33 45 40 39 38 32 30 37 35 57 44 32 32 52 35 52 47 59 44 54 35 44 38 45 51 39 42 56 52 36 46 32 37 46 38 35 45];
num_passangers=[70 45 80 100 75 91 79 52 98 70 31 96 68 39 21 22 46 87 44 27 91 35 80 40 32 60 33 89 34 92 54 73 97 59 100 41 44 39 69 36 64 26 87 33 26 63 99 64 55 39 33 73 79 55 73 84 78 100 92 93 49 66 62 36 52 71 22 100 58];
BM=250;
CBM=0.500000;
CEM=0.800000;    