nBuses=129;
max_busses=116;
cap_B=[91 131 38 116 39 66 77 115 86 54 114 59 111 115 133 51 43 137 120 82 121 133 32 120 51 117 79 128 43 34 74 106 73 138 88 37 80 55 93 49 43 121 112 100 101 68 91 81 49 52 22 100 89 92 112 95 69 133 127 91 43 58 93 66 40 118 47 132 22 37 130 47 133 122 87 58 75 98 125 37 54 60 127 103 70 98 101 36 23 124 125 129 137 44 46 34 21 95 24 77 37 80 129 39 52 30 31 72 114 91 71 34 60 111 102 125 82 122 109 22 96 81 49 77 121 27 107 104 111];
euros_min_B=[5.697220887715774 12.20053198082496 5.137087780145507 6.422218191897239 13.561831682267252 7.812786096402081 12.61549966666726 11.85877414930107 5.067568829569412 10.012288472879824 4.132882338367881 11.613442879168517 3.0752363938807803 8.844928768125087 6.3786407604351485 5.907501444099261 13.328382570396158 3.119925411168656 6.567782900840587 2.8350346383390335 13.688439179525446 3.271910228392459 10.6042386810265 3.4710241293194724 3.598145900345652 8.087804671497771 13.589508738276034 10.220635794167565 8.520550627283228 12.412646434200722 3.1172360878139633 2.6764421411324304 10.346112380990283 4.585170990435731 8.400199448891243 3.52884136097842 7.312875372170029 5.143210309176617 5.083773533593973 6.663514651763388 5.712724025909413 13.571332346588331 4.740817241484791 10.340689393639554 12.387198244202766 7.835565505526387 10.886863748722797 13.537838748219439 10.976999578510714 12.69373209512474 2.393338491864192 11.778852903083964 8.198325529119264 3.689534729321204 13.792500010542161 9.762013955450762 10.376867234295622 5.326354939239088 14.982434436817103 4.542579555616422 7.996683389666827 4.44756536754686 4.6719827357791495 3.8471555969715636 2.551458646853815 4.7044504823515245 3.0099307007742184 8.32764060180191 6.917149100126865 14.560122241038396 4.360607962067961 5.014160067622134 11.433087082749493 10.217576337579423 6.868307665129385 11.76233798599118 14.790454887849364 12.173522661846096 12.123301821706278 14.790531857316086 6.680597139511331 3.7013874618257923 6.643346303216745 13.693571779011625 11.508778060408812 13.025424164217041 10.897232938090918 10.504576315305352 2.2795188420134993 2.8059387402147973 5.405906733362105 3.2141789988021774 5.377167769213356 1.9518776171565824 12.932955392284804 4.991131118465235 5.556658017282892 14.029260075496031 10.398618479345133 7.7126397201714445 5.977524583870017 10.982566317987162 10.467266347752668 8.039632732568197 9.983083659774575 4.379794372866554 5.417676222597757 2.316779690091117 11.971641652416109 7.615893476195099 7.7690943430048005 12.243079982890414 5.377541069781559 14.276807271267616 10.435931976555802 11.450408151744512 12.913655226470851 13.750403148811955 8.428492180647341 1.3558662447343397 6.064874988375557 6.71625364907531 4.165871335549408 6.829414895936326 9.096222882229249 12.771563576482757 11.341941345880997 2.896439923179817 7.82820076193296];
euros_km_B=[10.017016157586168 9.142366257847984 23.545727676829266 4.353526635516296 3.7782896187906783 1.7143984872141405 1.2108845980151228 23.926556710634166 22.98979086217127 2.6104313682280518 26.044274069648576 10.513214500936868 19.946559146355984 9.062902509492346 7.645423694481488 10.497165844140389 18.85113486395091 18.59206129769415 23.606228970665807 1.1218124537026415 1.4099712173402756 18.446124381475773 12.983006217438664 4.225964026636006 8.930615480607866 13.207426298217547 3.353751019440684 21.46892201851184 23.406832268711998 23.628086004925464 21.397880824377452 23.29687619218379 5.529807296624614 16.89009666763457 11.664249904004638 16.148060127128197 9.043269726332474 14.127147233232678 8.193377511349782 15.348243890607616 18.996265665200905 13.7012430830421 11.656183203430437 16.18478609465889 8.360702367843327 13.031427401810715 23.371948148549155 1.448905280595734 5.561076170691795 2.2580175302934027 29.95205457440277 10.39177809885295 27.5015877500993 11.63203976229559 8.482555609083606 8.382977694700365 2.879225188621277 25.969315765109858 22.47151694083175 5.816722167387322 5.391818377950476 8.178651421582604 27.577780472343225 3.9156873119592848 6.3796754277925345 3.2343823317382547 4.158684018591345 9.547486485688589 3.0989951412699024 18.501345439412862 8.572233809684548 23.842805130033547 2.0091954481015875 10.429676484420764 5.8505098170273815 28.68731982528555 13.687286171012905 17.83833344834002 27.524446135234935 5.652793314792459 29.611009094069704 6.581591461665294 22.71217003049532 8.085511455332696 23.324491784948826 22.51279416427954 6.154071244917965 8.370504992127408 28.736620166275305 11.242289220537645 29.30536356128092 12.943951273118428 3.0762294499272143 29.41213108068133 26.559170875305117 18.650834302011024 28.527487663624225 13.649997896212918 19.409004100308525 25.357342659717784 22.110654396567515 4.504574691815554 5.821980385548273 16.822537652925092 7.556667038671394 24.275650875973767 20.049606158001048 9.544757407777242 13.968621729242114 28.753225465554515 18.53474278452814 18.06465614083682 14.479374350366493 21.723971790606452 25.619016893783225 3.5228202960224815 27.586207002827067 23.493376402614576 5.338214717422309 3.1735970969872755 9.00915788727426 17.233711917425275 9.764807768453093 28.04394920425175 18.842846538485915 9.540551098169285 23.00123162384635 1.7019351948484274 29.336127260126155];


nDrivers=127;
max_D=[236 203 177 134 187 215 203 201 165 157 207 228 211 151 165 151 211 147 174 240 227 217 195 233 145 201 200 127 222 193 124 233 141 144 233 147 226 232 233 180 192 168 222 128 140 159 211 208 218 127 191 233 153 238 167 217 150 135 222 141 171 173 153 128 200 166 203 187 228 134 217 233 152 203 179 216 178 186 213 162 169 153 164 150 223 230 147 240 217 164 131 221 165 160 188 160 234 213 124 192 222 198 229 183 147 126 135 135 220 189 220 132 199 217 199 179 185 210 121 211 177 188 201 205 156 188 124];
        

nServices=130;
S_starting_time=[158 47 418 382 522 1 351 108 687 150 623 415 516 402 256 540 409 37 705 40 159 90 157 274 629 116 147 19 481 512 712 62 220 417 291 681 243 241 333 284 401 464 291 89 712 114 254 234 264 282 127 241 220 322 241 692 630 74 163 472 70 486 82 176 127 620 237 339 596 346 386 522 544 480 53 652 680 386 160 515 640 485 255 426 358 590 61 245 163 434 341 223 269 667 312 418 240 708 171 640 528 99 108 345 13 261 313 686 444 209 582 281 98 162 302 590 619 93 504 708 235 110 82 578 568 690 714 47 687 348];
duration_s_min=[104 72 119 61 101 86 91 83 61 84 66 85 70 113 69 105 114 104 67 68 77 67 112 73 111 61 99 87 112 109 72 64 72 112 73 70 63 60 104 65 82 113 104 73 61 63 87 110 120 104 95 68 81 63 110 95 109 95 118 103 81 98 108 69 105 76 109 90 81 83 98 111 81 74 95 75 80 102 67 61 108 77 66 99 114 95 114 118 103 88 75 87 87 85 96 98 86 111 117 69 73 73 96 113 116 61 80 69 69 117 72 76 72 107 70 120 108 106 66 91 67 87 62 95 68 74 92 94 88 114];
duration_s_km=[38 43 35 51 39 44 51 31 37 36 31 39 46 42 48 36 36 38 56 45 56 38 43 48 39 45 53 34 32 30 35 46 34 38 42 52 48 36 54 59 36 53 32 59 45 36 51 50 51 59 50 49 59 37 48 31 55 54 30 51 35 46 31 58 36 58 45 38 42 32 35 32 50 45 41 58 50 52 38 50 44 32 43 34 38 32 54 40 40 51 59 49 49 49 60 53 50 54 33 45 42 42 31 50 57 44 57 33 55 33 33 60 33 56 42 59 60 60 60 32 37 54 57 37 53 54 41 59 48 34];
num_passangers=[52 58 76 34 65 86 33 21 21 68 95 41 100 97 45 29 84 31 53 89 30 41 33 46 72 56 89 69 31 24 79 32 61 87 62 44 39 54 70 98 31 33 92 63 61 24 94 97 59 42 85 55 99 33 23 42 51 50 24 74 23 92 36 84 93 30 73 99 29 24 24 58 49 23 33 91 73 78 78 95 64 55 65 28 40 83 98 95 20 97 28 92 81 91 59 99 27 68 36 84 34 98 69 39 46 48 21 69 50 26 72 28 60 70 77 79 78 87 66 63 97 86 35 25 37 72 81 86 25 21];
BM=250;
CBM=0.500000;
CEM=0.800000;    