nBuses=79;
max_busses=80;
cap_B=[39 87 77 105 75 90 23 39 81 55 126 92 136 85 136 114 80 122 62 23 70 140 74 90 20 23 32 42 35 92 107 72 99 25 109 82 77 103 125 104 93 64 120 133 126 26 47 49 68 24 84 98 48 107 22 25 52 133 130 52 96 84 127 98 78 103 120 83 92 130 74 111 66 62 105 97 108 98 52];
euros_min_B=[12.05407977115795 5.689582112859333 10.496197787444277 14.268642049024969 2.8829251418981565 6.856421883786258 11.335987550243198 8.300514106674928 4.863594656708156 12.610660008698131 11.699639600846483 10.072249633632527 7.560042590877818 3.718011582154511 10.358854679504674 12.154671044305841 7.0517526268340935 4.357799404233626 13.635250769582042 2.4487958053918604 10.264402022677334 12.658994348809935 2.101936064083368 3.674895954727787 14.458043206981376 12.704672340091044 2.3877501420614307 11.481698784182909 5.209839174548399 12.559683109384737 11.334753769543848 7.504227722432711 7.5068075616754335 14.12071116965644 2.393113682852391 2.1479278932384025 5.641658944891391 6.103935184234735 3.3045994768365365 6.363184373936108 10.703258673390161 7.549394522467611 13.293372946698438 8.835001338155951 12.809664273844204 7.631035427686566 11.275498246931067 1.421274031208474 14.452631007646419 1.870191489075025 2.4229044980773637 7.640688059148995 9.264421222963335 5.392151633777187 1.454264364328391 13.688974736781962 12.142485228414973 9.284730196487518 12.938588054248276 9.884089905041387 3.4807182897381113 13.216231537667387 5.127702791392941 2.491171365250834 2.557322416107118 13.408366769896661 10.121232805409168 5.351513567797042 3.2620152301900065 5.063844700325709 12.59959029072326 1.9529937416677794 7.733598071816534 2.719740972297639 11.921783617309954 2.427822328054199 14.4555208584447 2.3836554908142977 7.823735543810345];
euros_km_B=[21.54070696592064 25.04274684757738 29.289643626110205 7.831733680275162 26.868642092462768 6.372709458294287 8.369201720438479 1.7450610139201674 26.112296017399306 26.49744681724093 6.078221948110279 3.803454711267868 7.4086529187157835 11.6244737867472 27.305136621124966 25.166801023891022 20.12994613452858 1.4740211429943604 5.905947097860319 17.43402422158368 20.69745103717978 4.427976622727902 24.494678363747497 12.93181248933383 11.466007730783117 27.997716505239598 5.624105992613734 22.357949526132717 19.63960071850716 6.211379501502209 26.61834669123231 29.415008212970267 7.7376443275442535 26.389549120432182 14.595912787169443 3.9438015520274465 18.95945576346369 27.929074335937898 10.334125184036003 7.773657580682614 18.369893875696455 29.534034750977128 8.822576893382251 18.816398051238277 21.135721019136785 27.456717437169996 7.99636484963506 29.266206559381928 4.2983240831111065 28.3871655565129 24.464810232443963 23.700840094069907 9.96162529255638 27.600422142885353 13.752854840954575 13.396842998220619 11.707480533375378 22.97203625083233 23.933830019696554 4.924718545038482 13.475126097499468 13.246021528582334 12.789196973510979 16.300711580725633 26.995515215039013 13.399615309905762 12.005062246517252 5.723718914034391 29.891467028408922 10.169368259619667 23.84704670252971 28.78644295408625 14.565009658911018 25.525514614526433 8.069820313734143 18.157830956123433 27.680595387237844 14.942237079867198 6.718007238227659];


nDrivers=74;
max_D=[153 152 160 205 222 223 122 194 192 133 197 234 176 130 185 162 214 129 195 199 174 215 240 192 167 172 210 213 158 122 154 237 126 201 181 188 210 160 146 208 123 167 164 168 127 150 178 139 213 160 128 223 234 130 132 188 164 122 179 229 214 224 149 149 227 179 157 210 124 180 222 206 129 219];
        

nServices=81;
S_starting_time=[616 454 173 686 597 117 613 701 704 686 459 67 689 101 128 61 674 142 714 576 78 453 315 575 213 544 547 356 306 373 537 348 51 8 677 505 54 100 591 698 89 69 116 249 637 522 38 518 73 489 247 580 312 435 619 680 717 444 25 688 374 567 480 524 584 367 544 9 297 686 321 293 618 584 254 685 222 544 586 405 163];
duration_s_min=[104 77 111 118 82 110 84 113 91 80 101 66 62 72 64 85 70 110 89 64 74 112 85 94 93 101 70 88 112 93 62 81 74 82 78 116 88 76 86 83 90 117 70 81 112 66 92 92 85 98 119 87 74 75 104 75 100 77 71 93 93 118 88 92 66 82 72 109 116 71 110 119 95 84 96 88 99 60 108 118 78];
duration_s_km=[56 45 57 40 40 34 49 34 31 38 40 46 47 58 43 48 59 30 56 44 59 57 38 44 36 41 55 36 39 49 41 47 36 50 60 38 35 55 39 36 51 54 41 52 48 37 53 60 35 59 53 60 49 60 50 35 44 30 48 43 55 56 51 50 54 53 44 45 44 60 46 47 45 47 47 32 40 32 53 31 33];
num_passangers=[82 66 44 70 96 85 94 84 75 32 56 94 53 21 24 86 48 84 31 54 49 73 84 32 30 64 36 59 85 85 85 87 72 77 53 24 91 90 84 74 90 35 34 89 39 89 27 51 57 25 67 82 47 26 80 37 94 66 96 81 20 37 72 38 38 39 67 85 95 83 91 66 67 69 50 30 26 83 62 25 32];
BM=250;
CBM=0.500000;
CEM=0.800000;    