nBuses=80;
max_busses=80;
cap_B=[95 78 45 134 110 34 50 105 71 52 71 121 74 132 103 138 24 45 51 58 58 59 20 40 26 98 68 71 118 88 26 71 122 74 58 119 101 111 57 103 64 83 50 98 70 110 38 98 49 106 64 79 131 114 68 73 122 102 46 111 82 51 53 47 113 72 107 37 99 128 67 94 65 113 22 122 88 28 50 38];
euros_min_B=[10.66674396734424 3.695009089551398 13.284357525394636 6.50122467613213 3.076394945663801 10.181028717418634 14.584903612238973 8.140818728138651 3.553897931874994 9.454895520226623 4.668034958506465 9.50322568834188 6.617599817254148 10.0602675505911 7.968549446000555 4.021647353699172 2.376643902085044 12.503210238436798 1.1592345349988713 2.51719380833924 5.815379581195747 4.5735259781096715 14.468110622317175 2.4032610227350206 8.316195318527154 6.250553009368056 1.9508987661594743 12.116375626568061 2.860381091401958 3.772804408901366 13.334243077706542 9.973511293709596 14.093761704511609 3.4347689808807647 7.260368516478514 11.950219543421355 8.370719743389168 13.00336021300453 14.814443751894713 8.78768544189965 11.6494846283771 8.455659274655314 9.935003303430141 9.176065235496239 9.172254982091687 4.544307960936844 2.738236074284189 12.924754438277004 14.905019210922358 2.719995097165098 2.838059862590965 11.150622612481381 2.9627268947887457 3.467210444646576 12.625201104565578 10.045619024794888 12.533087948417561 1.747800848155237 5.893513610184324 14.558450748289715 4.811406711454674 1.1457335533794388 3.328276535803476 6.586953751714351 1.6638523921775032 11.619549157730955 2.1437678090489865 12.056386792942618 1.5607615474582444 7.684541727478778 8.947421851270496 4.100384965546553 1.0469607114045245 8.564100319342604 13.701086177038903 9.371421902897506 10.356039241318989 9.612605103068105 6.877802983014424 3.122881303230688];
euros_km_B=[14.355824683530267 10.37720628303721 21.015367489002767 21.150510262484996 14.747357803717067 4.954412370429651 28.490465840113053 25.379313306776066 6.377487520075735 10.282680377574206 2.706455415071739 4.163441823571274 16.44266297667143 26.50147942060935 21.428460911196705 11.435376388134024 23.82187916041591 17.023696582037346 27.455274999666205 18.695725777356824 11.109146310260126 7.877540017963351 5.05997240991222 26.332294930834 12.26190214583697 25.222201743197147 15.873964219290471 21.58785201610367 18.38916691198312 23.504135302402737 6.361675475992489 17.91241302799889 12.898684091144847 10.725413922434036 28.19895345083721 24.32736311098869 24.980844899524214 18.874255315200053 21.37729268399566 2.934322780393327 26.59017335007575 5.749730646966547 16.505772000441628 5.916735995619114 5.298452628790959 21.989425630994404 13.350060569616321 26.936446826372194 11.87932973800409 4.290766237201303 15.90717586714695 4.710754169948672 3.7445964529106073 3.8936082676146855 26.328067637131536 26.243215823050992 5.870890894474933 28.53683894187693 27.672359455867014 13.707243539254211 9.817230134166868 6.024233960592834 10.039835422555958 24.854451910184064 14.339454993242597 12.399537569710992 1.793874410968026 25.46548678501005 28.96690354656336 3.0847316911810907 19.653294275924566 14.265330915660304 28.0645141556699 24.66955725938217 29.107920102899836 1.8119087950643782 7.883059237706917 11.939224067920236 27.755829219320848 29.53511375038998];


nDrivers=77;
max_D=[194 209 186 125 207 205 216 121 130 223 198 150 169 183 188 139 156 171 235 207 205 210 123 201 170 174 153 168 182 214 153 135 215 206 227 194 219 130 187 224 210 200 224 233 215 211 235 222 218 146 177 127 222 132 212 120 239 125 142 177 147 162 202 173 188 219 168 239 237 152 196 202 235 128 160 141 173];
        

nServices=82;
S_starting_time=[72 242 315 178 515 277 220 285 273 499 634 666 697 36 493 641 114 594 254 408 619 517 710 715 566 215 462 245 93 161 61 574 415 492 31 498 31 290 114 651 11 203 574 422 262 249 337 234 523 264 295 348 719 15 540 159 522 143 665 109 317 644 335 627 250 76 293 97 85 202 649 447 5 85 50 23 99 280 279 546 190 553];
duration_s_min=[80 116 68 68 101 108 85 63 79 113 109 66 76 68 81 95 88 84 80 98 75 63 99 120 105 114 72 90 106 82 93 63 88 107 97 96 65 67 69 63 66 115 110 76 95 98 88 66 88 85 85 90 92 99 101 81 96 69 68 60 60 83 64 73 94 65 87 102 98 93 67 117 62 78 86 86 70 63 81 76 64 102];
duration_s_km=[47 35 33 58 33 51 45 32 41 55 45 50 39 52 34 54 60 32 34 31 45 34 45 43 40 44 38 52 59 34 54 39 46 41 32 34 42 44 46 36 59 54 39 45 43 47 41 49 36 39 48 52 43 56 60 30 53 41 34 53 47 60 54 60 40 41 59 40 31 52 33 56 42 46 54 48 59 38 35 40 55 47];
num_passangers=[88 74 33 55 30 75 87 71 22 80 86 32 92 92 73 90 79 26 34 99 41 84 89 35 75 61 27 82 30 60 100 31 76 74 33 90 88 73 56 81 71 41 34 92 68 54 52 33 30 92 26 25 69 38 94 65 57 52 46 38 87 55 37 79 37 78 48 92 64 25 98 100 55 43 39 53 27 39 25 99 41 92];
BM=250;
CBM=0.500000;
CEM=0.800000;    