nBuses=114;
max_busses=113;
cap_B=[85 34 139 88 121 38 38 37 36 85 63 79 87 95 79 110 89 115 39 122 118 139 138 98 41 38 86 28 70 35 115 105 54 64 56 134 47 101 54 65 33 109 58 68 122 104 74 78 133 124 114 48 45 111 78 101 42 119 41 65 68 95 132 55 116 71 59 34 51 34 41 128 41 77 35 107 52 132 121 63 28 45 77 26 45 54 40 59 26 109 26 24 67 86 44 35 102 46 25 127 21 89 22 52 121 20 92 118 132 76 97 28 47 41];
euros_min_B=[8.792746916448998 2.959322270594334 11.395934412604726 5.330923468468135 4.046460864976418 5.78849259074247 13.523339459186834 6.572080202727165 9.466769807578585 14.548874921461064 6.861711072849081 1.8033418135984827 12.10979930888383 3.7566115611572783 9.744623360790325 9.17199752003728 11.98755536509104 14.48133794950209 12.78525517050804 3.857519078964847 9.386447906266627 7.105823928885636 13.271989746105502 2.977541770873323 12.877068973098392 5.597389915343556 10.355859572913143 8.929182022794496 12.172954516750186 14.139656131424058 12.92698172050244 2.2644426053842315 12.792004820471082 6.462316984813665 4.949452231080535 9.469537453935342 7.938993319913498 2.698742193886354 5.227384934742688 7.9468131676160665 1.7542944661030202 13.583919784061228 11.664756248003544 1.318945212758901 5.61007539939374 7.879110737115671 7.702094631147457 13.74416912875563 9.613437833273728 11.174655722888563 3.601847324535841 1.7869818076951725 12.578088653580284 6.960752003719712 9.221118414827334 6.729993486520415 1.5881700434909072 8.873200880167404 5.048226767424096 2.401703861828506 10.719547374925188 10.358262297436564 2.452558432085934 10.647992643332685 3.527541920497483 11.717600843131155 8.185931167771052 13.81049539474683 14.995304193958171 5.607344134346835 12.563905083003299 13.224170132078253 1.081427982627045 4.18535379245797 11.490430083394015 2.4280426605863066 4.1612355162858945 9.439486006263682 1.45469111598591 11.661038114821963 10.845805053167094 4.014557412672591 14.94627062509502 14.951757139728985 6.9975507528279985 1.6475700481272895 1.584150791293467 6.517939391197901 6.47808515644714 14.441907531300064 12.873831236094972 13.901376483367674 4.671010664823695 1.9657769409154302 9.772934575779738 5.7692478351070005 14.920588967672597 6.575597583322839 2.0939302154485437 7.33800129804196 12.914021067666784 10.97979733029684 13.232917295166395 7.867024342364228 5.486595220199416 1.9923063981414733 1.691641741478111 5.123257119202143 1.7858989548613107 6.003869762376487 1.1797796254501127 11.646686564196827 10.623485566949684 4.905385321152338];
euros_km_B=[16.863906813307988 15.437839814058623 23.68410184382335 27.354601386145333 5.0525889930665775 18.837569063343516 5.240875575636838 9.207514801276163 28.62442682110676 3.98161895532176 24.44717992787521 16.233531056214822 4.631258336795183 13.924687289918955 29.71783049666556 17.088720432825188 19.398828556601888 21.24136623393227 19.53354627550163 14.985193398275937 8.43254408401218 9.757362898296742 3.3861186610261056 28.714979617506483 3.8792211037590016 15.627989587240995 26.766585703689046 15.838394771135482 27.11532222100692 22.03641228063542 2.181176185114473 17.08429189973897 22.774384943813565 15.970080053412337 20.32073669522719 9.210428458420195 23.338080985281298 5.080491342149841 2.2004140835298927 24.11514033658934 3.5302645499694782 15.366727292824326 4.851431487807687 17.47911960695003 6.5853527803571374 23.45777986025188 6.197859954489944 24.16967093548809 7.064156522915362 28.864243174187678 25.97314108679697 10.805606534258821 17.431919124113257 9.957900715978148 25.699654907847098 11.362067188865817 25.945572641956826 17.814468374533014 13.01106771091713 7.263702863966638 3.3282387735174925 12.837274710886147 16.404915106020063 23.16971028327555 14.667629865243072 18.010595903053513 13.517361888721464 8.939428494880119 10.32911666088515 9.289723654723582 23.446230158920567 18.087064994999285 5.59797632719794 1.3944149908291945 19.733829111154126 20.540996681572864 27.769881294200903 19.192847701641952 8.095651459406266 28.42240703580991 8.605724003320024 24.27155901692232 4.335559731661892 26.17397649282645 11.559112623097189 7.9051460434407606 21.281338657738253 22.365873029521342 28.245350048078297 3.567974369672798 8.107173167718848 10.563374620099193 14.894442374391044 26.416553093262866 18.953593531348652 12.729554098396452 17.798269483385557 25.913526838221383 23.615711331287553 29.09393159370751 10.64337361334288 22.571509735051112 10.986246164915006 3.8991599048860244 19.51610145296152 19.367844531899262 2.5498339113972395 4.038012348299542 18.09325819093483 23.161701904866227 5.044866562129627 20.906328440747018 9.028733228313689 25.609428720002974];


nDrivers=116;
max_D=[162 123 198 184 220 208 226 203 228 158 199 188 200 159 165 222 164 196 231 174 198 137 226 156 182 224 179 179 231 127 137 226 153 190 152 139 173 212 140 131 199 143 230 195 156 193 204 240 134 157 125 165 213 236 184 194 150 145 183 131 142 183 190 168 205 205 187 212 189 121 212 148 237 198 164 148 191 139 198 211 225 187 153 202 150 155 127 200 219 121 205 159 230 188 120 201 123 231 130 225 229 162 195 148 177 157 240 146 158 175 202 149 214 157 137 181];
        

nServices=119;
S_starting_time=[481 405 119 97 699 348 376 503 208 566 25 216 220 536 80 91 513 293 508 622 697 240 435 446 445 655 434 399 422 198 626 347 686 320 252 37 22 627 703 488 144 631 564 272 522 315 409 457 501 81 316 363 705 712 38 703 494 30 477 248 219 639 652 224 194 119 612 278 79 99 148 134 97 114 442 461 114 649 201 277 300 313 161 241 170 484 346 552 548 330 138 555 714 276 189 143 708 103 167 577 481 444 410 567 210 437 233 635 262 311 414 706 149 361 508 47 80 153 158];
duration_s_min=[70 93 82 94 98 99 107 100 70 72 96 61 108 119 68 100 116 120 107 61 96 114 75 76 71 73 110 120 119 70 76 84 107 84 94 72 62 72 65 120 73 111 115 67 118 118 116 97 80 100 105 111 117 93 76 84 72 71 92 67 70 91 96 88 75 89 116 112 84 88 90 94 80 120 119 113 81 110 112 95 115 97 96 88 63 71 110 81 61 86 60 78 73 88 105 66 110 76 92 119 92 75 94 88 62 112 71 113 83 106 112 72 114 75 114 96 87 107 90];
duration_s_km=[52 31 50 43 51 51 30 45 59 45 34 53 51 36 41 36 52 53 44 50 47 51 34 31 45 37 39 41 39 45 54 38 49 31 36 38 42 35 50 42 41 43 57 37 47 46 35 38 32 57 44 48 60 55 48 59 57 42 56 55 53 31 40 32 48 43 36 42 49 32 38 34 40 37 31 60 32 54 44 42 34 31 32 58 44 60 31 35 39 34 52 40 34 31 48 36 58 37 56 59 35 46 32 49 39 42 57 36 33 56 39 34 60 41 52 33 42 51 54];
num_passangers=[34 73 68 33 36 65 85 28 86 95 95 80 58 94 44 97 24 47 41 67 74 67 51 48 32 22 89 23 64 50 30 52 100 41 53 27 72 48 56 61 48 86 83 21 72 93 67 94 30 89 70 54 80 71 73 83 95 98 56 29 75 88 21 21 72 85 46 90 85 55 87 30 30 59 74 21 41 79 29 77 68 32 80 44 93 29 41 57 93 25 50 50 32 46 42 59 95 48 74 92 50 47 32 64 73 35 22 26 46 71 58 45 35 97 40 25 20 57 87];
BM=250;
CBM=0.500000;
CEM=0.800000;    