nBuses=74;
max_busses=74;
cap_B=[51 57 90 117 60 65 46 101 48 45 86 66 41 73 83 47 31 129 76 46 46 42 65 32 81 30 49 46 105 58 33 68 35 113 106 108 44 125 99 80 128 48 133 122 109 40 22 120 97 94 48 68 52 124 50 115 45 22 32 139 24 23 106 105 99 37 140 124 113 35 37 117 22 25];
euros_min_B=[12.49354148601887 4.064307924579189 4.3072621917815725 3.522810704158645 2.9657946695297017 6.900794676241307 13.961143323418328 4.14413212096562 9.515773883613608 1.016732309195537 7.623968177040544 5.8037417753868175 3.024865551151916 9.327536011900671 11.895358675884179 10.508430215219803 13.030333838270293 8.636239627879363 1.6381651411046199 10.973194714704686 1.9923312722082043 5.980686850087357 1.3744046114405164 4.537664515276887 10.426927427887982 13.024326960438016 4.87656555313316 3.175652880773418 14.693718420811367 9.909542827415768 12.867880012733513 10.005256721075352 14.035787924754912 5.971659057985775 3.129290225005289 2.487672826896783 10.499936923707608 2.20236637225045 13.051178922812342 9.704994902034485 6.063715008667233 10.769014713543507 3.22694154215506 13.586189811093583 9.22642120716159 9.528143086365187 2.7001615258953096 8.116469133393332 2.442863695594972 13.698002908155713 7.440124943638244 6.491655014767229 11.322496214664525 3.3039458344710977 11.653482409181597 8.370152188459757 5.181473406412878 8.077826010854746 1.4257804225281436 8.894290985612805 12.396840327387812 2.1724875952383105 2.270474997040063 7.385413978357267 10.39974909461926 9.754963212098263 2.1753075956419434 9.391174220899227 10.18750980576363 4.173194824641138 14.316849399349543 4.270817742170074 2.453875764854125 10.480234397466003];
euros_km_B=[16.439168425435817 9.645915835966946 19.921069702073382 25.295467936962865 12.727275915478808 2.1630219374184207 27.482415308349655 15.817313621615675 18.020900096561434 22.847391162155187 11.488473780977671 8.767459579103313 1.4329101458244637 20.704144366248613 7.831360937012296 13.524747077452162 7.643884015884236 5.7462499823022775 14.618609657644749 2.6883482437269013 13.759282304993075 22.85673571282151 16.740711434018035 26.562626868808852 25.07882402844556 8.571632834070204 17.88154738694649 2.874320843774881 16.157683213393728 10.470755231387207 11.812643585990006 23.7271887163524 27.751862381661155 19.794482006122042 22.46324386230104 14.855440619832967 6.693448550255826 8.436057871942324 27.308883414650243 10.834121237524936 27.243771918848285 21.87648464682473 26.756454180478816 6.044949860628969 18.375370430361748 28.488703897758878 7.977975978778985 17.15161612822612 17.81682865334702 16.80581039498123 4.862683309217254 21.311253352325977 22.626888812604044 5.457322911753913 9.651976615641772 25.762913744614437 24.14399519113787 17.026875194336956 29.077343917980574 21.44834266178283 18.876414972045456 18.86545504971103 4.978275380897254 16.489480674327183 21.29069496593807 27.559782890333572 3.277986725142211 27.88954862431122 23.065899648277952 6.451284196511229 9.378207804760148 4.385892110260103 16.00247273109139 22.803432058052113];


nDrivers=71;
max_D=[206 234 188 137 137 143 192 172 182 120 168 136 215 148 230 124 185 195 240 161 137 121 189 203 160 217 148 194 189 138 188 226 220 224 187 138 163 157 137 222 148 160 189 220 240 121 147 138 142 229 236 149 161 169 215 173 157 227 200 197 202 136 236 177 239 146 211 163 176 218 131];
        

nServices=77;
S_starting_time=[193 653 198 651 549 657 633 192 298 330 383 702 171 588 355 504 304 184 551 596 581 114 46 513 314 418 636 377 125 121 487 545 552 343 65 495 4 176 548 48 296 479 336 228 158 540 586 50 102 587 419 102 21 46 161 145 136 276 514 327 673 684 703 709 487 707 180 294 390 231 96 557 672 110 493 145 170];
duration_s_min=[79 93 62 95 96 73 113 76 102 110 70 84 117 96 84 60 109 64 83 71 92 118 115 113 61 115 115 69 88 110 112 92 79 97 78 63 69 86 64 82 106 108 74 103 97 95 74 85 106 110 70 73 104 68 107 91 107 93 80 104 113 102 120 64 62 101 66 80 94 110 95 99 110 69 63 83 108];
duration_s_km=[31 59 53 35 48 56 57 47 40 42 48 54 49 44 32 54 40 55 52 47 38 47 60 36 39 44 56 53 44 47 46 34 50 37 53 54 49 51 56 42 57 46 50 50 34 54 46 54 54 57 59 36 38 58 36 54 60 49 42 43 51 48 52 57 36 46 51 54 33 53 32 36 51 33 56 58 50];
num_passangers=[34 94 38 63 82 98 41 34 27 23 85 25 93 76 75 76 36 63 80 47 33 23 46 99 81 30 76 42 99 84 83 74 55 48 57 33 93 87 61 74 76 47 60 46 55 44 52 22 53 70 71 40 75 62 80 42 25 91 93 66 29 22 49 98 48 37 65 34 65 29 56 74 66 89 48 55 76];
BM=250;
CBM=0.500000;
CEM=0.800000;    