nBuses=123;
max_busses=115;
cap_B=[66 119 43 135 112 47 29 49 51 112 50 100 71 133 84 129 58 125 127 43 134 85 38 99 98 78 61 71 27 35 74 85 41 26 36 127 72 51 38 28 47 111 117 109 115 112 87 60 84 85 115 38 99 124 123 58 82 50 127 20 104 97 79 109 83 79 86 34 100 119 49 130 118 48 112 77 76 121 60 45 74 33 105 73 67 83 87 81 135 120 101 111 59 57 30 80 79 131 100 46 137 61 121 96 96 63 48 107 50 100 34 74 29 90 64 127 65 139 97 99 115 96 39];
euros_min_B=[13.71806853188074 12.399294488105767 7.140548432473115 12.742501628117813 2.9414508292866275 14.10979160966396 11.26716786321603 7.7550262560828305 10.426822404903518 13.475190652131884 12.988762314289843 9.856425873547398 7.410101835028625 11.025447731251138 5.5383504313702465 6.496074807553883 12.487861312447412 5.780816757888772 10.381403638949699 6.265353060296029 3.11279752467012 2.981041971511327 1.8018763766628314 2.1316932972654166 11.229808679913944 2.943133248564293 4.308260583389622 1.7144835997505152 11.489292696925748 2.5593378502155963 14.174165030821548 6.755076596302343 12.394793708454726 7.422822738133414 9.51790505664409 7.016016438388201 2.869311179101579 11.568712274852484 3.6404240688293923 7.928685936728982 4.024788915926478 3.2362198408795253 14.772724974222742 12.902919623101292 5.6908453599148885 14.05382123979437 6.409557315838074 8.415327014683736 2.5904316564114787 1.670065284200951 7.386518483377699 6.193297266897595 10.125223903161347 4.446517244908033 14.12092547142343 1.526543225479306 4.194857675986247 7.360793753696463 8.674487783681034 2.5765433175220345 2.852708499495784 10.100998955701508 13.80008653892197 3.5708459025034567 7.707751573055356 7.330540540526506 13.691127829309211 10.870070333453015 2.049437974008786 10.856273279150546 11.054243914905763 3.1122452126826414 3.4955559101001925 9.088495701682552 8.555516333023776 4.981036253350672 5.467845306784095 14.930002266090687 14.396404536521302 12.469778663600284 1.7354589884417977 5.495508667655925 3.8684113115660637 7.864047213146448 4.086110052958302 13.189819090721105 14.829292345378528 6.7531746960340095 3.6953275654901914 3.241080564104686 1.7114924172183346 5.049950531285229 11.78991383405121 11.41452570118284 8.477675492170647 2.586468359550395 1.65197189884219 8.128320230923647 6.0222089475710225 8.67108984869694 10.035720609926532 11.612652006123472 7.578468506397529 2.039563674998232 7.828489426192907 1.6984058471500123 14.896972753521966 2.7601462991511285 7.40218560665534 12.176071373541493 1.2661306066224953 11.589588782930925 2.1836260668365535 12.007514898998362 5.558430261342639 12.733268474309114 3.4887304149073164 7.197454936683392 7.54538808043988 12.241145729590727 12.783798118385151 10.71205519243855 8.435934910878476];
euros_km_B=[18.882107466086246 17.865543604813052 22.764554627828407 11.134544760816242 25.415571373072908 15.338685790218749 27.655797038000948 17.793828487379674 28.096964005314632 3.27984591142052 15.918766340153262 14.388130694252528 25.55604046960624 12.059229109540771 15.66904356546307 18.089406015779858 25.357089416889746 2.0259521714563733 15.953477565586137 6.750773010339595 29.02346169784912 1.424859350549341 28.042653707814818 8.457621757738522 13.003519867664194 2.58343147565842 20.20833947421053 10.665809128798623 21.373122430692202 16.13452653245974 9.400892593390854 26.827061851795957 15.669179007338265 18.140812410444443 28.08442597254788 28.756930291362227 22.200099370995908 17.93793172597431 19.637646740644634 18.76614454240761 6.5886304279238175 12.20552337532794 28.017151042782878 6.833876042373434 2.065762764161672 22.86338933244384 14.92243483967471 29.25987972037444 18.674849144522863 23.76589175598432 23.350709124840332 18.830595814902026 12.638655224387831 15.002231852099431 7.87599633852067 22.04856813999969 13.23755793056788 10.889534934316288 14.993256947203932 9.643687859677556 7.606944839115508 16.835055802652036 14.808173402622621 16.924178352981734 12.991951209813468 15.509101265349324 13.12486620222053 12.62079491520031 8.182103777918496 27.132800843194893 17.19880734775016 6.837314140029604 14.646314949991659 14.812028129023576 16.039122505577627 4.716865563728383 22.468916199285285 7.156098645766632 27.650690685791385 2.5495920371412537 28.412905334001216 20.181401563047256 27.428412351544356 6.034536120147458 17.066272544327138 21.32993189259639 21.512926680317438 26.293883811399635 17.233318254340862 24.874476289676114 23.896854066235292 9.47605363736331 5.069825150865721 15.52306083709329 27.79367431054669 15.662939158627564 2.2388245916243825 28.869591415598187 21.53867504388626 25.890816789862203 26.39044725066997 6.994437685860994 4.508879246229035 12.448413805651102 1.0847273377607056 3.8047811566023615 14.634084061965067 19.193136311781757 12.166522758474809 14.894624241023127 14.14995908803233 23.10237705050814 28.565048607142185 26.519099200428194 6.694076590106435 7.90824107277593 4.602869526789543 21.730250740670606 26.783420681942324 2.465168889219451 27.36302698386349 3.7959836617093003 18.200624965933216];


nDrivers=124;
max_D=[211 187 220 240 164 149 186 195 188 120 144 195 191 204 125 214 239 210 130 210 217 143 223 169 185 215 164 209 126 236 237 149 193 178 180 134 127 169 202 185 156 141 185 137 216 183 155 149 193 129 126 202 158 180 238 206 129 204 171 163 124 146 196 200 173 225 202 230 148 235 133 155 135 188 144 139 144 225 134 220 196 228 217 160 165 223 214 130 199 207 202 186 188 146 133 210 160 147 220 170 199 211 240 230 185 148 213 232 172 229 173 123 124 166 127 220 129 145 197 126 136 240 239 176];
        

nServices=125;
S_starting_time=[36 197 136 268 438 265 44 191 563 87 558 272 20 620 710 177 660 71 357 651 716 350 170 206 220 445 306 295 539 4 481 40 13 67 173 175 156 189 204 670 248 130 157 665 563 94 689 184 638 121 142 437 496 673 426 162 703 393 165 462 367 376 717 124 43 129 444 50 375 538 154 260 675 616 486 130 425 106 279 477 78 450 313 168 657 473 85 445 688 205 348 486 584 3 714 81 720 488 397 218 373 377 166 148 488 121 385 355 80 600 630 522 13 266 550 559 6 594 78 157 2 282 441 513 15];
duration_s_min=[84 86 64 105 78 109 99 81 108 112 71 99 61 113 66 96 69 107 91 97 91 64 109 108 90 117 89 60 67 81 83 63 91 93 63 84 119 107 87 68 64 115 102 68 112 76 83 91 109 75 63 105 82 118 95 110 65 78 70 61 67 80 82 69 98 83 98 61 109 63 72 83 66 84 73 84 73 60 88 75 68 100 63 120 84 91 78 118 110 65 103 110 79 115 80 90 112 117 110 91 101 92 110 105 86 113 68 77 72 75 102 88 83 110 104 120 106 120 99 104 96 101 60 70 96];
duration_s_km=[52 55 56 33 42 32 56 57 45 50 43 52 47 54 59 30 53 39 40 48 41 41 57 48 42 35 42 54 37 32 35 53 46 37 46 37 53 54 31 56 54 53 45 41 36 56 39 57 49 54 60 45 32 32 42 52 30 39 32 53 31 51 56 40 50 36 49 45 60 42 41 33 40 41 42 41 45 50 49 39 52 38 35 56 58 41 52 52 59 54 32 57 49 32 57 36 45 59 43 36 51 60 40 51 54 39 51 30 31 59 34 52 59 46 48 47 47 31 42 40 36 38 57 60 54];
num_passangers=[23 75 90 33 43 62 33 73 42 35 79 29 20 47 40 64 95 44 86 48 47 52 65 37 46 80 33 92 93 83 48 29 53 30 41 87 28 24 70 41 73 70 72 24 74 20 96 42 89 85 82 64 100 58 56 44 34 100 46 48 48 25 61 93 66 57 97 23 55 31 20 90 77 26 48 49 72 63 47 28 52 83 31 58 88 41 80 74 20 61 76 67 70 99 65 24 29 53 75 74 80 30 43 55 68 22 78 53 49 96 35 42 32 76 47 25 45 37 93 85 53 95 91 76 33];
BM=250;
CBM=0.500000;
CEM=0.800000;    