nBuses=80;
max_busses=77;
cap_B=[54 52 31 108 87 51 102 46 75 23 89 107 55 63 133 101 34 98 72 135 140 45 132 40 51 29 134 91 23 34 103 58 20 76 100 88 93 116 114 44 55 47 80 87 114 128 98 134 30 91 75 74 90 87 46 80 61 30 77 128 96 110 114 113 47 34 46 43 127 25 117 59 86 125 47 121 50 90 55 23];
euros_min_B=[8.710909324581662 4.142744554343466 5.037618955816281 13.310018466360523 6.598751471165569 14.612496016465471 10.22748341929082 10.777633054946937 4.075757945805858 2.997491799397223 9.540136263203298 10.902839166534122 3.6221685963919734 11.571610117683703 9.776739445947639 8.76567882203064 7.028857685982456 5.044484659207486 10.716339894736524 4.62073161053439 4.224203988663506 2.6779058179203887 2.252106737272933 2.4366940450911914 1.340385804570853 3.4437418415874763 12.213013492165226 5.959454850885686 12.75486416454633 6.154640259235709 4.112172217372697 10.276844875192259 6.802854239148988 8.359958850999206 1.6321717049556719 10.335910093505912 12.790238727864011 5.1754705117830495 9.221941731204378 3.7886102691002375 14.754720412230794 14.873827288738461 11.080166003085406 11.814930861101205 8.966339987589773 7.225732315705485 11.79102900320156 7.747392554176102 14.454715238981347 10.402164822356209 13.360954712610734 13.711887948792448 3.726104905764932 14.136632169307553 13.963581247179526 1.535568461235225 7.166377268873824 6.261433074375182 13.812628841220247 3.554397394671364 13.430454442281977 11.410341514415856 11.219309166415897 7.654016755049325 7.0501578866712595 3.054947099665471 11.711552667270087 8.463810844127227 1.8760535347633631 13.56459526644118 5.17696588965887 11.278428194088265 14.705067677672933 7.17860122986493 2.8006973042521603 1.438027582903772 14.93878287604435 2.0340063375268267 4.339509553901107 13.318302083552613];
euros_km_B=[24.59317225095723 11.5053634208385 6.767044505876907 18.56849170698519 4.979575804575333 22.081465115121645 29.598215901752678 23.67452909680793 1.3384060427644484 2.001509363168774 19.065673658425407 16.335738567977756 21.15529467489284 3.0283007157771276 8.605076610233237 12.762940740635424 27.446621701649516 14.731123951594585 26.788951431458855 4.032848896173489 25.9016261682507 13.285476535800377 16.025264212200298 4.91192818247823 3.5598328258579652 18.271993064919837 4.7400890046081425 18.786450424051118 7.454667284622949 29.620495523164365 18.960973301149618 21.51786401515195 10.65715662001535 25.25625194400024 2.245968237035283 3.3394422603216136 25.65006712410446 4.911315845388907 20.841337540828917 4.165338464425865 9.639541091769118 13.80513715434596 17.04408601206529 16.469234347746266 28.698092403743026 7.088425616518796 5.785905103137556 24.41844497449282 20.961782722057308 26.96381652396401 19.44737824117265 15.266886573496967 23.489569621438335 18.15608908904212 24.785548406775142 25.817983117956235 21.195353859390412 25.985088939009668 16.474749827075456 6.557144401370897 18.07643749626351 22.932606708942767 11.869396713718373 8.700957337381954 19.947132071365502 8.991772128952118 10.393903750609171 21.252015500026225 15.767502581181766 7.1599976903706555 28.024696046333936 7.522551096571285 13.435124940683806 23.412834168414584 17.658461118155284 27.535023723316172 15.20233215814485 7.744830161474998 19.751070786853862 22.682775635363534];


nDrivers=75;
max_D=[190 236 151 212 161 199 166 150 195 192 181 231 192 212 180 240 194 158 134 120 140 121 173 218 201 201 141 155 182 211 175 176 200 208 132 192 147 237 212 178 219 204 134 230 144 150 142 148 173 193 165 162 162 172 210 166 217 233 160 195 132 151 126 186 209 187 153 153 216 202 154 131 236 228 181];
        

nServices=82;
S_starting_time=[259 34 430 255 212 660 309 683 352 271 510 547 245 8 185 294 310 351 480 389 196 486 287 242 6 90 324 82 508 80 607 487 137 711 485 472 155 697 567 168 0 650 66 343 238 327 653 433 298 19 28 258 57 93 324 88 88 16 340 301 538 323 637 342 65 390 125 504 624 689 604 80 128 572 86 271 152 357 412 147 647 637];
duration_s_min=[99 69 118 114 88 114 65 84 80 61 60 68 72 110 70 69 107 108 75 118 113 67 71 70 94 114 63 93 111 115 101 67 103 73 73 101 117 116 110 113 63 118 96 69 82 67 67 101 89 88 111 70 78 94 65 105 110 71 113 63 74 76 93 119 97 60 81 74 80 70 65 73 112 92 98 112 103 100 110 100 110 118];
duration_s_km=[41 48 41 48 37 50 31 43 45 49 31 43 38 35 31 58 36 39 51 30 42 38 58 46 38 58 56 37 52 60 34 51 51 56 43 54 39 56 60 37 43 59 50 46 40 54 53 32 46 56 58 31 48 41 47 35 38 59 55 36 47 30 56 49 32 51 60 54 60 57 55 60 53 49 44 37 36 60 42 38 32 56];
num_passangers=[55 68 65 75 95 86 88 71 20 64 51 33 66 55 23 57 37 77 94 74 69 71 90 69 20 90 28 48 98 27 51 100 23 100 89 28 39 37 86 30 28 60 98 80 29 93 23 90 35 46 48 25 37 88 24 23 68 100 53 57 59 27 80 91 29 100 89 67 63 78 52 35 44 48 26 21 70 33 59 50 73 72];
BM=250;
CBM=0.500000;
CEM=0.800000;    