nBuses=85;
max_busses=87;
cap_B=[85 102 77 66 131 61 88 133 99 29 70 20 21 45 54 35 32 74 38 137 139 23 116 38 40 72 62 84 124 127 50 71 62 118 76 110 51 22 55 70 55 121 66 39 94 113 44 24 116 99 64 97 33 51 41 90 73 134 77 92 46 41 24 21 57 135 134 139 60 61 39 34 29 21 136 116 43 135 34 40 101 78 21 128 110];
euros_min_B=[6.994547039310523 8.445470532451782 1.6084756786623409 9.473345985597525 10.697180179343922 1.5841882335367534 5.747479177957107 1.9306484600112603 2.417570379178862 10.1641328828967 14.3320437729645 5.587681587968094 2.229441753435628 6.908644185473479 1.593295147838466 13.160663970846793 4.1316642582878575 4.662185046394531 9.938383607572375 7.709064205873958 10.96382305530105 1.4119774744236795 8.323883453113073 7.236429216403504 10.6383069786141 5.537527693934944 14.652000075811065 3.207456938967182 14.952184004809045 3.112106697885406 8.11568989666107 13.858664349854594 8.78729410880886 3.338777759355251 13.237168554687504 9.271673479149118 2.0556371087611423 7.15942499123771 6.209294486614571 3.7046346135469213 5.641309396230539 1.6133906685323605 8.837621941315875 10.35135102506822 11.99121186323963 7.932363724721348 14.57151614297648 6.381072216700314 5.170860957307429 4.505833084314402 7.855819050655048 5.011270686695247 10.262592725445634 2.2111761519103297 9.061798357731046 4.738464750873675 8.165189207396907 3.2005872620239115 7.391051362785296 9.284082451360545 8.849911415619358 3.185667554474671 5.465444573357244 6.295662132774829 13.849855286497707 11.840413424211288 7.9251629702371655 9.233439918612781 4.9667995110392855 13.134243949412943 9.05949030425838 1.5873496102844202 9.382583221910167 13.971085586083163 7.482689529827771 5.946259849549558 1.5787292413649765 3.0548577426443853 10.622317307597656 12.585391389280117 7.846782754442458 9.785870218477415 5.745119351649403 7.678275159832912 5.539674848087826];
euros_km_B=[8.74640341549265 8.037289845087018 20.26305309305215 20.92570828309726 26.015903431857286 20.524480732908387 22.524282588159156 26.91783790112178 20.327414282041254 2.8129159667224624 12.724055923111688 22.627828978283553 3.639352507728099 7.5997242886426175 6.353841552624976 20.665237567858078 17.169951047316516 6.870300528397644 26.666195777371854 8.790885420917473 10.004854832185542 18.42024476022863 16.73139352885768 15.297379729704128 15.018809254045841 19.885427644312134 1.6163413805885487 9.540177329124969 1.0367013147117583 26.21448510113914 20.729707551375537 26.727679678449025 6.66590514197226 23.95028494729961 16.652739841454526 25.255790877851105 27.874381128890754 25.053084893882748 29.14947263231151 15.025166566685499 9.83433825678719 28.607837461405392 18.617614533330542 3.15567993303661 18.944766318395313 15.319190498350512 24.722501737543897 5.099198873120781 16.370193827957447 12.874158426539287 8.392140404370561 3.9012133065462633 8.180306259448164 1.0951755071019948 4.726239872743746 2.4340463192240427 16.97319072150185 2.7746453800435136 5.990315234299475 7.115502653711347 28.015460778742682 10.665205580488415 15.37069880982029 2.1132892506883465 2.395294410063092 18.960322968339685 26.27025314836645 27.43141108035792 24.194659256369107 1.0598190753014443 24.099086987699792 3.8382649296077194 3.3369201463026807 16.423390161894666 15.225084516125902 18.312687717167545 4.83790256701081 19.164172431650265 25.0429837315975 2.418108378907152 23.925958618640852 21.78018134873208 18.184041544300094 21.543812562263213 18.941873419361123];


nDrivers=88;
max_D=[235 170 158 183 237 219 129 121 142 154 170 124 201 207 213 223 164 198 143 191 170 198 210 221 199 170 159 151 176 130 175 216 149 231 156 213 130 215 234 201 154 235 155 130 188 209 120 151 206 128 197 156 154 227 168 160 237 177 186 191 139 217 209 169 196 211 140 171 183 166 236 181 227 189 152 120 169 207 240 179 125 173 188 202 233 216 226 166];
        

nServices=92;
S_starting_time=[187 516 326 191 540 37 669 535 37 594 338 158 662 54 320 190 228 240 494 329 110 203 153 174 416 632 22 570 665 584 585 513 22 337 224 299 248 444 682 524 674 61 603 494 376 633 428 63 664 311 497 624 299 226 596 441 516 510 155 275 396 385 650 191 250 186 504 175 577 176 526 580 534 69 716 32 191 663 51 603 450 5 66 279 534 701 309 318 448 315 687 165];
duration_s_min=[75 87 74 96 82 79 61 65 117 85 63 105 108 100 118 94 78 83 84 68 95 115 103 107 78 73 84 118 61 110 63 106 103 60 80 107 60 62 105 71 76 114 88 95 91 100 106 101 87 94 118 102 87 109 76 79 109 106 93 97 83 62 90 62 74 100 120 77 107 79 73 117 109 92 84 103 64 72 80 96 61 80 63 97 73 63 99 76 67 67 72 64];
duration_s_km=[31 47 42 47 40 54 53 58 46 52 60 48 55 41 44 35 32 51 49 32 49 44 32 48 55 58 30 47 39 31 53 48 33 39 31 52 32 49 56 46 33 51 36 43 37 48 36 44 37 42 52 40 40 44 57 54 53 37 33 52 52 35 46 45 60 39 37 59 46 59 59 51 48 54 47 31 30 60 34 32 46 45 50 54 60 58 57 48 52 36 51 59];
num_passangers=[39 28 38 38 62 24 67 53 66 38 71 93 64 84 44 71 48 23 72 58 95 72 22 44 31 69 51 96 92 44 65 93 65 81 39 91 46 36 69 74 20 87 51 96 67 95 47 78 26 81 36 54 65 46 42 21 26 25 64 31 94 98 40 39 44 40 76 96 68 49 37 76 84 64 90 26 87 72 30 68 60 25 79 37 51 82 43 32 41 49 78 48];
BM=250;
CBM=0.500000;
CEM=0.800000;    