nBuses=106;
max_busses=105;
cap_B=[30 35 40 133 45 25 71 59 20 138 80 104 128 69 103 68 90 132 110 112 64 76 28 121 131 58 49 71 99 88 136 54 75 34 127 98 88 89 24 135 74 38 93 131 114 52 44 126 122 79 137 111 22 106 110 115 82 85 41 116 111 27 123 109 66 139 20 28 106 83 48 62 106 70 62 137 28 27 20 30 39 38 24 53 135 22 69 100 37 136 82 98 48 48 30 94 34 50 64 77 33 134 88 41 66 30];
euros_min_B=[3.037450690999097 4.301183558248319 14.243848659550357 1.8946609079366128 7.272420569299158 5.419195829559527 3.795935993167638 6.647832725341677 5.519322339221562 2.7374538244394095 5.679666265899511 8.559415267465692 13.188143207882506 9.972441062812281 11.76721398982274 8.203516292172669 2.7434025475863253 11.74530772687618 12.02495137491567 11.164993858716134 7.232633608461413 10.511984812099573 13.8411923748011 13.857144558243023 6.651512530254932 14.387790519688593 7.917895385918097 12.166720864447923 8.660085398699163 13.367887587655167 5.463316473211894 7.1312290146003425 14.670597432232299 1.3889799631285973 8.090581914334555 3.8940086488270778 6.471203518570976 10.938903097433105 9.691604400998786 4.751591982520068 3.26575871523576 14.546770189688367 13.470481902279577 4.810368436070086 5.445436583705071 13.5450235472993 4.458600813352751 9.503049172849119 5.515524184239608 8.580601143747316 4.195299259673591 13.012411856024118 2.57194630142465 8.678782576067935 10.462384728357172 8.940042377421712 9.756969662132754 9.522167036433794 9.170225510178327 9.097599052390995 10.343631816457085 8.130886471848513 10.755563062671872 12.930717227548978 14.033990089451489 11.023959897665414 5.66534070595755 2.356459154732476 12.904179177959444 1.2357453466287782 12.009379742221386 10.560309469391909 13.729032061843082 4.199168655340095 4.543453995790339 3.550008443357836 5.141205349029068 3.1229284715313868 14.839520123254784 9.340626810631925 12.760235300769233 14.767462043097078 14.939823454673752 9.114604949577537 4.488065004535002 10.67466305585599 3.276130999388095 4.810160737512003 9.521361183594276 10.1907334046961 4.867961131217724 13.495122076613796 7.187765927487002 12.678152385428529 11.014361241924696 10.682102547633157 3.4432898888660466 7.585408953535047 3.013871379395479 9.527346477599991 1.4236772207607091 11.39849751451229 12.895458610466113 5.961679429785345 4.797472882922793 11.375857658788316];
euros_km_B=[24.14531109662033 1.6826367945662466 28.822659738614504 26.82885413740335 23.257343411305495 3.0720085615627655 3.006546983033405 29.45158536130874 29.291216393736793 17.914589322352306 23.591785248728357 8.871318794001372 8.564008429292642 20.140435796126518 12.313316507589578 23.156793939482306 16.514665625863525 1.9165318072345374 19.511780485436322 3.7583785803709877 15.710602585493561 24.09247355306698 7.869661885819202 15.506309905333639 15.267282552387051 24.255087041817927 6.938304906016224 28.313743358604643 22.724339033267817 16.47499059456113 22.00086196933601 13.915543387689612 20.727449690546518 20.72572387043406 13.25351412332711 6.904135457402785 13.50240370922955 28.389934042511502 7.356499481429211 1.1830201263550015 25.324058552097725 24.610703384084292 22.074104528863817 8.860101740450531 6.395833191893988 4.410753681167424 22.04346740398099 8.893079006170177 4.30196450995394 4.639900644696747 7.300838449184816 16.41812416591233 29.116800503438682 13.036749702931425 2.4822366306774954 23.435522224832308 6.163601634879031 11.32425100881834 7.958929975245724 18.118440669682993 20.54274431832635 8.137360124845893 4.982761645937707 4.64265655565169 5.134658614687005 2.1658948432844527 23.759864670300157 9.140347325312947 29.019722893695434 23.853624373575553 25.69229835886619 7.357455784977026 6.942697882450257 16.795895431527477 19.942000034338346 4.725572638122706 14.260036735215806 9.975218658102087 18.104425143677982 12.76153327292811 22.119603612025315 13.235122754803568 18.998024730080967 23.552802225521607 18.605314244040862 21.480121346136194 15.647017885185893 4.772407532856292 21.46428907522568 16.144931411992626 22.53176082719783 9.954095533750241 3.2451577894365915 12.759965314632609 24.802730994678345 28.450111261814204 28.854064387331324 6.637441884222798 5.44761233624839 23.910166049641276 25.41395824552888 6.5950186136862285 15.681800796384817 28.117053459644033 6.048450089337218 28.088488359502335];


nDrivers=112;
max_D=[138 141 174 212 191 164 170 217 139 136 217 133 167 227 125 176 178 237 231 174 126 158 127 208 208 188 198 197 203 161 199 152 172 221 216 127 199 150 131 225 155 154 234 139 141 179 192 193 185 218 222 120 194 133 120 176 205 132 159 175 226 142 140 153 211 161 200 232 194 176 141 166 143 140 166 211 177 207 170 206 147 205 203 188 205 230 198 164 226 200 163 171 185 125 222 218 124 132 129 153 193 219 164 191 178 186 175 135 139 138 187 125];
        

nServices=113;
S_starting_time=[37 210 518 13 251 607 674 373 98 288 382 570 408 527 549 183 401 22 420 431 583 388 103 552 472 495 187 322 335 389 240 583 691 431 651 59 265 604 537 408 186 456 121 217 630 625 296 560 664 701 642 597 71 138 513 618 562 287 327 332 486 274 93 270 109 143 300 541 605 469 326 76 168 512 219 704 674 79 468 705 630 470 163 592 243 83 189 167 35 464 67 325 151 528 261 409 705 517 133 268 409 527 714 241 525 324 332 290 14 94 564 108 23];
duration_s_min=[74 88 67 60 102 105 94 101 90 92 63 106 60 86 100 103 94 87 94 61 63 109 95 61 77 77 102 89 83 92 61 106 63 63 66 66 74 74 107 105 89 60 64 117 83 95 65 99 72 74 103 71 85 95 84 80 98 72 120 80 94 116 96 74 105 83 72 76 90 68 87 103 120 67 60 110 73 83 73 86 100 115 80 89 119 116 109 94 67 88 104 115 106 120 90 73 71 120 65 107 63 108 66 96 60 82 93 71 67 94 63 64 83];
duration_s_km=[51 31 41 54 39 37 58 41 57 57 57 31 60 53 44 58 53 49 51 34 34 52 30 45 57 33 45 40 35 50 53 41 33 49 57 42 56 37 32 57 32 44 32 30 34 39 52 44 38 34 44 31 54 39 42 32 35 31 47 35 55 53 57 34 39 32 31 38 55 59 38 30 41 49 60 38 46 45 60 37 43 47 30 33 44 48 31 38 40 48 33 57 44 43 47 59 37 53 37 33 51 57 54 53 50 39 59 55 30 59 49 52 58];
num_passangers=[23 45 48 41 71 41 75 85 91 27 83 47 58 74 26 34 91 81 66 76 47 47 62 38 44 80 55 89 69 60 45 72 55 31 60 65 29 84 47 68 71 92 47 39 65 45 67 42 51 58 72 85 33 20 82 29 66 75 100 66 89 30 57 77 84 40 59 88 58 57 25 37 31 72 45 55 56 91 26 74 36 65 50 87 24 59 91 82 55 78 63 22 63 50 100 72 79 76 87 69 93 73 89 58 45 30 80 92 95 52 53 77 72];
BM=250;
CBM=0.500000;
CEM=0.800000;    