nBuses=84;
max_busses=82;
cap_B=[22 101 98 135 71 51 140 96 118 63 30 117 47 98 37 37 31 63 59 68 68 31 109 122 28 51 20 101 37 57 20 47 111 119 87 57 134 20 49 49 27 65 129 130 122 53 94 67 25 32 122 42 68 54 45 125 29 44 36 104 89 122 116 77 95 140 67 63 62 32 53 51 63 120 107 136 40 28 70 104 77 134 98 135];
euros_min_B=[11.409985631263265 4.673376332866102 14.402714313074034 1.4408528370141562 9.910569998418435 10.545326760551621 7.597813778105182 1.3852434300775711 12.03748487095213 2.3786081886524997 5.635277788353891 10.524934527348384 2.436357709959439 4.829627196263743 1.8510557160379548 5.528383275297683 9.422783397471784 12.205528038299558 7.539444042858154 6.408191504226368 10.186456523530266 14.472651966533107 14.782476749848023 4.505557102793197 5.114554414515147 6.70971177594948 5.076539276157877 8.961793798161231 2.7394583534969286 13.50259119759383 1.8186220610516826 8.4620393431668 8.153065031437794 9.25944094955526 4.34782705894429 10.532465012652612 3.9998467948628456 11.312384878581751 8.740305779208217 8.148591817159758 14.395620370026554 3.238879029429696 8.617295532309944 5.8305189281826815 8.458453438997976 13.632453802734789 4.744793187517579 11.027690182269923 2.389679636760569 8.875652627982959 11.937820669563573 1.8376895483326903 13.708277779126167 6.091638229817122 10.099651656696581 7.004705874232057 1.1591772057946685 2.53221712402783 4.900704525258758 10.252504203636995 11.6009682072171 14.910308655583293 13.729801121286386 14.461449840324487 8.685109564447865 3.882433043695981 12.293853482411759 1.0126384735916734 13.360534422248744 4.030480313767275 9.773383707853657 4.928945923567971 1.8106628396642255 5.089443006013792 7.366606055040362 3.146815472985997 9.258913754771708 1.1192969618294162 7.895643391562442 5.632858998798554 8.41574893020398 11.371946240260623 13.1781051074142 1.5248277405664514];
euros_km_B=[7.208278805062745 26.64554639787153 24.175017556528385 4.143515714806647 9.508962411070883 26.126669255782122 10.35509955866926 6.491408471514506 29.64759205951323 19.595219319562602 12.83340469745575 12.696221208573233 17.021130408275138 4.89814520117763 1.0228721471309838 12.465057153178622 22.58382965935622 3.0650919674523474 25.125682708329496 20.78672787580926 28.41439247919951 2.543172290188835 7.1803502447574 22.248141104278673 29.369243219355663 4.852509647525249 20.151001079162896 15.160425012008606 1.6967765405978739 8.089898232816926 10.172691771935137 17.695699141505777 7.6169980527382 18.6356186664217 29.718952152706837 23.680472107939178 22.644722137344193 7.5216771154471935 18.11275144440579 12.093650614974715 23.208976234827208 25.767910697008787 23.6418779808227 21.77738338356694 4.281517002971697 19.95119921850749 17.33714081369034 1.9721829494924568 16.131408628598923 1.7398910410642783 7.598637864657016 25.767983793264246 14.694149576329337 22.676681661657035 25.680308461800877 26.802148897752836 17.465241451636825 14.955652815878421 7.647883911369709 16.829625509683 12.96039551505321 10.271216962004994 15.34927448041494 28.562769656695597 28.39639950586918 16.031859899883905 21.61300407376871 3.913326169179139 25.601130211908877 29.90184139283149 15.922203957554235 7.978604587494196 11.145116015067822 27.791408492385766 20.227170910819932 27.812880559084498 6.444904183019405 17.70636810770457 3.852514159119147 8.335700945856466 15.850436224324554 25.921053700910118 2.170880611599299 16.634318312163437];


nDrivers=83;
max_D=[160 127 200 121 138 205 213 140 159 122 139 217 176 217 174 236 193 139 139 126 236 154 207 221 146 197 224 165 184 194 151 157 183 236 228 162 145 190 151 154 209 127 149 166 142 238 238 218 125 129 208 151 177 157 144 207 199 124 178 135 205 157 126 159 209 212 210 215 239 189 175 194 131 166 209 206 179 215 147 128 197 172 122];
        

nServices=86;
S_starting_time=[467 671 333 284 154 675 10 302 8 414 137 51 301 692 576 201 0 468 657 702 551 308 538 539 290 400 3 360 93 434 413 41 618 372 713 325 434 22 29 441 300 380 441 232 607 279 101 116 454 195 113 718 612 454 434 78 519 599 608 389 557 334 51 386 217 690 123 362 92 30 262 88 285 575 429 102 299 652 692 472 13 566 420 104 604 625];
duration_s_min=[63 94 69 81 87 92 113 81 117 111 94 68 105 112 67 115 88 74 84 73 78 107 90 108 74 94 86 114 111 120 89 77 89 62 115 109 107 64 96 74 78 117 93 98 115 95 66 103 83 86 64 78 60 91 92 89 93 78 86 63 114 110 66 80 75 85 79 95 89 81 74 91 93 96 64 88 74 69 109 85 76 61 69 78 119 68];
duration_s_km=[58 36 46 58 35 30 35 52 48 58 41 38 41 42 31 40 55 40 34 32 60 55 40 57 46 60 49 44 57 51 40 33 30 50 35 44 37 31 48 46 48 49 33 50 53 46 31 55 43 36 52 59 40 54 51 53 47 53 36 37 52 47 46 49 49 50 56 36 37 49 30 31 40 43 33 54 46 32 48 38 52 47 56 46 34 49];
num_passangers=[76 47 28 86 89 97 85 81 93 38 26 35 22 36 95 100 23 44 57 97 70 71 64 69 70 37 64 62 27 73 26 61 83 34 25 66 92 73 49 56 58 45 65 80 35 64 53 62 39 93 95 46 93 55 34 47 61 80 45 57 22 76 38 57 24 64 26 92 84 28 82 46 84 48 88 100 82 21 87 54 29 58 70 54 42 90];
BM=250;
CBM=0.500000;
CEM=0.800000;    