nBuses=109;
max_busses=104;
cap_B=[30 132 76 45 35 94 80 64 58 104 115 21 38 138 133 22 55 52 127 112 124 34 47 139 108 30 46 62 110 53 126 76 136 109 65 35 137 117 23 74 88 43 121 35 118 72 88 84 84 128 22 21 92 51 43 66 134 57 57 70 21 30 70 35 112 126 123 86 130 102 43 58 52 134 20 36 28 108 42 132 68 112 30 47 119 59 106 64 111 46 71 89 22 115 94 131 27 113 110 69 48 103 62 87 42 78 71 116 72];
euros_min_B=[3.884572736226587 14.838943206608889 10.14177395031977 7.3702112717291675 13.904232961365274 9.604761522899391 2.5621708155578493 1.752358484448654 14.131803313422104 11.261341335137077 6.4458002687864795 12.899761009891549 4.361078197521445 12.188498164197883 8.38363719301421 10.832744369304448 3.7582467610008776 12.914381659206345 6.484351859027072 14.47419420306591 8.246186480196323 7.295596284270483 9.84193830838246 10.715268850178381 5.861761493899398 13.265748234570523 5.056069452086866 6.75497661184696 7.651174775403077 13.766743368829532 14.014113537057515 5.1199584799677496 11.174845296866275 1.8586364253273522 4.534187573850208 2.275507709154883 5.206249037014409 6.5785734572186545 10.26766990022649 3.100249514444937 8.149823245671104 14.808418603823041 4.629067842209617 3.1852462171844858 7.281435793755023 11.23255980746764 3.0693791142697044 11.008362181344545 11.269421287489468 5.592666417933979 5.107299980150446 14.333103828634778 11.131586162652514 5.249552351422878 13.579559087239852 6.028406147852228 6.139679089909189 14.97099479233977 12.916000954341932 12.622436024057 2.569570284562466 14.535435155418432 7.576237388006019 2.1503858776747484 7.390273727222886 2.017469044624999 11.83479779447029 10.848317664276381 8.757335880620127 3.2351349968221865 9.351786275551644 5.795596418679077 2.2356163028012785 14.997452210979905 7.481042218003472 6.5129368315332705 1.1826573124292474 12.715956601233882 14.387837033721663 5.444412505018061 12.093771107959457 2.135921776807157 12.704624326926721 14.1534439567151 11.416416379953205 2.6259284287957168 4.343298264258268 9.842730292411188 14.954852136765501 3.846487061338003 12.305958129237775 6.066527112655832 10.87083766008737 9.237815189596487 1.1799460590704858 10.647214746720394 9.189446052432759 1.3076266936879506 2.8877089549670467 8.819106880561009 13.080187691316588 8.162956892560192 1.677118952494669 13.375884600389378 9.603560105617746 2.985468308074251 2.026926140043008 10.381259202690726 13.876537008636841];
euros_km_B=[5.929018945005767 11.953333193720665 27.808479377973523 29.05139773099878 27.645093731189753 16.782399057844778 27.68696904150854 29.27647478800784 18.071235138945365 17.816382824690628 8.010548946722949 7.403068736450843 10.565293219649478 15.247543255640547 16.928538083443474 10.003352632223146 26.03305436103564 22.691748758127886 3.156090022001032 23.318925413763704 26.242434990986293 15.994811845556924 16.269740230524455 1.5326080005646727 4.527651438288701 7.025993011707657 13.25668350641006 20.22537645109593 15.843018920617782 29.655102958533625 25.890311824041078 17.323278668496418 17.33281437932747 23.09666899847626 24.64861763022894 18.311208261812247 1.8917828929936833 10.642306667315424 19.66993826404089 5.620017567711788 8.289753888998707 23.20197501191036 9.973565175142372 13.878619847488354 2.4267917468460523 29.840615895331023 20.168068601792683 17.48181938081835 18.10098052853417 4.082866779039806 1.8965968124242187 9.734633078753946 15.903910104347451 3.6958331682078462 29.96830729646029 8.377728300417953 27.982064471358232 27.005815373018407 24.028282129220326 5.794298587183346 25.874868439367813 7.529195972616972 22.603936421182702 2.318725918096462 13.368918776227195 6.489054217916671 15.274849837126764 22.51010099458458 8.344858046716698 29.167135220628275 14.453036329110619 3.195495971684958 10.757280409649798 20.864567101904136 18.724506084347315 5.421595977796319 8.944317774991116 7.585373636921316 12.736779377005924 6.867752074525217 8.014768369611907 22.702559390109172 3.7011225931320166 27.490795906026786 12.23104027976275 23.64319765062607 8.511667807184423 29.34598916507281 22.045168383520384 26.310822871138733 11.524977951810982 28.806431849454388 26.628882520704128 23.28982761078881 10.089410705895448 13.340056098378295 28.235205168278412 20.87204430354237 6.5355180282312055 2.712966006471183 16.13404541396243 4.748573622827173 28.97660933262773 7.629229485459845 15.838646710473881 27.814406037640754 12.433798147921314 8.9202787953483 4.607679603397721];


nDrivers=105;
max_D=[189 140 128 132 209 123 236 216 226 157 159 197 140 123 152 220 190 152 206 139 134 190 166 162 156 214 208 133 217 171 194 167 232 183 235 233 186 235 189 127 201 156 178 155 238 150 235 213 216 239 184 134 234 136 195 137 184 157 154 197 179 176 141 145 195 149 208 142 134 199 190 211 200 189 142 232 121 150 123 180 192 132 133 145 140 164 159 145 219 167 160 141 235 202 133 140 192 185 215 126 232 141 213 202 139];
        

nServices=110;
S_starting_time=[244 306 116 315 164 533 602 244 537 100 577 554 509 442 401 245 177 694 215 19 204 220 312 511 574 538 61 463 706 294 481 668 305 286 664 48 365 666 20 586 88 264 417 151 480 616 141 574 584 534 151 228 258 338 376 259 105 541 268 79 43 527 704 222 558 714 657 383 410 124 264 54 171 125 331 287 604 645 10 465 391 397 240 372 16 54 414 416 201 86 244 665 515 465 554 470 381 48 350 602 36 369 371 315 582 670 327 240 114 601];
duration_s_min=[82 69 65 118 66 117 92 91 95 116 60 116 77 84 109 105 102 106 93 103 85 71 110 71 105 78 100 104 116 77 82 69 71 103 63 72 75 88 70 86 85 117 60 112 93 83 73 72 103 104 92 107 115 68 106 116 97 65 103 115 103 60 101 77 77 71 90 88 66 120 90 85 93 94 91 104 114 64 113 61 76 81 101 120 86 69 72 89 115 65 69 113 88 103 60 115 94 63 100 87 109 77 112 85 73 99 74 97 118 98];
duration_s_km=[47 59 34 33 48 41 53 58 59 31 57 37 36 45 50 36 56 40 35 47 30 40 56 49 49 44 34 39 57 56 45 57 41 54 44 51 60 48 56 53 33 46 39 40 32 33 40 49 59 56 49 49 53 55 31 30 47 40 40 44 37 52 30 46 41 57 58 44 35 53 54 43 40 42 43 58 37 55 58 41 41 56 43 41 33 55 40 56 31 51 34 34 53 40 51 50 52 38 54 56 52 53 46 32 55 59 57 51 51 51];
num_passangers=[30 66 62 37 72 95 56 95 61 96 92 43 75 91 56 41 50 42 91 65 25 22 59 73 56 74 81 88 60 30 41 48 86 30 98 64 72 64 55 41 85 65 95 65 52 53 93 100 96 42 96 75 32 73 98 22 29 80 99 43 82 53 55 60 62 33 93 64 22 28 91 81 41 92 74 51 90 47 32 82 27 50 41 68 26 53 89 23 37 50 54 78 22 38 81 41 34 82 100 80 99 72 91 99 77 77 76 59 81 94];
BM=250;
CBM=0.500000;
CEM=0.800000;    