nBuses=106;
max_busses=98;
cap_B=[70 92 56 93 98 31 124 41 27 115 20 103 58 101 97 124 78 28 81 69 36 110 58 104 111 28 72 31 40 46 52 43 41 107 31 34 105 67 55 54 69 30 57 137 43 21 40 131 85 45 84 91 29 133 39 111 125 71 60 67 139 61 57 133 24 73 83 43 90 60 81 77 117 102 131 66 103 46 99 96 122 74 67 50 59 48 82 60 55 32 23 52 120 43 27 105 43 101 40 69 91 87 97 137 108 127];
euros_min_B=[10.280417320433402 5.625227614286704 6.416261649587322 3.2484423224831107 4.809538964502373 10.152373520470206 7.382139306914443 7.528465825061815 12.803525629124524 5.166946810687304 8.701563114785667 5.84768464300388 9.791188389898025 2.1838291681339466 1.9647540505911372 3.7246560665167223 6.9959378424136585 2.208121589999477 9.337519742191972 9.7390777783375 10.030255834005146 10.133434692950916 13.826282995362144 3.7503637205531994 9.051033499222758 11.030933525535932 11.9434825057179 9.077803500956648 5.172973593279316 5.100168343696025 1.9825968601437391 4.65718873971308 2.926834693879976 12.568919145333698 13.811121923121394 1.7320696564917304 2.114025004245416 3.9664114816876173 5.69414159882941 6.9396041993714945 1.6660147253024014 6.105029865903978 5.228013618003126 7.940109035902907 8.542469757085637 1.5675566129156062 11.367625804964998 14.235712471079857 13.609116203036981 1.8804228177378666 4.853910389082573 12.578634193448629 4.016526617942148 1.9094723597467733 3.751859472523856 6.81531518317077 5.000382389646556 12.097450119121351 9.577309352318341 7.228418623771165 4.284091673803794 10.416932380953343 6.951679816130848 5.437459945241147 4.635282288358149 11.673688249222593 2.8496532079675028 6.8424437631971635 5.344456503325474 9.188742098225575 9.493777153744402 9.449690814317162 9.211333667093472 8.752775024492664 11.603853924069229 4.756808131924884 13.559953802792728 2.4017716933079374 12.921036227116671 13.059432487179992 7.6392284060880975 6.1842372466963536 13.252933352134715 2.858433158125703 11.471618062461301 3.7573985647291446 10.687555393448704 7.148234532227325 2.800462199392883 9.040904821317133 9.718792456251744 8.220117210033129 12.700838068751809 4.7767180881608535 12.355802482614447 14.748772206024414 5.942646692644384 7.965319571071213 10.283574533220062 2.9686767320664877 9.798404018639557 7.695996609541134 14.398054708041133 10.66654160709479 1.6221032686367955 7.712588323319302];
euros_km_B=[10.106507023090687 11.096601090412197 12.937276655605011 9.848809027112361 24.801009749973325 29.749069953804963 5.852183027746626 23.97374946009901 27.631074656864545 27.59063144544945 9.801437466706538 28.37875068746634 20.547752611065654 9.215961264593368 6.505175628602647 1.0297340366512602 25.767076335885044 6.869986363011051 6.188279654320418 9.401417824095105 16.533729491339592 13.65152628474415 3.984221342233201 25.390091413758267 20.22432836448996 9.33556744396869 27.994857492093765 19.547786956383327 17.753055474219334 17.945772304939773 3.216426632258273 9.304577290939584 15.855253887966779 27.209813855836437 6.305754353858477 8.459809286290612 13.775795547184353 16.618987454188556 25.944616696718263 19.4755477097428 14.233079823943022 4.8551273372919095 21.02988455320827 28.659585801561214 20.162204785532463 6.705681425573344 13.719994074515585 11.102813677533234 7.22796786469735 26.954980942667966 24.72601412724305 4.378020367345905 27.403696715668385 17.80188741424629 6.4352451048312656 15.208592176449942 28.481473934123308 27.3086807344581 5.047382306781034 2.3925977461704346 28.304783289486252 4.3311854059186405 1.9951691108820926 12.311468173592973 16.54862719518644 7.87375109149418 29.77429834890574 1.9851961597375394 8.516747492737887 28.236612873326138 11.814482161337065 20.15503943607063 12.051308436990299 3.691814591961176 23.958037409218502 15.324812419983841 27.343948680557045 15.579316506172527 4.624203985851912 4.324728364840222 18.16005372279729 1.6739509749319947 17.33252775323905 27.17314524118465 7.846490705137754 8.423715627872031 25.013122864468397 16.498994139474007 2.7944976254810894 6.1476660017847164 16.69471421353003 18.10652549137395 21.914927598903567 18.050616550748288 8.585528099159042 16.172471160803042 15.183946175750345 6.0779874744361795 5.05191197894516 22.241169889147894 23.095072365791463 10.58369283862529 24.943683968446074 26.876369038444302 26.573767092047746 17.926577661494928];


nDrivers=111;
max_D=[202 170 129 122 238 216 181 223 167 145 183 212 188 215 155 234 234 137 134 206 178 158 126 156 136 140 127 124 139 141 178 182 194 148 130 152 132 162 235 228 142 231 209 131 121 123 222 218 181 171 152 190 169 175 224 160 162 195 224 223 120 128 187 121 152 187 174 227 199 158 213 194 226 231 196 187 150 150 199 208 215 159 171 183 165 139 215 133 129 231 176 181 236 217 220 163 214 161 182 122 190 171 130 157 215 189 214 187 213 148 219];
        

nServices=113;
S_starting_time=[429 597 139 43 304 409 469 442 492 684 648 247 417 99 642 112 402 611 699 60 33 182 353 260 149 697 68 276 627 622 475 207 206 67 336 615 593 102 218 206 82 174 157 191 674 443 337 138 501 674 420 257 593 314 153 472 649 588 602 610 632 256 381 85 195 442 339 191 654 140 410 600 431 148 340 549 169 486 127 315 290 75 415 620 155 471 103 27 245 315 305 299 93 464 511 531 145 301 634 211 235 32 655 466 73 680 341 158 42 227 187 509 29];
duration_s_min=[93 108 99 106 76 80 111 88 106 104 83 113 88 64 67 81 118 117 65 63 78 75 109 105 63 106 81 120 87 96 64 83 66 114 95 62 75 119 115 91 109 64 118 82 102 95 109 69 64 65 79 105 66 70 112 75 80 73 61 73 101 73 99 95 100 70 103 95 92 67 108 90 96 99 117 103 67 81 88 89 81 105 118 63 111 73 104 120 77 79 107 111 76 84 75 85 109 104 89 61 89 110 77 79 80 60 79 114 85 106 100 88 60];
duration_s_km=[54 47 36 41 34 33 50 54 41 59 44 39 57 48 40 36 43 34 59 31 44 45 37 42 48 50 43 50 46 42 51 34 32 32 42 47 32 50 45 52 30 49 39 45 50 37 50 56 53 58 44 44 38 49 56 37 54 54 57 44 31 45 35 31 43 34 41 46 46 58 58 30 41 56 37 42 51 35 38 47 49 40 38 32 40 57 52 44 38 33 31 45 47 39 52 45 51 35 33 49 43 57 36 60 44 49 38 31 49 44 41 46 37];
num_passangers=[78 51 92 97 84 52 21 38 43 89 62 70 95 49 57 75 23 83 83 49 73 86 38 33 35 76 93 79 27 26 84 52 86 80 44 32 63 25 26 72 73 61 50 60 28 25 94 40 43 100 27 31 96 77 69 39 47 57 46 30 83 49 74 66 66 61 33 31 49 36 74 36 30 69 96 72 89 44 32 29 81 76 68 86 56 91 27 95 50 23 21 73 100 84 67 45 82 21 45 32 58 60 69 73 40 93 94 89 80 24 56 78 98];
BM=250;
CBM=0.500000;
CEM=0.800000;    