nBuses=127;
max_busses=120;
cap_B=[55 117 71 71 40 74 98 100 133 71 20 118 62 41 102 48 137 130 126 140 104 51 29 100 79 91 59 111 65 52 81 124 89 23 132 56 21 27 111 99 26 34 30 31 132 114 37 35 89 99 41 115 24 64 23 139 84 59 50 101 124 122 115 87 93 107 33 21 21 129 138 87 39 133 34 81 102 45 38 96 137 71 132 76 37 120 32 115 137 66 64 118 135 102 69 136 52 136 23 42 119 122 106 52 119 43 71 29 36 66 112 107 118 69 97 82 29 91 67 133 57 39 54 85 53 32 39];
euros_min_B=[1.2155585204248087 5.14486998834316 6.878956864799278 11.36657280706713 11.081316746090073 2.6897762457708465 8.482945842595079 8.815166387527947 3.106225944937149 2.4846374127912636 14.649954077937645 12.862983087280645 6.957658894499689 2.11141756941264 5.690486364647544 9.686600237689929 4.824589564333793 3.981058504682835 12.659053567641793 12.566958140118363 6.685751631672783 13.416151807856458 12.076946612396341 1.4209519675683082 5.408840682991599 8.149333924383027 9.941130798833218 12.528696457124333 3.415930025834533 14.279720718036248 4.599772040703352 3.7428544927210394 4.069655093347647 3.210662535831858 10.772313431167056 7.952789322993311 11.350983678849886 7.58814064241847 13.134785112359904 13.571315104430594 12.489126824439788 14.5987135547469 6.146415335623461 1.2689724629141987 11.583404107724315 6.272519023094517 12.868135205034573 4.430990581518657 1.8797111367514472 11.662932656499832 10.521177497440272 4.574527321387521 5.995320381820363 1.2838857602908869 4.453447507000545 4.07870513629748 9.339257434372119 12.963634212667719 9.41003400969964 9.410353913367821 3.7510488857010316 3.8927481903907104 4.08012137087969 10.245944183388746 12.680182735075068 5.346086519986464 12.192513906739704 5.840318520294106 6.289089668019777 3.976789890722566 9.156413613104407 11.524162990811803 2.1611400142637134 3.9741161445374695 10.051699807295789 3.8533726830766266 5.501271940077637 4.786346765596708 8.618400161224079 5.136705421489104 12.391572808073793 6.542215081413328 4.682139576640655 12.587052563343038 1.634551281760377 1.8221000102367768 11.8654759358838 11.719953579299036 5.632720388873224 14.721088107690075 14.420194778588474 8.739415119663605 12.081576839202429 11.919336189172926 13.704962356380864 11.505551449633296 11.574260143351381 1.4239831487170833 6.043588085954278 5.424729809085167 12.555638225924001 12.28442355027904 7.1732540035423495 1.2989583058080942 7.3053168396797075 10.001444598855624 8.54943523777533 7.506659390185507 3.0443451051867925 12.614998112744278 11.943245187801978 7.251190831837511 10.983447277437534 4.212773305318825 13.837752240532273 12.603874890357849 14.323660795490168 9.855124851165032 1.909893277822963 13.730060573383842 9.362400729104088 7.321991546178479 9.405105583519159 7.006474610622407 10.126303699298983 5.282795964725235 10.998210282592822];
euros_km_B=[14.691937743158821 17.976554567652965 29.978160450906234 29.380349944154943 10.90419458068742 27.003023238535878 5.906704796619957 8.189080065043772 11.066231971753057 1.2474316815057958 2.8763377483100387 22.754002182761788 28.954641265918454 26.978254485003077 11.984931120534691 14.066970375246424 18.73347352995524 17.102868074384393 13.816238195933769 13.58622486822519 10.0596832876444 18.548216818166985 25.5288524538288 24.2270346628484 24.290719061438928 18.873282532595045 4.443402546106331 7.610575241967805 18.374541981658673 19.8980116334517 15.605224297218456 26.02542064865768 26.614527815206806 2.128896430062185 4.111836681853331 16.168485525401998 17.27156682022428 25.481230477154654 9.987683699527494 20.63315601184536 8.700508288518591 27.579096360585723 15.712721884291577 2.000599884001503 25.437124468278128 18.36992662706795 11.791676382470904 20.386760855823006 8.988760673654713 25.286320563247063 17.923175399987205 2.7398669398451636 25.14259552891508 8.929262887088516 1.8963069095430392 21.41902878711307 12.596229975161844 15.68170216361297 10.219515299744689 17.973090111841824 23.33701802134354 11.032921240824008 15.09124504502755 3.150742328286336 4.1193699020194465 12.967034842527701 27.826362985385096 4.6499213582826435 29.91245311269298 18.87651141447627 16.682888428632094 5.773644923325929 10.22240514738244 10.061227659026748 17.42084620639797 22.877216956668132 29.261159630804652 24.625393190389683 9.948716804367312 19.81447223530957 23.588075621656678 23.597887177455593 15.034406206828411 16.652250924339583 4.751674572786793 3.2753923220022787 29.756136056401985 2.8515072706859517 16.361421295209738 8.145596943734766 12.290665923014323 6.6287080508429055 10.946853968321014 17.16884906876153 3.435154901472605 6.873698424234657 21.173473486474204 16.72376125687061 5.298320786949248 27.96126514898292 27.828564349532176 5.737816633779053 21.648768241695393 29.598942863943073 15.049816580132966 18.373891283461923 12.41514352574668 13.849495460462455 11.571237874569794 10.062890657219521 11.758707528409925 29.37686772131333 2.7219810879710047 9.02554927642545 12.763566441655144 22.551982907429423 7.739728967026132 17.700640958184685 8.542620779724029 27.09495758136609 14.130018000970214 11.252216374306247 8.057649826685177 1.5261396993330365 15.331131360300084 16.507611333319055 26.017725080174383];


nDrivers=128;
max_D=[219 148 234 213 210 205 205 132 197 130 174 172 176 207 221 201 172 139 201 154 208 199 185 178 238 140 143 152 204 182 221 190 162 130 141 212 177 155 160 154 226 151 170 170 137 204 239 136 129 164 134 149 144 240 160 218 183 233 152 230 230 176 200 133 236 219 189 189 122 132 178 234 190 139 156 149 166 140 134 136 148 122 185 223 186 177 230 211 233 226 120 141 213 188 188 194 193 219 144 132 219 132 220 224 196 225 125 159 139 228 204 196 168 135 199 126 167 140 142 188 198 152 178 223 144 186 134 199];
        

nServices=129;
S_starting_time=[155 145 450 599 424 280 8 617 209 358 482 251 651 161 655 676 8 366 397 417 185 156 621 475 306 716 584 145 210 573 131 528 55 662 541 174 471 569 636 431 653 88 354 385 106 398 660 312 469 338 206 659 679 574 713 186 254 162 469 602 560 146 604 649 438 380 326 537 296 218 218 199 128 621 141 631 59 43 121 5 85 56 314 190 238 473 505 228 333 40 183 69 108 55 110 568 436 675 537 344 14 577 239 557 501 685 559 328 709 332 645 605 378 423 537 196 94 384 187 411 355 230 321 600 446 84 674 710 668];
duration_s_min=[107 62 61 81 119 61 68 72 67 103 84 90 107 97 99 76 79 93 120 105 104 98 76 69 120 105 116 101 66 78 119 61 61 84 104 115 81 70 67 63 112 115 100 118 62 67 83 91 99 73 70 74 114 80 103 76 111 74 78 93 80 109 101 87 99 88 72 84 90 70 106 71 75 95 83 83 114 103 60 119 110 86 73 79 95 85 119 73 69 94 84 94 80 70 65 65 111 92 91 107 114 85 108 108 79 60 81 79 86 87 77 82 67 82 68 76 74 75 93 69 89 116 89 94 84 68 75 102 110];
duration_s_km=[54 46 49 40 53 30 43 43 49 41 41 53 36 57 31 60 59 48 42 49 58 37 47 56 33 55 31 59 50 47 42 44 43 42 59 51 32 37 55 35 39 44 47 46 57 41 48 49 44 55 52 39 44 60 33 57 48 32 33 36 50 43 32 53 60 31 35 31 36 38 54 56 51 47 50 31 35 46 30 47 48 33 50 32 58 39 33 33 42 52 52 44 44 41 31 30 57 35 51 34 59 43 33 37 33 56 58 36 37 56 39 33 59 47 33 49 56 55 42 50 35 51 39 31 57 45 58 43 52];
num_passangers=[70 90 54 32 63 50 82 25 37 86 44 59 99 87 20 22 23 26 47 24 39 49 90 29 32 96 48 99 36 53 88 73 38 42 54 91 56 78 22 95 22 49 55 85 27 40 92 60 29 48 67 51 59 75 84 33 54 57 72 66 30 41 88 78 27 46 75 82 55 72 63 100 91 49 63 85 44 75 89 24 89 45 98 42 32 37 22 52 86 28 50 46 57 54 69 54 22 79 20 99 33 73 78 52 81 97 89 20 79 49 82 23 20 43 55 94 67 49 25 54 27 23 81 46 37 27 79 82 39];
BM=250;
CBM=0.500000;
CEM=0.800000;    