nBuses=78;
max_busses=78;
cap_B=[73 98 114 55 125 105 101 68 50 67 28 83 85 132 31 131 39 71 99 38 78 61 106 128 116 111 104 33 33 119 26 39 74 45 73 47 66 122 34 118 127 119 50 76 111 39 112 121 67 28 66 46 107 65 58 49 32 94 37 55 132 84 46 58 111 60 99 31 100 80 136 26 132 127 63 28 53 115];
euros_min_B=[1.532098594670131 4.909477888152994 11.293769975794056 3.470109135667409 9.29266582688137 8.939860029603613 1.3560344167960747 9.821737078327775 1.0616998333571661 6.389571781790338 3.3120197613170843 12.775081401535246 3.2515531270235796 1.3520796744533652 14.865585647759357 4.513465671139275 14.627048007143529 13.307047750600715 2.567944714364317 3.7269617302826603 8.186384991873995 2.6737904624632822 12.91759280725458 5.157183440006774 2.610808588713093 1.2897743088755358 4.842603344759706 7.234506205979702 11.912354325460033 12.836111135009515 14.339068925552139 11.971427819663987 5.437709024966341 14.185178003825198 10.208470698307332 2.355727099846723 3.0379051016529575 4.440652145144631 6.92524616217707 7.184308863424416 9.817745388753224 8.26989188438532 2.63033711149238 11.005902819751306 5.404163881671096 13.343824609011204 5.226124331730168 6.875514365309728 13.83056738294633 9.175706122416091 3.624148414263148 1.647068820129172 11.092767628911542 3.323435157614088 3.071050232489151 13.5590139499646 6.256908754377564 11.67472104091422 1.1735404779627612 11.571163041190646 14.276173033806785 14.67683293790022 6.190470686900344 8.172579456864222 3.47473996302112 2.7651389007754523 14.70929732762272 4.28846679422786 8.767799827711109 1.3378252710520375 11.636072519280349 13.231577249845774 4.092317701843542 11.295108168958146 3.8359363901994348 14.82879871944048 13.524184984013257 1.0761528014991022];
euros_km_B=[5.951984379556431 27.84056401451183 22.824007458373966 27.452380944172518 24.047816256884033 15.13231857374026 21.94342627308974 16.658889441166913 20.82689059131918 23.322921445785465 13.404756707988362 16.040846288986522 13.864132553194901 25.330883327199146 15.311849167286246 19.372811957081336 5.8039971619402975 21.999308600460107 28.819696738902937 19.763311429454056 19.553700279343623 14.186668218063016 1.3551325437731405 17.899260075022745 16.139332015475347 4.495831906537012 18.195281451583288 15.38662700465092 20.616422737413604 29.37861143981239 24.44078398668785 24.843203861617514 23.626538828520136 16.584871294338082 20.660295980894716 10.674544789503575 18.06019408069113 27.126731377790144 20.77772355326941 7.356736584595967 26.475800663451423 2.8138213605050293 29.760097808240246 2.786478758179484 5.587248668022882 26.779158189559755 19.22764239971962 7.1533974127472275 20.807375440039543 9.938599363646743 9.420848156428177 19.206209200016573 11.004505522605964 1.7734956771395214 8.870400068731783 6.129763782709109 13.822577711373949 14.130774589831194 15.887852375459335 18.207291331024074 10.033355640309388 5.164063374229101 14.044511586816768 26.097760049953855 11.405509115287002 29.531221185620126 19.662325049401677 4.479213328499504 19.505878455937285 25.261716811956482 27.650479617243096 13.062987858427292 26.737781315270276 17.599150970446768 27.46012669734483 29.7337456789147 10.184166732348228 6.073888983598406];


nDrivers=83;
max_D=[201 129 171 184 157 194 133 124 158 161 140 198 203 173 190 147 201 191 182 172 195 182 209 230 206 171 159 144 160 181 198 180 199 180 134 122 132 173 169 161 227 229 187 129 148 121 220 226 179 143 138 164 196 144 200 166 166 150 169 235 174 182 154 235 124 232 182 129 156 158 151 205 133 154 209 206 217 187 222 163 152 219 236];
        

nServices=85;
S_starting_time=[323 498 227 356 700 587 494 154 214 448 642 369 511 295 306 42 204 13 433 685 569 320 666 313 414 110 136 364 164 85 473 235 346 688 497 554 616 315 589 498 446 554 315 484 272 52 386 17 55 578 155 58 230 446 510 553 609 709 84 158 209 265 18 563 557 296 165 300 448 169 205 684 405 697 684 69 287 594 559 465 316 465 269 701 667];
duration_s_min=[120 110 60 106 113 99 110 95 95 77 95 112 72 107 90 107 72 92 72 115 118 110 89 66 112 91 84 88 103 61 107 99 72 105 99 117 97 65 105 67 85 108 71 81 68 88 97 116 105 115 88 79 97 119 77 114 71 73 87 89 101 99 95 83 83 104 114 97 62 80 80 101 68 111 67 88 109 97 87 107 101 68 109 106 102];
duration_s_km=[52 46 42 59 35 46 56 53 41 38 48 54 36 46 54 45 39 37 54 45 42 52 30 43 31 36 37 50 44 59 50 43 48 47 55 42 57 53 47 48 39 41 48 35 38 37 49 55 38 38 39 59 30 40 42 33 52 52 50 38 36 48 38 36 50 35 31 53 44 52 32 48 58 47 49 55 31 49 47 56 46 46 45 55 34];
num_passangers=[63 74 75 39 26 76 93 36 21 23 97 55 91 83 73 96 72 97 35 81 100 66 95 61 38 43 23 93 85 25 40 76 54 57 84 89 52 80 96 20 94 35 24 41 31 68 47 60 28 81 28 70 68 59 41 61 53 35 32 55 20 61 37 25 36 70 59 88 61 94 84 49 67 41 81 84 49 31 26 26 61 97 32 29 42];
BM=250;
CBM=0.500000;
CEM=0.800000;    