nBuses=94;
max_busses=91;
cap_B=[69 115 139 74 130 111 73 71 64 112 61 93 88 104 125 66 39 26 134 99 90 93 74 118 132 119 80 83 70 120 54 89 60 117 56 121 140 104 62 44 97 125 25 83 112 108 95 30 26 65 96 31 103 34 56 52 31 20 48 25 81 74 64 66 52 46 105 91 28 101 121 71 35 51 126 137 113 139 55 126 43 20 67 36 54 106 32 76 46 130 52 33 78 114];
euros_min_B=[12.892605032585992 2.3961562346789513 7.514607068891429 11.850165716682273 4.3726643462275865 8.722214956861901 6.058312647065711 11.66962365640021 9.391625437525706 1.4011005672947734 12.80180278152359 7.111468018146481 12.552839351893242 8.873994794945501 5.900896742381793 1.600115930527393 12.80404275159151 13.91563703695434 5.250345187053737 10.773121264641649 2.998374696796574 8.60604087847583 10.883913063898548 7.109784966086572 1.160961540627417 8.265238720275658 12.941014231356622 4.9425450985772645 11.390310934827461 11.294671104062164 5.0160121372189295 13.547694489022527 1.3548347023274667 1.7067155137151544 2.16658111646846 14.546851423455688 14.804511543262976 10.474066726451946 10.72366264766605 13.81109229046945 1.9071091164696852 12.817174348006592 8.903150505621666 5.332929978206206 13.954965633822585 8.034237370790514 12.646370139755437 4.846184160407944 2.2404941985459863 4.272946265082808 13.00189271965546 6.0110335808574185 6.544008226539233 11.995033577416127 9.498993277692044 1.5486880211252172 5.253230418443795 9.86428552998471 8.300061083117487 9.119667006106653 12.402308939378909 11.889367047565596 4.981773143714927 11.102865640441463 2.5379004513104517 6.833008486554588 3.926768980233496 4.6353288594355755 14.161633048069076 13.656059558235981 6.071837066723403 9.361757113908713 11.255167289673388 1.4499829208615813 3.7381606436034707 10.124085209270637 9.892817821660636 9.475872443149113 14.50831796145776 9.395583262484749 6.010497913393881 12.5546504209454 9.279814675058873 3.581633069197724 4.8436983389939865 8.663550339695577 4.427745686993136 9.881012026455558 8.210926002049067 1.2393162083268368 14.61185164982554 9.952081557810077 7.101052443859729 9.522230213007493];
euros_km_B=[14.091516713589566 16.64950035315062 26.65910539516807 12.007154015833803 25.840024450235795 2.673486349733739 6.010236876676174 22.652292936389596 3.7802441745579554 14.320855317403087 21.424109461803788 9.154643495871627 21.24654173443112 19.840113911553548 14.788232030112109 5.780415152859259 24.422739130218584 15.613960196857914 6.475897148362863 26.94045225774607 7.114185806788278 18.126973874287124 24.089471490132087 22.445120576843454 11.885249215765528 23.980213854482315 21.776872375429193 8.718149830604489 12.586931383580886 25.231771559059144 20.2776015395027 5.731904005408565 28.152049631206747 23.113727841996624 18.17340126992248 27.305741425964253 16.29891770543893 18.74967560457897 9.798674338471322 22.354800936353282 11.78559774876525 19.33561952463099 25.833107448857017 13.069378755258663 2.2302405035584445 20.90683145221984 19.889313503844928 15.618764571955795 26.20542497841767 21.215833525391925 21.014670914698574 16.855036722591272 6.04953071307367 27.171893870758126 9.578421738845641 26.504503861341448 25.795407446223752 5.858723575260315 8.82453871291888 22.019383817859143 23.138618105236546 25.90002965424327 1.8964497957845825 11.624245592871164 19.121760959657944 17.06518408568957 14.542029851919645 4.811855064045812 11.697390654423215 24.299994472004165 13.733591460679468 7.481291898484209 20.67297537639851 19.29126007636847 13.5586594714159 15.762389237952247 23.170926048040673 7.849330941359673 25.99072692891758 2.3661963648727466 3.7056646204273314 4.180579602284002 20.074159506113403 17.703950489661867 23.87979295895667 23.71209775529481 1.5022472414556929 1.0046231702379447 18.435674257537464 29.786393166850296 10.35965772190037 14.769933166587018 2.0807801820204435 28.861153177097034];


nDrivers=91;
max_D=[205 233 181 137 156 230 233 158 223 226 198 158 226 219 232 201 122 126 152 157 207 192 127 212 225 120 222 195 227 239 187 218 152 125 206 211 193 172 230 221 199 192 227 191 213 120 175 150 121 138 215 172 211 234 171 138 239 167 120 235 141 179 214 145 204 130 232 224 226 160 148 234 221 228 145 188 206 123 218 232 174 136 169 197 155 132 220 213 171 164 161];
        

nServices=95;
S_starting_time=[347 138 707 281 622 67 504 682 667 533 286 478 699 306 569 655 122 577 310 557 335 107 10 390 418 517 479 100 681 190 373 36 552 137 414 714 454 534 445 435 115 417 95 662 439 198 627 38 535 280 528 234 44 295 224 224 189 384 10 219 424 552 231 245 497 309 245 250 468 343 172 455 138 618 586 52 141 426 187 475 397 106 10 560 698 115 713 550 405 424 536 231 673 356 572];
duration_s_min=[105 98 99 73 98 81 101 95 105 114 77 69 106 92 77 120 109 100 62 105 111 88 120 120 102 104 70 71 74 72 100 111 119 111 114 99 114 62 76 92 109 73 110 95 91 67 117 63 62 65 69 82 83 65 90 104 107 79 106 69 69 82 70 104 70 82 91 104 110 61 72 97 73 69 66 88 67 61 81 119 97 103 101 79 86 88 76 87 76 101 115 84 117 117 112];
duration_s_km=[57 31 30 43 47 31 37 58 50 49 43 45 35 53 46 53 48 54 32 33 44 34 36 30 45 51 37 43 46 37 40 30 58 42 55 31 47 35 36 53 53 33 40 56 49 36 53 50 59 34 47 54 34 58 54 60 56 56 47 57 50 55 32 42 50 38 32 40 57 47 32 55 30 37 32 39 46 57 43 37 33 37 39 59 54 57 30 45 48 54 60 59 58 32 36];
num_passangers=[33 71 87 68 100 44 94 64 60 93 46 60 21 24 60 53 86 22 40 94 62 27 24 61 77 54 100 76 56 30 50 50 68 36 95 73 24 20 33 53 54 20 35 96 28 59 88 91 36 38 26 66 79 73 74 76 59 62 78 25 49 40 78 22 85 97 50 97 55 27 99 33 26 48 42 67 52 100 28 40 46 90 44 88 39 50 74 100 93 80 96 24 74 57 72];
BM=250;
CBM=0.500000;
CEM=0.800000;    