nBuses=78;
max_busses=76;
cap_B=[94 48 38 131 99 63 59 48 81 105 90 70 62 128 138 112 112 54 90 113 98 114 43 86 35 37 102 26 121 67 124 136 105 69 96 63 130 35 100 113 84 126 50 65 111 93 65 30 127 107 85 92 50 30 121 84 106 123 131 117 131 61 127 126 106 61 30 45 94 80 98 131 136 117 136 107 55 42];
euros_min_B=[3.1926865457820135 1.094034794748703 2.811432857578355 2.65678563204448 6.513481988693133 10.18816118308904 6.163326494305839 5.5164130748341975 12.150160966970784 2.2859020277891524 4.222254625467709 5.600789107315802 11.623872849479314 1.1254425179021446 5.337582854345318 9.17633526931714 12.022678168017993 4.893327144104353 8.986019067155487 8.73906462535857 12.347903552632717 12.48199486125946 7.850158285713869 11.754729475582263 14.668253986041712 5.862713144640199 1.583169718369567 2.2291059823464723 6.357730121434612 11.535917625961257 14.494681417592895 4.61611800048332 3.0573965624705757 2.7146359537540223 8.26314282555678 1.8962014264096616 3.6967292504555003 12.638847769075147 5.871050030494818 1.7651943189345576 12.961717266084637 12.425664229226735 4.134712047970354 11.619774022844714 5.38303207799817 11.928875538345103 3.3248712175890733 2.4163610343116777 7.69954908308438 11.533689715572082 3.756603754948147 11.759919779860121 3.976470828347856 9.095397799406468 6.817088783011149 12.52238964960322 8.985755653513603 5.606151862993633 5.71356522589963 13.00230502909799 6.14728368707124 10.78294393376876 7.995998886735472 3.496940547787903 13.62532459389454 10.737885520579594 7.285793324501274 13.773297314898032 7.131106434013933 10.386312414356315 3.689382093397084 9.528741866218864 2.2217462997256785 4.401929315175629 11.998944081948723 10.666007898200828 3.25132524318514 2.9789121334118738];
euros_km_B=[18.705264729138715 8.128599045100973 15.597125755916656 29.644035785738893 8.731304041982881 16.028735034278746 15.04315106125828 1.1933413305115654 3.338100601440224 4.352172007413176 23.453475481071553 25.78203936633947 4.381157678304307 18.76337137580472 8.486093406163672 28.493009716818346 4.860542564902119 18.225444715717206 28.99082989563615 1.3316198758568856 26.439203805108335 16.879306513703494 4.663193606186926 10.371673722589447 6.637095860124902 27.47105294661327 2.0598576690931685 11.348927734188969 25.064377533611246 18.161852999978613 8.216546596306278 2.4702544431213926 3.927849397997697 2.087833053450113 3.034314053906956 27.075442280079418 27.067434997412136 29.63933862405751 24.510786786153844 7.6410280377972875 15.994186724671183 10.325952801809684 19.62192402004362 25.819974645299162 29.78605404849822 10.61554038067226 9.22960999682676 12.42112484170246 15.763127582215938 20.70918061179776 6.159445583087998 16.43831111915629 6.33924502936951 19.876928506162855 29.31016307614623 29.228153617870767 8.764391579676056 1.1593549562116199 1.8831719836794698 14.67292628477355 24.32951469826811 18.163478455609756 5.3687789793492815 23.629982524638073 27.640825781019718 13.00895551946114 25.534204119135396 17.462861031041882 14.041928769058154 14.10826022856584 1.1530660482223145 26.769982264153718 9.1393727800826 6.931642365288238 21.685539889150856 13.231506389964144 21.283532564939236 7.559714761557446];


nDrivers=80;
max_D=[221 216 215 176 153 149 216 133 169 163 240 197 172 204 158 159 202 146 199 157 156 132 190 150 207 120 122 236 155 151 177 211 231 166 132 131 238 182 235 208 189 160 196 164 126 175 229 200 132 159 194 122 201 124 157 148 205 158 122 157 149 207 149 174 178 145 202 224 222 214 136 221 189 227 178 208 205 240 156 209];
        

nServices=83;
S_starting_time=[537 301 538 166 204 677 294 4 531 232 635 88 594 26 649 193 495 213 638 255 544 439 209 220 654 717 485 474 446 631 103 341 559 406 514 573 98 414 646 596 464 40 669 686 666 428 203 507 372 475 571 158 259 445 315 253 157 182 578 37 455 593 605 594 711 311 586 397 712 435 116 391 386 376 612 407 605 429 389 302 253 235 611];
duration_s_min=[115 99 81 89 100 119 67 85 98 89 105 81 87 114 99 94 75 90 101 82 93 114 101 67 117 95 72 64 93 98 78 60 86 60 107 78 114 75 83 119 107 117 115 66 85 87 95 75 115 85 63 86 79 109 79 99 82 89 120 96 60 94 113 93 103 93 89 109 60 75 104 61 80 75 115 61 61 97 95 106 75 86 69];
duration_s_km=[50 42 49 44 52 31 50 34 31 35 35 30 53 53 55 36 35 50 60 57 51 36 30 55 54 52 55 51 55 32 52 31 45 30 38 47 32 41 49 49 57 45 55 57 47 54 52 31 54 34 52 59 50 56 50 53 36 57 59 39 55 50 52 38 44 55 56 40 31 55 37 31 50 50 54 48 35 48 49 41 49 51 33];
num_passangers=[90 35 92 48 20 55 70 100 67 90 45 60 97 39 45 55 45 41 45 51 51 66 84 21 63 50 22 83 39 31 59 74 30 43 22 20 23 54 27 61 77 63 68 40 93 31 38 32 94 88 78 53 65 46 39 47 38 67 24 41 46 47 81 50 24 88 59 22 77 54 95 31 49 60 82 42 96 96 92 57 56 33 65];
BM=250;
CBM=0.500000;
CEM=0.800000;    