nBuses=67;
max_busses=66;
cap_B=[92 102 113 125 58 117 127 116 105 58 67 73 99 96 125 132 69 82 22 96 114 82 38 27 56 110 24 104 106 110 37 108 84 56 82 74 88 77 66 117 91 35 53 58 99 108 110 21 102 48 133 33 43 137 90 58 40 42 82 70 91 82 119 110 93 120 139];
euros_min_B=[2.72979947406278 9.457584275617798 4.414421357776113 14.853415327849696 7.16522668625005 10.338625648992048 14.74953075038676 7.518141774707257 11.883006383532114 12.507071595275518 2.255106324666019 9.456354439390074 8.494293846461474 12.666053216724794 5.76827326035246 4.79056611208548 12.233112252208107 4.106585273819652 12.753144537690282 12.276520316815349 7.703261437252444 13.462850905805874 8.760551045482735 11.627379427234356 1.5310180805658844 11.990510576482666 8.518872230785565 7.912901506120866 7.553153803918692 11.507707579194387 8.281118929857778 5.328698189078787 10.69331231194408 6.444921259531914 12.146603468072835 10.63967385191935 1.7037923650638453 14.76286046031689 14.87361011336607 8.945138596083185 3.328581515633301 7.050707026633669 4.151041975969635 12.428536062840356 11.931970399408364 7.293650382170511 2.670318627315428 5.857419056758225 8.937800061520232 2.7947468431493956 10.487336844727565 10.115311795568946 5.778433244418745 1.9913534727237217 9.098502445073446 4.27442571024514 4.115839036543284 10.220649914711192 1.1434701270095315 4.547791469195113 1.2354115622788886 3.419612563630648 2.365136315207005 11.185780769445934 6.091987787358908 2.586978407559859 12.363146609504993];
euros_km_B=[2.3467437830824656 2.776209319047368 25.930515091316458 14.708184228990525 13.433028784262762 10.830931625105643 23.448703108381547 28.68361252522561 22.923562095336134 24.80852366296047 5.580373368528883 26.586482655994427 4.759250072679399 2.8543538436161686 11.673129483792382 15.541338754887978 16.463186071255944 7.390298597988265 26.717259076949375 23.62598582997336 24.158312587764584 15.244319519067103 8.077126082565375 26.882882647034446 9.035993806198256 3.6587681419043276 20.323515718857884 25.212609172931405 23.62872883146106 12.547557971358323 28.65308346076736 14.111191088238272 15.935526743488326 24.410392148750002 16.43475005196779 6.919881461581212 20.253558044001572 1.4531381611426584 16.915978558354148 29.091704631762173 8.155996427370852 26.968118594914294 8.115688524425169 23.90745717449231 29.95738770742839 9.234760640732794 26.480503314486263 6.28336986863295 16.935262246745744 21.689306104883897 8.916515631485563 10.527719510265749 23.57175159098226 20.093441892837756 18.928302535367823 5.95790371955242 17.972468162340178 1.032339379302796 20.52240009680584 29.71854992393598 25.03880608555592 6.822855330099036 8.26060927306262 27.58309631870727 5.740810497990455 6.518660938112666 23.381923487322695];


nDrivers=68;
max_D=[187 186 196 184 184 225 226 183 137 157 199 163 132 238 188 213 213 224 157 122 150 211 186 195 212 160 156 140 195 128 204 164 222 127 214 196 122 237 189 205 164 229 179 163 213 209 223 214 154 157 128 139 205 154 177 128 221 178 223 178 159 133 182 240 178 130 165 230];
        

nServices=70;
S_starting_time=[435 636 376 317 136 360 652 397 65 537 480 398 56 427 54 494 232 141 100 717 433 685 694 231 297 639 242 560 226 135 696 341 162 575 599 56 307 246 704 47 673 543 610 170 277 443 628 341 402 83 553 168 247 588 563 556 692 643 603 516 224 710 57 653 390 100 439 275 573 682];
duration_s_min=[108 118 80 83 76 70 96 114 85 111 84 120 112 93 84 60 88 108 119 80 60 97 109 98 102 65 64 69 74 91 119 85 114 109 70 73 112 93 113 98 96 109 87 66 75 68 116 84 119 102 104 75 109 99 77 88 86 117 94 68 93 65 97 116 87 60 67 104 86 116];
duration_s_km=[45 59 31 47 52 59 44 39 50 36 49 45 42 37 38 32 48 36 45 31 39 60 46 46 54 58 45 31 32 54 37 59 46 32 38 34 48 33 42 49 50 44 55 41 48 50 43 31 57 53 50 44 41 51 31 59 42 36 51 52 49 48 42 58 55 57 34 54 57 51];
num_passangers=[37 43 98 66 61 62 93 90 85 79 98 76 97 83 47 55 99 95 96 20 67 95 70 44 99 86 100 65 26 77 71 97 43 66 81 70 80 81 36 20 24 92 45 20 69 70 34 82 97 39 26 95 91 48 66 51 96 35 99 67 69 49 61 95 44 93 41 56 21 72];
BM=250;
CBM=0.500000;
CEM=0.800000;    