nBuses=67;
max_busses=55;
cap_B=[108 29 91 98 57 41 87 129 73 134 54 47 50 83 107 110 62 112 53 84 70 20 77 59 87 30 132 124 37 122 39 97 97 43 86 96 125 134 26 40 123 92 83 87 128 113 110 132 29 138 62 54 90 44 110 71 43 69 38 31 128 72 123 131 73 26 123];
euros_min_B=[9.186864072292707 12.473992978125667 7.605078892383029 9.368310942315341 14.252134137807097 9.728551895479349 14.25152937290842 7.668383409773642 3.465212301684227 1.5592560216146534 3.5530751667037173 12.3359440653791 14.766795923015055 10.308508442977006 5.0402278183396145 8.201247266090927 1.811019664114939 12.095488694309239 12.356134975855614 3.932292011131967 7.156608605264608 11.677906046910467 11.614195411660235 12.872943376881558 6.687915655720535 10.899776386736779 13.65278369788941 5.8744809295605815 12.306746135034386 10.206000481389754 11.904132259250353 9.92385817306175 12.27166730703762 8.635212061092597 11.9015745796289 2.2195940884069234 4.738168270569272 12.963871463246262 12.811911533979995 3.792838703566553 3.114584916738127 12.65730938880612 10.132295843232242 9.747186805630555 9.104656030359859 4.274737172188689 6.557305571183027 1.5241474909659798 2.4507542419864894 4.456398655115062 2.980437096371406 1.715572404056273 3.064015567173911 8.403534354979625 12.499313158485108 1.0665125632273802 1.9507228863493438 7.563240321591141 12.315752795209077 7.040088404873514 9.082203413184095 14.007715401708282 8.21896381135809 3.973123674960877 6.920957425890039 1.5148646007964048 14.338071980509824];
euros_km_B=[10.639044028929856 8.276721770256557 17.12389931873507 9.205099731481784 25.158118704782634 25.18928524142099 10.18687255212366 18.8870768178154 4.07402895844589 21.695022082640655 7.071434131928724 1.1941290505262083 6.484015932894707 21.001270753229498 15.693311291819056 25.761259248908146 5.94634575103948 20.277901087923738 2.808870902258194 24.767357494036577 13.917719036223513 6.229167091956267 14.039895732095161 28.77075951618067 27.893330247447818 13.73752687025539 27.780214557879145 6.3248327205265085 6.703798933595798 22.473564675694504 6.126339840329611 19.315631914515482 14.67035192687341 4.597435829878715 13.611863101688616 3.328992615036854 19.331327736285818 27.694649978771498 6.647356275899195 10.1908295405021 24.808779103901085 8.291919762643934 4.099410226911169 6.871193175788686 10.305127081690102 29.25453215227714 23.684541726032347 10.48953795502472 15.133203794866844 6.083630512577852 8.291777185503086 23.761626492627602 16.345291262502684 2.4313997301171457 23.925887129060424 14.125350247841233 2.575702461463813 20.83445951476998 27.040078576577056 26.632390417075865 25.26612594938358 23.5103269973139 22.361183869198594 21.117351912980357 3.0691660001358247 6.39154102235828 11.810962479103916];


nDrivers=69;
max_D=[222 136 137 163 228 120 200 198 190 151 236 152 185 139 222 224 189 239 201 197 160 125 209 209 153 149 226 189 147 175 165 210 130 184 148 130 147 122 168 192 168 161 234 196 189 146 196 236 140 214 169 196 151 175 183 229 120 133 154 212 143 168 139 124 216 138 225 140 222];
        

nServices=70;
S_starting_time=[563 40 181 127 193 109 331 143 96 250 675 583 269 216 12 380 567 439 293 310 636 76 448 720 315 111 147 504 27 170 588 179 595 343 454 260 75 412 172 624 36 287 143 600 560 221 679 533 316 482 78 229 472 283 595 399 325 17 580 443 362 234 373 264 73 303 562 495 561 297];
duration_s_min=[71 93 73 113 72 120 113 91 62 95 114 98 66 105 103 95 82 113 67 112 67 91 82 115 68 90 87 82 119 84 63 85 84 111 87 79 72 66 85 105 97 62 97 79 83 98 93 67 88 74 62 115 116 109 97 92 77 120 102 77 86 88 93 84 113 65 115 99 64 71];
duration_s_km=[47 35 38 43 42 36 33 60 58 51 38 41 42 52 35 54 35 50 31 53 56 55 39 58 45 60 58 57 52 53 39 48 39 44 39 30 32 45 38 38 41 58 41 42 36 49 30 39 40 60 46 57 52 33 54 42 60 37 53 53 37 56 56 39 32 37 52 38 39 54];
num_passangers=[21 33 37 95 82 69 82 56 58 70 96 77 69 95 42 27 81 49 84 29 72 70 83 61 45 37 70 60 21 47 85 90 76 61 99 37 48 76 65 69 90 41 73 39 92 50 88 74 43 49 21 26 73 88 27 39 87 67 34 61 70 54 79 48 81 75 75 93 28 49];
BM=250;
CBM=0.500000;
CEM=0.800000;    