nBuses=67;
max_busses=71;
cap_B=[92 129 101 140 68 102 138 127 89 111 138 40 71 34 120 34 115 116 93 118 85 48 117 129 90 24 51 29 112 83 113 20 84 109 47 123 32 28 120 32 51 104 97 119 35 83 58 24 134 114 70 112 22 115 121 117 45 72 46 45 70 106 101 107 138 119 55];
euros_min_B=[8.696989338105677 4.082550396728004 12.295911128283336 3.424759238662258 11.07479322815601 4.188421840938976 12.984608918469519 3.706679365741522 10.397538242224048 11.542099288061722 9.070172800144473 7.28943665900642 14.773695090644335 1.2873398356137131 11.830744725979487 9.62821606407385 3.8146753566004454 13.761131454435866 7.080448609868721 14.55328171630542 7.560498019603331 11.060725932159324 11.62862793668682 1.3204764317017137 2.5153108721702058 14.028510494685616 1.9265135459713472 5.5616080413259565 6.6156134299569045 2.8745231432880276 14.288426246942711 8.868194838924287 14.493859067062559 5.418031354574843 5.248720039762689 14.812093341065488 3.1104078618746653 7.623745898319055 6.133273667949808 7.904592143962818 13.360901492386615 9.75478941424398 1.0974908019215457 4.5177563103929606 6.742299164152346 7.422560505222862 7.188539546832287 1.3571556542794245 14.022743544405367 5.933249166454179 9.423598850882831 1.7591419857305797 4.170001307935794 10.444921434270393 11.769648875329201 2.0922115112092605 8.946655487267815 10.05701728657524 8.70003710672417 6.29159091453312 9.721728315571234 3.2276294940384913 8.112572260897014 2.9868895848749584 6.422256039082831 4.27582526117325 13.26763962672154];
euros_km_B=[18.119327955257447 21.737693834018888 12.927998207743878 5.515217964640068 17.29002048178197 11.329170785340043 6.230872221407696 7.902445380359315 24.22041160339334 12.80534471849346 1.476037031426599 25.97472048665343 21.19880891857122 22.82982225429918 8.705019702802705 28.209064257114065 6.741237095290056 6.668112980530045 11.528013760876293 17.521103828293626 21.085915799681093 27.254232403471256 22.96196767051474 6.212332337170171 3.3145160147942123 18.47284637437181 26.310969453212163 5.905777350696695 27.396062448663564 9.919671369301499 20.48646418050853 15.17467596828165 25.25327855875574 5.967695071521593 28.998936388876846 1.4292618531554133 15.489494741500598 22.516150749880033 15.581640359723592 16.101413098238236 3.0323858292601864 14.68245672045688 21.46598017547582 6.017315384327565 9.86646530842636 28.24860642806984 19.04336633796767 17.33519649772512 8.40371761201462 28.733508091084296 2.5107746895209493 22.119705505960056 8.436648520012874 3.68627253826513 19.603719939446407 6.777164762523953 16.041544477310755 6.66469731902736 25.31161283065597 10.404683203668764 12.670203064619637 11.881597460177105 12.171948836585457 27.44980387188011 5.9859063508586186 6.596401558103135 9.181355372674767];


nDrivers=70;
max_D=[204 227 169 167 228 132 220 157 147 216 173 173 131 168 235 159 208 145 204 144 219 208 184 183 139 234 156 145 170 175 161 231 161 238 167 143 130 160 134 171 169 223 226 129 158 146 192 222 166 165 128 224 212 206 185 166 237 188 232 133 181 227 217 224 235 237 151 156 236 164];
        

nServices=72;
S_starting_time=[187 160 241 334 681 329 523 580 578 160 649 404 174 430 97 5 185 609 295 310 600 344 501 336 627 705 440 341 608 42 191 571 124 595 359 490 542 495 386 395 10 661 282 347 333 258 605 658 205 281 262 41 448 398 616 521 468 691 563 217 584 644 638 300 376 620 472 433 35 73 655 77];
duration_s_min=[72 118 60 91 114 85 107 85 81 70 115 76 75 70 105 63 67 120 78 100 65 91 103 107 92 104 71 102 118 117 86 115 109 114 105 72 99 79 97 108 80 119 120 119 104 112 88 65 86 75 70 68 74 80 86 95 92 105 96 100 61 68 67 90 62 80 87 62 105 73 112 95];
duration_s_km=[49 31 55 48 44 31 31 49 47 30 44 48 49 38 34 31 55 54 30 55 51 44 45 49 38 36 49 42 42 51 45 56 45 34 57 55 49 38 46 50 60 60 30 34 34 58 48 54 34 60 47 35 44 48 56 60 40 44 31 51 44 46 47 48 35 45 58 49 57 58 38 48];
num_passangers=[89 66 61 34 92 65 65 46 95 31 95 99 23 24 32 81 21 82 83 33 25 60 97 80 29 73 73 49 49 89 90 58 96 52 49 75 75 74 97 100 25 31 69 36 53 60 31 79 53 25 45 42 33 86 65 22 92 90 38 44 32 47 91 58 49 94 92 72 84 56 41 89];
BM=250;
CBM=0.500000;
CEM=0.800000;    