nBuses=106;
max_busses=101;
cap_B=[114 21 45 53 52 134 139 49 138 116 92 105 20 117 128 120 45 122 64 79 81 117 129 116 84 81 77 96 21 82 56 132 47 105 91 96 66 22 132 24 58 45 54 55 23 26 91 124 29 31 116 93 83 81 99 125 33 124 117 26 126 59 41 32 123 41 112 112 58 47 123 109 125 97 54 101 26 43 78 105 79 51 47 135 140 79 76 66 32 94 140 106 50 106 137 114 96 114 138 100 93 127 79 62 116 40];
euros_min_B=[12.71667960781022 14.198757274697071 3.091475513295208 2.5350374443600394 4.288465847973461 12.81891326975013 9.57999000403748 3.089334382130304 11.532085491937607 1.8951416863910058 13.316590824000851 3.1107844986453026 12.851804748437374 5.813553941739626 8.47950500214326 6.359151382612204 12.672391367466998 8.219932251114141 12.539498578046029 5.0694854520310315 5.247689012369969 1.4179588445673954 7.147670981807321 8.059892952202226 11.888658327724455 1.029696685920606 9.537030532728078 8.172610729226934 13.076253765180534 1.3689943220482166 12.383640296435296 3.477156004288071 2.5719472305233433 10.790444131527206 11.85861341510037 7.332784359010509 8.01878898521347 4.314031014158413 7.27672653932329 4.684712130254862 12.829701146984974 11.852270435887148 8.799799249814837 5.038668329805064 11.708651592015368 10.979789466269184 14.903153484681766 12.35845884290437 9.794869747519511 3.1209449149002135 13.606802722458982 10.05003065531831 12.950099004123304 9.539100732412457 5.963997023466903 4.898023825018111 1.1688107863360637 3.4690805218570437 9.252209802321866 9.300291984725114 9.786400040801214 5.58852610104767 14.85578137800404 2.6330032772840943 13.719792858428836 2.425972790413974 14.204272517343883 6.7099380795613195 1.8012146201027934 10.785909035695374 1.7256206370194558 4.942738029395161 3.2773678197703884 1.4817527067962235 4.853987596814471 4.588522692839021 14.723854427666712 6.137804127099054 12.769337406848898 11.952801665461731 13.99249970582578 2.6771151470492525 14.112221188311393 11.379011476352527 2.5013159943442758 5.501589509687781 9.27880126846756 9.869070409576446 12.05404579079557 3.199795456699963 2.111754854878919 6.684206899268262 9.532283152127128 8.707885827074557 1.7905909463252394 6.527268404469117 11.954990561436484 5.569472929095399 1.3571889401601955 10.253333891828474 3.7215146370509116 2.587320231366018 7.767259909751593 10.06286188837501 2.328904518054327 10.129239975323516];
euros_km_B=[27.02086371884773 1.5749139180937384 5.102740218037378 9.851563229557168 9.863993754387694 21.93121509236836 18.19625547928641 7.514317381852447 29.137212227952812 25.95160198912652 3.4598240724339746 7.479748861901266 20.51685991011878 16.82052899312563 11.112902014152636 8.844869058789879 15.311937684288939 17.13899569663493 28.81329658221966 28.097126360568602 29.399363531717725 8.57953398680421 4.511387409214382 5.394626824125036 29.55672640845489 12.567639702492933 9.99622088551753 26.20497435359476 12.561848346730253 22.151528051818072 13.7127403138728 4.7264476209142705 26.295724475293387 8.301292980113939 21.915592072290817 5.7479026760584935 20.452966348708507 14.584814875525039 15.177840975036215 12.565140546824844 9.781785009958561 11.823715664654266 18.021006055836043 12.531462036000764 18.425189654425353 11.484221735501025 4.784988569209387 6.645512087947558 21.502890033668727 23.80521972559231 4.064932883430419 22.509203141981637 29.891920070140433 18.33969527260204 15.646344983309756 23.65007878560745 9.2172861250545 7.125912353508158 25.947463614037495 27.44751366132012 3.164173937182411 17.016959526953666 20.17905488265591 4.818495927367264 8.884817570631618 10.657235915604101 13.593260517891164 5.399656264553004 27.876597152268847 11.616269294153089 8.12288926176172 22.014959367397566 10.599387600777023 17.764921297334112 2.264757925611154 24.126881014190012 25.527251910661896 7.410093324507288 1.4593690027852229 16.959039880806014 23.879090256056976 28.414868262994982 3.2626303153753975 25.6263724904995 17.278665183713862 29.782584262937196 9.639218065320105 14.654099465693125 23.559978657894302 27.093013119931495 12.074028977540527 28.579766893990648 13.86294086891074 28.000500832389502 27.765329083649668 23.65820061359202 27.74919238978392 28.94624016917747 4.932720697724258 11.692030955412529 4.399710444607051 10.322749092844646 28.50323359335483 21.516574508786693 26.632921455219876 12.053682209491459];


nDrivers=111;
max_D=[152 189 134 221 190 197 136 180 225 207 229 218 159 183 172 206 152 159 125 233 216 232 139 169 166 221 238 157 199 147 213 197 232 148 139 184 218 155 175 225 143 228 155 211 123 213 216 133 121 186 151 240 176 125 153 197 136 234 126 229 207 161 167 149 143 177 233 203 189 171 216 203 184 201 127 232 180 191 158 143 129 154 206 134 157 122 200 188 205 207 239 176 239 225 168 167 167 160 177 165 228 203 131 192 218 231 122 149 207 131 121];
        

nServices=113;
S_starting_time=[597 255 19 200 673 572 590 162 349 403 461 590 117 532 22 264 131 231 522 608 569 252 425 143 299 581 446 419 104 594 282 47 178 603 617 39 611 6 116 549 215 127 128 502 425 472 400 650 362 11 445 438 590 440 187 691 93 359 675 617 662 197 522 626 392 461 474 596 331 145 92 381 657 68 480 312 111 620 50 619 82 143 25 414 610 305 697 249 622 32 437 198 59 117 167 614 274 413 624 101 186 628 71 185 72 167 152 490 718 42 404 297 528];
duration_s_min=[106 111 90 81 117 115 91 96 81 77 90 65 113 66 71 62 82 77 101 71 77 86 85 107 116 66 111 100 97 102 104 76 97 101 112 73 92 102 74 70 87 117 66 107 81 102 106 65 100 82 81 111 87 91 117 67 94 77 82 102 109 69 63 73 115 98 107 103 63 92 73 116 74 77 60 102 92 91 62 86 106 98 110 116 117 73 81 61 69 61 114 75 114 92 113 109 78 82 81 64 60 60 116 66 111 77 102 97 61 62 91 82 60];
duration_s_km=[48 35 49 53 49 41 30 60 55 44 31 30 42 58 39 36 48 47 33 37 59 34 60 57 47 52 52 47 38 41 41 59 54 49 30 43 31 40 45 48 58 46 32 52 31 35 35 51 33 52 60 59 35 54 40 40 33 48 59 32 42 58 46 31 31 31 33 38 58 57 58 42 42 57 60 51 58 46 52 59 50 38 33 35 54 44 44 45 47 33 50 45 55 58 41 37 52 44 32 46 33 30 49 52 43 37 42 40 40 39 39 52 55];
num_passangers=[93 62 56 44 70 57 81 96 51 75 89 26 83 28 24 68 100 92 74 63 93 45 60 28 53 84 74 97 98 66 58 93 67 63 85 63 47 35 82 36 52 46 51 78 83 59 26 91 98 53 20 91 97 83 46 59 73 85 98 76 53 53 99 31 70 83 46 31 60 51 82 94 22 85 72 73 26 98 20 77 72 65 56 63 40 53 43 47 73 61 93 84 83 77 77 70 99 83 24 57 62 35 74 57 67 40 34 95 27 93 46 85 75];
BM=250;
CBM=0.500000;
CEM=0.800000;    