nBuses=123;
max_busses=117;
cap_B=[74 38 135 73 20 79 70 113 105 57 65 47 50 34 43 104 68 79 87 78 125 42 50 100 77 29 89 80 61 93 33 22 72 131 29 105 32 78 87 37 70 107 111 107 35 70 138 123 102 110 115 72 73 74 58 39 81 62 78 65 38 85 28 94 68 32 29 86 21 33 40 105 138 66 52 131 22 84 70 97 106 126 67 132 90 32 135 43 117 30 22 78 80 21 48 69 101 70 135 39 139 108 104 89 43 76 78 91 48 96 27 83 89 39 101 32 48 75 53 39 74 73 75];
euros_min_B=[12.116603574036084 7.105817016962603 7.495651339337877 12.449742271799948 2.396360775495113 14.466045227587196 4.042020352393001 4.497330612941682 2.3048714638792585 3.332112003998363 4.935126318455864 1.8688912462507143 1.1862237869587604 13.26528249110695 14.61701249010708 7.940072989777601 10.45656698350352 9.912967268832737 9.589996952491054 1.5626544952032229 11.092150855533221 8.536385006023735 5.686253519998855 11.416173317804459 14.670404294650986 3.4223223184142384 5.613853133997385 12.367161962599193 9.491424809455353 3.4797305941550576 3.187735068494133 13.066802983648968 13.417076793091388 3.4528717490033447 9.57749904163128 2.3312586280941727 8.534924424801524 6.153976746406948 11.993889257820383 11.174928028686798 1.787115126080747 1.1105432621115485 14.217032754474925 5.844107732232178 11.281311223264574 9.736473007928126 2.987733119725842 7.810067346357245 7.392928494116405 8.641188920922449 4.791709629236527 6.620426622777566 9.439373116477682 8.671924464710369 3.4899997685019724 9.757574858015921 5.231481949681312 9.789410628250241 4.907061963849321 13.321021057672162 10.262559304944528 8.989471884798798 7.923179581479987 8.312777966550282 12.16279761069229 4.232803505724345 4.316631334952276 10.121312984283694 4.723283405637022 4.638997055033755 9.516900400781601 3.4207460052811305 10.930704538450744 12.625714745473378 4.827613619550483 7.427637787482971 13.008281986506887 14.879249592468563 6.438524444050943 4.507422812226589 11.227419671117653 11.861938459747405 10.941672175048323 14.584536923987152 10.828825679075779 10.709166636074347 6.889908109768902 4.780056710442058 6.755789488256967 14.638634009997073 13.95604906096151 8.268112134153956 2.6008334632132586 1.157211019925687 12.920749034189699 13.469408230899406 4.019787110338173 3.1506000071642757 14.271720453089676 4.039345413468915 14.400234181397003 3.681260907465082 9.710120638525613 6.796000032285382 8.934885695594476 11.885871926107743 6.03885142461607 6.792181973374188 4.235918951071726 5.633739966645855 7.451107462986123 14.79973860993642 10.934944056984383 7.030040075350089 1.2849629342685078 12.209664729878872 12.26987819961618 10.678497696839734 13.23103512044924 2.608749424102043 9.223349095390864 11.60632513658228 3.0499652704879914];
euros_km_B=[17.208700449970223 28.240807722282703 17.467016343386593 26.161512883458403 7.254633576341657 29.902145261259854 13.776076504172826 15.515166720266736 2.5478640304627196 4.3516741318179495 21.294501924092362 28.92490178871378 11.946509856930659 8.423914279832413 18.288210805737553 9.660062880322876 28.959701940760308 14.13195604095751 20.50136415057225 8.721627756603398 16.87222668770509 1.7565255609523835 26.11604735827913 5.645704183899111 24.17050804389503 11.581679655800182 6.137696646664473 25.610253316055612 8.515853739542763 19.532385427851647 9.788615180515562 26.21714055263392 9.628842994916258 16.823324130759776 17.808823958088546 11.870221226743265 24.445605726482807 24.341250399745814 16.398001096483 22.282398566619705 6.7544319872355665 7.811378927618546 9.998700480735831 22.053696290714935 2.2459328346726526 29.821631564237467 26.68964036576998 11.277914043211128 16.592822638431443 3.193932448327991 9.160677576898234 4.656606227811318 10.792148642326163 18.154061337882354 14.452522154446942 1.1123809324648346 16.65183339755167 13.255723454492733 4.716409236081654 10.185313127494117 6.353173820736512 20.618666564785322 18.755308417496916 29.340821318502943 10.852957062348317 15.830272402547505 11.239465901485683 20.332386029860256 13.105114807366187 10.980793588498752 28.474403029702785 23.89690964855987 25.522723645268304 16.14953124678978 2.1190915736787233 25.41530160845014 3.610565448846929 21.336932890841517 4.638590972013861 29.189426224812912 19.260440861755956 14.253653097804404 26.217133049424007 7.317957866838191 7.912555955383031 12.157712181573695 29.963361597170515 6.261168367348793 21.984237319107407 4.390110229587289 23.357782968528173 22.864324035792723 25.027141702453363 14.104611826726073 13.942651143974087 11.125747355291153 3.4947484703923988 17.99386921657192 11.13006332107282 10.999097291400487 18.725047733531916 6.93872412501529 28.925530453527756 8.259427828748498 6.760266977621626 14.598519576176678 20.54590118159717 23.580378692542766 14.36350347536599 15.247236739899535 25.905450451958355 20.316569536735074 5.2275354643218614 19.59850862697681 20.996310420404598 27.229468119627402 27.931757292633982 10.341667258116455 9.029021856200785 12.067887324358322 20.369330252794523 19.66110473910376 6.798154860634392];


nDrivers=120;
max_D=[138 188 217 211 140 191 161 179 155 219 188 174 201 199 153 201 201 133 130 155 215 189 184 207 133 168 128 169 196 237 133 199 227 228 215 197 213 121 171 132 208 173 185 126 183 161 233 240 178 160 225 219 209 229 187 140 203 195 238 186 135 126 126 144 237 198 120 190 145 204 229 178 151 238 233 172 210 142 237 123 210 187 160 234 221 175 171 212 130 169 125 145 174 229 164 198 165 233 178 152 238 179 237 131 186 177 145 135 166 133 140 233 219 136 131 184 222 192 168 165];
        

nServices=126;
S_starting_time=[308 231 303 125 348 453 311 144 20 82 565 331 165 564 555 364 698 22 165 163 110 103 342 121 83 680 418 359 490 279 679 529 568 196 124 237 45 155 269 324 584 331 554 328 682 539 513 194 454 493 657 581 425 3 131 437 49 152 667 645 512 322 683 48 104 307 697 708 613 349 506 481 108 316 689 60 316 636 605 631 449 277 334 468 152 210 470 89 45 712 507 562 654 630 412 332 450 438 217 119 81 526 430 101 345 65 675 418 407 610 454 614 374 532 65 92 70 179 641 544 130 595 150 668 155 379];
duration_s_min=[64 87 60 67 65 85 106 119 109 84 79 64 118 82 103 100 66 100 89 101 99 69 85 64 87 103 73 83 78 88 63 111 96 63 78 60 61 120 73 88 71 79 95 64 77 113 83 111 99 116 81 89 60 94 76 60 113 70 89 100 109 119 77 69 96 62 84 105 95 80 111 61 104 71 99 91 83 78 89 78 101 101 83 97 117 86 106 93 104 72 78 91 60 91 111 83 95 62 98 104 97 77 82 113 116 79 102 67 94 85 61 77 102 62 115 63 66 117 96 114 114 79 89 93 75 89];
duration_s_km=[43 54 43 36 56 32 52 30 41 59 49 32 33 35 35 53 52 55 41 57 58 54 46 36 41 36 33 39 45 44 36 53 38 49 58 60 44 49 58 47 50 33 41 37 37 36 31 38 40 36 53 59 40 37 38 40 49 41 46 37 50 35 56 37 39 37 38 40 39 38 37 56 40 52 41 36 34 34 54 34 40 43 35 60 59 49 38 46 56 59 49 60 37 39 36 44 58 33 56 40 51 32 47 31 46 58 37 45 60 52 46 34 40 49 50 57 43 31 46 35 31 31 49 60 30 40];
num_passangers=[36 83 47 46 60 85 64 24 95 46 26 21 42 70 36 20 84 53 58 61 29 97 80 77 26 34 73 46 91 82 63 47 67 65 100 23 69 20 99 88 78 88 49 46 78 58 100 28 73 59 77 24 53 65 86 80 33 48 37 62 86 36 27 97 23 56 82 90 37 30 29 45 84 91 42 64 40 64 63 38 98 38 53 42 34 24 96 100 62 87 45 24 95 97 20 82 29 52 77 84 22 23 93 80 64 76 35 50 22 93 50 44 37 51 55 49 78 54 38 23 72 78 72 26 35 59];
BM=250;
CBM=0.500000;
CEM=0.800000;    