nBuses=70;
max_busses=58;
cap_B=[28 68 121 65 135 39 20 132 69 22 118 121 43 34 108 112 93 93 20 121 121 94 50 32 84 134 86 131 107 62 54 122 52 112 59 134 97 27 25 50 61 113 71 107 34 61 136 30 83 107 30 53 42 132 47 113 75 55 57 127 107 32 61 101 130 120 22 86 55 73];
euros_min_B=[2.9517909801004407 6.738373750952226 10.581170398970116 6.151954911321356 5.171494022219768 2.2903975329736106 10.521572512049435 6.62457128262321 10.735823788580849 12.360972289039198 5.272454091236668 14.808782335830378 13.236097038199764 7.352989726995706 8.924808213962486 6.812825228406638 2.9180730255841993 6.760270908390882 3.6531743267598733 7.230519245410158 13.93023811313139 2.8581404985474306 9.441819332911988 13.657837851263627 11.628994979491004 5.286651497989135 4.73452568894749 3.052255412699888 3.7464576298169487 5.458681710241281 6.44789297150705 11.20306724314509 6.589365863695335 6.2926213935359145 11.772017881991735 8.090058008360067 6.527767852102325 4.035346609168705 14.702992933859523 1.3043405092548024 7.618242946871993 1.0297557685493024 8.378414399060734 11.870392549998659 7.650323379221844 5.861059103371908 14.693519071205834 13.646401389333374 4.588156049235273 6.437052133171158 9.397862495513312 5.071415317228691 14.175809325546657 1.2501253721673706 9.69325276349459 11.06153365457456 14.189014301045997 14.190662703368336 8.59353867665795 9.670511909218739 7.834798513794227 12.591169137051317 4.983141762215114 3.601490163920814 10.000200224869033 13.552373147384884 14.664319730578775 4.5430548480978885 4.001300527049732 14.470192408511496];
euros_km_B=[19.953250356450585 7.280541560938178 7.929458389769395 14.428606782269899 7.023620772200809 29.09052622798726 13.509307738458581 27.06444259233575 4.256872170888086 12.699588155669108 23.61739837979104 6.0142779821753365 25.024783405479635 3.533922104427613 19.347876349197794 29.851682597699277 8.358072441149647 15.753046820722737 18.472355971688668 1.6533445149635082 11.620614087207501 18.912488619707577 4.510054160740429 29.100315796253803 25.07912048008687 28.593484433113353 24.304227155141955 6.998289469886507 15.845039155049095 19.375699301766442 8.707993636388505 11.453867320362317 18.576696645861656 21.008599775230312 11.204115327540041 7.921219598844942 27.585504338743323 13.069165963735607 3.5212183270387105 13.46708770275699 5.213054571036239 16.1877914847092 1.8201743230710807 8.627600035977082 24.606921960973498 17.861671960124017 23.21777395414609 15.58781995938268 17.94161011083506 3.48328858459877 17.255660631030764 11.271667120619487 21.908037422496196 14.217880662235869 11.941149862238774 16.86785481173813 2.178843625553532 22.01360197336679 9.63740774823726 4.734772654000374 2.595769443492163 12.487418042795312 9.281402247999996 26.778469588391374 1.9306826747919952 19.245597162387877 2.4637376838075866 9.130916749255645 7.65043839247358 21.541330067070643];


nDrivers=66;
max_D=[172 184 173 126 240 222 236 132 174 121 166 229 159 126 153 219 158 205 238 190 202 215 131 193 136 171 223 235 148 192 226 130 130 199 213 229 198 192 213 162 187 167 216 225 144 157 224 147 156 206 132 222 216 146 176 213 164 154 198 218 240 210 236 160 160 150];
        

nServices=73;
S_starting_time=[667 397 125 98 673 469 690 564 709 448 407 142 713 126 35 552 649 477 1 558 265 714 631 385 492 362 15 644 164 407 83 505 316 386 198 581 345 330 111 53 711 199 229 298 170 303 152 543 131 458 370 273 305 339 594 512 49 705 430 98 199 312 110 170 289 382 200 650 529 667 409 226 602];
duration_s_min=[112 64 109 110 104 101 88 72 77 83 116 88 62 115 112 108 68 70 104 81 91 103 70 78 101 92 87 75 67 98 94 100 75 94 97 60 111 64 111 65 88 74 104 90 103 62 107 76 89 119 64 98 118 106 80 82 111 81 74 83 111 108 77 61 120 104 101 118 105 85 107 74 97];
duration_s_km=[56 31 51 32 41 53 41 58 54 53 48 58 58 38 57 58 51 44 38 56 44 43 45 46 32 41 59 56 47 48 45 30 40 35 53 30 40 35 54 42 47 39 32 45 53 30 39 40 57 39 48 37 56 55 54 48 40 56 46 48 50 52 57 47 39 32 60 39 30 55 51 47 35];
num_passangers=[64 47 84 41 63 50 87 22 60 37 84 21 66 61 60 94 64 82 67 47 32 63 53 59 87 31 53 26 89 27 71 68 20 28 23 20 89 98 36 33 61 27 86 95 23 84 27 66 89 78 20 78 51 57 28 34 55 88 54 68 72 54 65 46 98 56 91 88 52 80 95 63 92];
BM=250;
CBM=0.500000;
CEM=0.800000;    