nBuses=81;
max_busses=73;
cap_B=[108 95 139 62 130 41 84 49 85 39 80 53 102 140 97 52 24 29 92 20 127 114 90 123 62 43 29 92 115 64 105 107 55 80 53 137 59 25 83 71 124 74 50 25 118 50 37 112 66 69 51 117 122 50 22 56 26 116 89 33 39 47 109 138 137 40 37 124 54 136 131 25 136 109 85 79 49 80 49 124 72];
euros_min_B=[4.445670326072195 2.34028118481383 3.8189400241900096 10.210215196860126 1.0534236900137164 4.875226825203456 10.951741925810383 1.1407173962124677 8.267963012917495 8.652636343527892 14.209863956217992 12.079579776395427 4.447224574047562 2.8892184107288963 7.665586974844118 1.7000324887875908 11.022895208120591 7.148223389273916 9.385000201640237 9.0480726197705 4.760011703426548 9.128545158196022 14.180945010081475 8.179997178198931 10.940039510217781 5.136015788662592 8.683004785479485 4.566586901495654 2.3884772636205334 9.20843189395378 1.7945250513895465 1.6706445843583597 3.3771426952251598 6.1846830592742315 6.00921052425034 2.9280156792776184 7.091403625591219 5.656301085385663 7.2775102599348465 7.190446445113288 3.8151721192079684 2.24449404978364 2.506565319662508 7.989463975987565 9.17184559549057 7.697794448703559 9.1577418532648 8.165366511412396 11.489595233643316 1.9289465993437684 11.864211324411325 1.001429929921473 2.2168414487524863 1.1494147102826557 10.701385358623767 1.5368485492136768 8.916825515193594 11.705309618605602 2.633683954002434 7.286690763190278 6.711250939142017 14.448870058020209 14.055897967583363 7.0723266351723195 11.273902364955681 13.443930094443944 9.111390579132703 9.864438919794887 1.073976008474335 1.8229580354830903 9.493352897001364 9.78247612581604 5.265937848511265 4.457089896084791 1.4897959719168938 4.936022378017562 1.5989556795550677 9.571799154974165 3.5937639935508026 3.3349316547621215 2.022517288994899];
euros_km_B=[21.3371832762658 25.232151140981216 18.77716243572768 11.004936145447722 28.727332825250965 20.274253830957758 5.294103522485075 7.726363952238444 29.20705776739632 13.268118537463515 29.804839757957676 10.039973123127114 16.812182247024978 22.577994744391457 17.172077704292818 9.238927518541798 16.891719092874485 4.67706350620829 13.238296639105114 21.000105175275277 11.488481313239106 17.519732205538787 14.530767706365662 2.4129736065718093 6.665767778519745 29.510757548641788 10.913768347931217 8.56198518452401 14.729470465602711 17.64281060865671 3.9494449312323034 9.902258800461095 5.468423826302545 15.481807176616233 15.099387323605722 16.111182350104592 2.5106483574588525 2.2981707885764084 1.967296612851915 18.702020422110213 18.775897205392926 3.79063843036524 4.61029019176446 22.662958490785808 28.99850232218468 5.1254104826590146 16.506251843871294 12.460337175879815 5.927531031074312 21.1483964076725 25.744418263800334 19.27866143256415 9.506361292408151 1.1282551618209329 8.857118464991371 1.5275443056294415 22.559729373105974 2.620027830009097 5.833107920931098 28.77720614124595 21.817414284973456 12.228336065038867 27.98030287812803 20.329384212958967 17.365752220982195 20.981552564110892 28.21703597450343 28.292525116479904 7.4179776431126125 9.085390581209625 15.719828852345369 12.073975979396247 8.253775646955809 20.22021766603213 16.312977022660945 29.038720799552436 25.655552169261252 6.373893304904176 4.088852979463183 4.961795078298579 2.7901826874825515];


nDrivers=86;
max_D=[220 152 142 189 237 128 148 150 160 214 166 162 169 148 213 166 196 195 228 164 202 154 150 200 184 221 211 146 216 177 238 151 147 193 155 162 201 222 171 211 219 159 148 167 144 193 237 132 138 140 138 167 148 166 173 123 182 199 185 121 209 143 211 216 225 160 144 139 142 203 194 228 224 139 159 150 163 191 136 235 149 163 123 219 170 181];
        

nServices=87;
S_starting_time=[333 634 455 154 641 401 715 414 182 505 631 173 116 467 333 319 315 701 556 223 343 385 539 415 231 192 490 644 604 549 385 280 191 708 599 387 166 405 712 201 325 668 601 393 542 164 379 644 456 150 99 534 250 581 269 419 245 273 673 315 94 22 258 531 588 293 162 117 607 394 477 126 589 66 58 318 449 394 220 293 297 620 720 672 96 422 444];
duration_s_min=[65 111 94 115 67 106 115 71 71 115 120 60 100 94 97 117 91 61 115 85 64 72 85 72 93 89 62 90 81 120 82 81 115 94 90 70 110 72 74 86 107 92 119 85 87 70 67 105 95 114 90 116 69 114 72 111 70 109 94 111 82 74 105 97 108 72 82 104 65 69 71 96 78 76 89 76 72 120 119 114 92 108 76 94 75 78 81];
duration_s_km=[31 31 60 39 53 49 35 40 54 49 55 34 52 54 42 32 58 40 42 56 38 50 51 51 30 36 43 55 60 49 52 43 57 57 36 60 58 43 45 45 60 57 53 53 36 53 53 55 44 38 56 58 32 32 42 49 58 33 35 36 50 32 51 48 49 54 41 48 57 59 35 30 41 59 48 32 36 41 43 53 43 57 48 33 41 48 60];
num_passangers=[75 78 46 76 84 80 23 69 42 53 90 99 44 61 57 44 82 85 23 87 42 48 82 95 76 43 92 40 92 91 73 86 65 49 56 99 88 85 82 37 37 44 51 43 90 73 57 56 79 25 27 78 31 69 78 31 85 47 80 38 47 80 53 45 92 83 23 82 59 91 34 31 76 40 66 73 41 70 88 90 64 57 68 30 67 63 96];
BM=250;
CBM=0.500000;
CEM=0.800000;    