nBuses=125;
max_busses=124;
cap_B=[125 105 101 77 103 55 102 69 82 120 31 54 89 134 52 99 25 43 102 130 28 85 65 92 131 130 47 132 48 114 139 30 69 132 126 59 39 134 85 137 30 98 109 22 105 37 89 127 124 124 119 38 64 85 100 89 59 128 38 101 61 56 69 115 135 68 126 29 131 39 51 53 133 96 139 37 40 31 48 49 118 111 28 116 93 125 114 127 49 28 91 55 93 115 47 119 52 102 134 39 102 130 45 24 62 66 29 87 39 137 71 95 140 122 83 77 52 121 139 81 50 43 42 70 111];
euros_min_B=[6.511424812965831 2.1113745205167227 2.1528881636594734 4.7280888488879915 5.310341498203423 11.540509963625277 3.8589692466877628 13.642642563177436 6.198471007452181 2.32361810818663 13.098918302263447 10.303805859571526 10.845673755214403 11.335415880099475 5.9769520716413655 6.120733654112658 2.230066010157029 3.0661031257254865 6.167897390377682 12.931543230581303 14.004912278653658 10.05388026837585 2.8918675681883865 7.469280113824567 12.027937808833302 2.3074824280410255 4.4586470242331915 7.601824225241481 14.582336651883585 11.018318895385642 3.5868708346397122 7.989594569216086 4.747314495176356 13.122355462750349 14.120124241938488 2.214352573335156 8.419026008874006 6.11554798467271 7.548062185616059 9.579999900767673 5.14725756265408 7.183961277138024 1.234878523051782 7.0739381699852295 9.205111129094453 11.521899427113565 3.7113660351170825 11.669289540997767 3.6206612678516983 2.859834974379801 3.9023136087817925 10.026234498803715 12.835095009176602 7.715403474929489 14.93218262666307 14.005408417964592 6.918781432473143 9.138967710543316 12.861994536652361 14.142889120129906 12.592661620242877 7.923426035830606 4.759958310877106 9.10246525641285 12.479464497247573 6.5070661433694035 1.3077849719649401 1.3388607562075923 5.974314366293977 10.979588511009124 4.627805277493138 6.149979843348567 6.455758637898205 11.322804536395791 2.599270015393082 14.99689206071194 6.032909763318769 10.319508046195022 2.315313981611316 6.503234949390485 4.621037570343523 10.90631264369907 10.21647046361738 3.410977637315086 10.400473218939627 14.216336206696274 5.123316993760039 5.016771271039717 11.226794574116848 14.862162378791133 7.140952871872364 9.439835905215691 6.151133911055479 4.019813093258702 10.441018163188916 12.814947063971523 8.701627987766987 12.117403964828501 11.297564005263446 3.8441889103996356 9.677733241811755 3.5628862784125346 9.005746800419514 8.320517631038701 7.20645736055456 11.226101750383648 12.698724015387839 9.480432421171985 4.493260431035405 7.955173487004675 12.111640364056903 11.095001117492881 5.066267734713402 11.862451908240104 8.255431612398109 10.04486460849906 13.776756778736468 2.2836081204065835 1.760615716026661 1.6314520295717487 3.909149792542557 1.7309385493284268 9.99546849708722 13.462746614412605 6.009779636262538];
euros_km_B=[8.94938719208493 19.067652804219087 16.142163198297304 14.535923035486874 1.3463697630676497 26.883389267083913 13.068281281632416 22.662162803323604 1.8269289014294325 16.004525152637264 9.40015899412208 3.339594099456342 13.568505057323327 23.11711483606328 29.481190994457446 11.169395241258135 22.650034924920565 6.252315690084209 9.537606742275333 24.941286182576803 25.304660040456024 19.890214121291354 10.73152450203795 23.314885293294456 7.31182803104108 16.437367052069177 19.86289797173913 25.46040660314464 8.54252309605177 28.928015462420216 5.202105695098365 28.469135090178323 20.74572789708637 27.391929645544874 15.061134072151667 17.259534855960702 29.823017254330527 4.797793427781185 16.671212769605425 18.379906570173393 4.106308767506915 14.983785844332226 4.68322539927086 7.791330301766777 3.4859647224709573 20.586393205743065 5.099695312484704 18.05651731318605 11.411409032947152 8.524969018359624 5.76847475191544 19.965661464787274 24.412943245065 21.684520076769406 7.717535758832467 21.267920075786368 12.640604914626081 6.276393549541675 14.868191848676053 17.58395771949068 29.34163409785614 7.629401099157118 6.614228134615833 19.355522086454034 17.96431607034129 14.187815674749196 1.4198404161498717 14.444836210856545 9.7644387231244 20.182675996549712 9.012581160443176 18.347854412384315 10.059831523316669 28.259908694254182 27.485085330164633 25.552026133505343 24.33226514499479 20.10149165642424 22.226153005218247 8.134926705382757 14.391930593261053 1.321560131255037 25.934718448781734 12.851324868508922 13.994352302199434 22.22181241574806 8.327148717308805 9.899536265006681 10.560963084785604 9.88487130064366 1.116553765216782 18.009037040037263 15.680695008806223 9.68657835328153 14.263159052135089 14.60154537481074 11.187375126450073 1.962631605481227 1.159265433584337 24.345364722830464 5.921231203805345 14.725364012145205 6.182387961729787 19.20182589747597 2.953431375395609 6.514393924719025 22.689095249201007 3.092538715414658 13.695407874778818 9.120911128856273 15.975859829048778 23.51952033124677 5.796443937846641 13.501649084131715 1.6442989958263845 1.4502620968282827 21.987776665625546 9.130062897197027 7.1345747021532695 9.361683236756408 13.625897328712181 5.671331857558831 10.287517635076869 26.8790996681523 14.767916898759427];


nDrivers=123;
max_D=[196 169 212 137 203 215 160 191 172 222 171 209 135 205 204 209 158 194 169 212 173 122 168 144 171 229 218 150 167 122 160 230 143 236 196 192 189 165 122 220 136 166 205 167 235 205 131 162 137 150 130 130 211 212 133 230 149 181 126 184 188 232 219 199 198 216 150 150 173 217 150 183 204 204 173 216 142 130 181 160 139 130 168 237 149 133 192 127 172 184 163 222 218 159 222 122 132 208 134 225 179 201 230 179 122 171 156 196 142 196 163 200 138 220 177 145 237 133 208 238 130 162 142];
        

nServices=130;
S_starting_time=[639 247 459 319 584 148 98 474 324 184 496 575 166 262 444 47 328 433 427 112 533 72 603 525 684 490 108 43 153 609 336 306 44 602 613 631 219 568 493 142 494 196 30 477 628 502 550 190 396 366 123 569 273 267 615 643 277 447 538 188 444 627 439 564 504 647 521 641 150 567 605 579 339 338 304 523 148 650 223 343 327 648 524 272 271 316 498 596 16 368 364 644 199 691 274 512 43 554 98 551 554 167 530 96 232 182 40 189 117 611 356 48 171 612 150 574 94 406 47 187 712 700 243 139 13 695 632 612 36 545];
duration_s_min=[78 97 104 73 120 80 99 111 94 89 101 115 105 120 94 81 73 70 119 114 89 105 96 81 102 104 75 97 77 116 78 60 93 74 110 61 86 89 71 101 66 113 90 75 78 116 79 69 113 113 118 67 99 96 67 77 90 106 62 98 79 112 112 65 71 102 95 82 88 104 65 94 74 72 97 89 103 92 70 81 74 90 102 95 118 94 64 77 119 97 102 91 119 106 95 101 114 104 103 105 95 82 102 82 90 86 115 101 96 107 76 92 86 71 103 63 120 106 112 103 71 61 64 87 117 73 78 70 104 114];
duration_s_km=[54 52 37 51 42 54 54 55 32 46 44 40 36 43 36 48 47 32 45 35 53 43 34 56 49 46 40 45 52 47 37 51 42 55 30 38 32 30 53 38 41 54 52 45 38 55 45 59 46 56 34 31 54 47 55 56 37 34 45 44 49 31 47 57 38 46 55 35 46 60 51 58 40 36 58 42 55 32 41 52 36 37 58 60 48 41 47 43 39 50 55 58 50 30 32 59 42 59 48 54 55 50 50 48 51 37 55 52 52 51 41 35 57 55 51 35 43 52 53 58 32 44 43 39 38 57 33 52 52 43];
num_passangers=[25 75 95 47 56 54 66 21 61 30 76 32 87 92 24 98 38 72 38 23 43 49 69 82 79 52 43 20 52 72 65 36 94 51 35 33 87 48 33 42 94 25 76 25 52 85 74 93 67 100 74 90 89 36 68 32 64 63 21 37 73 76 36 40 50 65 20 28 69 33 66 62 93 49 33 24 84 96 97 28 38 97 34 75 92 77 44 69 71 73 95 35 85 83 91 56 39 46 75 61 99 31 39 23 53 44 90 38 49 40 82 68 66 96 93 85 69 98 84 76 71 78 32 94 32 28 58 99 85 20];
BM=250;
CBM=0.500000;
CEM=0.800000;    