nBuses=84;
max_busses=77;
cap_B=[93 92 37 86 86 82 96 56 103 85 106 99 116 77 110 68 129 72 40 89 125 25 57 74 119 105 25 90 86 34 49 113 45 103 60 37 63 25 104 114 82 37 95 22 92 126 86 97 50 41 85 73 92 55 126 47 90 48 46 34 57 86 130 23 117 22 33 54 121 20 81 31 42 123 99 57 83 50 24 31 45 99 93 130];
euros_min_B=[12.908910838081262 3.878373482515678 1.3895602965493365 14.932001915239148 7.429617286400552 1.2678158414392733 2.0563538061873032 9.456655795811901 6.356803306100373 7.734662154509831 12.659924560183736 5.613141249714909 11.221785565807373 10.891299513994646 3.7581303139667543 3.834694339720131 8.216624861818113 7.962697944787183 11.73666960193468 5.908068832603036 1.951566629042968 5.471927557537783 14.814425114887669 2.798655153738946 14.653912611108286 13.607411780658465 8.017753049702277 1.6472624978521924 7.180877758060113 1.7094870543325613 14.44681648480946 5.5003228005069005 10.369952902776651 11.564720076403802 7.0824626279059215 4.216520005444318 6.754188511729268 1.4037019472997652 10.146026917867358 6.37353189848753 6.926381098266292 5.340398054294175 6.399486761094764 2.9981521669676336 6.548607293264521 14.570488171227558 4.211920212731976 3.7443007769731453 12.427804051418832 5.943680108457675 11.537344886899902 11.083031583290538 12.444942470645028 11.364796790468443 5.443021750280172 14.204401208913115 12.946251121681238 5.587006776045834 6.378520935833228 3.9990027742756817 6.934592518739964 5.304102974339209 11.685890490719917 3.930838071324156 3.4096913965632583 5.912497771038053 11.5379423187853 13.981126146388162 14.032647942576423 2.4479609843521857 2.104061432743073 10.675809732298546 7.0575390776711915 6.247894479313102 10.96073665455627 3.396493301824496 13.41286183972104 10.58231763186305 3.1880669419429393 8.191491491070598 13.993306986776874 1.2539202586277776 2.6572672850292682 10.764866711385297];
euros_km_B=[21.044266429807173 12.870842172178186 23.357471758606465 24.070186410249796 12.599467620423038 3.3627234890226716 18.982251499650832 2.273253735801707 18.058545320422347 23.989047554509177 7.000492072869177 21.240814383174524 2.186118381335916 19.916675129346128 7.460347473583064 26.025990967919682 17.833304753892946 27.142600266225788 22.089189064401015 10.272123978687047 12.374703411941953 16.914695285334915 28.099806411691432 28.607063983562686 7.151493541332361 29.24024360073973 5.170982571117255 26.30875352142994 2.0956204594826304 8.999133579594762 23.58661286536109 3.0958637548754386 23.553658143431935 29.862210863787887 23.33647288551267 27.929443088760006 10.66891388572214 14.685842029566897 8.991761704143693 23.26213382606187 10.75796246416018 6.2718010598367195 4.730520570026281 25.381616900847348 5.675638784969838 2.523372430970597 11.62845165486333 4.3843772334954565 21.657312972139234 15.329008885586052 8.347003485319863 7.035060894074935 20.1342781338299 20.52099129303229 26.081522511467625 13.228286968521076 23.490265799409308 25.714952942481354 13.618405857920475 21.53285265463952 25.77208903544993 3.197838039045494 1.7807601918900606 18.828872641163297 11.169864897628312 11.537118033112133 19.799071670959385 21.530455258326647 26.578677470785326 25.968647190669504 4.170822636378588 23.36175287579218 3.7648137955897694 23.135025687913977 5.241161582246562 15.327550421793855 8.067319301288112 28.073349242417795 27.356974678914526 3.4591146097234997 4.606122701595217 2.0868273322017545 15.170266050186966 18.8031035019372];


nDrivers=87;
max_D=[190 202 149 145 232 183 121 142 191 188 231 234 225 139 205 151 212 149 233 162 124 142 218 208 235 224 121 235 228 177 181 239 185 126 167 239 186 175 203 172 132 210 151 170 208 180 144 192 158 217 218 206 122 192 231 167 230 193 128 203 201 182 180 153 216 156 209 147 194 152 121 199 148 218 151 182 134 199 143 132 184 141 122 172 210 205 209];
        

nServices=90;
S_starting_time=[612 353 361 50 713 576 134 306 5 716 509 25 497 278 0 698 239 546 419 638 424 418 521 685 576 21 714 617 427 594 100 302 634 583 347 256 261 177 104 268 338 670 572 16 667 159 637 708 488 116 637 337 707 153 301 337 664 386 326 45 181 342 52 204 374 434 19 525 394 330 639 455 631 116 575 564 614 642 587 43 6 483 476 540 526 157 137 32 689 573];
duration_s_min=[112 74 93 112 63 81 64 84 74 118 105 79 93 86 95 113 66 103 102 107 64 95 100 105 92 109 112 106 67 76 69 89 69 77 66 65 77 83 68 89 114 98 91 81 61 81 103 112 78 76 61 98 117 106 107 116 101 104 75 106 110 89 63 80 81 111 89 60 98 112 118 105 63 108 85 79 115 81 61 75 78 67 110 102 78 115 98 104 72 65];
duration_s_km=[47 58 40 55 39 31 37 57 54 40 42 43 41 58 55 43 48 39 54 57 47 39 49 39 45 55 44 48 40 41 30 59 45 36 30 48 53 41 49 47 31 32 48 60 49 39 52 42 53 39 59 39 60 51 50 53 50 31 30 53 37 39 45 50 43 48 49 31 43 55 30 40 35 51 52 36 32 55 35 58 55 54 30 36 57 52 39 54 42 59];
num_passangers=[32 52 61 93 93 53 75 87 84 80 63 35 85 51 91 96 79 64 55 41 81 100 35 93 48 94 29 82 23 60 46 71 89 85 43 41 89 41 97 40 84 28 92 89 89 24 30 29 59 56 97 23 68 70 57 98 38 39 79 20 40 79 46 25 85 21 33 26 63 29 86 36 79 73 39 56 33 50 33 45 57 71 88 30 33 47 46 24 81 63];
BM=250;
CBM=0.500000;
CEM=0.800000;    