nBuses=82;
max_busses=78;
cap_B=[132 84 72 115 63 28 27 41 94 116 73 139 96 79 116 41 31 110 29 33 101 48 108 83 89 118 108 121 129 50 98 126 33 25 134 126 114 103 129 97 79 29 79 91 39 139 48 85 66 103 29 82 39 25 53 127 41 30 44 41 88 46 88 87 97 68 60 76 60 116 110 29 51 97 64 116 22 118 47 118 97 21];
euros_min_B=[8.75095741458328 7.528048637172045 4.899548359819656 12.356797131030039 3.5775656449946864 12.035405977803494 12.05212162967 5.147123645874608 1.692210226891741 8.921907398053555 14.017123838707306 1.4597476366648796 3.5131999945921644 11.843959374672874 9.127456378700838 2.5989459087601343 13.25738166144831 8.274553463137137 1.3573919334191578 14.811192823600866 12.142380345443188 7.915491279378044 1.9231984213532844 14.376343879622375 6.091758994279088 6.575149094027623 1.4226601766786289 12.810145766523707 8.337620495880488 14.138857385104902 14.134672824582763 6.56239062418552 13.491331938163379 9.600227053779644 9.430324078635744 9.021552412944626 5.686838024102397 11.724860887503043 13.41827021332543 3.3902711852766254 2.474723450943647 12.152852993989612 9.890156432247771 1.7271800311776244 8.057227590734813 3.3794250493329097 4.959979142917698 1.4558806777492121 12.651450676986427 6.522149393638456 7.215643201683683 12.518991622176658 12.940452924420438 3.1651695328006113 1.250133404020843 12.979425367343097 5.757149555866484 12.54424903428209 6.150134759414073 6.645346594799408 6.496495447675534 9.555015847952493 11.901567015675178 14.411976332573511 14.839759693041023 6.69393040415828 5.549118009042725 4.569680917714729 13.426143472933969 3.6382055565322267 14.63983371234655 1.7257177514786297 1.7565092873641712 1.8124712583704021 11.562255178459298 2.898607078857001 13.726584964112268 12.295841748162536 11.508069629974095 11.069404562803893 2.316220789622375 8.72067693700918];
euros_km_B=[7.934309421354465 13.494653828687294 7.931312194133126 22.753286085783053 10.582234570485598 21.13497571830564 16.001868402324746 7.8557610998389595 20.96341403268601 12.54941011066293 9.429594244465251 25.295811908612773 19.967679114943397 16.276163755497322 1.6059378743007136 15.347710832264479 25.983229570782413 16.807546333643884 14.804652354137989 3.5749999146260363 21.431007479403707 4.69075414169103 2.636858500619174 17.913677804524156 27.819874671021797 4.780550053433888 21.604887836413205 25.020213741166323 27.720272472942423 3.126596427916538 1.7123871836808129 28.96416154484955 20.644731482491036 14.704925850528033 27.72729788164131 29.13106639290509 19.951714200864348 25.01955948679441 17.978962232997308 25.010258497212746 22.884236819995312 23.258321055123208 12.131453867655242 22.760317223889363 26.97121196567211 1.0709347449253512 20.294661203083493 19.65614499098071 11.513459966567677 22.108414791408038 6.699156540135632 20.157381483723043 13.791188619985766 7.442547739542251 11.670437471468842 12.197725435231913 24.146985975683418 5.1974072166648435 10.53772781904 11.192794698768566 26.06321509813335 18.60882004120687 8.160418260176098 28.91162172061396 20.71394494077649 26.565943341990646 8.26843924815351 1.353742487319471 26.159438641638307 22.507512183867874 11.042137053928686 23.88418444388565 19.76513613720037 29.81493652600699 5.146222307001445 20.29628153731143 7.90955452479315 5.684450771985368 29.1789963461499 9.385377993829099 4.995200408404933 28.29273766693532];


nDrivers=82;
max_D=[148 226 179 224 124 149 191 127 147 123 193 122 225 233 235 194 237 227 214 208 150 213 198 213 223 147 125 186 218 187 168 146 159 207 126 133 221 186 151 211 167 147 202 123 206 240 232 167 172 204 168 178 215 204 191 131 217 123 198 198 183 150 190 203 168 155 133 187 194 158 170 173 144 184 215 217 120 234 128 127 182 192];
        

nServices=84;
S_starting_time=[445 137 458 399 285 164 101 461 667 121 181 55 561 17 576 116 454 467 207 595 349 653 267 163 57 294 447 640 185 440 257 520 559 22 325 315 706 310 439 497 530 56 54 453 302 479 536 252 191 518 313 704 263 566 476 228 494 55 486 187 40 113 542 432 613 15 597 154 463 582 456 422 384 436 112 192 73 371 301 361 475 655 569 517];
duration_s_min=[63 77 69 87 87 80 105 116 78 105 105 73 81 106 97 94 104 115 107 96 65 88 101 120 117 100 102 98 110 87 63 115 91 105 87 81 90 113 103 91 64 60 73 67 98 75 104 66 80 85 82 66 77 79 72 120 116 69 89 83 66 105 90 81 82 107 98 114 72 118 62 90 91 92 114 85 85 108 106 64 84 93 110 85];
duration_s_km=[43 38 59 45 40 32 43 55 50 47 35 43 48 58 43 59 55 49 45 60 34 48 42 34 42 40 51 60 32 31 52 32 40 32 45 40 53 51 60 34 30 32 59 37 41 44 58 33 32 56 50 48 34 52 38 38 43 32 53 39 47 45 48 59 48 39 43 33 48 45 44 32 52 38 34 42 34 36 32 47 32 50 55 40];
num_passangers=[99 57 48 32 56 55 52 29 20 40 66 83 90 32 80 81 46 65 99 45 100 75 76 35 75 29 23 42 84 30 58 79 72 43 89 34 76 63 62 41 27 97 35 24 94 87 56 50 76 79 68 60 79 99 20 65 87 53 69 67 38 60 68 62 20 72 49 99 70 99 50 94 24 44 41 64 38 100 53 45 87 50 86 83];
BM=250;
CBM=0.500000;
CEM=0.800000;    