nBuses=119;
max_busses=113;
cap_B=[77 105 140 58 136 44 69 128 75 47 73 34 52 22 95 33 37 91 74 121 21 67 92 121 83 135 88 69 86 130 96 106 121 94 26 77 126 70 46 77 62 96 23 131 135 36 54 38 61 105 60 41 128 57 83 89 92 71 46 23 53 83 88 50 83 30 118 71 43 83 108 49 61 70 92 89 58 27 112 110 138 45 131 66 41 111 72 98 21 91 73 126 133 27 48 63 113 54 139 51 137 27 99 68 67 63 40 119 48 88 126 59 107 82 49 31 126 104 113];
euros_min_B=[12.32776099064084 8.93733768871736 5.100784016510269 2.8715034109698507 2.5534957141872745 9.276816364868193 3.050450901131434 3.5743864868471618 9.91650494180395 4.178934818604289 7.141049150299659 12.250436405348417 4.6057558380873544 13.134947140037273 14.156275800621746 4.8290991541612405 12.825777110420237 4.909837461309606 7.420074282321333 6.8706218368919085 1.668086428494814 2.68739587009952 8.018239950501124 7.4056503343445925 13.061947631445765 2.3499460451947667 3.130262970595358 2.5463956260381373 12.566235968305534 4.2339367230508715 8.186116098151425 5.620261750538688 7.540218431028285 5.9829464523930955 11.184563462354575 6.221593121865763 4.887463275601011 3.8840083212168617 9.079199767547076 5.998736296083168 5.095159842226154 11.05810038915282 11.17369345123339 1.7890652386437182 14.394560159800939 13.855003555504478 10.304921749072985 7.627356760799099 5.016242838831868 4.034233906709345 13.25749485028652 7.316662534467002 13.702004124473042 3.8524185893751044 2.467100975214601 4.046233647945693 3.1711301226460726 7.695297937776687 4.71324774357138 11.824726421735871 11.169094378767184 1.0519562442973056 5.4073055389987985 10.01107855387784 9.050183447148108 5.98623912390413 8.223656697181019 1.648800058646922 4.694828543936893 9.22566746494208 14.646269100268242 10.970999851632307 2.6719713030870773 6.824872749698659 10.082751907882571 5.925494735134427 14.528533471970956 13.733826658283354 4.09284885973255 4.898185718267426 10.38984473341712 11.770505383692342 6.230895758224991 7.724884166388222 8.373139190622203 14.750356936516713 13.294440268018768 9.584653669680149 5.038589767743899 5.854781926142279 12.532192744703417 4.924896784401838 3.7810432111996204 4.057432671296391 13.38789380800618 9.810530426609024 9.084230476588766 4.3431392690117985 6.4927733357956585 9.413324895965223 1.3106380576117547 2.141009191060058 2.3611106807455653 10.177783942874566 11.598341496672745 5.841389089853641 5.457712183981931 9.07999665396602 13.152429204567564 9.044122955103957 7.513241191904385 13.457757992174791 2.9474707492856966 10.291662817586609 12.199709946189468 13.245699913836903 6.292201245472462 11.690903743490637 9.108700281184685];
euros_km_B=[6.609178305868665 22.774777489724123 25.061533501778346 13.302673092039063 10.856544943564955 12.394937402769852 17.17804536089434 19.146071457747844 16.456935357484934 8.838082562849019 15.879873518270767 24.051219200777428 15.469675299041766 9.275971550084039 18.55986206747 6.486692784226719 11.521829194483786 18.00860842719626 25.376799090797306 17.551212596364497 27.81330218575145 5.000557120015539 12.18838347314343 2.1400745091199385 14.208358289317328 27.158853536964468 19.718797233974545 16.11155756750336 21.93136328712991 29.662315247898494 29.400741483290723 26.63242636981407 15.072055060844677 8.773879654876222 3.571175085016809 4.684630469260018 21.320708177316586 15.782384197036809 16.381553437158082 24.130426196068004 3.500343145998168 23.134981911891487 29.582286251699006 10.605749510961873 27.158775000816487 18.695633692550746 12.312158827878378 5.662475975530096 12.382256483260186 12.263120725752033 8.862131322704577 19.6077240780062 25.328389211400566 1.046882453774988 17.527170212985503 7.448359377062469 26.9871243638055 29.610180711232232 26.483186589192197 23.725980215576264 22.494811868549167 28.50856061956654 29.524100033914923 12.63063093508417 4.742160388090625 10.352852637091981 12.477939159617826 4.06027376470172 17.873415232896598 21.09481897390069 11.026599376935858 18.176285719666165 7.1873190476962066 27.602939476648828 8.89382195029693 8.5492354983238 7.492832310279178 18.954515291825537 21.891118207293292 27.562431149322457 3.390640602745515 16.478451662383566 27.757052705178477 13.54034004242694 20.197707924929738 21.497867840576085 16.78205085138785 9.653572691940134 19.7321608656411 11.689828270659723 23.41844808602205 11.421327956871144 21.843995388176925 7.5200690194628566 10.806364588647842 22.474105041980543 23.620653656580508 29.62991423666372 22.863381202200408 21.363552749387946 25.9905218586946 26.70400003385044 2.344552751388049 10.350194478718477 29.12436170292234 1.8741261963944125 7.128237829994118 12.008238608556718 26.95931094190865 2.9064921693433337 17.235427919558138 19.56007783583755 22.6046686526319 4.692899726376664 18.140478391359217 23.939718739418545 14.741738789547922 17.861239285786986 19.799250434601117];


nDrivers=116;
max_D=[136 173 139 152 189 227 224 121 162 233 194 201 226 212 226 168 192 223 236 236 190 154 157 177 169 162 166 190 186 122 224 145 130 164 160 203 168 196 163 182 193 221 189 222 186 133 172 166 176 192 208 228 162 234 157 177 120 172 236 233 222 142 221 230 129 176 208 185 149 125 192 187 138 161 182 238 151 240 165 209 128 229 216 240 129 158 209 136 216 174 191 132 226 224 238 144 216 190 192 159 191 125 226 170 148 171 233 187 151 137 176 220 150 203 190 201];
        

nServices=123;
S_starting_time=[500 347 524 717 712 210 294 15 247 385 86 253 348 649 38 501 193 629 350 449 579 591 615 389 259 298 280 217 204 590 16 52 359 41 26 589 257 104 31 319 540 531 305 163 293 246 591 480 165 261 210 412 49 544 382 332 96 77 269 70 402 406 25 443 92 625 64 612 10 136 334 523 175 195 346 188 84 40 174 3 324 407 3 145 94 418 81 164 40 693 448 5 310 640 250 228 53 350 628 358 615 589 659 632 336 566 90 513 255 314 457 46 630 354 382 567 453 273 106 204 508 294 707];
duration_s_min=[110 65 66 66 74 60 62 80 63 76 114 100 120 61 108 101 84 111 118 75 66 107 116 115 118 79 120 85 60 77 79 85 116 85 102 98 83 85 74 99 70 116 112 114 62 101 97 96 107 69 80 112 110 96 109 99 85 79 73 76 120 119 93 89 95 68 83 93 63 120 99 112 97 115 80 74 66 108 114 89 66 72 112 118 104 63 104 82 116 83 96 104 95 67 103 90 115 60 98 114 61 119 83 79 81 110 80 117 82 84 74 105 86 80 107 118 113 84 86 106 79 108 101];
duration_s_km=[50 38 43 40 42 37 57 38 49 46 34 60 31 58 30 51 49 54 60 30 45 40 50 38 38 56 53 42 49 35 40 36 52 40 55 57 41 53 48 57 51 47 31 46 53 54 39 53 30 36 33 37 49 35 56 52 31 55 49 53 31 46 41 36 42 49 35 31 36 56 35 51 43 37 34 59 46 34 37 45 40 43 35 36 51 38 35 57 30 34 51 33 44 49 40 34 58 56 31 59 37 58 31 36 34 47 36 50 40 36 36 36 57 33 58 38 50 38 57 36 47 60 36];
num_passangers=[23 26 55 29 39 62 37 83 67 78 77 99 41 21 34 27 62 66 46 97 56 42 63 53 54 70 56 97 94 94 40 91 27 36 85 65 48 20 43 36 77 26 21 62 60 60 72 34 89 98 67 22 51 86 35 96 57 65 26 27 68 90 24 22 90 35 59 72 34 34 87 60 38 27 26 32 91 74 31 67 29 80 83 80 71 98 77 64 92 53 67 74 66 57 83 59 51 23 85 78 29 54 67 60 48 23 52 79 65 65 63 36 35 30 45 86 60 56 85 33 58 46 29];
BM=250;
CBM=0.500000;
CEM=0.800000;    