nBuses=74;
max_busses=71;
cap_B=[42 116 121 37 79 123 40 100 137 112 110 46 78 134 53 107 88 126 41 31 81 114 52 81 122 73 55 83 109 49 115 81 126 117 102 49 108 75 97 108 129 79 57 109 59 121 27 89 117 36 139 97 113 96 36 128 72 103 95 97 134 94 28 39 83 84 125 139 128 24 21 41 43 90];
euros_min_B=[6.356245834898529 10.394268410661553 1.0327455328238204 10.968176062267112 12.742907107353687 3.27622536984059 5.385947015602716 10.851078038967863 2.7888184866158 11.093689448419694 13.88853551134704 2.877981774658646 10.479476978531292 13.314182492063564 5.639622542591673 5.455324923297187 1.7295674976735491 3.5689766043600897 5.241335379574657 9.480112781249089 14.89148379249416 8.271851403868213 5.085684730815164 6.029226345857817 11.280212331750896 6.93750945091757 10.99039490957929 8.65775897902932 6.692456057244112 11.060402667697783 6.1814039978423265 14.949223109795561 2.631724092281144 2.8229242801841465 5.000141947000559 4.641917988149285 5.924223791929303 6.750509525438315 6.481901985092898 5.906652667188235 2.8570044194409547 2.3700219235508087 3.384834363675745 6.781942155422895 3.1094414811731963 12.992219472145944 2.9353362041383058 12.153572376628063 1.831596317179631 10.017432170421861 12.86562665830072 12.862955789745733 3.3377007755117623 2.184109153333921 5.5969521272963965 5.154808605670217 1.6544586782741968 4.158852240132659 9.301221023993891 13.555733845616416 2.8910138344493843 13.739746207970441 7.517888879290146 7.3055341161627085 8.55787517531741 6.958189667287196 13.75837620504294 10.06434884288884 13.766855024871301 2.955581997914802 8.227963641706307 2.9758530634216274 6.878962967228695 6.840087675857841];
euros_km_B=[29.11200775462032 28.292383405507557 1.1835231562251873 16.629228140057435 28.63158560705713 3.146742638270076 4.620284282945886 26.390423044468335 1.2435041130128073 26.68380064543735 22.327189811222773 26.821660904203448 2.734288912445048 17.738151827986375 15.90502617723102 5.545155244563157 6.567837575058987 15.102491053916093 23.544740703979908 5.323666396154655 23.538221480602626 27.317143735248955 18.38053118119632 12.125236977530163 11.102738051037182 15.58258907411084 4.969253620452886 17.450217589421978 10.141234970865687 20.362998510062347 18.525017932427936 3.4730041919654377 13.730189869979439 10.868241034035016 15.725961088747495 5.220911310175241 27.15186420028971 12.317493515273481 8.165398300502796 24.37346513761734 22.91568826673316 22.41113403991288 29.910783584449625 24.063275576647285 15.489096881381764 16.98742650723739 3.9218757946638254 5.2400301646963605 29.59061828556147 10.42496165119713 14.529616130059637 20.696417882369033 28.95742225165036 14.54157049189836 1.5833317151631343 5.485849145075351 29.615587564443718 21.69326990094133 14.692883599816838 19.561104616517323 14.170991183197367 4.894078668175378 27.872604392270798 23.784126247095717 12.296816678595043 20.033308101288796 19.62060000413673 17.589657214215876 8.482197137964704 1.6689350506314264 23.25854149278566 26.567066470897604 22.585581108468922 8.08194786743162];


nDrivers=73;
max_D=[212 166 238 216 158 161 132 211 121 128 189 137 164 182 188 176 129 222 225 162 203 208 163 173 199 146 240 205 199 163 217 214 191 218 144 200 237 187 181 208 156 182 170 201 224 185 199 127 211 129 209 145 239 140 180 202 159 208 178 168 176 153 158 167 199 190 206 150 172 126 212 184 142];
        

nServices=80;
S_starting_time=[667 628 1 242 401 621 522 435 268 526 101 563 231 335 309 682 501 257 55 417 679 504 423 640 235 26 104 255 80 577 367 712 364 153 54 584 133 252 148 467 684 180 254 622 132 23 124 675 541 181 281 643 244 702 108 580 277 302 270 228 401 697 592 477 634 43 308 553 513 200 519 221 470 304 672 418 26 616 540 504];
duration_s_min=[90 84 63 101 90 79 78 117 63 75 87 94 106 69 81 65 76 76 88 85 98 114 76 116 115 68 107 87 100 96 76 73 94 100 90 100 68 101 116 89 76 98 73 69 107 103 103 106 95 104 86 115 62 100 103 87 64 89 113 111 87 91 63 103 117 85 104 97 80 108 90 103 62 114 106 66 91 83 64 83];
duration_s_km=[48 30 32 43 42 37 56 33 54 33 58 57 49 42 55 40 49 33 32 58 41 37 49 39 60 42 34 39 45 42 37 51 55 46 55 49 30 30 53 51 33 52 58 56 36 41 52 52 54 42 57 30 59 35 36 39 58 52 55 60 54 39 35 56 46 38 58 31 44 37 45 40 33 42 59 36 34 45 50 59];
num_passangers=[84 49 27 80 99 32 22 40 64 63 37 97 29 92 59 79 86 37 81 42 96 54 37 90 91 69 29 89 61 26 78 27 28 100 85 20 45 44 76 68 73 64 93 54 63 30 90 60 22 47 73 46 66 92 52 36 48 31 50 20 78 48 30 69 52 69 44 40 29 46 30 61 40 99 50 56 87 74 44 91];
BM=250;
CBM=0.500000;
CEM=0.800000;    