nBuses=107;
max_busses=97;
cap_B=[116 27 56 74 40 46 57 58 121 137 96 54 116 125 108 82 20 21 97 115 119 135 132 137 94 90 107 108 21 108 103 56 104 139 52 99 60 32 132 108 99 74 75 102 129 40 85 66 116 45 54 71 140 93 25 109 38 56 80 38 26 29 93 34 48 20 27 86 45 76 22 72 129 33 108 72 104 47 140 140 103 133 107 75 127 77 97 105 88 110 140 49 138 76 61 63 137 100 93 132 59 59 50 59 72 104 53];
euros_min_B=[1.2363182745249843 8.560342003299892 4.876117584425238 9.763107390024489 10.617812868997209 3.920294759614743 1.082532172479138 2.384608567112247 8.611180193585588 8.770477225961136 14.591016966370416 8.327730030930603 4.696994773660574 8.438495676595196 4.79932742243213 6.239776234548399 3.0070794885817045 7.796229703971384 11.890618427715523 2.870523556523513 2.2290113769590008 14.430863143737794 8.699316510756939 3.075934405409553 12.554354628649106 1.8073529436643279 3.910646458424592 11.911449179587589 12.250506794995959 2.8959663770337443 11.39928022752625 8.141402220458744 7.104039172434568 4.828866182286493 9.992195823764197 11.461257300427642 1.1782322902419944 3.6970804778621873 7.042161531202517 9.743659831129023 13.226151198329866 4.746495674732158 12.244620226519249 10.038691888893126 5.827606666683037 10.82020135692757 5.884251353749621 5.165621309648339 3.058363715510792 1.2409234399910645 6.495738196812422 11.688377105871353 12.152338052254708 2.8705820009266514 14.663405917071763 5.488869060202537 11.580532142308327 3.226555403084407 4.52023109736675 2.906788817450566 5.563313024262412 4.740284564932694 4.184181128986001 1.4197150768834466 1.1902490980721354 8.621682332971892 7.311819335375922 3.369940704680501 12.290881307495761 14.20862761608382 2.0295824574083543 5.585969151797981 2.838236455778819 11.134447587567026 13.80893866384419 6.495962421097346 3.058145120901318 5.531156939786665 9.908380700933321 4.101415162957983 9.173589766094343 4.884461271748782 8.296214975420781 13.232332278308434 8.443850949804753 10.805897897960303 6.138681958550228 10.388975544829814 2.865910309936829 7.243059547012697 1.0546907992956702 13.172194886721218 4.5833351009301655 10.496866606548172 2.444286231666517 9.200821968285528 10.897270555591916 13.872467277466246 14.637954823813462 14.271623005474808 2.7798685449082363 5.1108965106828785 9.41506596052712 14.433219228441109 2.988348599640685 10.752237390119062 14.912659418956409];
euros_km_B=[29.892845822949912 4.833165035644139 16.244249399386177 5.183338642009569 27.249118550325758 11.253434624618174 7.784241077324619 5.352121201598601 1.2201324573919465 19.60341279874222 4.594394176874496 25.765011317789728 10.571524434616544 5.254786023464451 21.44123991395826 18.88504084111049 27.42891235796825 13.333354787263819 28.00451250940776 6.363778806751262 4.850657536637006 29.8575338793443 1.570486290407685 18.790909685533027 26.547430440512557 19.598064363250273 14.392788114194165 11.864903125679819 14.241063414532052 26.767997601210617 13.11768476100038 27.581333221878467 11.402611174122452 27.91519443087598 26.938092170853785 20.92610644741633 1.4262610841412366 24.770217376201565 18.613000351690857 12.378850520886049 16.32434259953832 3.945037794062662 23.98850348679014 21.29660240353588 21.965667292147906 12.605894493663717 3.417601951093892 13.140321093920722 2.641096086265483 7.840390217458003 27.362815093164215 14.606415458839676 8.109913629414297 17.86706347138179 12.326625203290366 14.854685957332629 14.205868333215653 3.0616593054488876 19.711250607895245 13.448885749198977 28.733960455720464 3.1686188477201105 17.309275225083624 25.050828756046577 8.219326021401429 22.23391817994492 4.7351108355307545 10.997990010479436 21.857980887561894 11.814270330513736 21.043232134744358 11.990834989006796 6.028080050221695 26.00775348019098 11.794112295939685 23.6749484606141 10.102388722881798 4.763983389752019 10.4561541495465 4.288267176790676 19.093567195642443 6.302453869996345 13.861966298368062 17.524230608886498 10.239562183382485 9.787027945764748 20.03377294366831 20.538849367362076 8.006014186209185 23.42404260805329 23.010696561213507 2.488675560279638 12.056096832970972 11.584687449215107 10.066274002650509 8.328783501754565 4.6101776231774 5.45487482268162 11.042667078148165 25.222852195431223 9.896695755617653 28.583109451007086 29.757255149596247 23.70933906026109 25.70132304716382 17.30276569842033 19.053879115604616];


nDrivers=109;
max_D=[169 192 173 164 165 209 206 176 195 157 211 153 240 226 155 168 234 170 220 185 133 224 219 173 129 124 204 153 238 206 185 155 191 162 180 170 179 176 150 233 188 142 206 145 182 122 192 172 178 224 185 185 218 227 217 210 194 145 199 136 177 138 150 201 222 218 154 190 137 229 140 130 225 233 122 123 178 223 143 143 125 198 207 144 167 132 169 153 176 239 196 225 132 203 221 144 203 160 125 211 171 138 190 222 128 177 175 216 174];
        

nServices=111;
S_starting_time=[164 196 436 326 695 19 628 369 141 319 390 267 38 50 312 474 339 533 718 447 516 228 27 530 637 84 531 95 347 594 52 484 541 361 169 378 712 140 491 192 506 699 161 550 478 504 632 193 359 46 365 386 623 478 636 390 115 55 593 148 596 466 261 219 95 488 689 97 72 473 152 558 501 430 179 367 178 236 17 76 345 456 545 522 715 14 123 435 422 676 645 9 111 530 269 701 323 223 695 637 538 151 612 705 466 712 614 16 478 79 305];
duration_s_min=[96 89 78 94 115 92 119 89 73 109 73 112 99 117 111 110 118 92 114 76 92 87 115 65 91 116 116 61 109 114 106 100 94 108 100 98 67 111 68 75 95 103 97 99 102 77 92 76 95 64 62 104 86 83 98 69 99 105 63 94 76 120 66 116 120 119 73 105 67 103 109 105 81 74 94 60 95 97 112 64 95 72 82 80 96 74 89 111 113 63 93 108 93 112 63 72 97 64 92 68 112 110 70 66 93 75 61 90 99 79 106];
duration_s_km=[42 38 44 40 35 49 30 33 44 49 40 31 37 56 58 50 40 36 30 42 37 33 45 36 33 46 46 50 42 50 52 41 39 32 55 37 60 35 53 49 33 38 58 50 47 39 33 46 38 60 50 51 51 37 37 57 56 39 32 48 35 35 57 52 43 48 41 38 38 37 38 41 35 44 57 39 37 49 43 59 52 58 39 32 59 53 37 32 38 52 34 46 51 39 53 33 34 30 51 37 57 47 60 48 58 57 56 58 49 49 47];
num_passangers=[97 47 75 42 55 21 52 100 39 76 74 43 74 96 72 58 49 88 65 83 35 39 73 77 28 95 73 94 42 77 20 66 43 53 84 86 54 58 74 83 35 92 85 22 37 90 76 36 25 61 47 94 45 56 67 61 78 47 30 95 41 24 85 69 94 89 51 91 61 26 65 58 49 61 31 97 100 61 36 52 94 40 58 86 72 66 56 74 55 64 96 28 64 39 73 95 41 54 21 48 63 30 68 85 33 68 43 24 75 39 83];
BM=250;
CBM=0.500000;
CEM=0.800000;    