nBuses=82;
max_busses=74;
cap_B=[103 56 108 35 36 74 88 37 37 131 100 94 133 99 96 69 70 87 111 82 116 136 140 123 67 137 67 80 65 105 64 33 75 30 91 82 42 91 133 138 35 105 133 114 52 31 57 109 126 117 97 89 55 116 100 56 132 47 63 125 44 35 64 50 87 79 61 26 122 118 90 39 71 84 65 100 21 78 74 38 57 58];
euros_min_B=[5.761494012191493 7.5958085668309305 6.8813420527191775 4.415912523113073 5.141936249430513 1.5327818080052078 13.754382341136985 1.2793714297877024 1.6117036223171823 7.9741620805590125 4.642662358029749 8.117187144533982 13.00607010077265 14.89548004595957 2.3175156849982694 8.87161478925273 6.45719400036929 5.061510895199123 14.477261847749231 5.049828835497917 10.017268744590334 12.625506582397943 3.7588164126849506 12.466224546424039 6.641232180886576 8.583078285905186 3.5504355154024188 12.53208055194878 1.7535485108683901 6.156989852603208 12.939353649432332 2.0965302776811754 14.123884796452327 10.917553527864863 4.4114231266297566 5.452354873205876 9.8973655046803 2.886903007538198 4.419536876019772 13.362670500770534 9.64089468348305 13.033119880337534 13.872715028188647 14.44409943277425 12.856872910404636 4.174809058187069 12.796004441263088 1.943674724705366 10.179322039618604 10.29759159935986 1.6657155721396473 3.4210261882245914 11.868442434735787 5.261425649914171 14.2540437887636 4.517276918595557 4.601804571365989 13.161148539281145 3.261800196990076 7.816481161018224 5.322494085685989 6.40473213417714 1.250202657234649 6.924472039108318 11.33262335923705 14.827984413185211 12.587801232148795 13.614503293997553 8.486569176011212 9.719141443676715 1.3938168596130982 10.839893048616206 14.47305897978282 9.447314515788593 8.18261582548245 5.381074929036407 12.10951804011817 13.27586870249958 13.187947044046865 2.1358474418369826 13.46721158493355 2.1360060705947794];
euros_km_B=[23.57491063013719 18.960426397582694 27.996186322692946 12.084199438124909 11.819259838620308 9.173915478143702 7.408732208028045 12.378985813888274 29.324421725955414 9.54571717558611 29.852215258806027 25.990876351609963 21.643129892175292 16.179491292922773 26.560382416155704 27.57634373539257 23.23670150593482 16.73233729454367 9.186486678616516 26.601339258176466 12.846695960564636 7.3189308260336805 17.94257475247943 29.450141133551654 10.468504905482495 4.28886860628438 13.14007199522558 9.73267742440832 17.051618267323946 9.933073718382897 23.5148993314293 29.853969535011135 8.249165401958592 12.256093601425547 3.7561567328148997 16.818923525821884 11.93213957053848 2.580179984288854 15.392233992933187 22.72108180411411 5.120972345300426 15.690166910647624 24.523602930371652 27.675944675473747 15.800875331625772 15.046858186749422 18.542657575934562 17.596980959799595 12.186848452358385 14.88337222154718 11.015902996354265 24.552568973077747 14.763145889497984 29.97279390178774 20.347477485623244 9.241871860596287 5.577748379157864 26.937464094323442 4.928289825903034 27.128862095799132 19.51531121465393 16.366497644489726 24.893716726454617 9.969819215044225 13.978707853288206 1.2389689185575232 4.54861099022173 26.8091206762679 1.1983696133060957 1.486506299189294 4.096608541512773 10.953764947311164 9.216544329445073 7.205013590564307 5.452971360862878 21.604467818570726 25.0039453967226 12.696225757524003 26.018000180152836 12.551244951558228 19.49109119940561 14.920956898414389];


nDrivers=84;
max_D=[162 137 214 180 229 154 174 128 162 214 198 171 136 122 163 122 218 127 186 184 211 201 152 207 169 122 178 138 221 216 126 178 178 177 173 145 160 235 199 156 236 221 174 187 178 127 126 176 172 236 190 199 173 130 194 177 174 206 133 140 132 226 187 134 176 197 190 198 167 172 238 169 198 137 195 168 215 146 159 202 222 129 122 173];
        

nServices=85;
S_starting_time=[250 74 646 610 250 575 63 66 247 417 425 604 417 111 115 527 17 384 178 241 582 493 208 372 142 705 383 94 485 191 248 506 548 643 479 40 584 349 596 309 530 163 650 276 156 262 633 6 271 529 30 563 713 585 31 628 326 169 271 653 518 712 534 503 361 276 439 224 596 591 76 581 623 656 707 549 39 265 262 718 141 420 664 130 173];
duration_s_min=[85 94 67 112 79 65 101 99 99 112 94 117 110 81 119 107 106 106 64 64 65 118 87 112 91 72 95 77 60 85 93 68 98 94 75 78 60 74 67 87 109 103 79 64 78 102 98 76 67 81 81 63 110 72 80 91 110 82 63 81 119 61 96 72 66 111 75 101 110 65 91 114 110 117 104 106 81 75 86 71 101 73 60 69 99];
duration_s_km=[43 33 39 49 51 60 31 42 55 52 57 60 44 32 59 35 54 50 38 50 38 40 52 35 59 34 52 55 30 52 31 39 45 52 53 30 57 53 43 38 58 31 31 51 53 51 41 50 43 40 42 33 48 39 56 58 51 41 51 36 32 45 32 50 35 36 54 34 35 48 37 56 39 37 38 57 45 42 53 41 45 34 49 37 32];
num_passangers=[31 49 86 87 58 100 55 86 78 66 96 31 57 21 62 85 89 53 62 49 67 27 48 36 99 44 75 49 49 40 58 70 83 66 99 73 35 88 61 43 33 56 48 62 63 59 30 52 47 63 73 51 63 48 24 67 45 43 55 70 76 70 31 30 21 89 56 61 67 33 85 24 37 86 28 44 50 24 56 96 100 31 48 25 31];
BM=250;
CBM=0.500000;
CEM=0.800000;    