nBuses=121;
max_busses=113;
cap_B=[105 31 70 54 46 55 60 109 79 97 85 139 63 41 78 134 65 101 97 22 57 46 49 105 25 60 116 103 60 26 61 42 83 91 71 121 46 25 115 99 91 24 81 50 119 110 68 94 23 71 109 106 21 74 89 21 61 140 53 127 53 83 130 135 78 137 88 129 77 73 98 103 76 43 103 48 131 33 62 105 121 99 137 76 93 51 60 57 62 117 57 85 90 118 29 115 75 77 123 72 50 31 79 127 83 121 20 134 59 25 75 23 57 103 123 139 81 77 136 106 118];
euros_min_B=[8.604030566224775 2.3529195445977282 14.416307429448562 11.281677342431939 3.6839260317175646 14.589762243921466 6.259527667523766 7.893336163202222 5.660348483431276 7.989920172080911 13.407681429750696 8.119926112362911 9.030303531713278 7.68997188179828 8.998031534281141 10.542427491975495 12.004281672545094 12.68045681302273 13.597562121950098 1.1253354830258684 8.300507103785328 3.1230860032570633 9.417641218785752 10.130673775854806 8.186296612727341 4.680323895070709 1.897300695236584 7.42374617197329 5.979913012758396 9.70204157357407 11.600559297718707 12.640243584670664 5.88119902142578 7.8411420747573395 3.6877583962076264 1.7865058165104795 14.821796758817504 5.225828002009286 5.904778444802041 5.39900977463569 7.160504752057681 4.321087815635404 3.445531248772499 10.456710766663242 8.28566219840128 12.943443555204528 5.827127788380658 5.472325979121807 7.644852501924517 10.24597881747797 14.567712854020732 13.098082536546544 3.0261793400638037 4.875640795424753 6.789999583649741 10.802339877321067 2.6534362097900885 11.758422755270972 11.847069792733553 2.4918460571703163 4.11790967508672 1.0136823527035292 9.657113183317916 13.799674281478545 14.131371271060539 14.026728964508086 13.966571640572845 3.885498690146005 7.838358539783345 12.404855914767573 2.216750698303245 13.17881280188753 1.167341840513209 11.688054797227943 9.027542638425707 6.323156753642756 13.54545236450836 10.91451924038921 11.77578556426432 14.8032292464414 8.411176169957239 8.10927895828943 14.945680086523092 3.2623580867707704 12.425945189121839 4.937323322391631 14.541280284172416 7.75548368854099 7.000157490921836 4.48870084356985 4.14577804510326 3.530512944648915 10.401625910564324 2.371815166443506 6.149846248236715 10.732102661903916 3.2204052574130237 9.547726015734542 14.346715390919774 1.8228938387750175 7.261749853953868 11.21017122312114 2.0786595960041154 5.497338888403636 6.026044339664142 3.665775424141703 8.14351409469754 4.699114764643307 4.897775292928411 1.1158704103830628 8.263712050176569 14.7974686734146 13.423790550449588 10.27250152164079 9.456840272871888 9.654068479041197 11.430555022014762 11.98339513695207 11.347401370555696 8.226717006452297 4.35190184646296];
euros_km_B=[9.397124546460692 12.661080404378476 14.376586534896488 15.69205034071978 9.082288426995062 5.484241575130735 12.89565141253689 14.304483722110803 21.72276470834776 27.73310812213441 19.595403644071638 29.720665819474878 17.774476596244238 24.795241471165536 4.880499462531265 1.3840391564740346 3.6221634048389877 10.842653301436298 9.901772141261391 2.806281899432107 15.847651171563655 2.635463631975684 24.557111402291305 25.025179686073898 25.070454948929637 15.0807983769463 2.3349019941757208 9.491746631907725 12.647260592141254 8.113412361477778 13.268197472138414 3.140101972052121 11.898129381936322 27.961612690247573 29.442024098373995 18.895506716597787 20.813731022558617 10.087865295826555 16.547375684872552 15.09379937203783 6.232095047046966 22.675955647785365 18.325371623586676 8.963546970810313 13.570708151456916 28.999975684654203 2.8701958414226407 25.797313919964303 24.94180891088084 23.204003267102326 25.761141159544746 6.576467288584686 10.61077144351401 2.1430564513523773 20.30642077174586 4.9779933412315485 18.051031663597424 2.321258690977389 18.81910195453565 1.6858301672852882 17.933179639922212 16.75584476694393 29.68941841088063 7.789511074548914 10.149367438934862 26.324512714622177 18.652036080102736 7.816064350427286 14.152171874037055 12.187977146718094 17.284680222131392 15.71013160174695 26.131668870800308 22.90617449618755 21.835311280895368 29.974552302269057 5.043402862852293 19.863832039339243 14.8616540709256 8.94748227541688 29.1174888754627 15.39256830731765 24.369970748770996 4.559511150166449 11.3491676387402 11.90094335019819 12.4524684930974 9.413055088775028 13.133007649193466 3.7210296039910604 3.7115411078404152 29.90995231581155 7.1553119231143105 29.539383348805284 20.48338264184765 12.828039622536833 18.888370819413353 15.113232781086229 5.0926034949776025 2.8509064610565873 13.941012588822204 9.837889120717147 10.901235299055868 25.62336697427762 19.5864361360884 4.253061445252688 10.076597136200759 16.485655448574548 2.2876736446111376 4.876943416884677 10.587930675921683 17.661721162607677 10.543497577283187 8.825069424133538 25.79549383758611 23.122772414652953 1.3531271140108552 8.212001677299327 5.589555980671007 25.072271748760027 19.98556957609497];


nDrivers=124;
max_D=[198 157 236 137 200 157 188 138 126 230 234 173 229 151 214 234 121 239 149 121 226 209 120 208 165 158 132 155 137 143 154 165 175 179 145 170 231 239 214 194 224 220 230 162 123 180 195 182 191 233 198 178 210 231 137 154 233 207 188 205 146 173 175 202 140 127 143 213 135 219 196 227 206 172 175 218 155 211 155 180 158 205 169 207 201 212 154 161 226 225 215 160 208 137 172 181 165 204 122 220 146 229 198 155 196 210 190 214 212 217 191 219 220 123 122 163 193 151 237 228 178 218 163 214];
        

nServices=128;
S_starting_time=[453 533 105 115 622 20 57 102 472 643 368 681 452 541 220 701 462 165 59 228 134 100 503 496 446 466 630 711 425 25 431 98 185 275 690 382 120 237 350 589 467 250 211 332 697 647 328 467 718 610 590 69 183 212 100 127 532 23 131 523 258 549 419 216 134 643 593 144 416 127 74 19 531 187 459 448 674 67 454 72 68 148 352 460 355 632 435 444 255 259 595 606 10 531 423 586 263 615 228 287 551 58 611 444 678 716 149 457 389 642 416 131 62 273 311 358 557 457 478 80 96 475 702 357 0 28 662 75];
duration_s_min=[65 90 61 91 89 79 120 113 61 104 104 115 98 69 78 95 72 88 118 118 88 112 76 86 109 83 64 105 109 77 99 120 92 73 61 111 92 93 63 83 61 96 114 76 108 92 104 109 66 94 61 94 77 102 89 86 109 65 78 94 107 93 78 100 105 71 112 61 102 111 86 89 83 108 113 87 60 95 96 96 110 80 66 89 84 104 78 71 61 96 99 83 114 98 113 96 112 62 118 118 107 96 114 101 89 90 60 70 104 95 105 95 113 117 109 79 84 111 76 82 86 104 113 67 112 116 107 81];
duration_s_km=[37 39 57 30 49 53 49 41 33 57 36 42 58 40 42 51 44 40 32 49 54 54 32 52 32 39 52 43 59 35 31 41 33 39 51 39 43 34 59 44 42 50 39 38 33 43 46 59 39 46 30 47 40 39 54 58 38 54 39 44 44 36 45 30 37 35 52 60 49 59 43 47 42 43 60 37 42 47 57 31 49 43 50 52 37 55 37 37 48 53 37 58 33 51 56 47 54 30 34 42 52 41 54 40 44 44 49 32 60 38 40 32 37 40 41 54 56 43 58 55 48 57 32 36 47 30 42 51];
num_passangers=[97 34 84 74 70 61 85 96 33 91 94 58 32 56 42 51 58 80 90 48 78 24 46 65 82 35 91 24 72 43 97 89 78 53 62 43 40 38 43 43 75 52 93 33 34 96 63 95 54 68 23 67 28 72 98 43 88 76 57 52 84 21 89 99 57 80 77 26 67 80 45 57 33 32 72 91 73 63 71 65 28 95 45 89 52 51 90 86 31 61 47 35 22 60 98 52 42 77 68 67 54 89 90 82 48 89 99 61 70 20 63 26 69 28 37 47 38 33 64 90 76 25 95 62 84 55 84 91];
BM=250;
CBM=0.500000;
CEM=0.800000;    