nBuses=78;
max_busses=80;
cap_B=[67 30 30 116 40 102 51 24 47 31 35 123 51 119 45 73 109 41 59 77 83 107 74 102 68 48 92 70 57 65 31 29 58 136 98 105 47 53 71 126 35 79 53 20 99 123 21 74 80 115 128 116 101 121 34 22 31 137 140 81 64 79 52 115 90 131 70 78 51 108 103 117 43 27 71 41 33 44];
euros_min_B=[5.796580534988782 2.422810676169017 2.5634737280176703 9.280662088568976 9.059806484382396 14.442802782733091 2.39956549951146 6.593633742585882 8.172026331893072 7.270335629148382 12.082794476526177 6.440530498831494 6.58481601739625 5.91157287695362 7.117942321186052 14.628930801997008 13.50570247668516 13.268473629436794 13.126782222364888 5.231436086747376 12.496424413989468 4.99086116755814 1.7668592275779071 8.467667472453364 8.326136055115906 2.824768382670757 7.334107512222865 11.408244574517292 8.727814459316843 10.001112624639228 14.237189290607198 8.251923203999993 4.6780943006831 1.3434188573510173 13.996101368190532 13.333779632300317 8.867961970917591 13.183951836793678 13.392868318462368 1.6240273733449828 9.743403008603966 9.268300914601207 10.90228076572484 1.9490617742119807 8.927223858125576 1.5911645251948514 13.249716868279238 10.458554697278373 14.652748752126083 14.64500311922789 12.883633513643511 13.962500615764666 10.347179310598065 7.948885736000823 7.010914846888815 11.841673620794845 10.186551509096422 7.493533113504283 7.872977521603681 1.2040001583202111 10.75706431986386 12.983924537074381 4.184764352578728 13.17193127473824 11.533283930025846 5.230018563360642 3.7923427834519146 12.747357444854643 4.453929048001891 4.412568012112791 10.04670566940299 6.2218895921905535 12.810068216124547 10.389433578210824 14.01464714358455 7.896636694017058 6.384051211046364 1.2198735784697703];
euros_km_B=[24.042582535174184 2.2683516245182287 22.092688275779565 16.239944937618354 13.678536476788363 17.136071998759846 2.1021481572326715 25.178041985868116 2.5788790479198997 11.82046057830875 13.31474174889101 22.514490169728834 7.863626635704128 5.844942987766587 2.4461935297220103 19.87493512516914 11.152022481837383 6.242060643370711 18.168526003217696 27.303456337298314 17.61395253745987 26.708217389409167 7.6758580030656836 15.218821819027513 18.93068475297092 20.28332017272072 25.44678510430718 8.118195507360875 19.752521892758242 14.126277336107009 29.30054748080347 25.53944687274818 7.774003555606143 4.003342714526528 10.516593574628876 29.04884252718824 26.29102840201177 9.447743051055477 17.504107246941565 21.661102315716388 24.184528133477343 9.693682252847415 13.291957771790953 3.7484705509730722 1.9307539501079627 26.25100225624964 28.225275906145306 20.717625538177753 17.000839562523964 21.484661388188716 4.619636232676942 29.799231726384594 17.765592165373043 19.311870485823437 12.359061458580102 4.372463495479379 15.112469325132523 15.717679851544972 2.5705695936554203 3.571736338063696 3.1414440743922283 13.090650621229818 8.4815989378608 14.647926124754038 18.98176735489244 28.352344812384533 12.921025622560991 7.990092053530125 13.29085647683033 4.261495157038438 5.700198568578147 6.403027897432972 14.158497506938444 22.918818823017666 8.208463966047034 21.479189722244776 10.786912946422763 11.258177370330296];


nDrivers=83;
max_D=[203 211 147 215 222 160 218 136 149 190 230 122 210 240 128 175 218 133 152 208 239 227 192 161 219 213 159 165 171 171 170 188 157 170 157 168 175 147 231 224 187 188 221 151 199 169 207 181 122 200 211 193 161 239 219 157 137 154 144 138 209 216 123 123 161 169 219 203 138 154 190 162 146 142 157 169 222 192 142 169 168 149 230];
        

nServices=85;
S_starting_time=[267 120 475 548 584 112 123 491 657 658 237 524 6 73 95 383 437 386 243 171 202 555 193 445 371 410 28 454 406 625 671 48 263 204 391 233 690 627 347 403 535 381 458 338 240 148 26 28 695 55 514 552 154 40 530 593 60 598 387 324 386 343 13 680 178 695 232 18 659 316 599 213 434 53 418 188 135 652 440 249 531 219 699 429 620];
duration_s_min=[115 88 77 98 105 108 104 77 89 75 90 76 73 80 89 67 64 97 108 102 108 112 97 95 115 104 76 103 65 85 94 94 69 70 78 111 96 65 71 76 81 83 75 91 96 79 89 98 88 110 74 96 102 115 69 82 110 97 116 69 112 69 118 119 90 88 114 116 99 67 67 102 71 81 66 81 111 96 73 96 64 116 120 65 76];
duration_s_km=[52 38 44 57 48 43 40 51 53 39 48 40 53 56 53 58 42 46 55 43 59 31 56 33 31 52 39 31 57 36 57 46 39 60 58 55 44 33 37 46 43 30 60 31 38 38 31 48 36 35 42 33 48 60 30 40 57 60 47 44 50 57 40 47 60 45 43 53 50 46 41 32 37 41 35 55 36 35 52 52 60 55 34 53 37];
num_passangers=[90 66 75 26 45 84 26 26 43 31 51 80 71 38 88 20 44 71 44 93 89 21 70 94 52 65 32 63 94 35 97 84 92 84 79 43 77 70 37 23 82 43 30 66 99 65 76 57 31 66 83 55 75 43 32 65 100 86 86 63 96 80 56 94 94 44 61 31 94 63 63 100 48 62 64 47 51 88 85 54 73 45 75 33 25];
BM=250;
CBM=0.500000;
CEM=0.800000;    