nBuses=128;
max_busses=117;
cap_B=[103 118 92 127 117 66 94 118 107 22 103 72 105 68 43 52 28 76 127 30 71 108 99 44 132 134 114 23 119 138 21 21 24 55 45 87 31 22 52 32 75 100 67 140 121 64 124 120 80 39 102 120 138 60 93 43 104 128 55 76 60 132 116 85 52 96 98 135 61 106 91 50 121 22 26 65 22 24 88 102 21 71 118 33 82 61 127 37 95 87 117 105 100 42 40 36 38 78 106 55 101 69 116 68 92 104 138 47 87 87 58 123 73 42 63 21 64 77 62 124 52 41 137 83 23 85 92 26];
euros_min_B=[7.706482912583582 10.975999414400873 14.410219433527079 5.249753170333422 13.742053555409314 10.4772678359798 4.230379681914686 2.088234256462086 4.739456237589001 7.6007584061622975 13.54609768131972 14.53081737297002 11.864108342139565 3.736835192424657 10.735550888211183 12.415436015354853 2.736701885241536 11.881047980804329 11.95640949200988 14.028109484620913 14.343962647909215 8.178635238811147 13.69441416058767 7.174235536214264 11.960789806527538 11.130532715655775 10.650746824601619 13.799749516607042 8.179278169443872 10.601345683348386 8.778979898178704 3.319158170497699 13.127210836194852 11.507846632381966 9.661369079157165 7.697139961976781 10.253938063437209 14.59909146416836 12.573732448646217 8.429652007565485 11.705452146562967 10.24368243450635 6.403218602682221 2.547628854618753 11.21999032109824 4.594876371342819 3.3077792749971557 13.681261405513268 4.671151185859331 3.333157163951177 10.293026934863951 5.687044053916663 13.876686209885886 14.668820975596148 14.723183851693468 13.141521329298461 1.7305658489717382 1.8811431379910455 13.679619535586127 13.786194153402684 12.367278875353007 13.00579879164135 5.553438801943716 4.45897980754139 4.023306828610027 14.237912430144108 4.110800618927077 4.616838946705063 12.087648259943157 2.3048631434017346 5.860473962956568 10.312712493636601 10.411672332293989 2.771613132529435 10.243274560799378 9.449048911346807 8.372745158092373 10.016276449116802 14.072991017381403 10.128365175759086 6.142391610720237 11.318296436140404 10.05129046880338 9.449965525930422 11.161108590033786 9.441922609549163 5.233966579448145 4.5603694826274035 14.990392976006152 11.410784263444647 6.909516773513147 12.849248201880227 10.421179648358489 9.698774519256226 14.604113762289595 4.87937899106235 4.2249277812767625 6.727488642155625 14.059435212298384 13.066681152897015 9.346768533450062 3.3633773703451983 10.631811320431094 7.452497155231637 2.6002931475630886 8.813936722269588 14.617241307410124 10.888285870297622 12.749153224781011 5.1028348916218205 1.8435647064887326 4.379274983290481 4.788362395506535 14.239571690391566 12.53262711256977 13.814701716263489 13.79071787396523 5.605184366627015 7.34147408147637 14.78344999961266 5.927059077718373 7.016194084401171 6.884696486193154 6.047321648228656 7.294886279372648 14.366495090499157 12.698514145467016 12.270887400284607];
euros_km_B=[7.3651063699442965 25.256354291630352 16.25372626825143 28.550461115541832 5.636134901930937 20.384631866882977 7.067265745279284 5.543995693090518 15.599620768405162 28.633431697488724 24.04999585212003 1.0070952353390696 1.5607514241506988 10.011887553902422 12.384443955555675 13.089175948362604 7.8337456774073155 25.837535446049177 7.833751930239127 17.364786661417202 11.084337303876207 5.506064808445914 6.9949547341889176 9.480298361827696 7.950431726647981 22.069969406776508 23.134475453761617 3.634564872287188 7.17202387973714 7.909635949785015 10.08920512191352 25.114613243774574 19.42035094489405 27.496067036668766 1.3134237956771893 16.858255196431465 25.25808876323222 23.005091433025154 13.871292712430469 21.283177473044915 24.691149574871172 12.667620868543189 16.88526846642878 4.580419765200705 15.749254121099312 2.6336915878828933 14.464290782088963 13.723302058139398 13.177243614601705 1.3431394756878177 2.069721236348434 1.363485721240656 10.472591219246233 3.6418250235433156 21.2703899731297 24.519515428774994 21.671367703641398 9.62384595438543 20.58324070050943 20.740725536002838 4.6893273966759 25.64450988208897 6.754604060684255 28.62238920894446 18.16781467497923 14.174977998187376 27.893216499051206 22.042224183544928 17.927558273045364 17.88195684489515 24.672275630271823 7.14823471890723 7.735211307391573 25.210555263153303 9.574897929100768 9.01795375780515 11.744725455725545 18.73782846953848 14.901375871773189 11.240731084099231 2.6467955126082185 21.281485262366676 14.140481471173375 2.6196384967557735 14.440297488736585 11.041956830249775 18.319521401909856 3.8290619244493826 27.24570519718499 16.16310196525291 27.075320434193937 22.425860982919193 8.856890767413702 2.1415896243648866 25.977029489276003 25.04798903397296 27.784164877378675 26.127573774144743 4.668971369633642 3.5407207882962393 15.302275096046479 14.373329093523902 28.677886362399708 14.239445040738131 17.76862412964884 28.078830114861724 12.768542163784042 5.646542899241129 4.1178283808074 9.051490392040042 11.388967906661243 18.246397687793987 13.673427571613036 25.961237580713803 19.22332551537741 5.103434427032097 9.812663101947082 3.2983686851679677 19.786836703643818 27.58450954227817 25.928134051746277 18.65145054393238 29.4782546589078 28.022982711659978 7.944054102405429 28.885581245773672 28.542038334802626 12.707727669602821];


nDrivers=122;
max_D=[230 193 224 206 133 235 159 143 136 234 125 215 158 160 146 194 122 239 136 161 210 143 147 129 175 139 188 201 229 238 211 148 163 162 143 184 238 148 222 237 179 229 176 197 128 216 168 143 156 182 135 140 230 231 212 160 201 194 141 157 234 212 151 183 149 230 163 194 164 169 188 169 233 223 143 216 126 183 121 227 128 235 216 214 135 165 230 233 162 131 142 127 226 175 230 156 226 199 231 156 234 225 134 194 229 198 210 175 127 139 146 204 222 159 220 155 161 149 206 191 172 158];
        

nServices=129;
S_starting_time=[131 279 238 267 507 49 417 208 580 68 258 411 402 578 176 3 332 703 102 235 63 309 383 573 109 641 97 647 265 587 173 4 508 183 9 538 8 476 621 438 246 622 357 22 214 32 161 646 149 21 310 396 632 179 714 96 302 140 561 345 216 224 68 697 621 191 521 502 148 234 125 623 497 639 629 342 161 186 491 540 530 123 610 639 144 213 673 5 661 392 354 77 166 372 246 705 299 636 564 324 243 346 266 416 452 484 434 454 297 391 394 55 653 706 192 528 254 285 19 572 148 140 189 664 440 236 230 186 287];
duration_s_min=[109 118 91 72 66 97 64 98 117 66 69 74 97 104 61 75 95 104 77 98 111 116 63 85 106 62 110 68 120 91 62 91 62 109 64 65 118 102 64 104 62 96 118 106 109 97 97 116 117 113 70 91 81 96 108 62 66 104 79 90 115 72 74 73 80 63 105 88 103 108 82 80 110 106 89 92 61 91 115 104 105 105 117 117 87 60 114 112 106 113 71 74 102 69 63 77 79 98 90 108 91 83 61 113 63 63 101 83 77 78 65 73 92 90 93 89 119 119 94 65 75 94 75 114 118 61 70 80 104];
duration_s_km=[39 57 30 50 56 37 31 34 56 51 34 38 55 47 57 44 39 48 51 30 60 55 58 42 38 48 55 57 32 34 57 48 39 37 52 58 50 38 44 40 48 33 56 59 33 40 45 37 55 38 41 38 30 38 42 52 60 39 55 33 44 36 30 43 50 59 45 39 39 37 36 47 36 32 31 57 36 49 47 39 54 36 33 56 46 43 42 47 52 54 37 32 52 33 32 50 59 36 36 51 58 60 48 44 52 33 33 53 44 32 43 39 45 37 47 40 45 35 47 32 38 59 40 47 57 30 31 33 47];
num_passangers=[36 40 98 51 46 53 50 20 76 74 33 71 72 31 30 71 50 98 40 95 93 96 62 93 72 57 43 26 92 46 49 52 79 38 86 45 65 80 70 38 48 25 43 68 20 35 21 88 47 26 26 58 99 24 66 78 60 80 89 69 30 71 51 45 99 95 37 95 99 84 99 100 94 56 64 59 55 58 41 92 90 65 87 31 54 21 48 67 39 54 77 94 65 43 53 47 22 99 39 46 49 35 91 43 36 63 71 27 83 81 89 93 22 72 65 82 24 87 90 42 48 86 51 100 61 65 44 69 99];
BM=250;
CBM=0.500000;
CEM=0.800000;    