nBuses=101;
max_busses=102;
cap_B=[62 41 22 68 52 89 49 52 136 122 27 26 50 133 108 108 99 81 57 23 97 70 105 47 30 33 25 72 88 65 79 49 84 118 89 54 34 56 79 138 100 33 116 116 28 82 30 125 45 122 78 45 110 30 30 23 56 59 41 112 99 67 78 108 113 102 139 46 76 115 136 127 131 140 49 85 113 55 25 110 109 25 103 92 31 73 134 35 71 130 32 24 60 71 89 104 91 84 88 105 72];
euros_min_B=[10.543407854295921 3.933734942685573 8.768529045788686 6.186265321522673 8.938076935813053 6.6553841016492825 13.376843178936477 3.8626408178901475 6.8396059423588165 9.086388790716853 11.713779751832256 14.22869155837942 2.503117890877487 4.494127927879932 10.643337910201204 12.462694498963604 11.527982524880347 6.858681691595156 9.946942163002895 3.8596154543648487 8.122481394928924 2.7941667906633354 1.7161484957761974 13.625679394852732 1.3590865754544101 12.831738889569785 3.035857958038978 2.039563318973207 11.456064934753382 9.908444174779952 13.989135411859287 4.977787759560599 1.2478624849662876 14.748941239394618 4.720388687417461 1.4484642116228237 12.194670896352985 1.6206762434448312 5.8621734041213625 5.93785480969137 2.519655661943644 8.2744170200391 3.2859101763987946 1.5310066999185885 9.1807722360121 4.090112215739516 12.401785016224778 4.055029197295911 7.4068751780489706 13.348151476630253 8.372739572003102 10.211819782295187 12.195735166341105 10.697573797545061 2.7648975919204597 8.622282423428858 10.50052568286439 12.32868349271214 13.701197073693821 3.8303598106061365 1.7360671092642295 3.424116336384931 11.559563948817743 13.14902368289546 13.126939838856782 7.10171505296789 10.467389223179051 3.3063241000256145 7.382881686810379 3.667151889889956 7.091785944267588 7.030666480624716 9.561973915806009 9.241019505568868 1.2396584991343926 11.036831293577485 1.8138144249787505 2.8267631684372634 12.540936162559886 9.64742034400455 6.519963164597682 8.563460212830979 7.8093695214460395 14.537179879113587 3.3178364193469574 5.708382698281229 14.647375584355817 3.6862947531937227 5.8758134468854175 4.7361171345448305 9.569734507106974 11.428346123903186 14.791984480484635 1.110429545137587 4.584009283271981 1.684297455765675 6.198139704158767 9.67509508002896 9.017340276096663 13.285056106210641 5.595078901826463];
euros_km_B=[28.03823072950529 29.60784519929222 14.873424810798003 2.6095933524282833 10.26563762944467 13.219055334090664 4.788852572320511 18.176849133493626 18.07024875791286 1.3489332029073027 22.68035522225326 12.694200642652008 20.658395020825967 15.90660884079626 25.71921965366409 14.773214853733112 22.100100334140727 4.668101942547467 4.855751398887648 14.306438800966363 25.018156216424885 17.08611082378512 27.04546593402635 25.756672247213398 25.59645338362691 10.761489748795684 14.174718927592385 19.31883683047772 3.906091059646897 15.667833334935173 17.38346737460327 13.113038713640789 22.9268445112443 8.32106402617793 21.51069836509334 4.534048668329627 9.26916573744004 28.116508047881755 28.13717276756912 8.932272056786555 2.7406593232492273 28.559192512330476 11.510452132303968 17.52992500931233 20.283056885142656 23.76496417638269 5.333678292484251 12.915456790611668 4.001259901722031 3.9813568055908197 8.626389835608137 17.567516967976324 15.094840253531851 21.834192022320337 19.487647851732564 20.903318302199562 1.4767155664806701 19.64078443575801 1.019362045205198 9.741234377048924 10.745291972908769 5.855000329377585 8.374613786422008 23.06629742189506 28.65550314462343 1.8811706562376878 19.764579696342615 24.60335017191546 21.148303086180803 2.718544396762635 23.460786930577136 11.746903883936275 13.453157838278546 2.5636977776733714 6.948606289627917 13.058219741844683 13.457064301114123 3.9983679466495303 17.27954547916493 1.687636970114343 3.57663653198009 9.076627183669407 17.65799257273409 19.443670777946682 29.954441778337355 21.12019417413412 2.366556744968797 9.150858500178705 12.34796972010556 16.900847057045752 26.465888852388467 20.460112876917712 23.354543601872013 24.291329062772828 9.057727187895171 2.2169186579408207 23.71381245997714 7.135765646332798 1.2440563476155475 29.26435272462623 24.549289515047203];


nDrivers=103;
max_D=[181 123 201 230 161 178 180 213 202 210 220 137 217 216 156 201 125 132 127 214 179 162 156 199 170 215 134 184 216 122 176 236 130 126 167 205 139 189 219 170 146 134 165 206 123 218 177 196 204 166 151 212 189 141 167 190 162 190 186 193 205 139 189 186 147 205 197 219 151 218 226 216 229 187 185 164 203 173 174 131 192 190 191 194 228 154 125 173 209 200 148 126 154 187 219 134 134 146 137 125 178 130 145];
        

nServices=107;
S_starting_time=[446 312 584 688 79 681 509 537 579 682 258 46 524 676 572 316 565 76 216 689 330 634 441 374 17 226 514 5 57 719 500 646 117 401 274 416 519 148 713 710 74 264 698 390 458 180 623 688 292 96 263 167 252 118 76 679 467 256 537 473 606 245 255 508 354 266 129 185 393 194 34 174 160 338 250 710 432 555 259 490 201 655 580 520 12 218 655 294 586 194 712 125 545 567 85 384 429 556 388 52 546 101 183 485 285 250 123];
duration_s_min=[80 74 95 89 68 103 70 77 81 96 88 105 92 111 102 101 100 91 114 88 93 118 96 74 87 110 60 90 95 72 94 91 107 89 71 80 89 96 87 73 60 65 99 113 112 61 105 120 83 92 83 104 98 94 61 76 95 65 93 113 106 91 106 105 113 80 85 100 73 84 82 90 87 106 118 114 77 72 83 119 94 65 89 60 116 76 108 109 73 84 96 115 75 68 120 98 84 89 88 85 108 99 115 102 95 64 107];
duration_s_km=[48 58 46 30 34 41 38 58 51 39 49 56 60 45 56 41 55 48 41 49 43 49 54 47 58 54 30 57 37 46 60 42 59 57 51 34 48 39 60 58 46 55 54 49 48 36 41 31 45 39 40 41 43 56 46 39 33 40 55 32 36 34 41 39 56 47 43 56 38 46 44 41 49 54 57 53 53 42 51 40 51 60 33 33 55 42 56 47 56 42 49 57 36 41 46 39 41 31 59 49 57 34 36 38 42 38 57];
num_passangers=[50 62 35 99 73 64 66 98 85 54 74 71 95 56 67 54 37 96 96 80 31 53 42 69 94 41 32 62 74 56 78 100 80 100 23 33 82 50 35 78 58 79 78 62 58 34 23 40 65 100 29 62 37 58 99 95 31 95 28 23 73 22 43 45 23 87 28 52 26 69 93 63 91 70 36 43 32 21 80 92 21 56 96 63 61 23 80 63 60 96 56 45 23 98 100 100 60 91 92 29 24 57 52 80 85 63 46];
BM=250;
CBM=0.500000;
CEM=0.800000;    