nBuses=88;
max_busses=82;
cap_B=[54 102 112 51 64 27 122 134 139 94 75 129 126 100 133 106 34 118 115 140 31 36 129 117 42 66 95 123 29 28 47 52 116 100 60 88 107 84 140 21 120 84 127 120 93 129 128 34 114 58 46 26 55 74 50 40 93 104 65 54 86 114 136 116 64 62 50 131 124 134 99 61 80 137 132 125 119 121 127 71 83 63 56 48 38 35 25 80];
euros_min_B=[2.414099587821802 13.143518674266515 10.080414746797057 13.606229836452695 13.9220193046214 7.150802298126195 14.80417247484569 14.145709648999883 6.355321586046877 10.048504062426767 5.940657135568511 9.398367936021973 13.509882673556389 10.871316295427425 4.920219013503182 14.193473350095141 3.9003645853500646 7.775887154986147 4.402146697614182 13.523774994876218 2.7886117634405316 10.94724749158356 11.55555492841522 5.5471435439414485 13.189667512909908 4.466342014255863 10.142611778372046 7.254248350210291 4.882919178658476 10.560613727212054 5.733201097056189 11.411500680499461 9.172742507588186 8.76886062733194 12.550678791227629 5.743692354795478 4.0112276965413525 4.41907986236055 7.254984523736055 4.431449479414916 2.7725414872448537 13.377683698863342 5.214291197156821 10.596331823320991 3.3375921932521964 1.5854125472059766 2.491847911969394 1.8875711862201499 8.480010816105779 10.35732286188241 14.179618541642881 3.1459907675344922 1.636051219185358 7.1198406852292315 6.901642073328059 7.56830519734809 5.51405686410676 1.8601604845640611 9.45332005405278 13.826664670357708 13.657722639093619 9.059894070184965 6.336316579564119 14.71798217989668 6.989146669283822 10.114592687845587 3.4236660513004114 3.7315066031045747 2.5671539783774593 5.403613095587752 8.228198222611868 2.0672230837303855 13.217515975619369 9.005831413164302 3.4278425711389984 2.601935643422112 6.154082278126024 4.532633971775761 5.3937408598073215 5.063296779778822 10.366640829951558 11.359599291647136 9.543836447024356 11.838457722728553 11.404448240537526 4.705676085331435 4.981994606720923 10.403830773111963];
euros_km_B=[27.75364689461892 20.647869327239974 22.152758128592758 27.191893149194435 13.610742626933794 21.516432743363865 14.88208993943037 5.309399712292517 18.143311956137875 7.096104223505765 17.957092323925384 13.795400000407808 23.158966332983525 12.286334438669797 2.7528526465790866 1.074288755855075 29.13260847728036 28.508612250189262 20.87811427889563 23.63546797874711 11.139570686761793 27.812628566196718 6.233825480110314 23.154301868471844 9.870949130903012 25.410650638693756 14.987000136563323 16.888010100449012 17.4427338262078 26.95101897033995 14.80197082037588 5.170143617288268 12.94064703146883 16.782494267293444 7.19764414606718 3.5712520525009017 14.752591641206086 23.18035237730248 28.100200355714964 6.370969831375675 19.196561681656114 1.098670851813154 17.007902989979147 29.194242859004397 15.282050456127847 17.66409726678323 1.2667027290801134 25.901375449837623 25.476173792247813 22.520420192553807 23.46828775398062 17.14175806911873 20.274169697215086 19.71912067905273 6.089989264610531 29.2215725491538 5.756155929008123 14.095982449273592 28.195734060530906 25.484878672632203 20.56648995578889 11.247728612012665 5.346026081020333 14.496888106171788 4.415937560801669 14.4767439697969 16.28319453924571 6.052888326639383 25.40105853908528 10.924318628342629 13.767985091714685 23.504731599531773 12.692214639002996 12.56737205548813 14.266660957153556 16.709329998225297 13.200654856832877 20.266483708691897 10.103221643029501 12.134861378800744 20.27698162150381 3.0422460459996983 6.786483582168745 4.155169357286727 16.4458271463445 23.57011745763199 11.512225029042224 20.111679489757883];


nDrivers=82;
max_D=[212 158 171 144 240 134 189 143 135 235 196 168 184 168 130 169 197 172 151 125 236 213 151 154 152 166 132 224 229 195 152 203 217 120 227 206 164 152 184 194 236 178 146 150 185 207 140 125 183 142 229 151 199 202 189 231 168 121 223 148 134 219 146 190 165 238 214 211 201 209 220 132 161 135 225 172 145 172 190 181 136 152];
        

nServices=89;
S_starting_time=[542 353 26 352 614 24 216 4 589 144 475 95 193 545 101 371 633 677 284 399 38 514 208 106 9 669 175 480 214 664 585 283 642 288 636 470 189 89 242 264 363 273 611 227 231 430 458 408 237 280 562 197 635 44 173 15 331 691 693 221 536 678 712 629 33 540 434 424 609 355 588 241 47 207 17 304 314 54 713 411 27 371 120 75 354 519 576 316 457];
duration_s_min=[75 97 103 80 101 116 78 88 83 88 79 108 70 103 115 101 69 91 115 75 70 95 110 113 75 75 101 87 93 75 94 81 113 89 60 100 96 101 112 67 115 96 100 65 81 109 107 61 64 60 90 68 62 96 67 114 80 108 111 118 78 109 93 80 92 111 85 84 102 87 114 68 106 87 61 72 72 96 86 97 71 81 84 118 76 80 114 108 97];
duration_s_km=[49 54 41 33 35 46 47 58 42 34 40 53 35 47 36 35 31 53 39 39 54 44 52 37 44 37 47 42 53 58 47 39 37 48 51 57 47 49 59 42 58 32 44 39 52 42 47 47 52 47 57 47 35 53 34 56 59 31 57 46 60 30 58 56 31 36 34 40 35 57 54 45 37 51 44 54 37 56 34 35 57 59 45 59 50 33 39 55 59];
num_passangers=[68 87 94 72 67 78 41 69 82 74 92 24 86 52 30 79 25 20 87 35 66 50 29 99 65 89 47 65 90 54 29 62 47 76 29 81 69 22 39 76 100 59 59 46 84 32 21 63 83 63 80 67 91 37 91 76 41 71 81 51 41 90 64 28 55 74 61 68 61 68 86 53 42 72 26 40 82 95 78 50 82 74 82 88 24 97 89 22 40];
BM=250;
CBM=0.500000;
CEM=0.800000;    