nBuses=99;
max_busses=96;
cap_B=[69 134 29 68 122 111 100 114 125 90 72 29 137 79 111 107 80 127 133 123 111 108 34 80 67 124 43 33 39 78 42 53 29 22 105 81 51 118 97 60 78 105 130 21 102 59 122 98 81 56 70 121 66 88 106 110 132 59 108 140 100 28 56 77 67 73 31 53 51 121 29 43 133 139 60 98 128 127 134 28 74 59 134 121 53 77 30 79 115 72 116 75 89 73 132 124 115 42 107];
euros_min_B=[5.5813654945850395 14.336238159773465 1.0207593490948133 7.979206116746445 1.6631211028975887 13.97510131934876 8.76700898248774 9.030741455919069 8.470870449388084 1.3403684207145599 6.222021029977182 8.708788491927761 5.923604158818287 8.847939134979173 4.599494391477555 6.200892365176907 8.347378315070358 10.214568104439763 1.4516127115950253 11.814254729304418 12.094785182922141 14.059460537401668 8.119048139164978 12.930867566238941 7.943028668670683 10.178779598078712 6.94580887686782 5.634082848456891 4.739562428892734 2.0818178794998046 8.751276457806187 1.5615089438225198 10.595518629405134 13.613845558483993 1.6680442576355514 2.3879550420935356 12.514128569496165 3.7329194381712565 5.885616117926079 13.00529270060736 8.179447640385547 2.7986373042782704 14.193878723930275 2.682225568365107 1.486129128409392 4.3624293929964 12.281993458148948 11.08061991980517 6.25562473873508 5.681396312446758 3.0274671876951613 14.849357505449653 11.314267809100564 8.835750426885301 3.9025556024183077 2.1342829526380527 12.855899456611109 9.330429013605448 12.221928646884596 7.003231939918114 4.223225631838071 13.818560351131788 4.781032606550419 8.920063632882428 10.420629056316193 14.095528962345748 7.470271256276035 12.936262354356243 11.284497411295757 3.20243025679315 2.4751140576113198 1.6609144708733885 1.7919431276455882 6.446635782586151 5.28923562577407 3.462438163615343 6.4352118417093305 12.316452908950414 7.554865186501727 8.508697795816147 8.137605068761328 8.821165414158964 9.934264472977238 14.224986630315161 1.6005621714352884 12.48389179188958 2.1342863566526016 14.396101307044669 4.961181227760812 10.036174583168453 8.909148211045565 1.3569385241415202 4.492399905540289 5.237320806090434 8.189439268738251 12.838209437466496 10.974666658856485 13.953571412216375 11.486523769476083];
euros_km_B=[20.086616501752818 15.378033283994156 2.1465086572585186 27.772221706862272 18.021279231001067 25.39995585220883 13.693447268307954 19.46595119631636 7.466942968775275 29.87031752843695 29.260389174675687 8.67669049577631 21.031063395023263 26.19062833162939 3.1623726642198053 13.705823865703469 1.4278442853614108 14.031667517772833 20.13525397924715 5.784886535796207 18.600174364703943 2.9607404555791588 23.77111551002002 17.03610182607766 10.550503917378602 4.354795036952339 28.927062827592003 29.844279882177403 10.659200833963316 2.652886037008777 5.4322588524198325 3.509470632078166 9.900194412264147 10.448054750529957 28.12109523835057 13.174068644555902 7.639818342898479 3.0690937443685695 24.173832311537048 11.690121419516284 6.171953609164474 2.0698689096898564 4.735500585314929 21.02894132530364 13.02064795220213 1.7526356471899276 23.995075276636825 23.132372481676114 24.77092487700117 23.12067496784101 23.34621808634654 29.014860766415296 17.954772499107136 10.482353919261762 12.93324203680412 18.476899073923263 1.3024655033323032 13.013931145596786 21.811539036663433 15.398084581797134 3.0373892117635544 20.923460891545535 21.236546552575817 7.320003869174712 10.129907514506394 16.343044855631852 7.044495063761229 13.8658745134009 4.719673242515297 23.499727900984542 12.207523760586223 8.724042526852426 2.3862264107994227 22.68039537439371 23.543957504447082 26.249744829461626 9.524237069783121 10.662085803610754 4.754285165050364 20.16200208325138 9.566980318135712 5.601440249246844 29.982897728965924 11.45509935270555 17.45104885170807 12.738507886591528 6.527666461565849 26.95229218975667 11.14752327179945 27.37505689102934 12.936688965431207 28.776439869793855 8.008954269242938 20.245345400403572 25.605133589151272 25.268507466178182 10.511619825275181 28.807972458946985 25.730043363573422];


nDrivers=95;
max_D=[213 166 219 156 153 161 143 139 167 136 150 220 225 205 218 169 160 187 121 171 195 223 178 191 208 170 135 141 122 142 198 147 126 166 123 240 182 161 203 130 127 203 238 174 150 130 145 177 178 238 188 148 227 146 145 217 181 172 190 125 167 201 196 188 210 223 129 234 142 154 190 235 142 158 230 235 126 175 201 135 197 139 195 158 167 130 212 149 195 192 180 234 180 184 122];
        

nServices=102;
S_starting_time=[294 348 466 488 538 615 376 712 472 228 267 266 471 539 155 428 506 89 279 541 84 262 177 104 41 251 21 41 430 673 484 176 362 670 5 138 273 392 275 564 378 205 526 631 365 411 112 302 483 586 655 33 66 467 688 490 314 623 215 13 594 355 344 541 491 445 28 356 10 258 137 352 558 427 35 598 589 611 20 496 58 276 686 710 502 83 495 169 389 650 392 572 263 253 704 524 295 308 661 684 576 449];
duration_s_min=[78 99 105 76 120 94 85 75 107 112 89 80 68 98 114 92 62 104 107 64 96 100 117 88 103 106 106 68 104 60 103 86 82 102 119 108 99 118 85 104 84 80 102 120 73 66 113 70 115 96 61 110 76 112 74 75 66 68 103 78 75 64 119 110 68 116 104 61 60 119 106 115 84 104 118 109 119 104 90 102 83 62 86 65 72 114 103 83 109 83 80 93 68 112 106 81 104 60 119 99 82 75];
duration_s_km=[50 54 35 39 48 41 31 37 34 40 36 45 38 60 56 43 40 46 50 48 38 54 33 39 32 37 46 31 57 39 32 57 35 56 54 54 58 57 58 35 38 58 60 50 58 32 51 34 55 58 56 38 56 49 37 51 47 50 57 48 42 49 39 30 59 35 60 55 54 40 59 42 60 45 35 35 55 59 43 52 39 41 46 49 46 34 53 45 36 60 39 60 32 32 44 40 45 39 39 44 41 47];
num_passangers=[20 90 50 51 59 100 55 62 33 59 48 30 32 98 87 30 48 63 86 35 25 74 83 65 42 24 40 88 92 84 97 86 94 38 61 34 90 47 55 61 59 56 69 71 73 59 40 97 75 30 61 63 52 41 22 23 50 50 77 50 51 93 80 49 56 94 35 87 42 26 68 87 82 26 44 69 59 77 58 22 62 42 73 40 58 60 48 23 75 76 31 71 96 41 82 77 35 24 45 28 23 91];
BM=250;
CBM=0.500000;
CEM=0.800000;    