nBuses=75;
max_busses=76;
cap_B=[95 40 80 49 101 70 133 97 139 62 33 107 28 100 28 135 71 58 81 108 136 33 55 84 123 62 131 54 118 63 98 140 111 77 140 118 102 35 44 75 81 72 94 21 60 70 105 118 76 104 60 20 117 67 119 138 28 25 83 58 34 121 140 134 104 138 27 129 76 20 107 58 111 66 138];
euros_min_B=[5.767271258090226 9.4889248931764 4.010455391831933 11.000798704318651 11.903395163169055 10.512397793368574 4.865483875722374 6.468977337197021 14.2388437596992 4.758900198862858 1.8948914001266484 4.905805839152393 11.558901520405271 4.566421171543251 4.317431827403077 4.965144337819541 3.397733232579168 8.295975069403042 9.737553572500618 10.606385314182635 7.025467674004245 13.400910014241354 8.354844230023687 6.448932918759565 3.9562718032997415 9.746706266075304 6.923320559746399 1.3967913589796106 8.822976885404811 8.67553543575487 7.619869723633979 1.4223911608306563 2.74395041272267 3.2853764089490474 8.28722288899512 14.287714914882509 11.076779244527607 9.117996340486991 1.7827197480943755 2.058411659836259 2.6502408989789474 8.976908465991643 10.845229927991497 12.02428973204017 4.177402561556003 3.503350956356547 6.499991692880096 2.4873398054166937 6.026200207724242 7.328075173781857 4.140910147256998 3.0127990329844785 7.5919004529113305 10.714324202897865 10.525449223554853 6.736381074593208 9.036373227840688 2.375574319225488 5.608186898708286 9.855200735310504 7.009884900952949 3.6296420312236957 2.0705182524049164 12.761118608944491 14.18700390336883 11.425541063590638 9.421746331039373 3.1348382130040156 12.04069399696095 2.6190510141108376 13.674677168850305 6.374549023243876 11.376030139358427 5.978841130982605 2.915700733799608];
euros_km_B=[18.223586563886055 17.08125531797148 19.134338868597617 6.631299125634165 5.810820320097052 23.875783653734995 7.431605494159909 13.499541308051315 12.295965480054202 8.242607914796274 1.9375449192543899 21.067956561678564 9.739618721375138 5.795583346900691 6.639325770027487 20.681550915187994 6.746684834433977 29.834008529536682 6.040547833643007 7.287491288746505 4.841855865352416 18.6248678245064 3.6637950467824116 6.3636069430396285 5.028982921301766 27.43765692232761 6.408661232850435 29.808117939998407 14.655382156891035 1.3425825726796239 23.607911492634457 24.615268229354818 7.186781326539135 6.211617419627099 9.471600261168124 28.11343090339946 15.483217679079091 24.974788639456726 15.002748487078149 28.257504399507383 29.746616650504208 7.846885926664896 16.974402530850398 1.2958112274469222 25.07338768415985 28.037421724995205 8.427380176283537 23.306338627974135 21.87856820812897 21.448420864022435 4.3682262879292715 3.894396959614059 26.739548042461696 5.619466723491921 1.8660164602193037 17.522039632078563 20.669320964113147 18.700775193369225 14.047384101429753 7.096915085758662 10.392852966767885 29.853037842188083 23.744934613103258 17.056031610629375 15.480238786410261 2.127075259785232 15.064607534780086 10.026367535224056 6.186752360085566 1.5679099018149234 4.04566620337069 20.709577408985965 25.829148069287633 21.40281607759688 11.01126725879784];


nDrivers=71;
max_D=[192 145 185 220 159 122 186 129 175 158 237 196 208 166 234 131 201 235 203 205 230 215 138 167 207 167 150 162 186 235 180 216 120 166 240 226 176 176 120 208 190 196 148 145 151 237 138 215 148 236 142 173 161 198 183 223 150 122 141 195 130 221 236 192 158 203 120 224 179 171 207];
        

nServices=78;
S_starting_time=[318 679 116 193 651 80 656 177 614 573 406 447 674 16 539 691 507 183 528 648 199 392 64 368 354 661 162 147 655 714 489 647 97 418 49 635 715 51 307 80 559 508 273 44 88 227 381 318 569 312 75 637 263 477 416 574 417 124 375 93 44 284 449 350 105 477 394 558 124 206 565 521 639 445 632 19 193 677];
duration_s_min=[99 94 66 68 115 63 70 119 93 115 111 119 115 84 93 109 85 65 76 77 92 87 99 113 63 104 74 99 97 67 95 108 105 87 79 63 83 77 65 105 75 110 110 91 115 79 76 91 61 97 115 107 119 89 101 86 70 79 93 74 64 64 101 86 68 116 118 92 67 82 76 62 94 91 91 96 81 106];
duration_s_km=[40 33 53 49 58 43 48 30 35 49 45 36 54 34 54 37 39 56 52 40 48 31 33 58 41 49 35 34 42 57 33 30 40 47 51 34 56 56 60 31 41 56 39 57 41 38 60 40 47 57 35 41 35 48 57 35 32 55 51 52 38 32 54 49 32 48 38 41 51 47 50 60 32 43 51 31 34 60];
num_passangers=[93 49 68 55 60 37 30 40 53 59 86 80 56 32 61 70 24 53 46 89 87 84 69 37 69 93 93 46 32 52 53 94 86 82 30 44 46 37 85 78 96 100 56 95 71 52 76 73 29 81 67 82 72 67 63 70 57 34 84 82 74 72 32 96 89 45 49 23 66 27 56 21 50 46 47 93 86 76];
BM=250;
CBM=0.500000;
CEM=0.800000;    