nBuses=71;
max_busses=59;
cap_B=[60 38 120 53 35 40 46 40 130 136 128 81 78 40 38 95 135 48 121 44 38 33 100 137 24 126 106 41 36 78 55 130 111 112 124 47 134 77 135 34 52 96 64 47 94 123 38 26 26 42 136 101 25 112 40 25 109 94 45 69 70 89 120 21 31 31 59 27 27 110 106];
euros_min_B=[5.361728405714108 2.599861934047678 8.162754940546197 12.623043618740827 8.744255078576249 4.662225418722402 9.004338737420655 13.288798744522966 2.1899997610222135 4.200497417215025 8.266569079421416 13.429465422739344 9.911255467041837 10.206307252174454 9.921240835137727 4.593131298223712 6.51859734495579 7.839146730360436 4.963125618458815 8.501189664378618 8.39569943195522 3.046205494861397 6.8518191776635655 12.205280037309073 7.296549172001015 6.489676337758873 2.4971592352558947 7.322792960398286 2.4820450050128744 9.306226631039353 5.6843465978802055 1.4514125430938432 14.974643329214091 9.404986818561984 2.4017575505925093 13.73310358879053 6.384579158737858 6.327194571536335 6.249727981941244 2.15058136638044 7.7852000472724345 4.94761749668921 13.653549726059273 7.294239588004993 8.974212445970416 10.428680901611783 8.151551265860897 8.478069707799522 1.609528213993574 9.893667578859743 12.599778170289396 12.039404077120802 3.676732139915069 9.471483519006734 3.78575993503597 4.7246743814137995 2.5201357756016654 14.084990695378913 6.435015227234247 13.74426227520937 7.446226729054379 9.653272254399301 10.310319182534947 13.233225056126718 8.777716929189971 6.855901027031049 7.4962983144225275 10.461754703765465 14.239268877262376 10.757200938050504 11.77932885738114];
euros_km_B=[5.408872018610097 26.46413823101885 19.036288941608493 16.34560039576869 23.23373302970587 12.529551086822947 5.612110609408086 4.0607165639336875 3.931484904061387 20.14593320554423 25.470356102575845 24.17465050496916 13.58067446828793 16.419106037649364 27.765578535400763 3.0008440630517548 23.49663359040265 26.623921772649094 7.292636159147023 22.533030516844946 19.63400936209189 8.617707336363239 22.88381774990499 25.234791713914085 14.855785233067362 14.064501737419185 29.770760664771224 22.855906821236754 7.5609717637016525 4.123218231443479 24.169743986429935 12.964369374313653 14.382547306676956 4.975330943023957 14.450229486065155 27.17894198959216 5.691389539582552 5.949405585853606 3.065861423768517 21.899932203779137 4.343291356786954 6.517211538996316 23.463665437928242 25.361495420838246 27.39214734463001 3.470955781516069 8.987966716721456 17.06429672486635 21.015047510292025 29.453383479685122 27.221232938997026 11.994571988495089 10.234278763554657 1.3255114975259041 1.372405902420366 7.313734493491416 19.44808965831398 8.557398945568494 8.814604788978212 2.6405714476830275 21.387242208453916 23.25119442128391 20.468044087058605 20.75554521964635 10.65475897282259 8.704745581388604 22.76822598802118 26.735655810196796 10.210804495794344 21.469722182115785 13.828838915180713];


nDrivers=68;
max_D=[216 186 185 237 172 186 169 185 202 161 121 156 231 160 194 214 150 154 239 162 124 238 168 142 214 155 168 154 185 135 187 230 143 172 209 160 171 140 192 205 183 177 190 146 216 168 201 239 169 159 131 235 183 146 220 234 209 189 155 223 153 215 235 169 215 122 213 176];
        

nServices=72;
S_starting_time=[550 41 216 461 35 463 526 116 9 417 99 669 590 573 368 529 228 402 88 508 149 702 92 392 155 627 575 69 431 63 499 584 259 458 294 386 650 651 360 478 273 315 212 354 286 447 336 375 306 41 421 191 68 140 278 577 298 502 546 555 356 554 547 606 478 5 225 369 174 340 71 598];
duration_s_min=[106 97 90 90 104 76 89 81 109 110 94 86 119 66 65 108 62 64 104 94 118 97 89 120 63 109 64 106 98 110 111 69 104 94 109 79 105 80 78 66 109 92 76 79 103 64 85 75 109 119 81 65 111 65 65 79 90 67 80 64 114 71 73 66 111 77 107 99 90 108 101 86];
duration_s_km=[37 60 39 40 36 32 55 46 39 42 53 58 59 53 30 57 60 33 43 46 39 33 60 35 41 49 44 30 36 32 42 55 36 57 46 35 36 37 49 40 48 47 42 35 32 45 55 45 41 55 51 58 44 55 54 47 50 35 58 57 34 47 50 33 57 33 43 57 32 59 45 54];
num_passangers=[46 70 86 94 34 38 64 68 30 97 40 42 98 66 61 22 25 39 72 43 89 37 55 53 65 82 71 96 79 79 31 79 42 68 46 91 81 93 36 22 45 80 64 66 96 37 81 55 54 59 78 90 24 96 55 40 67 77 94 26 81 43 48 32 56 79 56 67 57 76 36 28];
BM=250;
CBM=0.500000;
CEM=0.800000;    