nBuses=79;
max_busses=70;
cap_B=[117 47 109 131 112 70 72 57 23 57 69 122 60 119 55 82 140 99 83 50 112 93 112 42 57 125 114 132 36 52 42 114 97 31 79 65 83 125 135 29 106 40 33 42 53 124 71 27 140 54 83 84 113 125 86 77 118 48 140 50 41 64 82 100 93 75 132 68 32 29 69 94 23 67 31 133 123 113 46];
euros_min_B=[12.164928874327662 2.2996833829482473 5.232181058210852 14.11689848350303 8.459379598071532 10.46484349758077 5.135510928011648 12.357194896065796 8.09684745472521 5.706664708004633 3.742959150455853 6.3134871913972646 11.026486109360121 2.4681497838772395 14.517810541419376 11.563326257356119 5.295459630407917 3.9106861601034497 3.0567247693198722 2.450991637904437 9.853287754786574 4.781676400584691 1.9564410157461445 4.868494500967143 2.8324268449073937 4.562798836400864 6.084369996297961 2.1964731708760317 5.33455565325057 1.9218855487926714 8.293355363379465 5.3219845679896896 11.495888646955741 5.8025193384408915 4.647017824061611 4.470682068014968 11.936318079719847 5.533480990434463 6.429304960733759 12.977059780152937 13.298298691458726 11.751568427083422 13.23387604801658 11.896477975414284 14.006377474621132 1.2207469706551675 13.578593528034002 6.677213796523742 12.152714445221537 12.098810356620854 8.155004315580126 14.317812350979569 12.703099346162723 13.096510804748595 12.098608301946397 2.120524660974035 1.7481257828129562 9.092167976128094 7.7981097083133335 2.269215276691959 12.96041018533793 4.3513497908933 4.455691056720669 3.744663711414355 9.608265726680962 11.804772498516702 8.188472567750967 7.670846917844141 4.006226316115139 6.19991135574657 2.9670450527565224 14.979675107343922 4.432995187864421 6.254232148380517 12.385986915548768 5.17579609827657 3.691175389486606 2.598636319753278 8.410533382087024];
euros_km_B=[19.515087814452862 2.0659634952163293 16.512851728033056 17.712793006631447 20.383872320424974 20.391047125462013 12.5548754446728 18.031351402415265 8.967086405486363 27.630793322307124 2.495608749296843 11.183614778384955 6.057635015993572 19.890732811055848 12.355882994623268 9.948249776085335 1.1289339870429358 24.102240128107308 26.819554936957186 24.644265344259782 26.47245348896167 23.00911196041213 19.499953973154987 22.40727194618194 29.34888480399683 16.65275994238811 7.437629877232178 6.795478862880611 24.895628231726967 29.174067943693046 13.431621114514222 7.931851789477598 19.33509639579577 6.619442947363558 28.24028792142994 3.44235082693004 21.76648011287945 26.71508565042162 21.04054194615754 21.468967864598152 9.937340468478618 11.202190129020124 26.08739894486658 26.511318349155136 1.3343847980591992 1.8034798308109092 23.202710575749265 24.01907325624368 25.68802494744858 4.018816423360551 26.278766643097583 7.775891552514428 3.5512235513586603 14.96354704700959 2.2927389947714296 7.381808503019438 29.852613274404895 13.691115105034706 17.72159808369705 3.915857010880703 1.7980903865318902 1.004176403348781 18.021377770787392 25.468288365303533 7.448974626471778 17.831224355348517 18.881739106022838 14.219109544405688 15.845593372145398 3.7146256615720317 7.961359128650762 2.248770687815556 29.818876160741027 16.523150570182246 15.940042442463374 22.069152251775883 28.327909332810865 13.560376241437028 25.325745326828574];


nDrivers=79;
max_D=[230 125 185 195 180 199 220 236 184 129 136 204 223 149 136 164 154 232 234 185 225 225 147 146 143 218 161 130 202 138 189 145 150 176 193 183 136 226 202 146 125 209 236 183 128 133 175 203 180 234 201 160 215 237 154 203 207 239 163 158 171 237 143 131 226 206 217 181 211 133 216 154 191 173 177 172 231 227 210];
        

nServices=80;
S_starting_time=[134 521 255 661 359 639 305 608 658 514 499 363 416 644 237 651 14 33 142 124 126 461 470 611 480 190 369 665 373 634 357 668 513 79 185 92 203 440 590 307 316 545 557 474 708 439 480 485 717 36 677 54 633 481 159 691 194 143 269 328 496 473 286 495 634 28 265 200 479 221 359 602 609 713 159 249 447 268 694 697];
duration_s_min=[101 99 82 68 66 88 112 114 79 96 71 75 103 78 98 80 114 88 89 93 114 85 97 90 119 103 98 80 82 97 109 110 77 104 86 111 84 92 98 100 73 62 119 84 75 117 73 99 116 78 75 83 100 80 90 72 64 106 106 119 76 109 99 115 66 110 81 120 69 86 111 77 114 73 120 86 85 61 113 67];
duration_s_km=[47 37 32 60 38 47 45 30 41 33 51 44 38 48 45 34 31 37 50 48 30 60 41 31 39 54 30 41 42 55 42 46 39 44 56 39 31 56 42 49 55 57 60 38 41 47 54 36 40 49 56 37 53 46 31 42 49 43 46 46 37 52 51 34 44 59 44 45 36 42 48 42 30 49 34 47 49 59 54 53];
num_passangers=[29 36 48 25 44 94 41 62 32 55 43 37 72 53 38 60 94 96 99 73 77 73 38 56 96 37 51 81 59 83 94 69 87 58 79 73 41 36 49 52 79 21 77 65 71 26 99 85 72 23 60 60 32 59 55 34 84 43 41 23 33 40 33 50 66 52 42 65 38 80 94 62 23 89 35 93 39 78 47 38];
BM=250;
CBM=0.500000;
CEM=0.800000;    