nBuses=66;
max_busses=59;
cap_B=[81 86 104 104 112 90 88 81 49 45 130 65 64 83 94 27 79 51 122 53 57 118 84 103 72 93 66 100 122 140 104 54 134 134 71 59 37 72 89 104 73 78 26 139 77 107 93 50 23 85 77 67 117 119 33 58 110 42 34 60 96 131 28 66 21 119];
euros_min_B=[12.307195115104388 13.933199381781813 10.227600923036974 1.7178552568580563 11.4100482482346 13.37448563866647 6.593052057338703 4.790923140927688 13.704476175957062 11.030766073446253 9.085201731222433 11.205757941819524 2.0744875745652207 1.9919877230687222 12.989299265689084 12.153851511277743 3.300835153947662 9.474282900570607 10.805417676477578 1.4902917500101174 7.689110690237859 12.939785937015728 4.629449096073808 9.129414080867251 9.813564095018968 4.452233137807472 10.213247047901053 9.887740850150019 9.694001865189401 9.063532570657518 2.1469153810701322 2.4568989494385516 10.455875551017689 8.581874188551936 3.382773231410117 14.722365510648842 3.959539963763987 5.256127968653716 11.153915773188182 14.946088990628121 6.704689732652687 9.982148210305326 5.071649318348118 14.403732649522299 8.548265757965815 13.470753039248432 1.5555046481821617 14.355474646047437 8.96839312961985 1.3687126853996718 7.322795765975568 12.523079287085471 8.62358373207146 11.367566448411132 1.522665073825455 5.725828271899379 5.679982670102325 12.884830531073991 9.220786451615758 3.134284178889718 8.380924249277378 6.665759657465197 8.392881961052625 7.794073434194859 8.076609228070579 13.444225412850223];
euros_km_B=[19.998848630553233 8.927804220624989 10.938925782630664 23.084524342765214 16.60841170745633 17.089684029219118 12.43211435311946 2.090143634945578 24.864087181021564 6.364630989701396 24.39053919644051 29.91243220156668 24.916518135943377 26.462529830785815 14.906898699107156 20.119351522741926 1.6963738552716998 21.985672246667065 23.343387703261993 11.01808787274188 14.595659935280421 28.06011189050936 17.24658839785271 24.157450431711897 1.1978413246246389 11.083967880538207 25.92457298010386 12.917145017823856 8.123986596122746 27.49122175401785 1.8534982026034936 20.429861660782585 2.3246386622119575 5.779111863555995 13.726132567556991 20.94994769205633 24.32883098136973 20.006907703940477 28.458916158909716 12.267199619724579 19.716160856628758 18.43066546046353 5.030331809750022 20.24841116331664 16.569023554370375 2.4929258108755894 14.725993219488668 24.110610056955956 5.519769181068308 10.828623756643639 29.57557637559504 21.685812452045703 5.304353066799203 21.622067822056643 28.89556649211305 11.823129659924714 13.890586096479959 22.62854948460003 23.06184913851017 8.42915859999433 28.315304152770555 19.891541775324054 26.061482881875047 17.479199786524468 7.801513935988239 12.757152859704489];


nDrivers=64;
max_D=[179 150 194 214 231 209 132 238 179 122 173 212 221 198 198 166 154 215 227 138 135 178 125 155 156 162 233 191 157 186 211 200 156 164 184 203 149 236 142 138 162 197 206 134 127 144 128 190 193 186 213 132 228 225 229 173 180 167 201 228 147 213 216 195];
        

nServices=69;
S_starting_time=[510 43 442 252 536 159 585 636 649 467 258 212 376 19 269 379 72 264 179 702 79 521 349 505 610 379 51 540 430 426 467 51 436 391 397 544 685 563 657 660 311 697 283 536 648 366 116 279 594 42 46 228 206 304 274 308 590 222 257 401 591 323 243 44 649 100 260 415 46];
duration_s_min=[88 61 91 70 74 103 102 117 88 97 97 103 117 96 117 103 114 83 75 62 116 77 91 70 71 88 84 107 83 81 72 105 83 94 61 103 87 90 96 66 93 60 74 82 74 75 84 109 72 98 87 77 107 76 64 117 90 101 112 76 88 74 77 100 106 96 61 69 120];
duration_s_km=[31 35 38 40 35 37 51 31 41 36 40 60 39 30 50 60 34 38 45 49 46 32 33 59 31 31 32 56 31 32 60 38 51 48 53 37 47 32 60 45 34 50 40 31 51 33 34 54 37 45 55 40 30 32 55 37 48 40 51 30 42 49 35 32 47 57 47 59 41];
num_passangers=[52 42 27 89 33 87 57 60 67 56 84 58 27 47 42 23 42 62 27 51 31 99 97 95 74 58 97 33 93 82 83 23 23 24 96 37 66 89 71 67 29 20 80 29 42 99 79 71 58 85 73 40 21 93 61 68 48 47 37 68 99 68 34 32 65 53 63 89 71];
BM=250;
CBM=0.500000;
CEM=0.800000;    