nBuses=77;
max_busses=70;
cap_B=[77 92 95 113 99 48 60 90 89 63 51 89 85 75 90 105 74 121 127 54 57 106 59 63 24 79 59 61 81 130 66 107 33 124 82 27 116 100 115 83 64 20 136 64 46 122 56 95 48 128 77 26 93 123 96 55 111 71 61 61 117 126 138 29 75 101 21 82 47 85 116 124 90 46 21 118 51];
euros_min_B=[2.5574027356387026 7.402799724997555 5.5323613110632825 10.652277221019018 9.498752819999584 2.2096212716725514 10.93217797327739 8.375760551898582 12.318013657588047 4.126700507658568 5.63214477298825 3.824965249332175 12.996550315313238 13.412719109716331 6.025970834421259 10.445411481059407 11.513052774735463 7.391189762389423 11.440815206319108 5.0273197121667845 11.817694539933692 9.810613327847193 7.6114314681257955 2.3849901939568054 8.473943345852048 3.780185010607994 2.940660253917247 6.966967437969572 6.9214595224350965 12.498565134955284 1.0652463592568582 3.085277614027068 13.673985451507535 4.449785657298685 1.5176139460824225 11.515992614445981 8.003216362082041 12.340888265549275 10.193107260131821 4.481281570124606 2.2766331218972464 2.5865024354683888 10.513406739533309 5.100109697636867 4.948812644550922 4.176670574194458 10.577567312802477 12.291763269272712 2.6366382255168723 7.115952817956494 4.694778413603007 12.878186048895948 8.868452173709517 9.95831402402713 10.07120070840007 3.4628880393229555 8.41592185990542 1.5382216041150578 14.140200104117556 14.154413208508723 1.5591165975926975 11.68079711568054 11.073243837387924 7.776465526352122 13.701087789000471 10.255081138085085 11.967506238106912 4.143666748363934 10.454605924886135 11.137771260799441 12.722619497439517 10.035202213839769 10.738522403646437 3.347680158620646 6.728225021320949 3.045285035268739 7.614812927268153];
euros_km_B=[28.738361507475293 15.526718648687439 3.899268418818119 2.7617605292054397 24.587576437884316 25.811101271917575 4.771034676041332 26.700671571218546 26.17253879556893 29.989510868975916 15.33963876904143 8.928756490077529 8.71038873860603 26.982850800788764 10.403741574665114 3.061834423797352 14.725914875905458 9.466342170529861 29.27289624598452 19.019410571616156 21.041117761010824 19.434736602006463 14.396425337792655 26.82204266674856 4.787751916819764 23.14412503196118 26.998689117529327 1.971985402618977 8.677132535152435 26.780367567115427 20.01070171508728 20.33831439376991 28.617593412981805 21.991335272717507 15.81865847375999 13.07794437129168 5.117571926306381 3.294307823402705 7.717148833025985 19.035717931703672 1.740021104758932 10.604881670479028 4.174655895647494 19.589671549957686 19.225356466579846 5.474065156211608 10.394733621645138 22.938247794904548 28.627176374501744 8.335545164847076 23.94902524041981 21.300921160308395 15.138818344413801 14.287747700183884 11.382679607887884 10.205423520826086 5.037942897393496 20.604332703592046 28.9844433929916 12.604961986615987 28.816946981035372 13.80168907737719 5.149265648368735 16.5737711191063 1.4527408940423614 19.5398528653248 4.128462989569055 16.035106265462392 2.645442178716007 11.417890256564174 1.5375077470459593 18.253837888239268 1.5616343556379033 9.324187832494601 29.76478981637129 24.433519383811078 2.8612451610925];


nDrivers=75;
max_D=[138 155 180 203 154 135 120 189 192 141 208 203 170 142 209 155 185 232 147 210 150 206 192 228 215 158 167 127 187 166 132 120 199 220 157 189 198 128 180 159 149 204 224 188 159 228 233 191 199 167 240 158 240 224 196 192 226 228 210 204 225 202 230 139 139 207 124 209 154 148 154 127 148 122 228];
        

nServices=78;
S_starting_time=[145 468 492 13 263 82 359 638 285 240 397 195 292 661 45 341 215 320 530 550 396 97 335 121 461 18 341 76 195 328 596 345 88 532 490 230 446 634 7 211 485 521 116 250 430 427 201 683 450 189 150 662 635 650 296 142 449 593 63 72 439 696 710 163 136 703 704 556 132 199 42 592 591 57 181 107 546 56];
duration_s_min=[69 120 99 112 84 85 98 86 90 85 62 69 65 106 63 97 83 99 111 110 88 72 64 84 60 69 117 63 92 63 83 89 64 65 62 64 76 115 61 67 71 90 66 73 61 85 92 80 67 104 72 99 106 71 109 103 117 64 106 72 90 74 63 82 61 112 119 90 111 62 107 102 92 82 71 90 96 113];
duration_s_km=[60 37 32 36 40 37 55 33 47 52 60 59 45 31 53 46 52 43 40 55 40 43 52 57 35 39 51 39 53 37 32 56 38 35 54 40 56 57 38 32 56 43 35 41 47 33 56 37 41 37 47 39 46 32 52 36 36 44 50 51 52 30 30 55 34 59 34 45 36 41 55 57 32 39 55 58 48 58];
num_passangers=[32 41 88 87 88 69 28 67 36 40 72 92 97 98 54 31 39 55 86 51 76 44 77 90 77 67 76 66 24 22 33 62 34 58 64 30 80 37 35 47 67 44 63 21 41 46 93 88 34 20 53 58 35 34 91 63 37 87 32 65 46 66 30 78 87 62 27 55 68 91 100 48 53 51 44 73 83 95];
BM=250;
CBM=0.500000;
CEM=0.800000;    