nBuses=129;
max_busses=134;
cap_B=[67 107 52 75 39 114 63 51 37 39 25 81 104 79 36 37 123 68 33 57 22 69 50 94 133 54 93 25 30 122 135 133 23 70 107 124 35 80 21 118 76 95 66 68 50 91 102 118 79 114 139 20 62 129 55 20 117 111 117 32 79 139 94 31 131 75 37 74 90 78 112 76 137 123 132 109 56 124 71 51 92 83 114 130 127 62 105 117 42 57 101 127 98 130 47 132 67 122 38 114 69 34 61 83 120 110 118 96 50 133 77 129 99 118 111 90 23 27 114 65 38 70 85 112 69 56 134 45 135];
euros_min_B=[12.463922276784354 13.555113723176412 11.374584883664308 7.133758851886418 10.614910536007235 13.488680585534796 7.911285443394029 4.386106188818038 10.934053149339093 8.218016033298301 5.453625537105254 7.528333901032678 11.425136040423784 14.59719633443202 4.343495490660515 12.08666052784324 14.454448244761648 4.019238553992143 5.837394541887152 14.795584578085617 7.645237548341468 1.6063407137181591 10.769182904547874 10.5562361141479 9.665822730433149 11.245182342949699 13.627309474942088 10.902923624585235 11.471848650869873 9.52880094738882 9.487047799406838 6.059333329443623 9.886020983287331 9.080217773674416 6.000626024960569 12.932480132012003 7.174978594104674 2.5134597843042124 6.687325858906639 5.657533482146241 6.222282802917778 13.615907317040651 4.292824089201287 8.736128579622838 9.295982614920899 3.5469182944565474 14.096847761030874 8.534150368905255 11.437112633546361 13.583987826653779 10.492222775858188 1.391520846113515 14.873437036111415 2.7526244496940047 5.123253950918151 2.1758104354673007 4.211656290556347 4.198813476700445 9.522751661366243 1.8991100673104042 2.3916222236337212 14.20516146361452 5.883605398225377 1.4994061412242314 8.095453073555824 12.415779480578154 12.081505757985376 7.82600523066667 3.3860298045088664 8.258993153664285 7.239622498518722 9.150883815406496 2.221526160988396 4.804016064259611 13.824140983303447 4.338911632814901 8.076938231136877 11.32583035778666 4.668489627708008 9.419222009178092 3.141142419017086 4.598941930465843 8.130503078437568 8.012894032063429 11.726632513457112 4.379983444482857 10.345047637513161 7.267188851023318 7.538506790147453 11.430872109717825 3.31119546988156 4.125805283190008 1.07344938692868 2.151933792751893 1.1276159311891174 12.831690787205364 13.717110921674289 12.816635908799098 4.136404133924847 4.971581469147586 5.03404061040039 3.148084235179577 5.787609273594846 14.383893096571404 5.47342848533539 3.0911091702120816 13.426420296544222 7.789404349777005 5.122095328103053 14.966913538504468 7.871262840806622 7.312232706781652 6.861633283774256 10.066554785312402 4.892446349580398 10.903670986549784 12.032848364964329 1.9739734600491223 3.705054385383332 14.614375731441955 4.097105003949575 4.713003899817132 14.022948382159385 1.4108194660798223 14.796671027579004 2.0732394988768545 13.58644610110448 14.467101624658241 4.3543911115149];
euros_km_B=[18.736596593600304 5.046155718436889 23.151879250408964 5.520006190306078 22.615937835844427 6.044385978570341 2.091498464559921 19.34701975301815 23.57257597354318 29.49827022227695 20.13773788434942 6.5412995755793215 18.967245193032426 2.9237538393491533 18.832006545147582 26.960277659599335 24.597050309202785 19.837185038932873 5.373012793922653 2.804445234863646 9.808814647785573 21.059879396138218 29.289087986942565 24.209273262673385 4.481828827156401 27.045388044051933 18.56423258152776 1.3731022944276416 29.74336631941262 21.390557005651182 27.021486894394755 16.798882343272233 28.402009793622117 4.413334767225102 2.170172278493591 6.751090713443878 14.351950961274511 19.880258084812947 25.13117899948525 5.279211089270167 26.136606349175047 14.345235101914126 28.61404337495275 17.98767799238358 22.158204281698605 18.59083954792886 1.2525442107391829 5.7941567130657505 24.35430135564462 16.975251396271894 28.121714440767438 21.397617739873844 16.643850536595544 9.063901653994174 26.92515160359672 19.3216043320875 14.12418703615619 3.3334474473418902 10.723733068540541 20.33215293070411 8.646552178897899 21.468794326391095 4.462101507420132 21.825994445584392 12.18722260428857 29.610925325765145 21.124391600288224 19.130710856235073 17.02121464328648 14.138230784462781 14.793338002682082 4.576410468275972 25.41697991365745 9.610871707363014 11.853712293077615 29.67098313217379 6.440669787247861 18.09172382263982 26.907155164987238 26.26358179568204 27.20292787745476 18.67720278805899 25.880917792923693 21.477580130606707 15.645114075325905 10.897416233484117 29.996322929230764 5.3505810907175775 19.98263946303082 5.138029572233464 20.99010907979314 8.108571870396538 12.248888509037632 3.9280660086706956 19.15045106989598 1.6455253928649494 18.918395107279633 5.1836216124674195 10.580943120724196 3.3361875879041953 12.555349491676221 16.333608745755768 15.587661221082051 17.178520251040545 18.71034755262715 29.855729077168668 9.327623516562342 25.650803585367804 19.130284496627095 7.937291648978046 10.926637317943579 8.481153772551657 4.117606821988989 15.628250148437491 29.342177792057182 15.541118767893352 23.95761952406079 17.26553019820681 10.722662984612267 22.88096052321239 26.30485300833312 8.214149271302606 15.351031472198255 16.19576854603421 29.12608057614147 22.452828442881277 18.537474847895737 5.160204872030308 28.095458368746357];


nDrivers=131;
max_D=[220 157 167 193 236 128 206 151 217 205 150 134 123 203 190 155 136 189 140 187 210 234 126 182 181 161 123 232 192 223 161 158 137 186 208 138 205 219 204 123 190 195 145 186 231 205 126 170 236 206 122 143 207 162 131 225 190 230 194 226 231 168 154 185 184 237 234 135 210 206 168 214 124 208 220 186 137 142 135 121 149 191 229 202 214 154 121 138 157 190 129 220 220 229 160 210 224 189 163 201 201 181 140 138 200 236 190 237 126 134 161 153 178 142 233 165 181 209 120 124 134 219 240 125 238 235 206 215 131 214 162];
        

nServices=136;
S_starting_time=[366 175 447 319 420 128 286 299 529 486 357 268 51 329 395 229 66 265 559 501 103 430 355 470 245 549 450 78 53 709 276 357 434 423 39 237 33 411 590 193 395 585 512 451 204 530 598 635 504 172 458 186 668 563 543 347 474 487 720 372 468 647 190 60 338 520 284 591 128 283 307 89 105 54 657 281 483 459 166 362 152 350 552 32 508 355 113 524 44 157 566 155 114 377 257 643 51 140 711 610 53 448 66 565 157 585 296 59 107 135 502 354 223 275 125 295 716 332 525 128 264 524 522 711 655 86 78 70 418 39 604 406 401 502 440 559];
duration_s_min=[70 91 83 64 84 63 84 104 115 69 113 75 104 109 93 112 108 103 83 112 72 86 120 109 84 67 78 106 89 111 107 84 113 61 119 69 95 120 95 74 69 91 114 77 111 107 67 78 72 112 95 63 78 108 67 76 87 111 88 71 63 96 64 88 118 109 72 99 104 110 60 62 85 63 86 112 118 110 68 120 108 70 104 83 111 81 90 94 103 118 111 66 76 66 69 73 117 120 60 94 94 64 108 107 64 73 99 64 66 101 64 81 82 67 65 60 88 68 116 74 79 77 71 60 119 63 73 101 70 95 85 80 91 105 112 119];
duration_s_km=[32 48 41 43 35 54 35 44 46 40 33 53 47 43 58 56 34 31 34 37 32 57 44 59 52 37 37 41 43 57 34 57 47 56 51 44 32 53 57 40 39 40 37 32 47 42 54 45 32 49 37 46 32 34 47 45 49 37 50 30 51 32 44 51 33 32 51 60 48 58 54 47 57 48 55 54 30 35 30 46 51 34 40 47 38 36 39 44 33 45 40 57 59 40 47 37 30 54 58 49 48 31 36 56 53 56 36 53 48 35 30 52 56 53 41 52 35 56 58 34 30 57 50 40 52 34 41 30 47 41 45 54 33 41 43 30];
num_passangers=[90 37 26 56 34 59 38 85 44 97 30 23 24 71 41 91 60 88 81 43 95 50 93 56 25 95 62 98 50 51 36 83 95 50 69 61 31 26 99 88 79 23 80 46 35 74 29 39 100 38 55 40 79 31 87 84 94 49 56 61 26 95 81 90 40 89 77 64 41 73 70 43 63 91 70 49 27 88 100 90 65 76 38 76 35 26 100 67 79 41 45 59 74 43 22 84 88 99 70 21 53 84 43 64 77 50 75 73 23 93 93 98 68 40 23 21 69 20 66 36 34 27 99 58 98 89 55 95 99 31 66 72 26 41 48 38];
BM=250;
CBM=0.500000;
CEM=0.800000;    