nBuses=70;
max_busses=72;
cap_B=[127 65 139 76 103 93 78 73 33 113 56 108 60 100 90 116 72 119 47 36 113 71 39 125 86 44 43 48 22 121 105 53 21 87 70 79 44 83 110 51 64 88 137 55 26 40 53 49 58 43 134 54 41 130 129 25 61 32 41 25 62 102 124 55 136 76 134 69 115 82];
euros_min_B=[8.18287834431301 11.984683774269332 9.292822354850625 9.419595663148684 6.100331818829735 2.2233071674360683 4.002496927114164 11.213797117644136 5.7225821537294195 11.875094458573846 12.173333669138938 5.8288943319642 6.766491600665424 9.73212262126181 8.832241075910709 3.5777196664416926 12.123863847065524 4.875780548842919 5.212602288138088 11.355061353739417 3.807151404973903 1.3939880087620218 7.703621845286438 11.544183797278272 3.6090972313300345 4.004844587773215 2.7813840050330683 6.265579062699516 11.253212836957708 9.054874297295038 12.620233595036357 3.542571633736703 8.045904476401727 2.8057301562348487 9.294202690544887 11.628686451560062 12.951934285809704 9.09316721775186 14.47760352879708 13.874990452669419 12.078062526139428 1.7664646497293661 7.105274019554049 13.71136059159199 8.991226969073601 9.655891841575981 3.0373167030784987 5.086374548588116 10.84888074026249 6.442617562212779 8.39719081803471 13.050986206432848 5.0381526417638005 13.60160850817068 3.970240584565846 13.608744691390942 5.080498239854448 2.9274357019336876 7.239196349132207 11.234513116640809 3.455270920890951 10.326703561410413 8.437784534248516 5.124654673599222 4.460441329870164 3.634203615320329 11.94757225050163 5.395634517539056 1.1463359902984003 5.452753548006111];
euros_km_B=[8.100324319617421 27.70017630601532 14.22144601283454 16.317393430127723 7.6732110405666205 2.9458634511984885 24.584346453972884 8.214010762077848 13.601494999777874 13.6007802055146 8.740924714846416 19.824810545614156 10.722032575645127 13.365688278454606 5.325726545365686 25.16161841533491 6.024578566498501 24.094558048274145 29.56885581694846 27.32666496468186 25.444136016339847 2.088355167765245 5.817657122169963 29.137545779171916 14.893198040978934 6.868883213348128 15.374997563245909 12.41315125702197 16.32172484240767 25.110870797894197 25.26203648481638 3.4165012689591165 28.255717518657757 20.12922329504217 27.87074902028334 22.154571631837314 28.016408109572247 1.148844738630474 3.00110399382914 16.901586161742472 24.73335324546104 28.420685672427997 13.773169665202659 26.68539903905693 17.143247755986255 25.671219430450492 27.275107770952427 28.536601746287445 10.929958845010768 3.140182227968707 2.825463800831878 20.279073690829694 23.206192604264416 7.562511486902027 6.035061096863801 4.905315837259268 21.14701015915002 9.511626752592138 9.994666308406686 2.6623624627111555 24.869427791482423 20.861249420159726 26.06072098268381 9.11203863715723 6.752143449358932 8.817339121920405 13.138137261460036 26.75928033763511 16.359220840558713 10.303360935733668];


nDrivers=67;
max_D=[186 121 188 155 121 175 216 164 123 233 211 233 134 198 175 148 142 206 134 151 150 135 219 137 140 175 219 192 161 203 207 191 120 151 179 158 197 148 140 134 237 202 161 233 207 237 161 177 239 198 166 187 211 222 124 209 217 211 204 215 120 180 210 227 145 135 211];
        

nServices=74;
S_starting_time=[384 369 480 129 402 431 649 461 280 466 70 589 641 660 132 632 554 68 693 675 136 495 308 577 170 70 394 154 418 199 700 212 161 324 660 639 698 40 524 543 561 560 680 476 528 555 99 186 642 547 627 316 577 138 342 345 334 709 519 276 561 250 451 219 323 207 243 224 463 364 193 546 190 287];
duration_s_min=[109 113 66 69 104 60 71 84 96 78 93 106 65 109 100 65 105 84 93 63 87 77 88 118 95 84 100 88 68 90 69 83 70 86 98 104 98 71 105 64 80 120 99 61 100 65 79 95 96 60 101 120 85 81 62 71 85 106 65 61 109 65 120 71 114 117 101 74 63 109 78 77 76 60];
duration_s_km=[38 34 45 32 57 56 34 33 57 35 56 40 52 55 46 38 39 46 56 59 47 58 59 46 59 59 36 56 36 34 54 37 49 36 60 44 41 52 34 57 36 51 58 33 52 43 53 31 54 37 32 50 46 34 40 43 43 38 46 30 59 52 44 30 34 55 41 34 57 53 55 49 54 47];
num_passangers=[40 52 46 21 100 27 59 52 77 71 97 84 64 52 63 61 64 33 20 59 32 89 85 40 65 24 99 71 86 94 82 81 69 94 74 44 71 60 28 40 89 26 74 44 38 42 24 45 62 78 43 31 90 80 25 31 82 47 49 55 20 89 44 44 83 45 34 38 20 62 52 94 80 87];
BM=250;
CBM=0.500000;
CEM=0.800000;    