nBuses=122;
max_busses=122;
cap_B=[131 69 48 43 51 124 138 58 127 28 76 87 132 90 99 34 124 128 70 113 99 114 122 50 79 54 92 89 50 51 70 21 137 74 73 67 126 125 22 29 53 55 65 68 49 22 50 92 81 35 110 33 115 75 114 93 126 23 99 137 139 133 107 85 32 25 38 29 138 129 99 85 91 126 133 77 129 75 125 114 109 82 115 91 47 22 35 82 47 117 81 119 113 48 73 52 22 119 23 43 33 73 121 107 22 105 85 28 72 117 60 66 139 120 52 50 52 23 56 23 122 137];
euros_min_B=[5.567304481850403 13.457657004470047 4.112736657581202 6.959764024128065 5.275106285424146 13.28499553547419 12.225772719428232 1.6150029298469426 14.985596744173378 10.133430006429508 13.021015208199477 10.258920881335168 12.772453576658016 7.855954662546399 11.611839445236075 4.799741894515927 1.1001715767585831 4.421496319322232 10.180940390312154 6.1111933354541055 13.377899420431303 12.440680598864637 11.770784285028908 9.06734669931152 6.193297636481655 10.349900445224524 10.462707259751195 3.5543188258231253 8.48958403345871 12.174713233761349 11.330826962215422 4.382776712096328 14.447283998173416 12.820296013568836 14.050126150556709 3.10111516005703 11.13961639884609 3.8751336929094213 7.140832010199163 10.015933977336637 14.48251351674097 5.802459574074538 11.526142726703458 2.440817439185407 7.312653989851172 3.3761434038813034 9.853074445236894 9.203609168197328 4.7729962447946415 7.228387427338131 2.998801076841655 4.561552212587129 8.507475973043782 2.1513946883153436 6.07441045075101 2.1061583740499783 11.497361314004797 13.681005259543936 6.0352519630444235 5.743119860709552 1.452519131071097 11.063010171658934 7.470648752533968 10.352685092066858 7.376691131160577 13.0059086801869 2.308485185524253 13.89185440899211 12.786944140876606 12.285835694397338 7.354090526986345 9.020477586630735 12.353104985289887 5.579288756857876 8.600976108485966 4.4081331923830085 11.98555532173845 4.02517228249867 11.127744529414251 7.4338611059842545 9.220270425111307 3.7401763289475563 2.345184626240581 10.330610103903368 8.881208680409369 8.86450531676922 11.541523527256695 11.466028952807601 9.388920131100331 12.774044197715014 6.3753664478758765 9.625875509949676 8.880269715208915 14.693525046635282 6.374009238562574 5.096802831259374 8.733125780946072 4.481581169890841 7.258907675084842 10.995093220899731 12.331867819050187 7.551973033042687 11.050695595944433 6.999076303586433 10.415860242309881 1.3766114751749912 1.0926991212029618 13.855028012516675 11.927652454520588 4.283176538763921 5.6028566294866025 1.9348875741205576 12.420687217339648 9.081877073927869 10.044222347110324 11.160956896496675 1.833862600455121 13.07898934044984 1.3223463768488688 5.225174460032535 3.022192680340435 2.88095538579687];
euros_km_B=[15.95046392312519 13.316987730550418 14.419461476346028 24.8796130855997 23.96832012089562 29.904461442627554 22.629984614403572 10.51201488427523 1.3855697833884895 10.398128496701087 10.57200716468081 9.23282330447177 6.545222664855007 15.232502012844666 14.187544304069409 23.51053565079978 26.46610999590458 29.364962610404362 18.817549312874448 12.281672650283895 13.771712190046342 22.801828807245155 18.75003786656459 19.871546683547997 10.618006091960513 3.1355333273175092 7.312470649797046 20.721606157254936 2.6751344094249196 20.669870508923832 5.072957852418896 11.448828052980815 2.6595775650332296 11.302977772582397 27.94493770361319 18.76755410776794 1.4708448008503154 27.42880797106582 24.572290362257533 17.509111565245643 17.139347934399748 26.621525019965667 29.648072009340087 8.461738853505878 4.896237733322604 10.54482056286681 12.687393556167955 27.684814089314358 14.820569695502108 7.004665502369594 16.35349053483931 10.254273271318631 24.37219612530545 26.566320386107208 22.66205421938679 16.19889494603204 3.7385980561484313 10.916611666176422 15.971210203542157 7.607144362882352 2.3489094983187435 26.690752150867876 28.534042200967583 25.935327874036506 20.469271212573616 7.4731622679303635 19.65792775203884 7.0337557110858056 27.73303117288885 6.7903374016513105 28.39204107541646 4.657739601770472 14.284595482240851 7.684095307280847 14.117972359096711 11.703407497161297 8.921255517428499 18.56711969649177 8.919548127454728 15.687673126998028 20.633272853764836 5.492236602573907 7.988940449173204 3.9078663535826217 8.98308963680726 20.15528784500094 13.646767933272471 17.16725465449988 8.865347381728867 18.155834525580982 1.2441320316116344 6.130372196938738 3.49387120492056 29.010569564029783 24.757839300362495 18.562205445706034 28.29818808644686 14.903298570584008 11.291508415086113 9.001510902568283 5.894125347137718 16.74697024721403 10.504826594680079 28.36669881445474 29.764630791173907 13.410694702648449 11.65782509019368 6.876223541946788 7.984232975153537 1.7394007988138611 27.924375542422528 21.348122224712363 18.220426086464887 14.07771635744714 18.13539844236084 26.89999979900496 11.495669524530697 14.14128342847471 16.90917930493748 18.736664124667954 19.625819917771256 5.294109447210904];


nDrivers=119;
max_D=[155 166 182 191 142 160 211 177 227 168 222 121 231 213 160 155 230 236 153 240 231 176 198 166 125 208 193 203 240 236 172 216 203 238 190 189 234 179 143 132 183 170 215 231 220 124 208 133 130 130 240 235 122 239 182 172 149 146 158 191 197 138 194 234 238 183 197 124 142 120 195 176 223 215 203 182 133 191 142 160 166 235 188 182 132 179 205 208 204 230 205 141 230 157 130 201 174 183 233 200 195 204 140 140 196 165 152 235 213 166 234 157 149 200 125 162 213 154 126];
        

nServices=123;
S_starting_time=[307 131 452 493 613 85 555 642 460 582 245 439 117 58 72 372 522 495 263 469 529 318 718 71 620 232 233 530 404 44 564 626 49 593 27 141 604 617 485 168 131 312 337 122 445 486 279 280 360 73 275 190 516 54 653 361 134 134 624 491 31 648 598 481 569 138 372 86 442 200 406 224 95 331 223 324 502 118 231 259 418 671 135 304 194 718 614 554 508 404 301 9 55 287 169 25 653 518 463 451 262 67 529 601 274 673 153 357 41 404 448 133 314 145 659 258 38 551 287 425 296 484 661];
duration_s_min=[104 85 76 114 64 81 119 101 101 64 81 96 76 69 70 83 87 61 65 93 82 102 108 78 109 97 107 92 102 108 120 62 98 107 90 109 61 117 119 73 112 119 115 66 62 79 89 102 87 103 98 114 87 86 104 78 76 74 97 78 74 72 102 119 101 105 63 70 83 77 96 111 101 68 113 83 91 61 107 96 61 114 83 60 113 84 97 93 95 85 114 62 98 81 108 95 68 82 86 103 98 87 110 63 61 90 118 106 118 74 109 66 78 79 61 99 83 97 86 86 99 66 67];
duration_s_km=[48 35 44 35 39 46 46 51 53 40 54 45 53 58 52 50 49 36 43 42 49 48 37 59 50 50 33 36 43 44 45 60 48 43 58 37 57 45 49 39 30 60 37 46 31 57 32 51 57 39 47 40 40 36 33 33 33 45 60 34 32 56 36 53 42 60 48 60 58 42 41 58 54 38 50 41 60 57 47 50 56 30 46 52 38 40 41 38 43 55 50 33 44 47 40 52 50 38 58 53 55 33 54 51 38 43 55 46 33 53 45 58 32 60 36 34 32 57 35 37 38 42 37];
num_passangers=[23 38 37 52 98 77 53 68 95 82 41 89 32 91 75 47 25 33 97 21 62 39 77 73 67 38 96 84 93 28 92 28 93 25 40 68 94 59 32 68 42 82 44 27 65 73 78 78 35 62 39 40 88 20 38 61 48 55 51 49 96 50 59 28 86 44 54 100 63 21 25 91 35 34 29 92 33 52 48 67 68 91 30 81 89 27 87 56 91 78 84 27 86 61 87 81 95 44 58 21 23 96 60 43 49 21 38 37 54 87 96 58 84 85 79 76 53 63 69 22 74 38 96];
BM=250;
CBM=0.500000;
CEM=0.800000;    