nBuses=96;
max_busses=95;
cap_B=[139 91 40 58 67 124 68 129 113 55 47 42 107 94 84 119 79 137 101 68 75 73 99 33 109 59 133 72 79 62 115 86 81 46 135 76 33 70 109 62 131 49 63 90 57 117 40 136 99 92 58 94 106 93 120 90 29 48 45 52 120 137 47 25 134 104 134 119 63 61 85 60 82 117 28 25 63 128 55 88 133 21 85 119 98 59 61 31 118 24 118 130 119 56 131 60];
euros_min_B=[10.506390136032675 7.632110969160653 9.07454104800798 5.214290785022307 11.95171584469481 4.537013910982463 7.186269711757702 1.440158858391315 7.376699792847901 6.643428501063387 10.354070810472978 1.1141565571190104 4.674293868482549 2.921786611453814 10.72902950882015 12.712324203992402 11.68101750974125 8.817134600063103 1.9272499794598492 1.4804181823542384 11.33762991653067 6.300019547928175 14.281791715475078 2.132172859419206 3.321553113427311 3.39088428100277 13.885156649419494 13.87295858133165 11.383902993733322 3.5955710279238318 10.625044248107887 10.530628519038054 6.483215367257554 2.187833087143982 7.949406189130855 8.611870369188779 9.467937061814876 1.5438173155342503 10.883655238453297 2.1811715592043344 7.568436853000856 14.663998255494644 10.175492798509284 7.9928345856654825 3.9655009527448453 14.51962868192047 4.467489101176531 5.787753154675101 10.414161097282145 14.869362252966724 3.4527251862197046 6.064363448365754 10.345692159573714 13.568435948385273 8.878174543063697 9.537355649107177 2.9234072929627293 8.964185120092145 9.256869728930841 13.035086970468708 10.683407664843184 1.4405194110139785 4.475679642266842 9.772434483925535 11.847096278825855 6.791588100152883 5.136061660953324 8.620807438486707 5.211580015224115 8.111948962953669 9.39386132162265 9.090965638395973 8.490666756020861 1.3814310645345704 5.554944376147021 8.800015446492091 10.660933757141471 4.628270276762621 10.72835655003072 9.580252256263456 8.465421865265409 11.668853017346144 9.472448368738572 10.539285500622908 7.2072628896579065 3.518182653108761 4.9720530507807315 12.230161891329214 12.304997994491972 9.964503134669007 12.587216294280282 4.424787058521205 1.68656622443302 11.216162805977252 11.23659025612116 1.7717701477681813];
euros_km_B=[27.017326065649932 12.70536254180678 18.847826935082594 29.441470582486172 26.489303940889766 22.670295756792058 28.490594001022732 8.72077532045169 6.615098472586452 6.390475068755757 8.514306543862144 14.14258150441727 14.75637440172031 22.001309530375018 27.066369829767165 8.92828173266415 17.018796042157433 12.670363685479233 12.433662676478113 11.827664819839782 1.4425854987138311 10.205318672332314 20.585581244242803 26.712424163561533 13.203988306756122 22.290130156908212 8.173366577776761 29.614257380861986 16.98366183331432 1.2301982390300052 18.439577087819607 20.484174569476604 12.93534670343077 16.811486444450615 18.429975908979706 20.769097689453716 1.8250896173255788 1.1737873546145798 1.874222523770733 6.736794664749022 24.537654225909467 23.520290385600102 19.241372605689786 18.96277883669766 8.000537624592473 2.967488123562899 4.412615141629427 5.82631711195532 27.534067774090722 17.75956957199933 29.002546324766303 23.5686746247774 10.84589613486565 12.116193256874679 28.74668842065045 16.06043546831888 13.124292792994348 10.105960086202714 19.746650862657656 12.887009180376808 20.62640765957453 29.073161555212707 23.472108865964543 9.56806966821363 10.331776390803409 16.30044826354033 8.553231987548589 18.295056775172764 14.283010684961413 13.647123788066958 7.9922607413710685 22.00612206769764 1.2889303160939032 26.683468429275937 25.397096152640717 10.673416855854818 15.141841008569454 28.879472484125483 24.816158401715462 25.709783596754566 20.847468878448527 17.08758510748587 5.308222764132383 2.397257900547463 24.96056636735993 20.94849902581033 22.681828403948636 28.00820201427159 9.867823471494775 6.559759092145661 21.22770196202171 22.779287367677615 28.5554434486121 5.206160512466072 20.188998195101153 3.0607334585812067];


nDrivers=92;
max_D=[129 221 142 168 136 226 138 127 212 187 196 214 135 189 206 196 219 234 140 158 227 147 149 223 230 149 167 230 187 164 144 160 210 127 217 192 180 124 130 183 181 231 121 137 214 218 134 240 147 127 133 223 181 124 149 222 136 129 213 127 202 146 181 220 164 202 176 146 223 208 158 232 210 130 236 203 219 239 214 175 164 164 184 174 126 206 135 153 199 198 240 153];
        

nServices=97;
S_starting_time=[237 323 651 611 241 80 217 272 229 3 127 259 468 316 335 658 543 235 312 382 586 262 457 703 132 328 90 668 8 351 225 244 420 231 190 70 638 375 532 605 369 614 526 52 119 651 228 207 351 126 575 702 598 373 102 163 546 625 563 381 151 240 360 694 35 516 218 440 14 657 489 519 594 296 40 377 165 587 169 119 674 117 665 368 616 181 600 603 112 674 406 480 115 432 59 124 112];
duration_s_min=[70 120 94 88 78 77 81 99 118 66 70 88 91 89 62 64 85 110 118 69 62 62 79 85 104 106 66 101 80 101 86 104 98 82 96 83 106 94 101 77 106 100 64 90 89 116 90 117 96 66 98 66 120 116 105 95 103 81 84 60 101 72 96 93 84 95 106 69 73 108 111 95 76 67 94 70 110 85 117 96 111 102 87 118 110 113 110 102 63 95 120 96 117 70 73 73 105];
duration_s_km=[43 52 56 58 57 39 56 56 46 44 51 48 40 52 55 60 33 41 52 54 58 30 49 37 50 35 37 57 53 33 55 37 50 30 38 53 46 51 60 43 34 46 35 42 34 31 36 44 54 46 57 48 57 44 50 32 58 43 52 32 34 60 57 50 53 39 38 40 55 44 59 34 58 35 54 38 36 33 56 49 37 44 52 45 44 59 42 49 41 58 48 39 30 52 37 53 31];
num_passangers=[96 92 48 33 27 57 65 71 89 61 64 21 100 62 52 65 48 32 88 78 72 49 98 51 54 54 46 76 99 43 86 67 26 53 92 38 48 84 67 74 23 94 91 66 83 97 81 43 78 74 94 48 57 29 26 85 80 34 46 43 47 28 40 32 52 83 31 46 66 63 91 31 76 67 88 91 29 58 33 75 94 32 38 89 96 63 59 52 23 57 26 40 57 52 41 31 50];
BM=250;
CBM=0.500000;
CEM=0.800000;    