nBuses=112;
max_busses=108;
cap_B=[59 80 84 129 136 103 77 46 136 129 21 92 47 57 78 67 76 41 109 30 35 126 87 95 73 108 116 47 133 128 94 32 62 133 36 73 79 29 49 107 137 27 40 29 36 76 126 77 138 56 95 98 129 98 117 129 124 53 42 35 136 92 132 126 86 52 38 92 135 40 133 25 116 125 91 104 73 135 53 95 133 86 70 45 47 58 140 41 33 49 98 32 98 107 99 87 123 127 122 118 66 132 98 83 109 62 65 104 136 107 126 132];
euros_min_B=[7.514825882916013 3.322701333590558 1.4573058894681052 6.8370710285956315 13.32416892153462 5.419760203458356 8.296656486333205 8.991539957819574 10.669125885645013 12.431894434484832 9.242984119721605 4.239412897869652 14.517773334492993 12.225133784821532 11.40002562665235 7.344906704031188 6.651744599213915 14.688677294130722 3.182534711568511 14.91277669019387 3.4425053950148534 11.216577976750575 8.00330676241493 14.147385944073502 2.2900509264089086 10.24500520433982 3.380838705797241 6.819177567125489 13.83464544621672 8.413333443761697 2.816347783292873 1.0436354266286936 13.467961335428285 10.41656409064504 6.894843614509859 8.159164415382376 12.678838102563562 12.803030073424015 12.400886606481624 7.0839268245138465 2.7291702033836565 8.51284941731172 13.203672670577047 4.0139351911081835 2.58898808586879 2.226758595484662 1.0265503542899168 7.9471090075460245 4.058676386117834 8.834241538549879 4.879222689472548 13.17951360459405 6.3675129830330786 8.52779737899277 13.718599083072398 2.6151156413758687 8.726718227745996 10.380802667370338 3.9923295128937943 13.26134877464498 3.778870187200191 2.2859531573840144 1.5826137223684584 3.141913976806524 13.182770556225675 14.438166683266655 4.254226929397008 3.261845532745678 2.5215256499188685 12.464961039859254 2.2119651779536125 12.712481498730602 14.629752737154018 4.837186344079694 13.399127833349441 1.2552534368164505 7.237028823303872 4.603177646375732 13.00988272115318 9.075094012686868 9.765662554706502 4.12468981657487 6.162750046288629 7.1113609043845285 12.908645475181597 9.912903474360238 9.709765742573008 8.522333890246351 13.526465168056987 12.373259898011568 14.68811585254573 5.912926952569421 8.903912830647391 7.852247464861222 3.7854658162615076 7.923016766947645 4.285218394547062 8.488793019577955 9.538745078037095 4.867933114037076 2.691189046629889 2.4347809446264987 4.454072453697174 1.6707848881036444 14.103299757842231 9.220670417096732 7.220248097859788 12.578241969958494 8.101085941027176 4.221510617469958 1.3895139888540722 1.257316482717368];
euros_km_B=[22.781210145519964 28.905403301506244 10.014380726131435 25.503115294065438 23.65938518570193 19.58117739663889 21.49616517788278 23.44933566599104 17.519422218488486 12.386691205012912 28.94010934249998 28.230299646206134 28.974195480471924 2.804991821337952 4.276744050418167 23.810661394305548 20.539469013322304 9.13441320942738 12.640686574123116 7.689548599152055 9.062766801385706 29.303669047567478 20.259343888945285 26.95441718636611 7.607917930822692 28.968376072803046 27.84229299472633 24.354293621909363 25.416003524555773 19.073242996955948 16.124758533933043 14.191530584284834 16.074936011964652 25.226988239758096 9.25604785644921 12.705183447265512 12.261625597376524 1.4833348953852181 20.19805340157479 12.469367347792254 29.96766668605272 19.61549709209086 19.37549296124844 26.96639492657796 10.953245234922838 5.772108724219296 18.76245479852816 11.602023262374066 27.508016692302768 27.532355164694962 13.014695959345024 20.11202466007074 23.42572582563075 12.674147154723233 20.02555235571307 3.4834765975920705 23.3544266204483 12.554712184641936 6.608801538198709 15.1292302618228 27.66728027430777 8.389582923087227 9.65217309267774 6.739371963946758 4.077590395660042 26.156535182703614 12.889462911406467 2.337731849136575 14.17809965078932 7.764040782998942 22.463802990528063 6.981896656527877 1.2694100012604022 27.623777779925526 8.284762538260559 28.082292690735464 25.262375023272114 18.484615824894593 17.81845438405179 15.927364453200902 5.614310801739394 14.565772585638348 13.778102897140132 10.12838873856537 7.525023055757664 25.7416855264002 21.836332646912712 14.387225278763639 20.804978397303746 20.934974599961897 10.621651078592848 15.528309290939166 23.71823862705993 3.908100898173908 1.8910725277187437 10.068608328566958 20.051956719476767 2.7736470095024934 8.579995033596425 18.844770519846126 24.38863546101388 4.879985637875213 24.736724599924973 15.518764795665064 22.388327030156123 9.926670320236951 16.16307655486327 25.662437403541634 16.938523734897046 16.383873347311166 3.8011805027465977 4.396030861135108];


nDrivers=116;
max_D=[150 133 221 191 200 146 219 213 168 180 173 154 231 148 236 192 155 174 171 125 132 164 202 220 217 177 203 162 158 130 206 184 144 204 162 184 236 207 129 232 194 157 208 145 149 179 178 223 122 160 191 191 229 144 136 181 173 205 144 213 196 150 211 213 130 218 152 152 143 220 179 148 163 240 143 205 237 240 152 177 172 131 228 230 182 223 133 186 204 222 137 239 197 143 194 224 212 201 214 221 204 220 150 212 182 184 216 134 167 176 236 165 178 231 162 164];
        

nServices=118;
S_starting_time=[134 346 574 44 349 501 654 659 516 32 347 716 57 648 350 577 609 86 163 427 346 223 393 67 10 666 66 339 402 683 366 610 10 419 407 719 239 173 250 688 261 712 415 218 426 449 456 295 254 101 288 646 261 109 152 350 389 270 79 279 667 686 15 361 527 282 387 278 193 467 567 658 427 35 140 237 117 495 349 636 628 341 193 711 34 416 701 106 445 158 162 681 340 557 683 627 112 160 243 365 98 319 48 393 636 101 201 209 450 614 414 245 306 151 326 243 396 375];
duration_s_min=[79 76 100 69 69 97 73 83 100 66 61 104 73 104 63 119 89 108 108 72 91 78 60 104 118 92 60 93 100 82 89 119 96 66 114 66 93 109 95 71 98 94 78 116 86 64 90 80 97 65 117 102 79 73 91 85 116 99 116 85 69 92 77 112 109 75 83 63 94 76 112 97 71 91 114 74 82 101 74 68 68 98 83 99 116 108 102 104 82 105 114 112 67 103 95 61 80 119 114 94 67 88 115 67 118 62 85 71 116 67 90 64 112 78 63 70 60 64];
duration_s_km=[48 36 43 34 42 36 38 31 37 52 46 35 56 50 49 58 32 38 39 35 58 43 60 32 38 32 34 40 54 50 44 36 56 54 48 36 53 42 57 52 53 42 33 56 39 42 57 50 54 58 60 30 54 58 40 58 31 44 55 46 47 54 40 43 43 50 47 30 48 39 48 32 53 37 60 38 48 36 32 36 46 50 53 50 54 32 34 35 52 34 44 37 51 58 54 50 43 32 56 47 47 51 39 40 34 44 55 37 52 34 57 38 48 43 31 48 54 55];
num_passangers=[83 85 66 60 53 74 56 57 63 59 60 82 73 55 89 42 89 45 85 86 99 62 25 98 27 99 94 77 54 62 94 68 77 95 72 21 64 92 39 73 90 100 24 23 38 99 94 38 54 41 32 42 26 31 85 58 80 45 98 74 51 74 77 46 51 79 46 74 37 21 82 31 28 61 52 34 37 31 47 76 44 55 27 76 85 99 24 28 93 35 56 63 52 73 97 49 55 44 62 21 55 83 48 76 33 48 82 73 55 39 73 38 22 79 97 31 99 51];
BM=250;
CBM=0.500000;
CEM=0.800000;    