nBuses=101;
max_busses=103;
cap_B=[69 129 31 92 105 125 89 38 76 131 44 118 64 138 105 95 62 35 43 84 93 136 139 62 55 34 127 135 73 115 113 71 31 73 91 90 119 26 25 36 52 97 55 21 70 79 95 34 101 105 138 57 70 71 79 86 56 25 101 47 102 64 50 111 113 55 72 55 59 122 88 91 83 99 109 126 136 54 91 118 47 128 91 22 76 89 68 68 78 49 132 20 74 71 121 71 130 103 74 72 103];
euros_min_B=[5.474572335997371 12.050203176680357 8.744224467293218 9.277069937917938 1.3974087619065156 4.794422825005136 8.72220416637356 3.987427804343758 8.23932974200359 3.998027707509401 2.738435563957273 8.775450706990231 6.7653020255783325 4.417221599244406 12.815257623783825 4.5300614940116315 13.245882459964342 9.193929968077924 1.5747281229006307 9.771427526317607 8.135496826378464 2.099774591015242 3.162998596488756 6.699577805085635 11.880231946405063 9.411960179268707 13.951387908263733 10.16611442862069 9.427792134606758 6.425592590027756 7.373297100661469 11.899971131291126 12.268926167683933 10.119276540235294 6.364980853884753 2.5796719861181208 13.173544749252516 6.032408304861601 5.815770066460064 5.005444083702531 8.233062118979127 2.9338904397622727 2.278881588471148 7.947139223591962 5.86459782945232 8.665356385448277 7.137859175284993 7.881819953876583 7.4176956464177115 6.327630950599961 3.626660037197963 4.811877993376811 6.629958574025126 13.88522640245994 3.5774400491888168 8.253858711751512 5.76440132979407 1.2738567603717224 6.835069164943658 13.542634706174365 8.563583677276453 13.807233073317523 6.184733667670342 6.789440421051704 11.258471993669273 8.894655019543485 5.128189405737227 2.92110859517099 6.764057342452153 11.736096018435429 1.2313862073569544 4.998591459604158 1.5696306384306622 9.688236679651629 8.665257079397566 3.5888756143003633 11.711005250376815 13.965110627537955 1.0391628456358644 13.235851894422868 6.1665350160338805 10.262607383003292 8.086490693953209 4.639351120526108 13.03644702042656 13.981214968082519 11.21212319817194 5.256799851261762 12.976989715915147 14.391158513537409 11.437784674026393 10.320462230528234 8.382022890835383 7.2257847788654415 2.4214855632879564 8.030773591085122 11.514504050991354 11.20449588816813 4.756484927033503 11.792736882585935 7.631006807650682];
euros_km_B=[10.743244362626255 28.276718372126 17.972341433497306 15.345346913825606 5.740969775569413 8.037288954294496 27.890452995191417 3.702928896771086 7.928338223555947 24.23824230292722 1.1571017329690014 5.308339823506164 24.659883974998067 17.492658712413196 26.981786334411805 8.882724862422915 9.154531815818851 27.591818954637194 3.5831919645579555 18.881257936918676 15.169346887385665 6.733305812900606 16.14050345685409 2.5242591337029063 16.950778012457704 17.522349778146307 23.450017947891833 15.050456656200543 29.63422634665827 26.442389836493387 25.212696149465156 16.507611656748708 8.780586118355028 28.010960459655422 14.511956925020883 11.488965454537626 20.115551491555717 4.559594263655529 22.142953138944613 2.123452435980579 1.3259384570161987 24.25833684728998 8.353031038479138 24.53010294104454 18.12484601706471 26.736494409163107 22.822641569490315 23.304669552854495 17.39923775142297 23.174700040630476 3.9783886888272644 5.333481599817979 17.811502332719197 1.509669713497922 1.1398751196248527 10.849425692675755 16.739039354236972 19.69908033585781 13.701419815491848 26.440148002861477 26.423315227369564 22.410576130950354 2.1475202204608355 29.662422336269714 14.504081295293336 17.88317591820224 1.998907794946136 25.39778393911129 1.4990628569619144 21.6612490592156 23.98620079530755 28.86516742063489 19.062413588683537 23.051081684001744 12.69889475529119 24.085550238857596 17.200416766610893 11.104376850490473 5.792956320435699 6.397925921917526 20.315381988284244 17.484349075267282 16.125641218793717 22.32542700087133 8.379606148644804 8.42989574689292 15.768337866787288 26.85016188831601 3.6001374898010834 23.533021128959653 8.425249201718056 13.350948415263986 12.720333816352001 18.784756291857686 19.775664970065375 22.10489405615155 27.812935332883058 18.019004056959492 5.63642329114956 4.933331114453022 12.497337430837527];


nDrivers=104;
max_D=[160 140 187 160 173 151 150 198 238 207 226 217 181 160 170 144 154 138 226 210 134 225 220 183 208 209 154 170 215 229 233 203 199 168 159 152 235 217 182 165 238 196 221 156 127 211 215 189 198 213 196 175 168 172 178 215 169 192 173 127 168 177 150 148 162 133 240 188 200 189 193 139 141 127 130 185 198 208 135 228 156 184 154 171 214 184 123 126 171 179 237 197 218 211 199 203 191 139 238 206 196 123 130 166];
        

nServices=107;
S_starting_time=[375 693 221 282 456 328 237 484 102 504 287 248 445 236 284 422 438 615 283 352 385 310 624 620 27 33 39 419 515 110 644 378 11 157 412 597 684 215 39 262 82 684 718 148 284 51 69 219 409 462 248 435 591 694 324 26 392 694 231 7 540 164 250 702 271 679 28 707 118 409 525 585 644 466 565 102 717 352 440 244 423 406 356 346 647 379 693 107 324 554 686 477 201 390 719 71 378 134 154 600 597 218 622 159 61 530 677];
duration_s_min=[119 70 108 93 76 71 119 65 104 76 93 112 63 70 115 82 90 101 99 90 94 118 104 75 119 68 69 85 71 97 76 101 119 94 67 106 87 82 77 111 70 72 116 85 62 94 110 115 89 117 76 73 119 60 64 75 91 70 85 73 98 106 115 66 73 98 78 95 110 103 68 115 106 118 63 101 120 94 88 115 86 91 118 109 87 118 89 114 99 97 116 95 84 70 88 97 113 119 86 79 112 92 61 115 89 90 117];
duration_s_km=[39 52 54 47 34 52 43 40 59 30 51 40 34 55 31 58 56 41 36 57 36 51 46 35 55 39 53 38 51 54 55 32 40 40 30 51 34 57 57 51 46 59 56 42 32 32 30 44 40 37 60 52 57 33 31 43 44 33 35 41 46 49 56 35 56 53 32 47 33 54 49 53 51 56 55 60 35 57 53 30 48 32 50 57 50 57 58 47 56 40 60 30 41 36 44 54 36 49 36 44 35 30 37 37 54 48 46];
num_passangers=[24 57 76 96 44 41 66 21 83 48 79 69 88 81 42 54 70 71 80 76 92 33 41 79 30 23 96 54 92 23 100 21 96 76 69 38 78 38 72 78 54 94 82 27 48 71 51 25 78 78 43 52 71 48 25 20 70 87 39 64 82 62 27 83 80 48 56 75 71 61 97 78 26 74 52 78 85 83 35 63 75 57 60 92 83 66 36 57 26 80 42 41 97 54 37 34 94 66 23 36 57 29 26 99 79 29 45];
BM=250;
CBM=0.500000;
CEM=0.800000;    