nBuses=92;
max_busses=88;
cap_B=[111 51 93 108 99 62 67 97 97 103 60 130 74 51 32 120 77 138 53 40 79 26 74 30 107 72 51 63 43 94 117 34 101 77 47 48 25 41 112 101 105 59 104 93 99 94 80 136 48 43 43 138 64 50 100 62 66 127 126 50 79 75 137 80 25 32 43 98 28 128 140 45 140 54 94 130 70 128 54 52 21 48 60 124 42 121 42 88 140 131 136 30];
euros_min_B=[2.406128069973546 10.821807433641231 8.961146405256507 12.716978200532502 13.457003010004152 11.84680154729008 2.14909901873361 7.259957258254418 3.9890347942568587 7.53855831130059 6.061973113256298 13.813629344905188 12.983772109743724 13.715437708542364 13.273256307286116 8.255793224297975 7.776021629354083 13.503021016876408 1.676230610771189 4.538153379875077 5.901661608532427 3.858452828584534 4.002722450739587 3.198318640708865 14.234080777009465 4.315779075464375 6.793069913102524 9.774173888628056 14.978914856980513 12.773172684061512 1.38473880541814 7.033636350344043 4.2712948319351405 10.896495292695159 8.054849288070784 4.476686871880397 5.307876913081939 4.425887170478449 7.867370706866771 13.19231198294235 13.700153607908849 11.556116038593945 8.82321471431387 11.377667091982449 4.371064256766564 10.914687486020718 2.011089396447463 13.268942496634473 12.345993715401889 6.446297040030251 12.042241875228134 8.675079572767487 8.23201053650161 4.063947373411613 13.3620176397719 12.81608037625194 12.108230546076534 13.309771402565882 10.193217384596377 12.370845262380449 9.212032188089491 1.6490413138436695 9.994787749973899 13.749877518198513 14.39241497235636 9.005964297437739 1.4913140228531403 4.493418371524802 4.670705786869942 4.6171494400523 5.97469833627275 2.007566946186321 1.9558456223697864 4.545112328537018 7.666001503655314 1.4793600177868458 12.176325099142023 11.34943261109147 10.503928583028744 11.127885167646737 3.7930724749705 3.0063295772799155 2.8975814710291155 8.99809901122915 10.089831888894361 5.972707831316796 2.599243836610888 9.356756644508105 13.573787967081454 4.650378846970443 10.074713884726565 7.786936961461495];
euros_km_B=[24.118119880019265 17.01089726248444 7.9243279347273665 21.49887125541508 7.513411897493769 24.721510940776035 19.627018363581048 29.149827443569304 10.69099687143435 27.876454069711286 26.22308546040772 16.182584770174422 5.474572317338987 20.277894743891622 22.7305944922379 4.8348888577570115 27.481521535539596 10.497763064407698 19.305498762290007 12.16148353908128 12.508560246765295 1.2219223414074847 21.737840899945134 11.830193826405992 15.677540293890752 17.20246645581324 4.438905769648059 23.133820597891937 6.133151551038038 17.43982346317741 21.847280696535407 20.708113573893737 18.07851992076488 8.289811554952085 11.550184570735945 29.4818962263422 13.972642434553757 18.213666624566994 7.7049964087645755 3.4325267283968843 5.3403382086717395 15.765349198096223 1.1814429461648985 10.824677380029692 29.670323493202073 27.881493547249715 8.919935162339316 7.578916372682287 19.08062681861174 6.41575472825423 6.935675267169742 3.5437216333425163 11.97103952086473 6.822122972638564 20.49596727233819 22.62937138280796 14.032786891948295 9.012355978022967 20.121171429309783 14.596191728168051 26.426563703486693 28.061873621408182 24.909055737342968 27.532579276628496 2.07169617097938 9.307229603594777 23.918459862087694 24.102790847314694 5.608140271032207 7.462216473961073 28.5083531672229 25.832844722749712 18.594250230602427 13.679308567636983 17.0298397264646 19.51688402445928 26.320956451242203 16.242047460332472 3.1659430276174203 8.481568897016597 8.92790326953322 14.098944870003722 11.30272301893522 4.836971799277715 6.469558683577757 19.032173819872714 29.417645131475535 8.678371451684395 6.747710852543507 7.939491943515845 8.350391312071796 6.66002587296151];


nDrivers=92;
max_D=[184 120 169 187 150 146 169 182 211 221 204 145 202 211 238 125 146 217 183 232 227 138 206 199 177 128 236 181 125 210 128 159 214 180 131 184 132 164 178 155 225 203 138 126 150 127 137 215 223 218 174 164 192 187 207 219 135 230 128 136 159 189 232 164 169 169 215 219 177 139 173 240 195 154 204 207 220 237 125 217 180 199 176 190 137 172 137 125 144 163 165 164];
        

nServices=94;
S_starting_time=[279 614 58 283 224 33 442 468 353 137 11 715 635 434 235 206 675 683 508 711 209 480 456 619 427 670 325 684 53 64 386 349 493 447 264 708 97 668 421 545 360 355 567 101 578 304 227 12 477 351 653 71 84 603 115 629 537 377 209 93 574 399 473 115 302 408 56 402 373 288 631 11 578 329 525 511 182 498 13 275 178 400 634 325 320 3 85 75 247 367 12 398 11 650];
duration_s_min=[109 64 96 74 112 91 97 102 112 114 96 98 63 119 89 112 82 61 81 66 119 107 103 106 72 120 109 70 116 67 88 73 118 102 77 96 116 88 85 112 79 88 82 111 112 78 106 96 86 101 71 104 67 64 66 104 118 85 91 101 87 115 104 118 79 72 99 97 80 114 115 91 63 100 117 112 83 74 93 99 89 109 100 68 103 117 73 78 74 62 110 75 79 86];
duration_s_km=[52 31 48 60 35 32 55 51 30 32 35 59 45 59 40 44 51 48 39 30 42 45 32 57 43 55 35 51 55 35 31 50 45 50 39 57 53 53 49 50 51 35 35 46 34 36 30 52 41 38 39 47 30 33 38 42 58 38 52 40 35 37 47 59 52 39 33 49 58 59 50 60 58 56 35 59 40 57 49 36 53 59 54 35 30 41 46 36 52 48 46 44 34 48];
num_passangers=[96 40 61 79 61 28 59 57 38 43 40 41 75 23 35 46 50 35 99 60 52 26 82 81 98 24 73 66 69 81 66 24 45 24 41 90 71 78 100 77 86 62 20 92 28 39 100 23 83 30 86 93 94 44 96 26 30 73 84 91 85 29 31 99 64 21 20 100 87 60 38 99 72 45 58 65 25 76 43 26 34 96 53 59 97 94 100 43 35 39 51 35 25 98];
BM=250;
CBM=0.500000;
CEM=0.800000;    