nBuses=102;
max_busses=98;
cap_B=[71 47 84 59 64 35 69 73 99 46 98 36 97 38 27 122 75 134 50 45 127 53 119 81 136 137 40 24 81 41 25 31 85 81 91 80 25 117 68 73 84 97 43 71 120 31 23 51 123 138 84 83 46 68 61 55 140 44 73 56 96 55 21 58 51 20 79 71 61 127 88 118 27 119 94 104 27 37 22 52 83 60 88 79 55 53 42 102 139 109 26 100 20 83 61 55 70 139 117 56 20 43];
euros_min_B=[1.730313317375404 4.749811356319826 7.955697407544425 4.850117370820801 11.40450664113009 2.597988934758309 1.0444721492018196 14.13649501686966 12.209585362551518 5.437659211212588 2.3348198859175007 11.040773411557355 12.017403315521092 4.803338815103183 12.096663636956148 11.365297891085469 13.082927879978454 14.220111967407245 11.806849037575414 11.589190069002836 11.817719327663239 1.9267668146734265 4.794194796671655 5.038575255833307 3.7339672415981844 10.450971648871118 4.768567550694915 3.343789350271572 14.127411618072745 14.131874589178135 13.514073567301127 8.38082960425185 10.921880017829137 13.018245126579702 7.048653449659667 1.3553269543033015 4.437182595511971 12.773199754699387 7.008251819731534 8.449329656814957 4.781600609283755 11.198516850991481 1.5443018293862008 2.099514651748499 7.137325055783096 5.721716161296211 2.7097817466218395 6.659077960353887 10.824254859139565 8.932530363948251 8.293399623467945 4.842238660015465 4.511333729495324 6.8252233219948835 9.643428654257562 2.8480085962076958 3.466644935933581 1.8862319157323597 1.1447799321998953 10.699303316918872 7.490624267915675 1.7145749283690088 2.2443549101749882 10.115610743944279 13.046604266694587 14.974185606527945 3.542331796711815 9.361750027165012 13.604378949185078 13.324723002338835 3.690102083704903 4.27105656539473 8.864689145953642 12.68399177168337 10.05353317171468 10.709886750181006 1.3888758180734466 14.58276333598078 11.151494417946562 4.915026074457513 8.980981621698463 7.99708966548132 14.378194303122571 9.649854613107394 8.968990408815497 1.2599147207259864 2.606457952140831 7.202459409587815 9.519821410714503 6.830396929676004 11.73421809199446 3.800667882094963 13.775420417180545 9.016978830751453 3.3299427779598756 4.080495835956758 7.615905327460943 6.151732606029582 7.994846609457685 9.569720293293138 2.8228545134063907 13.970642450014976];
euros_km_B=[9.10141137111357 9.144725821624341 27.059753825208876 23.236088532258254 24.838473257287156 3.874197355271556 15.516796510531702 13.528910877262824 12.531263416635225 7.585100342684964 16.27067884028 8.979441481486758 2.102708944223064 18.807916266077427 13.788910960230456 22.669893419746856 17.921303404237293 17.749771376771193 3.425311801225967 6.3093736841693255 14.688046629341864 3.9954109577038905 11.106092010031897 26.317073291414903 14.907997751167573 28.774065169508308 9.64204254880267 1.9200318171196518 27.824574304477622 7.299988369259498 19.91045223619265 9.256654701194153 15.33508045168723 12.96361151368224 16.30921102780864 20.753014435097143 25.403144822259446 5.8153079309292615 14.06845935920813 8.049320243185802 9.034977515481666 12.067054349766948 13.002624824460117 22.42083920763228 15.653880355476312 21.476126089496038 20.583016412458566 22.130659574332473 13.05383798479202 19.08778783612187 7.024833737913766 16.654445049109235 13.733696564022424 12.780277381497454 6.097114578227326 4.182115876996046 10.466122031949045 15.084025977336193 23.76985310860187 12.987931304684432 26.858998428633786 29.91633756427 27.279325179804697 11.49394666530661 9.102225880684331 29.309360916321825 7.076729080477102 18.7313256406946 23.264045271564974 20.358483163367534 4.446772364898537 16.630122608310284 5.299326250137516 20.94421437075231 17.490201894927754 8.09068862006687 25.930902510212054 4.774828278516428 9.44589900522107 16.5949658587382 22.49192233639961 17.487138876660133 19.37232252667006 4.927624931993234 16.803046467246716 18.37794562297533 19.888197656703827 15.734709698473848 15.077640260039066 23.455762311311517 7.808060221291383 7.356704993805158 7.525885164091701 27.14888181694424 26.850282643163798 22.894429241198065 22.155174265928082 28.103622618107295 29.8570730478471 16.7721872117909 3.91769202750498 3.5590393416895263];


nDrivers=97;
max_D=[156 128 181 223 232 190 212 129 227 197 140 178 232 205 158 184 223 235 190 169 165 204 134 200 187 163 227 212 124 240 199 129 153 153 144 174 171 155 212 152 140 203 212 232 212 202 209 173 200 143 202 167 186 155 201 171 226 172 239 172 222 135 208 186 137 215 217 195 235 182 199 152 164 206 196 138 190 137 200 170 145 222 155 165 151 175 175 173 222 120 187 122 168 219 143 178 161];
        

nServices=104;
S_starting_time=[5 161 252 508 541 354 351 335 609 446 628 119 300 420 676 683 14 475 152 660 406 658 581 503 283 168 462 123 359 99 231 375 635 566 18 354 135 528 491 228 55 577 346 608 715 191 465 66 285 608 28 289 531 631 214 137 200 539 443 236 117 558 187 247 584 566 666 474 141 557 434 518 163 546 574 688 131 536 204 637 159 645 406 592 241 291 637 67 713 150 709 593 379 118 373 141 295 279 402 372 130 364 527 278];
duration_s_min=[112 85 63 100 68 105 107 64 103 115 119 76 117 71 93 118 64 118 92 68 105 86 70 96 62 90 73 104 106 61 73 103 112 118 109 116 100 85 118 94 96 103 104 90 118 91 72 116 75 107 65 65 87 62 104 110 66 97 117 105 108 64 67 65 109 68 64 112 99 78 120 107 89 117 80 98 84 88 71 115 115 110 86 90 99 68 73 91 101 77 97 117 118 85 68 104 111 84 70 95 99 103 77 67];
duration_s_km=[59 46 49 60 34 34 56 48 40 42 36 47 34 44 41 55 42 33 47 33 30 48 42 54 38 47 55 60 56 40 54 46 37 53 45 43 52 59 42 53 42 57 59 45 37 54 48 35 40 30 50 39 36 31 30 59 47 35 36 58 53 37 59 59 51 31 41 37 60 40 52 49 45 53 49 49 43 49 53 32 46 33 44 46 57 54 42 39 33 38 48 48 40 60 56 58 36 49 45 57 41 30 43 50];
num_passangers=[35 99 67 47 41 55 86 69 46 66 80 95 71 78 60 61 81 88 24 26 87 20 53 60 23 46 74 53 42 76 20 68 48 95 69 45 80 69 22 78 98 81 64 86 61 29 90 68 99 75 73 56 84 49 21 100 36 95 36 91 36 89 21 42 46 25 49 85 33 75 30 98 33 58 100 38 77 78 38 98 27 26 23 51 99 83 36 98 43 44 67 60 39 25 49 38 61 23 98 91 42 37 67 98];
BM=250;
CBM=0.500000;
CEM=0.800000;    