nBuses=99;
max_busses=91;
cap_B=[101 41 111 29 86 128 137 125 42 52 116 113 107 99 64 20 28 97 68 140 24 140 67 85 45 75 63 21 29 29 82 83 109 51 118 126 111 66 43 81 109 138 66 122 38 47 72 42 43 20 100 43 86 33 36 73 139 29 68 110 83 111 73 30 53 58 114 115 85 33 68 29 124 100 131 41 113 51 91 52 23 34 135 42 97 111 43 29 32 139 134 117 96 80 54 49 114 61 138];
euros_min_B=[13.067590504660567 1.9165816432286231 9.454379661347657 3.187137239748613 1.7786230374723748 12.519645904310186 4.137472955042387 5.556504908504334 10.669758147111855 12.629882951068591 7.8546176243675525 8.370687200312927 3.850072892574784 3.424307035632207 9.184096531260135 1.701411695260322 7.730182511817186 14.276446153826587 7.190979194199864 6.995047927438387 5.323777443385571 14.64612892726312 6.5856807276736 3.48040338292847 5.0448172538269 5.894081341438926 6.366356580653514 11.665857895984844 3.920422686251225 7.994218844933393 1.5417919984379105 10.021138119755756 8.115881533991818 3.9106038222658452 3.342703936769084 7.997106295534326 14.82840818104226 13.95717742921853 14.30033660862649 7.3735725299303 11.960565267079385 7.434040370155215 12.065856220827941 1.1604135467389518 13.490557229266404 14.167758723904537 13.920147765829576 5.825049473777805 10.022324848542377 9.288224527880145 5.161342375229053 3.7817558099272164 9.285464846735106 13.053843015649484 5.552734036271425 2.3588489975943308 11.788483635592812 1.8699519699430154 11.28101080573641 9.167618944127714 2.971624772317866 13.191696433654867 6.382372685717514 8.507241485928873 5.689312626482589 5.475404207336694 11.795455693215116 1.3951872587224508 14.038496733468243 2.4781957889302637 5.694244708917895 6.781971476624739 4.580126667540292 4.288795657852126 13.569149471819937 1.946338029858069 9.430657750927999 4.590709200480853 6.525571112052672 6.160149685433851 3.7702355896387436 10.701931939822966 14.95867117827973 11.013924042823247 12.104770681927038 3.63797879489647 6.659154654435135 8.287305294786947 14.239976560988707 12.753993956778402 12.701476337957777 10.75288651293067 4.5314814185489025 4.016857305120176 11.68877259341858 13.743509993557609 8.84142294625373 6.9267153779672626 10.410008048055555];
euros_km_B=[3.280312936070148 20.597501774476484 26.220904242070674 26.928487765779813 4.68494450009561 5.194641320837029 16.662064756625135 16.873916937487607 16.465187170975724 19.149266259394924 2.7036367480849215 27.117723614190687 8.969170298941382 4.314937306339068 1.5340770391479914 9.092132069887663 2.537349125767754 11.958782579475997 10.402148917723435 25.709802458779794 25.74253295863696 28.065197314879942 3.3196356488488274 8.359665966032214 12.08536009371777 7.7505426517817 24.291168825491866 1.707290000837141 24.462270517708635 2.832879043251827 2.1858590857422975 17.725199504017482 6.034101359223241 4.963079353846733 11.125015835180239 3.1737468690296953 4.390740150053151 2.277272490994084 11.83374657724609 22.32501192827505 29.68179428810484 29.831844433575768 23.393021215537253 14.877708223101092 6.05194846747738 29.425675117256336 13.545793842871783 26.90897603954164 12.432614533792163 10.069768852034624 21.06982126011635 24.984983057926993 5.859685148333032 17.930017931550363 3.9002471494861473 22.520924989279553 7.344755401607307 7.240118370437789 9.562038905080625 26.667228507255107 17.119895476473936 3.1092338902568417 25.44223615062725 19.10408863961907 17.376877468433726 5.0117831417058305 11.598362369557723 13.486605503563702 14.04300485035281 1.756250356605576 29.775892271248182 25.749638625005083 9.692244354642337 24.478815798943756 21.18295017536699 29.183205027534196 17.362911825831542 28.104694683597486 3.1318995088946866 22.938179358807457 6.288766995438622 4.822937452128949 8.659945050938171 4.353888669133837 25.292283675556796 24.869035866386053 7.703217660256052 10.29287276234822 21.338325259759905 12.423398046727442 15.585751682940955 23.791669233473435 14.086574013583746 23.628083962116367 14.450634095020039 5.709311533192059 13.499126189135197 17.54755308421264 12.01632866931709];


nDrivers=104;
max_D=[184 226 155 172 161 194 154 149 145 221 176 175 132 183 144 171 207 199 135 185 135 188 143 140 171 203 178 144 210 190 227 141 185 231 189 138 203 122 170 131 122 144 216 222 194 221 219 161 172 222 181 156 121 208 166 177 235 140 128 206 153 150 155 135 132 211 153 141 230 222 206 225 207 124 239 168 198 184 174 132 132 193 229 183 162 205 196 161 185 179 164 230 156 221 178 187 221 169 184 138 124 171 125 168];
        

nServices=106;
S_starting_time=[498 578 318 163 279 562 594 450 558 8 705 244 20 479 142 277 60 605 140 525 451 486 255 601 285 477 405 504 462 269 572 390 152 644 453 126 674 539 426 152 445 345 8 424 540 589 86 505 548 486 52 454 653 494 641 637 261 558 187 506 330 131 320 69 415 445 61 354 326 497 691 151 42 398 581 205 352 458 257 687 290 564 117 344 270 397 343 189 614 400 207 374 491 489 144 679 95 205 67 629 95 59 411 468 110 393];
duration_s_min=[75 81 75 116 84 120 94 86 73 96 96 98 105 84 69 83 100 100 117 88 99 110 64 104 76 90 110 98 120 103 86 75 109 110 102 101 86 85 99 84 103 75 84 78 114 60 109 114 113 106 119 109 68 93 69 105 90 87 72 77 82 93 75 77 98 102 77 87 73 69 98 73 80 78 116 106 116 75 112 100 93 118 120 105 73 78 80 100 76 102 94 70 113 75 66 72 96 119 68 98 87 105 60 62 67 109];
duration_s_km=[35 44 60 51 54 53 46 45 45 31 39 48 36 38 51 41 55 50 42 56 39 37 44 38 30 39 50 60 39 50 60 49 32 47 33 58 50 37 34 36 60 51 60 46 49 57 40 52 52 33 56 56 53 59 51 43 56 42 50 31 30 60 52 47 55 52 30 35 33 50 40 40 50 34 44 45 37 47 36 39 53 45 57 47 44 50 46 34 48 39 51 54 50 42 49 47 39 49 57 47 58 55 55 30 56 56];
num_passangers=[35 25 67 97 53 87 79 29 38 27 27 72 26 91 63 61 56 32 76 67 73 51 81 54 78 59 22 92 23 95 82 42 62 55 39 73 52 47 42 21 78 60 77 70 20 69 87 32 65 22 52 45 23 65 84 22 69 58 56 71 97 65 70 51 46 24 45 31 66 68 41 62 73 59 75 59 25 21 26 32 85 27 44 93 75 26 34 57 55 37 31 60 26 64 69 66 42 90 66 88 82 94 97 85 27 20];
BM=250;
CBM=0.500000;
CEM=0.800000;    