nBuses=82;
max_busses=84;
cap_B=[123 61 35 103 26 42 99 64 111 29 32 55 127 104 115 104 60 137 24 31 66 61 57 66 52 26 93 91 68 34 35 113 128 31 119 39 138 110 65 113 82 92 116 88 74 139 32 58 119 68 43 125 74 85 52 84 117 68 65 41 38 42 34 57 52 68 30 70 102 43 66 65 55 138 68 62 109 85 83 90 51 37];
euros_min_B=[11.4531697953562 2.140009309594695 10.574431286757617 6.119917816664651 8.704199403079024 8.05059937945533 4.7853392805598265 9.118659383353348 10.881561584526954 1.4692679408021068 4.560980532282774 9.015187144937258 9.979587721536912 1.442553068091133 2.2943751583088816 5.909554018744 2.1629560743049874 4.6846325067469134 6.78083225815167 13.845511992260933 1.3900756898634772 12.679036695282822 6.625310972058034 7.539127777645788 10.809562304840423 3.9936004491578805 4.697957911243138 8.624672727723798 4.050357897343518 6.38564095039162 7.721364088279055 3.769694024052771 8.287636349634194 3.2874765247789237 12.127341022387204 2.6439907766114916 2.2376618483202897 8.796608534513467 9.34063838353889 8.946445296216549 8.620994652866058 13.935739414133455 2.742608330228295 9.169124672638967 9.687593482674647 9.55790880992019 14.475423055884361 6.5657636529604355 11.061085276236135 12.874454921488212 6.003426241818879 13.624659656593055 13.736690680517126 6.182614761859279 4.3634220235002985 11.289937548684367 9.918896439194015 13.909264771453577 5.335001050147392 6.741946862904245 14.995479231884174 11.663822716212293 10.009884409359735 1.3254866714231783 4.270015271356976 9.075611713219892 1.1193533150479549 4.659000151972508 5.7681047142904305 8.71951178492689 11.591282421112746 11.304365177238717 4.755449735324323 1.0414923459441228 6.7490173048918125 5.80254395972363 13.048539361679014 5.52258174231053 7.173014184849475 12.01491675205144 5.915797166674134 4.2575631633055];
euros_km_B=[17.74211721409932 18.56015091062714 18.338410147122758 11.79071325833667 9.976981155399695 14.884141135101835 13.41488196175879 19.515808538839835 19.689029469569046 14.228712317041786 18.690367933627254 11.169622879074867 8.02208206767292 9.086789335369259 6.171520104142006 4.127300351301948 23.4566446990403 12.91126352554598 12.744642608528931 22.394556571467398 5.455446272349053 20.271882609473657 25.242981325026417 21.29826649427322 21.727987006008657 25.35062259686226 18.868332263903046 21.46723970892641 12.5849687821717 28.829471034793823 14.373121370392347 9.651077362671597 1.8900601314705716 29.302860947143067 25.67774828204006 6.313374002882115 27.014722115377072 21.756856155118736 26.630736091093365 10.33542842969547 15.643681958850557 10.712235108282158 2.6517583430112235 17.036492052871065 26.987736221841114 16.262869277234717 6.6045248934997804 28.366644295242466 4.4597416564912535 23.170989003540214 10.731255631151969 23.505178988994057 22.182248965113004 9.770530359334009 17.27028744034096 29.743238142183063 12.53313299304357 23.584810819944682 6.71090324750688 27.74009728143093 1.4697048774189136 29.904836019925295 3.7203223706672937 4.139347138285577 8.460343404332491 28.267595323025514 11.282931706351086 23.870608044785197 21.453152487073016 7.816999592361535 20.98604074758542 9.268325433417333 13.951836034262982 27.569752200737568 16.337590976612386 17.60975709925863 5.3677904508900625 27.045164560144062 17.490945735465672 10.490883597473733 18.44255396623458 9.187507076199573];


nDrivers=87;
max_D=[207 172 215 216 166 185 171 223 235 126 153 177 165 162 202 149 165 236 150 217 197 212 224 123 125 205 173 194 155 124 224 210 218 123 191 193 187 201 165 197 208 200 209 131 156 222 228 188 121 130 136 224 197 214 157 178 177 192 224 188 133 150 126 206 125 201 134 132 146 144 130 215 135 168 154 210 223 178 235 238 124 148 197 200 217 144 130];
        

nServices=88;
S_starting_time=[391 249 231 698 319 523 554 392 445 332 72 388 67 617 123 14 86 663 537 258 134 521 214 308 12 613 243 165 494 621 354 105 111 706 417 21 709 22 638 3 229 79 624 265 522 260 37 139 175 136 322 167 578 450 518 558 473 697 702 103 709 173 629 480 60 340 127 142 218 125 361 286 617 174 575 121 704 595 422 381 326 271 8 694 490 458 139 504];
duration_s_min=[69 78 100 109 119 92 75 88 70 65 84 68 101 72 73 90 83 87 79 117 107 92 82 107 65 92 105 67 79 109 107 90 120 87 83 104 73 82 84 85 119 73 84 97 77 87 61 74 94 83 84 102 73 89 94 65 66 62 68 61 117 63 114 82 94 100 95 71 69 76 102 81 89 79 66 75 81 97 61 107 89 63 63 72 96 80 75 105];
duration_s_km=[58 40 36 58 37 39 40 34 43 37 55 32 35 53 41 36 30 43 46 39 43 36 43 56 32 38 38 37 58 42 55 38 50 43 40 35 35 44 36 37 58 47 58 35 32 46 51 39 52 57 58 32 34 33 48 38 52 46 48 42 49 48 51 44 48 37 54 40 40 46 56 57 48 32 38 55 59 50 52 54 55 50 31 41 44 35 60 35];
num_passangers=[32 53 55 26 72 73 82 84 44 26 72 34 97 53 100 78 100 54 38 71 95 49 83 60 50 24 43 25 26 33 37 91 24 21 42 63 62 22 92 97 83 25 42 98 75 91 54 34 43 44 98 78 32 46 94 48 27 32 64 29 42 42 90 88 88 90 74 32 49 45 56 97 85 52 71 99 65 41 70 35 82 68 86 34 76 65 64 58];
BM=250;
CBM=0.500000;
CEM=0.800000;    