nBuses=103;
max_busses=96;
cap_B=[37 128 20 98 21 84 26 73 64 78 117 109 23 43 39 41 114 57 116 85 109 103 83 94 91 79 37 59 112 104 93 33 69 22 101 43 101 132 47 116 33 133 31 128 138 63 131 133 74 128 38 116 96 68 93 108 122 106 100 131 36 81 42 58 89 94 138 71 134 92 32 124 76 119 97 140 34 120 74 97 92 68 56 139 76 101 26 55 71 112 67 53 106 127 124 137 52 41 72 118 71 52 79];
euros_min_B=[9.714334819616631 2.7344489196976105 13.867038742226233 7.1710136106568045 7.193969853123498 10.018122471745976 1.591759319568357 7.876566614197012 8.175979569005213 5.69985587933191 7.422923410559854 5.238843555357752 4.325840883903657 12.486721948160087 2.8806023076843954 6.691377536880193 5.937587136964439 13.255117599162388 12.787285319979864 14.806747947429233 6.055633326938987 4.049509029517736 7.044323496635307 6.755029630467829 8.340267742716124 1.894114012733153 5.052182866213196 9.157969091147738 9.878529069033554 7.098461524753708 4.138587395310167 9.123572815692976 2.4688004780875294 9.597855976491662 5.488362442911234 9.463000120630236 14.107785047282697 12.101062684652858 5.767202506251948 2.1754765744699163 2.7803849947997645 14.00071956091023 8.097354611178638 11.609816555771822 4.812481453891383 7.5082557169158655 14.576240594164286 7.058319483029736 7.331322242986426 1.8198768865558963 14.241899987734591 10.614077721303326 13.851444663119137 9.351230187747587 13.991024944591224 8.090089562989526 7.127579977720172 2.271258421652762 11.897601422934379 7.73769414018292 4.649243137087347 6.800252389889457 5.143693732184953 11.004941965142232 11.432718308425711 2.167897008160655 13.49198908824584 8.494099169314694 11.446169072400052 14.301880835278158 10.569620768385855 8.77943671594828 5.247242696215498 5.3644097600812115 13.010897926441906 4.157029309988998 4.927514302714323 8.717055003802685 13.944562094903276 5.0646546772343015 1.6831506678382409 7.941200207327151 8.846835880933913 2.8103676303409038 9.584426339048045 4.9916238911612 12.49924776857646 4.49014466107757 8.3923967267517 13.263405635364217 3.8763570381606094 7.87023171833189 2.3247698945056294 14.400430050876075 9.555099997088849 13.440805565483098 1.2247432846410666 12.212866279530227 14.358817804713748 4.165339593978781 13.891687906965608 7.566624990764248 11.471967070111383];
euros_km_B=[7.107752957997851 27.990973530178785 2.0047789954690582 13.644488002804849 9.19704044007799 7.600437923463139 8.537966927759566 24.324273260887665 1.271845056015262 26.94166218690024 27.80088300058096 2.0868594619846985 27.364266121702617 19.0887082131551 3.862376235335274 26.905872457964534 8.496809827225963 19.309141352899267 24.865222288315444 8.130663864684006 8.036489915790309 13.91527471760119 28.552330334071815 10.422107594367855 2.3003099436054377 6.118892909051393 11.666745294759217 6.303280242709516 24.979344314294277 5.21220827519032 19.22132477006257 18.348821157692804 18.40925391820407 24.916089433418442 27.07517900437621 2.83168984301838 28.68296875607726 10.736550082532544 4.1743226719934166 21.060145325100873 12.885420941016841 27.355233542113776 18.0501399110895 28.609495972289704 5.3518138748803255 14.913304396743117 11.587175081262153 17.99161557101712 25.391710266991105 26.138069957549266 17.61433373530926 15.564197621693312 4.361177738379155 8.662713087804176 22.120630360812058 4.598334986248018 8.537384370938653 22.598418784048732 27.753807002608834 9.945735267795058 6.5426203153611615 25.885543947922105 25.81504318899163 1.588508003769919 5.326236657480116 1.7941023621603418 16.195492049347408 26.70275773644981 1.355889110399881 22.698126504885163 19.798410759580204 4.5156018252661045 21.04445099113908 22.02254424119549 20.580121386405647 12.163312669684725 14.113184672241605 2.2327558819517765 29.66713525951321 7.265388616396327 11.638882705006715 13.395700954698036 13.201779967619323 18.971437758204498 22.798714860403027 22.29618597971199 10.877324767545874 24.603763435748718 22.57068105125643 19.41543461435733 6.501303106667498 14.060541823705373 10.472892011754787 12.08220011547883 14.325488669099736 22.845320926844465 1.9785681038829332 3.8260287297252837 15.827070812051995 7.2252972454036435 2.4299580731577466 8.074608745250138 6.504533980865972];


nDrivers=103;
max_D=[153 183 167 161 140 156 172 214 232 162 218 168 193 127 147 182 130 200 169 161 214 202 182 168 204 167 150 179 130 185 173 173 147 126 145 223 141 219 158 209 191 188 194 224 225 124 124 127 177 132 151 130 133 126 135 235 213 199 178 170 128 220 211 200 141 200 168 173 184 124 232 194 163 164 172 180 177 138 193 154 211 189 121 138 141 208 213 126 196 231 217 222 200 206 122 190 176 202 132 141 140 224 220];
        

nServices=104;
S_starting_time=[686 294 135 192 379 697 397 277 564 353 479 483 704 283 394 369 96 301 356 188 683 294 280 17 202 483 445 432 349 478 377 391 28 145 459 264 80 585 510 2 383 104 146 281 28 208 77 567 291 268 604 170 17 95 542 236 185 646 251 531 119 247 171 696 577 237 708 635 392 346 78 566 11 562 260 14 79 182 13 346 708 418 441 591 151 180 13 680 604 570 599 630 709 214 33 136 606 705 76 261 460 346 596 224];
duration_s_min=[65 99 110 63 62 66 87 88 107 118 79 79 98 80 85 91 62 90 113 105 91 101 109 68 90 116 76 65 75 108 107 94 95 74 93 63 105 88 61 119 70 102 111 116 89 98 62 81 100 103 84 83 107 102 120 61 76 65 78 82 79 86 104 106 104 77 99 98 110 108 108 82 62 99 110 99 88 69 105 110 89 73 73 66 104 62 67 108 106 88 83 93 106 101 111 111 108 98 104 96 93 110 120 108];
duration_s_km=[30 41 32 54 43 46 46 33 47 59 53 44 54 34 53 39 57 32 45 47 43 35 46 47 50 51 57 35 40 59 36 40 55 60 32 49 40 37 42 58 56 56 35 47 51 59 55 40 53 47 47 31 49 30 40 33 59 47 39 38 54 47 47 30 51 52 33 58 34 41 52 44 55 39 51 39 52 60 38 53 42 42 52 34 37 42 39 56 44 35 52 47 55 45 32 43 57 43 43 57 34 49 33 55];
num_passangers=[26 79 54 82 28 53 24 22 75 42 37 59 86 77 23 27 76 72 33 61 60 67 57 50 91 25 21 46 97 44 31 94 22 67 43 98 62 62 74 73 46 77 69 50 92 68 75 100 87 89 28 49 100 80 70 45 53 99 61 86 20 42 20 58 82 58 51 98 67 84 90 70 53 65 31 58 68 93 44 66 53 88 42 90 31 30 97 86 68 85 77 32 33 87 95 89 56 95 60 33 92 37 37 49];
BM=250;
CBM=0.500000;
CEM=0.800000;    