nBuses=112;
max_busses=104;
cap_B=[24 25 59 90 137 102 81 27 21 88 58 61 105 80 67 24 80 74 40 52 125 76 88 97 118 115 119 132 102 139 27 90 38 43 83 112 95 78 78 74 94 56 88 72 139 98 59 58 81 133 96 55 131 70 101 135 89 128 83 95 76 120 86 82 42 61 92 32 134 91 25 76 137 120 39 38 31 39 109 35 101 101 24 121 99 45 129 61 23 92 55 62 51 136 93 24 64 41 26 42 105 39 88 115 86 83 139 107 90 43 53 110];
euros_min_B=[9.702067675265761 3.7689929219248013 6.1133291928191795 14.020695914827895 2.621183377390125 10.935301149380173 7.520456142814766 5.394704863054044 9.913736239179963 4.818974206378224 10.42472124588758 12.307804824024048 8.40884640306458 7.931040872839693 5.886597585995994 2.9242996282955387 13.69994360530431 11.308500601006926 13.388836856557118 5.29348009163308 9.19930215814726 2.1437925140116274 9.023015702626697 8.035311241500619 5.753549242905141 7.277696605642264 14.130028993517278 8.449104289646998 12.462498746307558 8.088453944254056 8.319068499223992 12.942066412708945 8.813612137430514 5.603944549335232 7.505626237959309 8.81755505101245 1.818226708492088 5.3233972647385155 4.294480500976598 11.676600063993309 11.40102350806849 4.006107465421692 7.847459051579941 6.690561430534588 9.675351253946248 10.059202576686445 2.4593932803173497 12.83340228681495 10.152260584102 5.8427986719012015 6.009209955934834 6.183568807270845 6.16433044817697 8.964878338025287 5.5836433268000345 7.607434404283677 13.077301175583282 10.525446814529934 9.149351365730569 11.50900023679822 10.702596561000762 13.142617520067668 4.128797030930466 5.158778479088447 12.347415511845737 4.213763424218756 11.640288824171769 10.624025001252813 3.048962929592613 13.713735162506557 4.721771424940776 8.653889991771928 4.16408196399538 9.035992880437952 8.521240868177921 14.647988128936403 10.864312123760907 8.71532316991582 9.575320999816615 14.033643944758364 14.58525265914984 10.925600409392048 1.2362616678692036 13.250202523937638 4.570975766224913 12.138320138513661 2.8075407384406748 3.2706878534101893 13.102719079643238 9.530401465010891 13.024122338024844 8.185245718165666 11.304405700580782 11.05832598810034 12.398923849402253 4.319053109298171 4.767593442304836 11.998480949268354 8.36909653890746 13.324212641391075 3.787929467240962 11.897934008197934 1.2288756299973402 14.969627684417574 14.495353205824907 3.925077641036877 7.1293462320796 13.523132515015995 8.901017604033903 13.092264816062674 2.4850915284543804 9.996706034298926];
euros_km_B=[24.265124553673566 21.927589792035352 20.464207500681027 3.820339242211518 21.563860074955123 27.15401419806579 14.63376464016293 21.160262429215813 14.16431737346134 15.010300918884354 3.7470918863252494 14.825595746297886 8.909561938163645 5.094314916569321 20.813358959620697 22.915509308457292 24.84998804141343 6.280310779266761 10.87479658728647 22.066200777600024 23.886581610873364 2.817890652901525 1.9267162504687048 27.25508463076425 25.78917152413926 27.995370357926422 28.184894182463047 13.622798434999874 1.6663667668189492 3.5331928420645777 2.69263733833907 11.059471022869381 28.605689734468253 5.554047622294317 16.117587986109974 9.617760210881505 3.478514025422281 12.774324185527696 12.799434361966734 19.632220375295304 26.17030784382009 18.069493988737058 7.89539918018027 18.341583936871505 11.14281078230269 10.32520295420702 29.973611599271194 11.65095064622429 16.91155764908224 19.345712330660398 9.013294096704318 2.08154571224287 2.2235160136736853 18.9922483212429 24.458637993928505 4.882933088841811 7.785708036766762 14.957048765819621 23.258302991020514 13.76834678647392 4.386218949806182 2.3804610464647995 15.102923836025585 10.564608088732498 22.438788207674754 3.301072854165568 26.391210538082934 28.584663359681706 11.402240715463678 12.200241944528559 9.594098935552502 25.690926028706095 26.64807917405093 9.34907266748988 25.95803455341173 1.8928722774774345 17.05717612454197 1.7380804141270603 4.2235504480372965 4.259627283031679 9.895253296460474 21.329877908816158 2.0885468282011805 17.726986558417913 5.233633172907747 1.5614691518473882 13.871313345658017 18.45251843295838 24.561162823582848 25.456143590975124 8.802743640507364 1.8675022132391823 17.813560791108692 14.091356496483597 3.4626812625131693 15.301301544200868 1.9578477024928045 23.594801332692608 13.348778686367416 18.697958252001598 14.438834789329539 22.21497416212086 8.3130617707886 29.089797691746835 17.605658858657232 1.295754692157243 13.509605651893102 15.115722935000944 5.3282528136063085 19.17848774841374 19.96675560223258 26.450339525142418];


nDrivers=117;
max_D=[154 227 203 147 212 206 141 131 202 161 142 212 214 177 227 184 150 132 199 149 120 153 208 235 120 174 186 124 183 214 183 237 138 125 207 198 136 141 120 145 175 148 158 213 153 156 177 207 151 183 181 239 153 204 212 226 162 171 234 217 144 205 230 155 120 190 159 131 188 208 227 199 126 185 131 184 126 198 187 161 236 142 175 121 161 153 217 122 176 186 144 201 176 171 216 207 185 138 235 188 211 221 167 167 136 238 145 190 232 207 173 201 180 190 164 179 216];
        

nServices=119;
S_starting_time=[216 294 217 516 281 304 407 107 77 705 82 349 446 165 508 415 692 337 290 444 91 619 240 341 534 158 653 309 362 224 469 383 165 89 157 381 618 481 225 681 121 2 665 694 251 318 418 44 159 644 683 162 27 118 336 506 113 299 135 90 413 220 682 274 345 382 9 498 122 238 309 569 221 707 506 297 246 487 649 69 197 507 7 245 718 700 262 658 405 467 541 186 299 590 427 594 133 645 500 498 598 381 289 142 18 327 699 100 643 713 692 608 506 66 516 386 488 710 599];
duration_s_min=[109 85 61 72 99 79 86 90 60 108 96 104 98 96 103 87 114 81 80 101 87 64 68 86 60 80 94 105 120 85 95 119 70 89 94 67 101 72 77 63 67 89 74 71 114 118 114 108 81 77 112 88 71 108 91 116 81 61 66 60 103 74 87 82 93 63 101 73 101 92 97 103 97 77 62 83 80 88 89 91 107 99 93 107 99 84 65 75 106 103 100 118 60 82 114 99 112 111 91 91 91 68 66 83 91 104 73 91 61 90 97 103 118 67 100 98 97 66 116];
duration_s_km=[59 35 31 51 40 35 54 55 52 45 43 44 49 40 37 32 36 45 57 52 42 48 34 59 31 35 35 48 38 42 58 60 50 54 30 37 42 52 31 34 40 34 45 40 56 36 41 30 59 32 48 54 30 32 43 39 35 39 49 39 53 43 35 56 56 55 32 60 54 30 53 38 41 54 55 36 54 51 51 54 52 54 34 57 50 56 49 32 42 43 38 58 35 30 46 43 39 31 57 34 39 44 51 52 43 43 36 49 53 43 58 34 60 42 36 59 58 47 34];
num_passangers=[52 20 37 88 48 36 34 62 20 60 45 38 94 21 77 32 96 65 28 80 40 80 84 25 98 91 86 89 88 97 20 63 82 53 54 42 25 91 57 36 62 41 78 62 80 98 34 49 20 70 62 46 30 63 40 90 46 37 66 70 90 68 31 21 31 21 88 30 93 70 42 74 74 23 50 53 80 63 55 71 93 84 76 69 49 23 33 51 93 76 90 26 69 78 33 41 65 36 88 44 71 50 53 46 58 44 43 97 79 30 93 74 23 35 70 32 97 44 70];
BM=250;
CBM=0.500000;
CEM=0.800000;    