nBuses=71;
max_busses=59;
cap_B=[79 137 84 84 58 74 132 41 34 91 45 120 29 49 39 40 116 64 74 113 96 36 107 57 42 73 53 87 127 132 84 53 30 65 34 62 60 127 27 120 106 75 113 64 127 73 120 86 77 72 20 85 89 95 139 45 126 116 44 98 136 59 54 99 68 97 78 73 101 23 78];
euros_min_B=[6.01827794096249 3.519545943600831 7.033982368283341 8.381215482827761 3.957966330189685 13.253897743404119 1.0827182211959059 4.294034790087407 6.108680909439824 2.177165214183634 7.720591358564615 6.18502593966354 1.158501290273545 7.935687889454885 1.7552500243675722 3.8859948389199364 10.877162150804008 8.837864809418129 14.196028561778403 11.969327078535956 2.1770172499552425 9.225140488435754 14.57258350197056 9.321761983792634 5.253313795022424 9.008505447473615 3.2387267947229814 12.217920063911986 12.810065003543079 12.31814097831558 13.945734012179967 9.638963718638067 6.666984862899482 14.961308557919146 2.9247320211895134 3.313197761748148 1.9392100680277728 7.400245980094858 12.07653506158713 14.85776292022644 1.1615354437259169 3.847935075346563 12.877937870846967 7.588909218908971 10.481263908011822 10.76632833656615 13.645600862152012 14.789202276354372 5.533157207919703 2.067974074303759 7.656086741470917 6.7401504914018835 2.9002591354 11.797789741703893 14.660984688309757 1.8334390259426452 9.813916181184407 4.493688402258346 11.379013007635299 7.56930406386297 14.50404539688322 7.6625046819884925 10.325688793379925 6.309531440916612 11.865221195809694 2.446770547289617 14.838652266987468 10.282208558604175 13.848731792815023 11.63447842364861 14.307858065186744];
euros_km_B=[13.104009429578962 8.579269518703539 5.978235369331854 27.88878614535811 14.180832188079785 29.00648263048009 27.10141829943126 17.56846566050742 29.295042602320766 23.88911123262572 5.941263176324257 9.104657383753342 3.4241503861480056 16.04415977116524 27.66753369300389 13.005600154487233 26.280824360277574 22.35928855520661 11.489396372712429 13.852541545820682 12.195406316949402 7.909155250445433 1.9645305872446077 20.403826697766473 15.276017988005856 7.882611567363764 12.141380395144678 12.0972297865832 29.93897522690711 27.314582053730906 29.185117815082737 15.802520518829267 1.4047743402275512 4.393868748621415 24.52945109274345 24.27150952515445 16.139530982392344 17.761015013330912 11.012942689851977 15.939593966008403 23.81920264864685 21.13442300884275 26.73509685602396 22.848020503669815 26.748141046760765 11.24476101290613 4.407248175338417 18.65930436201199 17.98369841302916 17.250554511602704 24.477268818920688 23.700984543184887 20.934343109257746 10.00074650597118 27.563007379148047 19.414315123203757 2.2318076780187726 4.575033164080166 28.183305413197044 9.274962346721786 26.722653842122003 24.735380589508683 24.50196081766133 16.68848145800802 10.845861981027163 9.671884850799614 25.06782384973195 28.916403825096914 10.667710655521297 7.354501057861199 2.153613092687612];


nDrivers=68;
max_D=[209 235 190 159 237 232 126 134 120 183 232 201 128 224 152 152 207 176 146 164 219 208 195 217 130 233 199 162 232 222 212 178 193 146 138 151 158 135 143 178 161 216 122 134 173 167 214 192 127 136 170 201 181 221 205 146 223 136 168 127 169 233 152 236 230 169 211 225];
        

nServices=74;
S_starting_time=[263 599 225 105 484 4 302 586 558 182 400 523 665 635 41 421 681 287 138 212 475 313 151 552 465 203 719 122 131 632 118 40 145 668 357 411 194 543 43 183 428 224 511 669 581 435 378 114 396 168 520 405 538 282 680 231 160 125 39 159 543 647 577 219 208 713 601 393 231 150 28 275 351 100];
duration_s_min=[115 84 80 76 93 79 72 83 101 106 86 109 61 109 84 114 120 66 95 90 92 77 120 113 90 93 109 89 100 84 65 105 117 91 77 102 100 60 115 66 86 112 110 115 114 88 91 107 62 108 82 103 103 94 64 80 102 117 119 105 95 113 64 92 64 94 72 100 67 87 120 68 79 111];
duration_s_km=[51 37 54 60 60 52 42 49 55 33 46 53 38 57 30 42 47 39 33 52 55 54 45 59 51 56 45 40 36 45 38 34 30 50 43 46 41 39 36 58 36 31 44 55 39 60 59 42 52 55 60 48 36 32 47 36 56 49 37 58 36 37 46 43 35 35 43 34 41 47 56 57 32 50];
num_passangers=[84 20 64 51 61 89 34 93 84 55 38 85 58 79 85 77 43 86 46 30 40 93 56 55 84 40 77 94 34 70 27 75 39 52 21 56 38 40 67 88 65 37 33 33 83 21 100 24 78 42 46 81 67 94 44 84 94 53 70 54 58 36 60 84 43 67 48 85 45 62 97 67 77 58];
BM=250;
CBM=0.500000;
CEM=0.800000;    