nBuses=103;
max_busses=92;
cap_B=[97 40 94 30 117 129 68 121 67 85 56 51 88 122 74 40 31 53 94 136 36 138 131 81 117 121 96 73 99 25 73 63 59 131 83 84 49 68 87 93 131 120 75 66 109 123 133 124 56 115 69 21 40 106 20 124 75 75 111 22 33 110 41 47 137 76 119 103 62 68 51 59 121 106 37 59 82 27 105 58 118 107 115 42 69 40 124 30 41 46 96 42 25 117 118 50 77 74 122 109 31 138 66];
euros_min_B=[11.118522754642234 12.809808434894414 6.203584830603861 9.259823409174185 14.581455943945066 3.1416232541812072 6.799805444614758 12.623481680416408 7.980990328721715 12.121311530641941 12.787311532307479 2.1263143548432852 6.409517536764791 7.435594972651177 12.490111493887433 5.291165074851094 7.246917118273526 6.337345471017834 10.446655771728947 13.763223735473446 10.347742772486015 7.574400327513841 4.747650486462469 13.305031124595489 4.391250659150641 1.4554533842717843 11.706425021305474 4.272723906810786 5.889969219286678 11.702401442036079 4.368779374278308 13.232273214731338 4.1510659596959325 10.73038682025178 7.939074781157761 5.842252215292698 9.669712424341228 5.7223241686143265 12.057118543217799 8.091878963982012 5.356190996425277 11.322358324368832 1.5605425766894565 13.697230800922606 4.439503345048173 10.069983476744987 5.416650814289691 14.49114419593822 2.2694773577739906 10.135619531373672 2.0182126150935256 5.188961168129464 7.2007108990138455 8.439289757071425 9.391585623419042 2.453812664396943 6.736269044444964 7.203648456448808 14.222231609802588 14.01933874910074 5.238248158753988 6.175674001219157 9.811170804257692 3.7234297827119733 11.010548510487823 12.063788161352504 5.030187882564488 5.84408106606167 6.350768527370516 12.738358335393972 2.2289356019636224 7.136885222978728 8.9139385507319 3.3358189030775325 5.548500854128148 12.012498590725151 9.714052410440825 11.533272471628118 4.784348234078224 10.788928125640469 1.083769326594518 6.7191430779339125 7.467710583605795 12.686794343069348 7.874939572144583 3.8186080959502124 14.763325834760137 13.922975528096153 1.784256917197282 14.503047352591771 1.8388235155868287 14.029462466192102 12.060916833391932 1.1588658432174967 14.243772115107632 3.1179950218440418 5.646077475102789 13.016192087042532 1.8584741160775102 8.366711691800127 1.4457428467209217 11.962061379131114 8.54009066866608];
euros_km_B=[26.174078831910037 23.905968311963612 20.41874319179981 8.69826143520861 18.209477430412562 12.450870968600478 13.27006916278974 22.503003753778273 21.83465015953153 6.785841880715969 24.863626154093907 14.807379494803364 11.118852478264092 15.918478280893428 17.909390399568203 26.82789755635735 2.9953343278643847 8.280399477794171 14.373437634839883 9.0557845240782 22.22765400650015 29.87065513432168 27.67007003161934 19.7129892926869 24.770597923834774 1.4035860952620873 9.020993770327221 24.14569718259281 17.371163358162768 20.088822402249153 16.98799585938529 29.586221345772298 10.77531693581682 28.435683647569597 22.540033719024184 4.718325458626813 14.408527907020034 15.988584907456488 5.0731669489936735 6.632759401639731 21.514460704660745 21.98910611509716 15.1234441787755 6.6650504716973415 8.120397278939208 28.96693512349154 25.316025173241385 22.718841709553587 3.570784800956481 29.748340305755068 13.271114452347078 16.709546062090965 13.694436566294243 24.44736350470555 2.217201735414498 17.892847395688605 16.9630212598792 13.46770843965943 6.521594014746844 23.14567604284067 21.339560517900214 25.161118741563545 6.382115594270629 28.187665520038866 5.691299072030526 24.620797239388512 18.194729818418956 18.291595540589732 2.2351030791732276 15.904605745731365 10.865103527794908 11.868471651847894 7.756255636906652 1.6786583533549044 1.0529428511617576 24.966739202408572 29.62396565671271 5.85090423278672 27.615166132281296 25.179129025923263 11.663079839904748 8.452310889255738 16.68264100302798 9.079787151046292 5.297920050650662 1.2376599416211613 12.54993112773847 22.95157029620811 21.63784870301107 24.663185780310595 2.302423064834872 9.263223087803265 4.909875542621192 17.994740374468666 23.25400505868171 23.76724646623211 18.780410462752123 20.653037980871837 12.935023752988632 28.564752028534215 20.077819770612503 6.2282159438393565 4.452398425957606];


nDrivers=101;
max_D=[143 181 197 176 127 155 236 151 124 127 131 141 144 130 208 167 229 223 138 228 222 191 213 149 200 192 161 187 175 177 221 231 234 189 173 185 181 236 157 171 167 200 153 239 236 128 190 130 154 149 185 150 235 232 183 164 215 236 121 129 189 196 177 217 127 151 176 172 122 223 218 228 212 210 221 209 201 160 215 126 194 147 166 202 239 158 176 221 157 219 197 191 182 162 142 148 193 199 154 240 139];
        

nServices=107;
S_starting_time=[193 507 600 538 462 631 635 603 97 492 247 360 209 525 263 129 4 571 17 182 255 477 296 411 19 350 543 560 693 133 556 425 12 279 598 525 275 23 432 529 401 656 662 489 384 469 106 484 470 133 66 718 702 195 619 402 194 652 587 582 503 144 681 672 124 433 397 660 42 550 542 429 330 506 323 347 212 42 20 531 499 352 135 411 298 291 282 395 446 320 88 107 121 692 352 654 445 487 676 174 471 423 328 349 587 351 191];
duration_s_min=[105 109 99 72 118 62 96 113 98 78 84 84 97 111 105 107 109 63 96 89 62 110 90 104 64 120 105 104 103 115 66 107 96 90 73 93 113 67 73 87 79 101 112 97 78 92 73 86 86 101 74 92 104 89 76 78 116 114 103 94 109 118 103 96 95 89 90 113 80 78 99 76 103 103 83 82 109 94 62 95 92 106 110 95 88 84 91 90 116 65 89 79 110 61 100 74 100 78 109 83 65 90 106 103 104 98 109];
duration_s_km=[36 40 51 60 34 56 56 48 53 37 34 58 35 53 41 59 48 40 57 39 33 58 54 56 59 35 53 48 41 56 60 49 59 48 60 47 50 39 36 46 32 60 50 59 49 56 57 37 55 36 47 37 55 53 51 41 32 36 36 42 36 47 32 45 56 44 59 60 51 50 30 49 31 31 54 34 34 31 53 39 41 58 53 59 53 41 43 33 46 48 38 30 55 46 54 49 32 58 49 49 57 50 35 52 50 37 39];
num_passangers=[100 50 76 92 96 33 22 97 52 59 72 36 27 79 91 72 45 99 27 29 28 25 85 58 30 20 71 50 72 93 79 54 26 52 39 79 92 54 67 71 63 26 77 85 60 59 38 27 28 44 97 23 80 60 55 36 90 20 88 87 45 22 60 82 92 38 41 68 80 98 53 35 85 38 43 68 70 88 94 98 58 92 31 94 96 78 90 63 72 29 54 25 95 80 23 96 50 58 100 24 89 37 76 92 24 27 69];
BM=250;
CBM=0.500000;
CEM=0.800000;    