nBuses=120;
max_busses=114;
cap_B=[96 49 47 94 93 38 74 132 82 81 68 25 21 60 37 81 78 139 82 94 113 134 136 100 48 121 130 40 140 73 83 86 101 70 90 99 75 45 94 92 76 22 32 102 128 136 43 111 25 131 140 79 98 30 105 134 109 68 43 34 35 68 78 70 113 117 76 131 133 69 35 92 75 104 89 54 20 98 88 60 128 32 44 25 94 69 98 98 128 68 119 42 57 140 45 22 26 51 112 34 95 97 70 97 134 113 37 90 112 24 56 47 109 95 96 92 43 134 45 77];
euros_min_B=[3.7471719274674746 7.934635606262367 6.574590712286624 8.7102055808589 13.518359334821117 8.39814856146577 6.6490347277583135 8.09395983504202 10.30395607848083 4.739012077228258 9.065582445301263 3.9904173307186372 5.707167977437217 12.410556925609196 9.709807892376167 5.868856040117437 13.583909067605065 3.9392836415773242 7.4123568694071755 6.341665292577747 7.222234015178478 2.5276168354357376 2.305091718897475 9.08678543092115 4.804867782620366 8.161026899095726 11.05511777522623 14.430011292234155 5.973604328452327 13.391284461366022 3.5703688172365897 10.881913248668571 14.131348878882795 1.3279824651310501 11.993023685016418 4.420623751227051 13.860896532442107 7.141153979957889 9.680832567979461 12.709733955768911 11.975084733239036 13.542899812308224 12.626560025993577 10.283210217447673 13.092760415541628 4.93138921323709 13.992039225260436 1.0502181722445205 6.812930322130491 1.4920857886766923 10.499602791454915 5.343986117778446 12.933914251795644 12.935432645951234 4.971194508919566 14.897095421950146 9.900544918331894 12.543039387109733 5.4554516726761015 13.534379335120523 3.376979500036333 11.328663535687205 10.961167118322505 9.056352233027768 12.911141573914803 8.776657366629198 9.18448749205122 12.934826774843184 6.364727716318721 4.715155035038569 13.283635635768904 3.2419336095506948 2.3170511220052488 11.72586150122924 12.036263850731391 8.397871064238934 3.196382844723993 1.9476273096685819 10.103070884767607 3.7165521147137492 4.8500433778092855 1.5399894687997453 8.823276941534278 1.6196611336821856 1.6057646131330423 14.501216496454044 4.050836481442723 9.462590697903508 5.903201373769126 3.212139884902151 12.368582175056236 5.571160675057605 9.513016114687503 4.614924659225617 12.653044761515316 10.134860598906997 11.333826037231223 4.890558947112223 7.574137083149979 8.994487861253539 3.9293403290496496 2.3904758667665624 5.932653336509659 11.966787788286183 13.507838844982892 1.9216020042847952 8.289797370144813 5.760585526039456 11.752849686385415 6.458726883311057 12.333508229411201 5.225014001153468 4.1723728281558055 6.3465450123828635 10.548820952577483 10.975402583340832 10.244977645736073 4.802855411834453 12.007222218498312 1.7427918736732813];
euros_km_B=[27.568158948735874 2.5834963049227064 20.963303472907953 15.014094958269466 2.965171723976551 4.450172210300501 2.3786063554037282 16.510702414745538 14.339485091167777 20.035298976652054 26.50085348963721 11.687916430956099 6.448171462922075 6.289644088926039 14.203527280615118 16.70766645258435 3.1347502591325895 13.857285794573919 3.3421062465351854 28.723754136761205 23.370906584534694 15.785507488499388 5.667861233850647 18.693056686759146 2.517985325774787 4.051177743570525 11.999375113895244 20.82903301998678 14.279541641992122 7.760921053829182 29.430299767620166 28.78969589286589 29.596722980530483 16.309848219080884 10.279294550088862 20.107784842496148 2.9069170518743292 16.945635514167613 13.506592329176994 1.5098535819069598 26.374977806961176 6.264523548918873 11.831323662883426 2.297085320090064 17.65568255903464 9.88645932342096 8.926931461685086 19.07474288621467 4.69935101803811 23.301373017759076 8.727478123664172 22.114508390117614 4.144133663365711 14.553952822834658 15.09508578391861 1.7530962643655021 2.736552964967914 20.257737325675294 15.226542868872524 27.088426428515294 24.549287269303885 23.49244494970055 7.207990074451112 17.27261829296489 25.641206464384744 21.81970329915128 20.7163365147378 20.376224843557452 10.840690854679352 25.618610731637247 17.65108552548703 12.298110155261998 16.379828122603143 20.025621199803126 26.482058267589746 3.291561449814278 9.042780087825658 17.083134168666547 5.123355559352133 10.69833987329081 2.583520142296474 11.62397010334941 20.472951913998084 3.568562415133329 16.3383905769155 12.462431483349794 4.234576086317264 7.374945313807056 10.858483631591742 23.393078743322352 14.125038672572813 16.10741650643626 4.988474277691277 26.802171849713915 8.705170930918078 7.9973806877323765 12.016840050388229 23.576266784560264 15.402960293033363 2.405302584787927 17.552231587610873 24.29510538894071 24.5661187174538 28.178494984066475 15.399723949377787 10.630666941160042 4.668759234568326 21.58100876337527 11.77788105109262 23.892939711316973 20.429327264061065 18.181688436285313 18.665855247064584 5.112872951342885 7.614444647286968 27.977743954304543 18.093612969944978 25.1941069738707 17.932469916749515 21.430862209622674];


nDrivers=121;
max_D=[190 240 174 165 125 203 162 226 179 238 170 196 148 140 237 129 190 196 146 195 212 122 203 147 240 223 237 149 127 160 233 179 148 160 131 222 165 217 171 143 153 138 236 216 166 164 239 240 174 193 186 174 223 194 155 214 120 205 144 136 152 161 239 188 125 207 211 174 150 184 238 199 216 153 163 207 121 187 142 121 155 214 221 156 198 182 120 163 121 236 210 166 130 193 236 122 210 226 164 226 202 123 185 203 140 159 148 203 214 192 121 239 163 193 200 152 229 193 189 182 122];
        

nServices=124;
S_starting_time=[360 581 602 578 623 660 620 96 582 285 293 97 162 59 336 376 641 470 505 597 516 115 483 138 163 308 552 560 130 495 366 512 436 720 594 520 178 11 367 708 322 530 264 290 105 230 610 57 98 182 357 349 677 302 544 386 13 124 283 392 260 475 221 464 341 120 302 302 6 503 103 283 350 510 356 512 77 449 547 248 686 330 205 611 540 216 111 309 497 215 669 167 152 682 490 116 368 704 586 600 250 607 457 92 486 678 642 702 91 213 262 394 436 541 325 528 377 633 488 180 454 308 516 423];
duration_s_min=[71 60 116 71 77 91 78 120 71 73 72 65 66 88 104 64 96 64 90 110 65 117 63 103 80 110 60 111 103 68 111 99 85 94 67 111 81 87 112 90 76 68 86 115 104 86 86 73 103 79 110 69 110 102 94 65 99 74 69 91 117 81 103 111 108 71 86 65 72 98 83 110 63 114 89 107 68 119 87 103 78 88 85 80 112 82 71 119 112 98 71 106 92 83 73 114 65 96 83 84 78 96 85 111 115 76 94 96 95 72 69 73 77 81 89 111 73 74 119 94 68 119 90 85];
duration_s_km=[31 39 47 31 59 53 50 46 50 43 42 32 51 44 46 40 36 48 53 50 59 50 52 46 52 48 47 52 43 45 48 43 30 42 58 35 33 36 51 47 41 44 52 39 31 32 44 47 46 54 52 43 60 51 47 36 32 49 31 39 30 60 48 47 54 56 60 41 32 37 60 34 31 35 38 38 37 48 51 42 34 32 53 54 59 48 32 57 46 52 50 31 30 40 50 53 47 37 60 56 32 31 49 39 31 58 48 49 31 51 53 42 30 55 58 32 36 34 50 56 48 58 37 34];
num_passangers=[67 31 85 43 53 85 59 34 41 99 67 89 81 100 40 92 32 64 60 40 22 45 54 52 32 32 85 96 27 74 96 40 20 76 94 45 24 32 35 44 46 88 21 43 76 44 80 100 30 60 51 76 85 23 69 31 78 27 39 60 82 38 29 48 86 69 84 64 50 26 27 64 66 84 60 28 68 58 75 77 73 31 40 93 88 77 67 73 80 32 74 50 60 46 55 50 44 24 99 96 74 85 85 57 75 26 70 57 37 38 42 62 89 28 86 62 94 71 88 65 100 82 68 43];
BM=250;
CBM=0.500000;
CEM=0.800000;    