nBuses=103;
max_busses=90;
cap_B=[100 119 74 67 94 112 89 118 94 102 37 94 101 23 136 52 81 72 25 105 128 91 135 89 40 112 112 51 120 35 82 39 22 82 93 73 62 60 55 47 87 134 138 77 88 28 41 48 93 39 114 86 114 48 115 79 73 37 127 89 72 89 138 81 48 42 67 133 23 139 33 98 44 46 121 106 135 107 100 127 115 54 31 82 46 59 36 112 80 110 42 102 103 72 26 120 66 46 47 48 114 66 22];
euros_min_B=[4.219043960424161 12.402406240099724 7.027776335340052 3.9872843560156 7.654884938607524 8.927230362674782 12.391186639420043 12.300759420869765 1.0238102032635161 11.940464545835527 4.772722013416484 11.76185177288204 7.9637086703370255 10.508148326230915 7.003155216561391 13.184514748127135 14.251654701092118 9.81761000008039 5.49482394166971 3.0468013034498336 10.079182528995078 9.734148828554614 3.621521154109132 12.863274069779008 9.722813509992118 1.8445168830354441 6.032914618349416 6.798158893155054 14.56794073747192 5.860684528880764 11.432561921666675 5.120587851685307 9.667237252782998 11.865990323256321 5.232528288999421 8.40475501182662 5.63209896237777 4.8713920958649535 11.44511587092309 5.906889517484334 11.563958571886209 6.174635082489868 1.1812913643184872 11.878884051340329 6.2247839609778275 7.578090096301041 12.010063611082055 2.7720069839716936 12.958589926464674 13.839396348002735 11.795235671416908 5.646999667827627 13.490346838858665 10.631943868355922 14.037950578090976 6.315200826588194 8.74270305320946 13.492622144290191 1.5329153964655162 1.619200440687453 2.497270073292277 3.7987703956652035 8.808231115525391 8.916402049184377 6.5113981122968125 11.854387139568484 12.650377975586968 12.726277097238272 3.248279074563749 13.06766993417387 6.633257749893513 10.294689902449267 9.08754189432314 14.32816621438807 6.415294779136002 2.54868931668602 3.272634032007868 4.624369980815401 9.676848421951373 14.361738862765959 9.416873175937 5.85624526779566 13.475670904997378 14.941855082383288 10.026713149911616 5.111831487832344 3.0551811835358897 1.5806923184806023 3.94107588577328 11.903658520525525 7.508225719520012 6.021189629580296 2.536869798311451 7.27840028950685 13.847789935497778 7.7823332297380645 1.9363357510820653 2.743869170951608 13.674098886744824 7.558989784477658 7.822642718794436 2.363375716926345 14.572382819696287];
euros_km_B=[8.873199565665722 1.3297900228031962 25.397492078343852 22.710583605329475 22.998036340173343 25.62464758974277 3.088058396526555 13.253222209217629 4.004415521671742 5.118159400832088 29.69165995297499 26.308329847450434 7.126098786430796 9.137515835737867 21.90337602805501 13.370485221548975 28.787664407196786 27.878660874439777 23.129274742862805 22.704866990571997 8.770021464104422 9.834314576302424 15.792021706180863 15.351564297674116 25.59980138250266 13.780962460534635 27.056997041252306 5.140036707569099 2.106796576283725 29.12658659579649 19.70918016431481 17.479284480438285 13.685187407990359 17.64410527753505 8.833255660775576 16.343173369718627 28.944885215624517 17.286106744831454 10.358668002666843 23.192896413490292 13.683022255410595 13.540858739565072 15.94008946776965 27.92912801128384 15.34159251971276 11.7361777469532 15.630941159848314 28.740066455329618 27.051604045488492 3.9110008158583733 23.663744821604773 2.2168415180118934 5.825369023458009 20.400868888859478 12.600655399702756 28.771543729524698 21.043499193544903 6.937136610517815 4.935289749934629 12.644500970021667 8.547061697968676 26.478399217627505 3.4632887557165306 6.069406566229606 4.229627274964969 15.171057030114255 28.423589038066027 13.899867924540347 20.567519605525913 20.979673661022463 29.71108168548791 1.68764179054738 3.9801301958659274 9.709259903167766 25.527009332850756 25.212164126797546 22.00281484248784 8.006903213501179 17.709854455746388 24.190264096688004 15.67550521397346 19.26819215621952 2.5320463675033267 27.17371236266732 24.89363053498507 23.914249819946328 19.088242289398607 8.374002678111124 10.607957254301681 8.995997687510036 29.2642696834056 1.3525423509472838 22.81847256697183 19.170433598767218 2.662873523908044 3.5019945178068 14.036890492168526 9.70389383588488 5.6424194500067575 13.034395637038505 7.983192157000328 19.88337981544403 28.1419705850818];


nDrivers=103;
max_D=[161 138 230 216 135 137 197 232 182 125 162 138 220 223 203 157 149 185 161 187 171 165 136 194 147 239 164 200 156 205 190 157 171 196 155 190 180 171 217 222 194 128 206 209 213 124 226 231 238 178 143 207 135 138 214 152 154 206 158 222 140 146 218 228 160 139 223 198 164 139 211 227 133 179 207 187 226 171 152 179 206 155 142 220 192 180 169 133 187 219 187 231 130 230 121 239 216 137 159 195 230 228 211];
        

nServices=104;
S_starting_time=[470 13 285 393 58 549 540 396 372 639 591 460 148 358 303 352 218 714 715 320 208 396 346 564 711 469 610 577 278 515 259 406 71 546 658 123 577 709 253 475 688 598 501 82 354 94 597 372 655 330 536 684 601 136 18 529 168 95 293 134 435 14 247 285 165 10 224 667 473 340 364 175 346 266 414 690 531 152 117 309 550 160 42 602 156 328 43 421 559 86 503 592 256 647 416 466 161 259 230 670 597 226 211 434];
duration_s_min=[102 119 67 111 89 112 85 105 107 101 107 72 91 106 63 80 77 111 80 94 108 60 69 102 95 79 103 63 99 101 88 80 100 102 74 75 100 111 114 78 74 80 100 67 71 80 96 64 99 79 91 90 87 116 85 95 107 109 112 80 83 66 88 75 106 93 120 82 68 105 104 64 69 64 71 107 82 115 80 78 106 107 107 108 95 68 105 87 90 61 92 97 70 105 76 119 103 86 71 87 117 93 116 119];
duration_s_km=[42 53 60 54 50 46 41 33 57 33 40 56 46 53 41 49 59 31 36 48 35 58 35 33 53 42 40 54 40 35 60 51 30 55 45 30 48 57 43 39 44 59 46 54 51 53 51 43 32 53 51 35 49 50 41 50 30 56 39 38 52 40 36 40 32 54 54 42 47 45 59 34 53 31 37 32 48 39 44 32 31 57 43 56 56 36 59 56 32 57 50 41 53 52 37 35 58 39 42 40 57 59 55 57];
num_passangers=[22 40 96 94 22 84 89 68 39 27 32 56 51 48 66 85 58 75 59 44 21 26 81 21 53 36 55 91 56 62 31 23 21 23 97 97 69 36 97 23 26 63 22 45 91 99 68 24 39 32 84 85 96 96 90 55 68 80 29 52 88 42 87 27 40 95 32 52 29 59 59 95 73 47 37 100 46 35 96 40 55 33 62 76 51 72 87 32 30 57 28 30 40 91 50 62 96 81 77 75 52 63 72 33];
BM=250;
CBM=0.500000;
CEM=0.800000;    