nBuses=79;
max_busses=76;
cap_B=[55 81 55 36 56 95 83 55 66 71 137 122 62 46 37 63 123 121 73 140 137 69 115 51 136 89 86 63 29 78 102 37 107 74 65 64 52 71 70 49 120 105 91 137 122 95 136 130 85 86 99 132 115 44 45 93 136 33 23 82 118 69 114 80 37 70 137 38 62 30 74 32 135 93 132 125 58 99 79];
euros_min_B=[13.408073448820916 8.376570073887596 2.153866180754341 5.073505004167072 13.343459321880085 9.031300558750562 6.030774138856422 1.5123827987384355 13.220132943503993 2.8924141471620284 9.235950516223536 10.117579725610721 12.139073848669838 5.322643909116132 9.915304799362177 10.430050142303546 3.7370248456870088 9.375975954322373 13.797212984994273 13.938878027210944 12.492194895511172 8.950077050858077 13.689398497269218 5.0906790463099405 14.889555964061733 7.948613760915066 10.268423040013507 3.0716206466695253 4.819023053362248 14.117696607903955 8.711934053840903 12.716773469805785 1.9428806196534494 14.241256955572029 7.461357198318937 5.48308736407048 8.13067173378793 12.328867274254677 7.180358339838907 13.399824190323836 7.798616412186318 6.020467176344413 7.278018157418262 12.663735501587551 6.165271299640261 10.758114366988426 3.003269173779117 6.819076844199834 12.210515572448639 1.0411421366699964 14.431363926205771 10.268051689538666 6.030511716650877 14.698118126617233 6.188731159813111 9.077883211391184 3.8104240203633504 1.1123248230238298 4.65580138965545 3.978236951020597 1.2554455359189587 7.214205536786723 5.5330102022583105 12.23662967998984 3.3844205039868296 13.314313837560148 4.363772904095462 13.059707049527281 11.95592295314502 13.655767308388391 1.7970425191678643 4.710102607794466 3.2576517622209984 11.519394130270221 1.2060265433076778 9.424423681739079 13.482327869109074 4.332882341413522 6.3033515265721345];
euros_km_B=[26.65208385549117 13.263197556765961 12.650077493953622 12.139155187270394 28.032240043168628 11.109934802454474 16.593005493323858 29.60697312046911 10.01647072047242 20.712315265947158 29.1302719809089 4.53729573650753 20.36925313548013 6.27880610656905 14.88835959293599 3.6022848155260645 10.74609282115093 8.777374740644344 24.439779791727183 5.4065337782847696 29.37233297335812 25.01017581539005 5.206043731719773 20.61600925118111 2.5331247812934756 2.2616309090339053 28.41994821285181 17.736402965592767 4.945950010890582 16.113777888153145 1.9196578743358317 13.143820075894405 15.909691210181407 10.910171746847219 8.02718383214724 4.315426110577269 5.72203388040487 27.055615310857124 12.093040087104526 27.905090151468322 6.8468496562044745 2.38096169994268 25.196573209329102 23.254539103145607 11.807038878383267 10.874843994400912 22.09187962510012 12.475365053738695 22.933982244688345 13.387933914772098 26.819829704893845 9.017410509239753 7.788787369111905 11.86547517520643 18.00988683253891 24.29502083637971 8.656721067309078 4.961173675868546 20.266874087495886 28.468041711693452 6.317910890552756 22.36963114163935 27.345641533673714 1.5466047900698192 3.300623532468188 29.29424612653739 14.249339500217138 12.9334754899904 20.003944825249537 10.780272131362084 15.110064772869078 26.352947500544577 3.4470238346960684 10.263353819682823 11.136876022524834 9.0805593857752 7.182602607284764 8.486418993720797 7.0483627144876175];


nDrivers=82;
max_D=[143 196 211 139 238 226 151 209 150 137 156 172 180 205 199 127 222 169 157 174 186 188 140 211 208 164 127 123 160 170 125 220 187 156 146 181 151 235 149 235 169 233 209 222 194 156 181 226 205 174 151 156 217 152 148 221 211 147 181 149 221 154 135 156 137 159 238 178 184 176 216 218 144 189 231 240 223 172 162 223 196 153];
        

nServices=83;
S_starting_time=[493 36 662 341 675 269 374 220 128 410 319 232 407 619 473 122 344 304 285 78 602 296 191 266 698 28 494 671 287 275 590 566 347 263 290 672 134 1 522 333 555 690 608 310 181 596 672 55 677 6 7 534 662 237 561 241 358 281 643 396 331 135 509 61 62 662 84 515 146 101 165 138 599 679 531 476 676 153 90 608 117 109 348];
duration_s_min=[91 68 89 81 91 118 77 76 109 119 95 73 95 65 119 86 86 104 60 60 96 88 100 69 113 117 106 62 86 90 103 99 91 89 112 69 69 109 93 76 94 93 71 84 72 118 116 60 104 117 106 97 101 66 119 73 74 70 78 110 67 98 84 81 113 94 91 81 70 99 109 85 103 115 77 65 93 67 85 76 67 101 103];
duration_s_km=[44 59 56 50 58 45 52 52 32 60 52 43 31 45 59 43 43 49 35 30 42 39 53 56 31 37 57 34 51 40 43 35 44 55 41 54 30 50 43 51 52 55 48 46 36 41 46 34 47 56 30 54 37 39 41 57 49 43 43 58 42 56 42 50 59 55 59 60 47 32 30 48 48 59 38 42 59 40 33 34 50 48 42];
num_passangers=[36 66 35 23 46 53 49 46 75 78 47 91 86 66 31 35 21 63 94 64 69 94 87 67 82 98 85 59 32 89 44 64 61 68 85 100 99 79 83 72 81 61 74 88 82 94 20 91 65 98 67 32 50 56 92 36 41 72 91 39 33 59 86 70 30 80 67 40 86 22 75 70 26 78 21 30 76 67 64 61 33 62 55];
BM=250;
CBM=0.500000;
CEM=0.800000;    