nBuses=88;
max_busses=82;
cap_B=[21 59 84 140 21 57 76 57 137 108 61 74 91 24 107 99 120 70 87 22 140 104 84 87 49 41 107 59 43 68 53 25 93 137 114 101 23 88 84 85 89 92 101 34 128 96 96 96 105 89 116 50 38 44 89 47 31 71 122 138 67 130 39 77 101 93 42 82 54 88 131 86 108 25 138 138 76 118 98 49 38 81 76 30 85 113 82 45];
euros_min_B=[7.281628773506406 9.03230809160482 1.544913515775176 2.178034160008183 11.524084631376656 2.510860486701431 3.950166750660988 1.694743931839085 11.193682474414661 4.945930956905142 8.082634050090693 11.169063898489323 2.8875465412205195 9.375400303579035 6.864983214294323 11.333252884059602 8.057729069249497 4.076154455595378 3.020817619664679 13.28809771525134 11.464812994645026 1.9137412598678976 1.525399938057052 10.238330373994703 14.233898711309294 4.850113322107338 9.124935866705734 14.37174528317288 6.688327041735965 12.825270827859539 14.398392096020292 12.232232144608357 14.112083700934749 1.1269935914112026 3.82569872855749 10.148871205579791 5.017470556636788 9.130460773065844 5.782683876591838 2.794425375925929 7.100095570701896 9.634105874565638 1.5352369902684389 3.8789665896629844 3.3368449501585573 5.705168743533582 3.4758584075262355 7.465812643206113 4.452572033534856 11.792612793584768 10.16539768229377 8.422482735864591 5.877434176297187 14.004554107874991 2.9025073080556663 10.459440313722915 13.83591664226379 7.978100282531978 13.641853019475134 1.6093493253414866 11.995860400490805 5.11631881083169 1.5651119262008917 11.146668879606041 7.7015443606094 5.191959999232574 14.649688184741292 4.110546141866819 5.023242500933671 9.002388849604747 8.37885856645313 7.772136907527615 9.450365688829555 12.519957101370565 9.35977488196768 2.2266061667193684 11.194256203448797 1.384404278329429 5.828966397405438 3.6322286936735226 12.191143349456764 9.100916754807578 2.4266041760005184 4.216650745547707 7.162139204317619 10.247567629902155 1.0425823133958358 13.80568057078369];
euros_km_B=[22.083747058785615 11.424860365320203 2.5209092905772574 6.534031435553338 17.293222444538735 4.025167491425757 1.481233337516021 9.2964162061362 19.695426225827553 25.3813452960086 23.390515053799696 2.7780287294224357 12.788133658529944 4.240444503798468 3.5813118226554965 28.859483125834622 22.449466607739453 5.823137880316137 10.75112919145954 25.69699253877196 18.699980504809655 15.810992219195434 15.045905726676814 22.741371954705816 24.305015781799515 18.69775494423571 20.07424176375407 24.376799039314207 8.740714315095827 5.527858219428486 10.164261013293682 13.916016650893411 24.221397853876585 1.4122905504471954 2.0327797492668616 12.895814559481654 26.851732527323513 11.68081732358195 28.375647545648636 21.572926038579126 13.858732540260196 13.39507562696122 3.992274770884331 13.997778455130101 25.475052861917245 4.0118485395304 24.780410415232407 28.266476639781292 8.876406885628766 29.176718231278578 1.820920558761474 13.78972281928182 14.282444186856452 19.804127333194884 4.333704598089838 23.80752277393091 16.862225524216306 22.839721757851017 11.574992555385448 22.47100734683402 17.8183323296798 22.69178144756841 26.005384235059203 1.2345987399483467 1.1534851968753084 17.14003075866197 29.67376955028162 21.570453138336063 19.96022452192095 22.758087816277563 25.237033942145683 11.131213982551664 28.91798451715589 11.474567508221417 14.027663888678287 5.964499631597969 23.53340108801201 17.66463002347524 29.487697939230753 20.261491279262156 28.02820013575457 1.5481416121251732 13.372046452810483 7.404615211581702 29.847913636081024 11.4586087625754 21.686352748896198 8.146519430887487];


nDrivers=85;
max_D=[200 217 161 203 168 150 198 142 132 226 239 239 150 152 219 208 235 225 121 208 122 153 193 234 183 183 203 226 158 120 127 165 144 218 175 214 123 230 169 201 167 227 155 141 234 205 218 153 210 169 148 191 141 161 164 153 184 132 154 174 122 213 123 185 238 201 124 198 134 222 220 152 219 145 166 204 166 135 215 207 184 124 181 149 189];
        

nServices=90;
S_starting_time=[685 179 599 495 616 581 676 151 413 108 437 339 468 598 568 53 486 513 505 92 308 114 433 686 138 147 63 693 696 705 163 494 601 493 273 464 471 155 104 441 517 116 635 691 199 642 513 30 647 686 612 590 236 261 534 570 470 59 697 450 367 530 414 529 7 88 0 702 201 491 286 187 15 669 624 502 150 7 58 336 312 428 349 272 529 517 39 527 371 581];
duration_s_min=[96 96 88 117 74 63 83 105 85 104 67 94 74 74 104 112 88 96 93 109 90 74 86 64 109 73 64 117 108 116 117 120 77 90 119 106 110 116 106 97 98 77 75 80 119 103 74 103 69 116 93 91 75 75 72 120 82 103 61 117 110 96 61 90 66 102 109 109 90 118 93 95 107 95 65 87 70 88 101 102 94 65 114 94 62 96 99 90 108 114];
duration_s_km=[32 53 32 50 48 32 49 43 31 43 55 43 51 39 49 54 51 38 52 51 45 33 44 43 53 36 36 33 32 54 55 60 46 60 33 57 49 42 51 41 33 47 47 60 35 55 45 49 45 58 52 59 36 36 50 31 39 40 49 32 35 39 48 55 46 52 48 50 54 32 47 49 31 41 38 44 50 31 41 47 37 30 52 31 48 58 57 59 42 39];
num_passangers=[36 49 89 56 51 81 76 88 43 88 85 44 82 64 84 33 79 74 57 63 100 56 24 52 26 94 20 43 34 70 98 70 88 61 70 22 26 35 81 94 42 34 35 38 28 70 68 79 20 36 33 54 64 87 100 66 100 94 21 77 40 47 69 21 67 84 28 84 82 43 27 65 46 41 97 75 43 64 92 37 30 84 63 47 28 29 41 50 76 25];
BM=250;
CBM=0.500000;
CEM=0.800000;    