nBuses=126;
max_busses=122;
cap_B=[51 114 41 51 73 96 100 55 95 21 55 54 32 102 96 41 97 83 137 79 30 50 25 129 127 36 100 39 50 99 90 97 55 24 97 41 139 49 32 66 33 52 37 95 53 87 102 93 59 112 88 110 90 115 73 69 67 134 86 125 53 136 39 47 117 140 109 105 103 22 70 138 88 84 123 134 40 78 112 136 61 123 126 42 112 39 73 23 51 124 123 126 61 51 50 120 126 62 125 134 22 43 136 71 115 133 134 119 48 35 77 136 133 33 101 61 108 90 77 54 39 88 128 31 38 96];
euros_min_B=[14.328405865318055 10.899376165979243 12.819784659065178 4.184814316843402 8.117427951410194 1.8073616654668794 3.0496756286001707 13.834907876138727 5.431418697210064 4.127092946170108 13.708229405249574 12.1702490755482 13.370493360150986 3.259188962650443 14.682028530640842 5.889103502167588 6.537091490323176 5.75114819552367 14.751349103538507 1.714675031103348 8.89828226260068 10.876356806298228 1.9073239033409355 3.3490678359494828 11.960172793020236 7.279687201065007 1.4402523941273062 7.035215242277209 13.559906336107428 13.361680377691437 4.920277578526161 4.846539385494218 8.373641439990692 10.296598203738267 4.844151496191147 11.44037866575826 7.370680480040747 2.1063567024657353 5.226388191213354 8.107674857262777 13.827245604350109 14.827186513172096 13.872296806416282 5.2451976944463 1.854138624977253 5.025745573069717 4.124386558939749 14.835359177521822 10.178013341792424 2.2806959095264245 7.033730510842853 2.33649146987626 14.391944690606993 8.690269592077282 13.640238930449494 12.098404271431765 9.571688414431431 13.833919326286644 6.073520142244262 2.7746525384980307 12.211298700297434 4.63650941978058 12.520024986279752 11.552112953500359 2.554231908884411 2.76147825717573 12.850910461393537 11.150753421394754 14.027384015827918 1.969150318593678 7.577351533746047 13.523351990268893 2.0935044182651525 3.891948205119126 7.230918998399617 6.288200993364715 8.443948589863801 14.927373231992915 5.673680626024931 10.611243125374363 5.230907717576373 14.165250919031422 2.3499028807162174 10.245520737994413 3.144316346111463 3.351011595835029 1.3074942169030064 2.14098354068135 3.72767504756058 12.740985194096908 12.658057482724443 9.34704771745566 13.387843930891263 2.851724237904997 11.735838746458244 11.65768915891116 10.603251866539647 5.046358271563854 4.540511678403188 9.852187460719295 11.683888259961682 11.505614090651921 8.317753806082518 7.38837055301573 8.364983469279917 3.309161357206858 9.163152592510961 14.402425622987993 12.53762103363485 3.868333302780367 10.541724099744808 8.254045489702456 5.683517984267212 3.379824090135247 12.985095707231322 6.252775869319212 13.901836599564644 12.483496096179609 10.930327420186945 6.494103755584193 12.58390390161601 5.103158268585632 9.461434717477253 3.589922224126636 11.095226619894218 7.5849921308343085];
euros_km_B=[22.688457215916653 15.8438353088014 3.672391178948157 28.19578424325619 2.4571105990272724 12.374845522787526 6.492199400268257 26.63882750423762 13.744228761808065 8.563997315914978 10.001411860328899 28.34022296293874 24.163148483099274 5.4776998200413685 6.046540960687726 26.310299167496034 11.533489634698789 17.70576384478695 18.230889384765213 26.38672201406668 13.758843559151076 13.74621459296984 17.485010311760593 9.924384597759119 12.6628541057642 21.268334987466098 1.4755442010814734 15.766199592116998 8.059296551897045 14.232626060157585 27.247743534729114 21.29992561349553 11.62445604691997 3.2088473767960144 28.271603577242317 13.649052397933772 7.7750402853106095 12.09114712108529 28.463327736624578 5.921607906500739 15.073023956328925 27.781424892100038 16.03321540620947 29.77032012407518 6.281411318028495 4.18880508775625 5.689172820163419 3.7304068080000574 14.3350259406597 24.242467923665846 21.04817391117551 10.304029984730276 16.326167696444585 7.8150108163319425 28.9729861311829 25.019156335211168 8.725587753234368 23.300522590302922 23.695538856703052 3.0888487824217576 19.153824528646116 23.456568467164406 1.3808434852850846 11.46395839639754 27.6604849156437 14.410297078957477 17.914235323959897 21.14477127881445 12.425788789175261 26.27562056967798 3.3860535658766406 26.769547497545123 8.460418271479298 5.223592107725656 25.49916328491327 9.53691564126128 2.852382890103134 6.663655536526274 4.980720243454439 5.698133365395042 26.365278590587344 19.9656703824973 25.583610854440593 24.542112047183423 19.99992515339615 21.835360376447245 27.185690859060873 22.502900777031464 20.325898669358562 23.827637864148556 20.551829063772683 7.229720891654347 19.97411419343258 2.2434845018411886 9.637231811775232 13.435790306531675 18.844209199037913 14.687220250903156 21.420714019140505 24.568357954967645 2.732562103029845 27.134962063215244 8.867880188387932 24.277484020361996 22.740604088968638 18.146094128049267 19.854563602777723 23.258129358990566 22.742720610071665 11.648955868310377 4.463342022257928 22.62896342362939 27.82943200026033 8.536480209873828 3.451337339972505 17.188626286345126 24.1534108071065 15.615977562459493 17.549433527740018 28.122238272765202 29.928933601349534 29.701176494083924 15.108524368995491 17.468122901638868 19.888641817162828 13.559674472849565];


nDrivers=126;
max_D=[230 228 212 215 237 161 206 134 134 165 123 159 149 123 223 151 185 180 152 236 144 234 166 221 192 169 153 184 146 176 147 132 215 216 222 240 223 178 217 156 219 136 182 141 141 188 174 130 179 204 159 232 120 230 230 128 183 156 191 206 167 230 234 192 203 207 159 190 220 176 237 126 191 203 145 217 147 227 174 148 144 200 222 208 228 206 158 177 193 141 209 234 229 147 150 158 163 219 176 213 227 132 137 194 224 167 173 178 133 136 131 185 157 152 235 229 212 162 143 217 142 220 123 185 215 236];
        

nServices=131;
S_starting_time=[244 462 406 175 452 644 340 124 40 264 362 132 262 221 644 714 162 499 359 171 426 83 264 77 204 480 71 671 270 375 77 139 535 601 496 619 344 634 434 199 544 605 27 618 285 190 358 612 605 501 111 252 175 666 704 678 410 589 451 678 40 301 648 135 334 425 377 468 540 383 683 276 306 409 517 337 308 213 257 262 301 653 458 346 674 327 61 96 389 586 614 70 220 714 687 702 166 82 629 338 147 713 109 620 409 469 240 352 573 341 531 372 118 398 350 59 34 266 278 52 140 219 653 116 1 379 270 347 669 292 471];
duration_s_min=[68 112 102 114 102 71 109 106 71 78 117 114 65 76 87 100 69 113 75 89 109 115 98 120 63 116 72 93 70 71 87 86 80 75 102 83 97 115 84 93 116 106 83 113 88 112 100 89 60 85 73 63 66 102 80 66 72 92 90 106 90 90 99 110 120 61 96 118 116 69 113 80 79 95 78 100 108 72 77 118 100 91 77 89 105 78 87 61 81 61 96 87 62 102 64 105 97 92 115 100 93 72 120 120 74 71 115 62 112 73 116 74 88 98 105 74 109 79 62 81 92 87 78 120 103 91 71 116 108 95 85];
duration_s_km=[37 47 52 49 39 59 51 49 51 47 47 45 44 38 53 58 43 60 51 32 43 34 33 43 53 38 33 60 41 58 49 33 46 44 53 57 49 38 42 32 34 51 60 57 36 49 57 31 50 37 37 51 54 51 51 48 52 58 34 58 45 58 37 43 59 57 53 57 47 36 46 49 54 34 46 49 32 48 52 42 56 59 36 40 33 33 58 47 39 36 46 32 57 39 56 44 56 49 35 57 34 47 52 54 33 45 43 59 59 55 55 60 42 39 40 30 56 31 41 44 47 56 53 52 51 35 44 57 39 51 32];
num_passangers=[50 59 49 48 21 89 65 73 70 67 62 30 77 70 68 72 83 30 79 97 92 60 36 81 40 76 67 38 100 99 66 48 61 55 29 87 41 98 40 98 38 92 28 42 49 69 87 45 21 35 71 40 24 67 81 77 33 20 49 55 77 60 72 43 51 64 85 91 23 20 49 50 79 86 81 56 35 79 32 43 71 61 52 57 72 32 91 53 100 75 58 39 28 50 63 82 43 74 72 23 41 43 50 57 98 44 81 47 57 49 37 53 63 56 40 98 99 65 35 79 48 67 25 100 41 63 25 24 79 25 72];
BM=250;
CBM=0.500000;
CEM=0.800000;    