nBuses=102;
max_busses=96;
cap_B=[53 110 59 57 95 84 60 116 70 131 74 114 39 48 81 84 28 43 137 92 78 133 79 66 95 46 130 140 135 138 48 37 70 73 112 62 92 107 137 115 71 82 97 57 65 130 36 114 125 25 52 56 119 90 130 138 62 138 52 22 135 121 97 78 47 97 101 106 138 28 119 95 128 124 37 92 50 119 105 24 139 39 25 109 20 94 90 43 41 103 98 30 73 123 85 25 42 28 40 49 100 81];
euros_min_B=[6.73856173984558 3.8231294210935713 11.677819258559088 5.971036146143463 6.97682355511202 14.42966237676364 1.1661945950673551 4.861626564822773 1.5710181169752526 9.67129923028961 12.703202932562652 12.218334116691956 2.6454980808914366 13.400182788767676 12.522602068360865 7.299871360908149 11.79656363387276 13.386962573129015 12.287022291665316 8.510549090262497 3.0028871725768598 5.740053225463546 4.238232727502669 14.366855508511232 2.810936528287394 4.326119296051377 6.568869350562708 3.360128282534509 2.8012446072615145 7.42857557548248 6.002149995303931 8.52845156121148 14.278673100730607 4.253741425915953 13.115313999067887 9.296000546077698 4.773560205143581 8.499716586791362 6.803770439364461 6.079412897775651 12.28897864261867 8.866712758911303 8.686454580934498 4.620929713957206 13.33100182365988 4.64222396175339 8.39252597843138 8.929165719469486 4.822170437278854 11.166360782504935 1.1909655056064905 11.648642069405204 10.35788829843168 7.825605936167989 10.630295976711881 5.28079332747282 11.293716729329633 8.148508316202236 1.838696500522733 4.8512103049646145 7.073730962814901 2.3799423453268265 4.3389149463448 7.373018538958048 2.4774983617516266 1.799807148585943 2.6322462428078826 9.014371169796172 9.073200560405176 11.22860437679122 2.828842168658433 12.894129395386203 11.88547980357541 2.109358300043783 11.036791279726323 4.992987690932599 5.2161736705268344 14.19984478790062 6.045304440203552 3.764609897566652 10.803652457515161 2.6345364585688564 1.9284348444835064 12.423437435454957 7.803131675369865 13.052407759829437 4.574122583090245 14.554490654166708 2.3434927359245563 1.196456632883377 6.571463292795465 6.687881317258566 2.9346152818578375 3.779280347881932 2.172261924093133 14.671959542377714 3.108372486031575 7.772310912235197 1.4975405142703602 9.335095128693876 14.659681076983897 9.252528563431074];
euros_km_B=[5.4813725359643275 23.581840763450113 7.2139568817232185 22.028599561777988 14.167147876719929 10.395540439183534 10.54075294339306 26.666959053640223 2.9311856316763802 13.709182399215768 12.193270675706422 14.137043200486698 4.342980323272032 28.904925302296164 22.732697152359265 24.825457969364436 27.536997006196895 1.9607864609944303 25.278498737667718 27.05030281830824 26.71293232149865 2.562643148835069 11.059376516419572 13.020441789676118 8.81785590107779 22.901029092948825 23.870570177218312 5.52422674919906 12.439049290579575 15.723373555277824 28.98339940256396 26.697143506704823 9.178914500630633 13.912538321546073 28.62842618757543 4.190514789169325 10.53350529055436 2.2908971006836483 5.044143621807464 20.942344151640345 7.171621890204084 23.37376963813362 9.840974482667356 17.35132403965961 21.36230982158385 7.878553956310833 14.686200292999068 27.06047793961098 5.244000090070952 10.294639676806433 26.417769589948392 2.8155029218716576 10.285982919340018 7.9832749669197804 22.363462589534606 23.36738134195177 5.4974696274729835 1.8510437338579977 3.246963980730894 2.351008154909108 15.79628973466545 14.845487504210736 18.76714178857522 7.207861736748566 17.918497193693 21.145199053754805 6.751336856941817 28.550751661873743 26.576684139841415 13.289907082609085 6.233325242841101 13.435805584065912 27.954063929043752 19.79943576159628 28.23168534914972 16.54355771057392 6.139233381202181 5.780529845995127 2.1931922040288536 19.0927889876411 22.792714241338786 11.259814634336527 22.780718049434363 24.155549359255254 10.214192167261169 9.178448535662275 2.8398097082231946 10.76324061429537 15.981741668585139 29.764307643406116 29.28287750562588 4.001651612987232 15.268257414604875 26.457810166221726 9.841647593078411 17.736176508595765 24.750388895505672 5.690056613648946 25.63955022388743 16.757193747360436 25.356950337975622 17.09992850453658];


nDrivers=99;
max_D=[154 224 144 223 233 143 172 232 170 126 137 143 171 184 122 213 141 176 188 145 223 217 192 201 179 225 152 231 237 161 134 141 130 211 147 128 163 157 162 184 162 202 222 208 206 229 164 158 155 211 196 130 169 184 128 217 225 193 238 148 193 123 135 141 180 188 207 155 193 199 168 229 226 124 219 216 171 197 214 149 155 176 132 222 235 167 152 220 124 207 198 210 230 148 156 239 192 236 136];
        

nServices=103;
S_starting_time=[557 583 324 618 270 302 282 647 449 488 616 520 353 57 399 74 339 206 158 530 282 241 350 365 308 426 94 465 444 218 128 195 593 349 193 568 553 333 451 442 481 431 203 350 383 702 169 467 636 246 268 10 553 250 66 6 110 714 42 684 146 491 654 691 714 270 52 575 194 343 147 499 180 378 606 309 295 239 485 451 273 658 236 131 400 710 24 694 652 427 532 592 663 690 538 81 353 448 135 379 409 501 165];
duration_s_min=[112 61 93 78 74 96 80 89 80 110 63 91 98 94 104 95 114 105 99 73 79 83 108 85 93 120 68 93 86 90 68 69 80 70 92 92 87 117 111 89 91 72 111 73 111 88 101 70 81 89 65 83 101 76 97 93 88 111 66 92 65 112 66 82 65 69 84 68 62 103 72 114 84 94 97 95 77 111 95 70 116 111 72 66 113 112 66 88 97 70 86 61 120 63 117 74 91 109 70 67 69 80 92];
duration_s_km=[42 57 39 40 58 44 57 31 55 30 34 30 52 48 52 39 55 59 51 35 45 34 36 54 31 46 37 56 49 42 60 52 58 34 53 56 48 32 48 57 53 35 60 54 46 32 37 60 57 38 57 49 37 40 33 58 60 44 42 40 33 38 47 56 43 35 47 41 41 60 32 34 48 49 37 49 41 37 56 50 41 42 46 54 58 58 48 48 31 52 30 49 34 32 52 48 46 45 45 44 33 32 36];
num_passangers=[56 25 87 29 90 70 67 51 52 54 25 92 54 58 37 96 96 93 59 46 94 71 30 98 68 70 85 27 77 98 22 70 60 59 21 60 20 32 93 58 71 60 53 87 93 60 20 56 53 59 93 26 68 74 24 76 43 78 46 36 46 55 64 92 76 40 68 24 54 72 93 62 89 25 22 41 98 74 82 22 49 100 92 94 31 75 23 31 85 58 69 48 25 75 51 48 98 36 31 81 90 21 45];
BM=250;
CBM=0.500000;
CEM=0.800000;    