nBuses=71;
max_busses=69;
cap_B=[28 66 20 22 88 67 90 20 51 128 126 47 31 104 130 102 122 60 47 41 114 131 42 114 127 90 86 127 100 32 96 117 84 114 129 40 54 28 121 26 109 53 108 51 47 106 64 89 129 109 89 86 45 36 99 72 105 135 85 132 43 62 115 95 118 48 95 23 113 138 130];
euros_min_B=[1.2140000697445539 2.991910971295104 7.042436988618703 7.89388804732959 5.146640402102694 9.715806452508295 11.654779917382534 4.970235802925147 5.5574196085797976 8.047429590718124 14.003354943494676 6.236987329523425 2.8904349488328975 14.754444889978565 4.505008198568573 14.079031752578313 13.541808601458131 1.1334708330405128 1.0635956476172566 10.42529370384459 4.976708446630315 13.839003331041358 11.957781845532493 2.9252588750108006 10.008956485659645 9.863205208426685 12.529341878417517 14.887239629061655 3.662591897740206 11.361609327028974 14.51285388318001 13.794188916797001 4.094854476225969 12.559429041769079 2.1987275697464987 13.629007753353145 9.450748047365288 4.480862122765891 2.3974009679341686 8.483251641398788 2.2409270408624575 8.46206450582884 6.8729038836832155 10.335344415675687 11.906061122167415 4.359071791806875 10.487554381683205 2.533006597440578 7.886368350630111 14.708225050548524 11.625213092720534 14.807082546964242 3.1290669768089447 2.7016842208978336 11.279474585273247 7.346318713053265 10.783091144037419 8.311660975893169 1.2700983406241415 6.94401126049371 9.103939596258028 10.128348431691302 10.869384116076162 11.700206062361893 8.278381420270652 6.915651730320128 9.151235810781921 11.158360194098723 11.696975561792796 3.7064748920770496 7.322895860194638];
euros_km_B=[11.935763711515403 22.307599410875188 3.5371561454386957 26.158946780296358 8.64432628581052 23.9000118777291 14.68228621986013 23.534760293244453 25.880812369456283 18.89843592419841 19.33329101609318 7.956489006767692 25.332853956349087 6.283755062676496 1.482246226225632 17.330833396071238 23.694899514742268 3.9838333988981596 15.388095954128717 26.558057276346048 20.41233665988231 1.798484454389174 13.771324479769408 7.397706657732939 9.81845376990877 8.217112613247526 5.533445337112663 5.649059908643296 18.828346798644382 10.443799417125053 14.556183443316904 1.677944426932878 8.444204177376594 5.598995692637189 24.7768884455055 10.056119746592868 7.997308941793032 28.250740506015617 17.903392676375105 17.992291245155037 1.3057702641002693 12.031622276601716 17.47684351492674 7.132234912731515 25.008256467235967 4.282721227950956 25.024174314397087 9.768380159274312 13.4061026184622 26.774753581995803 5.667482517180404 21.29692670508936 19.220589098027776 27.18356003880592 1.1577675941477996 21.9018820288317 4.859541728241057 14.113631474224423 1.9764112632762412 8.05796043938707 3.5200289261655344 14.47428336168258 10.756634158664605 18.63380394292472 21.22855052800907 3.491100750770244 24.631451437404223 22.638902377569504 5.302842023402112 6.001290964089674 21.589618794401535];


nDrivers=69;
max_D=[135 142 188 152 206 176 143 233 171 121 195 176 121 186 139 223 164 214 206 209 194 225 125 229 130 166 218 180 168 141 150 167 232 168 225 148 221 168 186 165 162 126 196 145 163 187 210 151 146 159 132 200 228 213 133 149 141 148 151 228 185 191 229 129 214 198 206 184 221];
        

nServices=75;
S_starting_time=[629 607 544 654 75 526 56 188 712 398 413 265 457 118 234 365 63 628 366 506 597 10 648 565 479 486 80 227 332 110 429 715 131 539 630 196 135 296 666 38 500 421 226 385 674 122 585 256 446 595 286 667 641 47 463 337 367 487 468 548 538 620 418 641 109 347 533 452 245 718 48 111 221 382 581];
duration_s_min=[79 67 111 65 83 61 115 80 120 95 68 89 81 109 119 94 119 112 83 108 77 91 69 73 86 69 81 81 78 73 76 75 101 91 71 97 77 64 81 107 96 68 101 65 119 74 98 114 113 114 94 68 88 81 63 89 111 98 107 111 78 83 105 112 98 82 120 97 113 94 84 99 64 106 71];
duration_s_km=[44 59 46 60 32 58 32 48 59 45 60 50 41 33 51 55 54 45 48 45 59 58 57 35 58 37 34 43 39 56 58 33 42 33 46 58 55 33 31 48 56 45 56 37 37 55 52 38 34 33 45 59 38 56 40 32 39 50 46 49 59 45 30 39 60 49 44 35 60 58 60 34 43 37 44];
num_passangers=[49 38 46 71 22 83 57 31 65 30 62 38 76 69 64 92 99 71 70 34 75 55 30 46 31 31 37 50 55 38 35 38 79 93 35 31 28 77 66 83 65 55 63 71 50 58 87 34 74 36 75 54 76 77 55 25 40 27 74 78 61 30 66 88 61 21 84 62 20 71 48 89 30 94 25];
BM=250;
CBM=0.500000;
CEM=0.800000;    