nBuses=66;
max_busses=64;
cap_B=[23 115 92 118 64 134 81 132 76 131 118 80 126 55 38 65 88 39 55 46 29 111 41 138 51 74 87 69 68 108 104 50 35 61 98 87 97 94 81 78 130 66 93 96 101 107 100 81 80 22 30 125 140 120 114 73 100 140 139 127 48 100 60 128 90 44];
euros_min_B=[5.210564398175773 2.6130162341950847 9.499366023631518 11.95091802356187 12.01521675092215 8.972296390719073 2.8491979069378432 6.913771262690722 7.617728359115185 4.409044452196616 12.610505576274345 1.1690492817783427 14.70567012647841 12.771504731189166 13.607197896502214 2.488872562911202 8.828147536626592 1.078605755049694 9.652676820217794 2.165249646562952 4.023671879979264 12.602341761715113 3.0219987355431766 2.439271212028266 7.122680925596059 3.4371982192648822 2.3994009875665023 9.009176786929162 1.1345696460013162 13.388319814631672 14.472937300239199 3.6138119043798347 14.373059399303509 12.574788416039828 2.4419939219316014 10.274530607422932 1.4953305041421405 5.10241007210432 5.42146708852842 4.88835784392887 6.290522329476684 3.6399626741173776 12.149610409225918 4.598338610828945 10.3567137440646 3.8278437347580745 13.544151779010273 11.643739861780196 13.047773396717599 11.690428199923607 6.825459633110551 5.998882717716873 12.842815615456866 2.7078301720768576 10.850068907887314 2.981119803210931 7.381796939597781 7.523567455233045 6.1201714884324705 6.268050003192995 13.080684895938802 8.858324199118119 8.393376255298776 14.317079794566315 6.300245974296554 12.119098246119762];
euros_km_B=[1.743506513568585 8.43907347035086 19.001038879887393 15.310930425771526 15.016315509308477 20.66348326592626 26.803697307435133 19.039281264047553 17.969151442385723 6.61538487389685 5.569831670228814 28.60158388218636 2.976955889781147 7.6816740696195325 29.797954099406194 18.658680614247064 1.9333001100689304 14.173967915982562 20.76274421736209 15.18957263988982 11.846656927569795 19.382702539144578 16.081349583498394 11.260292474122659 1.0654737478983476 1.0943446031229822 22.82498367570781 19.13121526172191 6.789536894264648 24.28441751837958 14.009322126617189 26.12154415121555 8.616658389697958 23.416958377615618 17.931032014890775 23.413497499549173 21.282922568433666 4.416267719560843 23.31738188975015 25.993549317321545 13.35109738748952 11.63379288206527 11.658908323793572 18.459727476811654 23.7183409343671 18.807389934618467 14.310161273984116 2.9889019177123974 19.159034949546623 12.052534925826878 24.65999746928968 3.6916615462194313 1.5357342693703977 20.871834389674138 1.1444211446955013 1.375610532395256 4.267334305972177 1.5852691510888761 1.7531355722404567 24.223455708855564 17.46693123870552 5.8783727831116845 28.502245210293577 28.451510940989262 17.23815899879894 10.27032240590774];


nDrivers=66;
max_D=[204 216 143 124 162 135 215 238 195 228 171 164 126 233 231 168 195 223 215 237 142 213 154 237 217 131 225 167 240 237 212 174 229 138 125 158 203 207 201 134 222 143 201 195 152 194 192 219 219 144 202 179 188 164 220 156 221 148 188 190 181 178 156 172 134 159];
        

nServices=70;
S_starting_time=[358 687 309 147 548 384 676 119 219 336 204 278 92 359 366 227 191 157 520 489 169 440 369 307 577 675 297 216 82 544 349 280 630 89 296 445 678 563 72 22 631 586 114 365 719 202 381 115 250 426 479 697 437 381 620 438 144 456 235 569 57 155 383 564 242 191 378 671 605 40];
duration_s_min=[111 116 65 118 63 88 110 107 71 95 106 68 69 68 94 107 73 92 75 103 118 95 67 110 60 71 111 69 105 72 70 93 77 89 68 88 86 74 74 69 96 108 97 66 107 66 101 83 79 93 79 89 68 68 86 75 65 77 79 71 63 112 107 79 109 88 78 106 82 71];
duration_s_km=[47 55 43 33 30 48 41 36 48 35 48 35 53 52 56 32 54 49 40 56 59 30 32 30 48 45 49 41 49 51 58 35 41 56 38 46 51 55 42 55 30 60 51 30 47 30 48 33 52 31 59 31 49 30 55 46 49 39 47 33 46 45 42 31 53 54 34 56 41 30];
num_passangers=[79 80 90 41 53 68 75 38 37 75 79 32 81 50 85 87 68 35 82 71 25 26 70 55 77 80 42 89 41 81 36 21 73 87 92 87 68 100 65 64 58 63 60 78 99 20 100 42 22 28 65 27 92 39 57 98 46 25 68 63 80 71 98 55 50 80 84 95 25 38];
BM=250;
CBM=0.500000;
CEM=0.800000;    