nBuses=124;
max_busses=120;
cap_B=[80 61 108 74 94 34 137 70 119 75 98 70 67 69 109 78 82 107 61 84 30 124 125 22 105 40 40 39 98 120 115 125 119 133 22 128 113 117 97 80 135 74 23 33 52 62 43 44 31 38 42 115 100 139 91 137 78 112 74 72 84 20 100 36 111 130 77 23 83 36 119 76 132 67 85 104 103 29 105 34 94 127 53 140 102 38 94 35 130 59 85 26 21 27 79 90 41 22 48 34 31 112 34 88 140 31 27 63 53 62 43 31 123 78 140 67 85 69 83 74 112 27 45 62];
euros_min_B=[3.6763598629979803 6.229312193395151 2.3140221673970895 7.158630934166128 8.163482083866022 3.661746481795876 14.308477813374049 14.537681660707621 9.413608446892948 4.5485228088203975 5.701825610885509 9.450683351822843 11.690877044283457 5.49805773179519 10.388576041358231 5.28960375158297 7.571270772165182 8.500875245635472 9.882948861789298 11.236296897949671 13.951799962386156 14.755569341266856 10.348186147946747 4.089059504160669 14.156857960882563 8.425113188292077 4.350083188285526 14.342060382077582 10.326356828317325 6.238872633091126 14.832973144821247 7.1359169402726135 6.747462881726653 6.898837496584414 14.123397435647682 6.893260609116229 14.4116353165425 6.45212077996751 1.5542346871836266 4.908327878902724 12.802335174253667 8.255231401923428 14.850212058358636 13.05045538750094 3.756489538012539 13.254799925116037 7.195704552091091 1.7936429643471408 11.186346781004003 12.184844473377233 13.531320259747085 6.974483261371365 9.7496919767923 12.438773293917183 9.937268962487554 8.155764524374089 1.6662089307648067 11.554725117179004 7.13373740496918 1.7027662406096846 12.349487522249415 12.089137241165705 5.8961833583899725 8.71697176492356 10.142439445172597 7.4512358055242585 9.671942695741762 12.93733138128442 8.934338135098862 12.858300352800788 12.95124072777714 1.710408536667634 10.326452472751091 6.288291108901606 6.031575703087643 7.450248901040675 11.980285929614059 2.4980294349488923 5.176473855694883 9.34524068911876 14.422121264370906 12.816255301377375 3.187622411359154 5.409885585560577 1.5723638659557528 1.1233191439107015 5.074798730623079 9.60114820288391 10.617382363843344 4.504283504925205 3.3535796713527137 2.561354709831564 11.971238714641522 9.742875972347694 12.561112323333045 1.179560204906944 1.1663052790099249 13.895472525850636 11.56589297682011 5.500111034684742 8.303176025781038 12.586905344047974 9.227828301373455 12.327910894996421 6.618612080023795 2.0230694031025616 8.919134324021147 3.0917031829318127 3.707668790407456 2.5918919063811567 4.542641735228378 1.7924680398470678 13.13564110125394 7.368814912084029 10.350978137346402 4.659257568103523 14.882383416221648 13.97074493227461 1.6558202072077213 4.832421563752893 10.09857219374691 6.27957393590579 10.0928814255676 14.949845621648567];
euros_km_B=[1.0959741153841598 21.86583821367319 18.245550201127543 28.95855556592903 11.316740858527549 22.28560090682051 9.19234577597 4.24167180111389 3.055740896501601 21.949325173738593 24.389245870027306 10.364722041514275 25.473773968327407 1.8132520189583736 14.441048437960212 4.54906568282399 22.6741750114522 9.28475069676917 5.3301287690013535 6.77420125480789 10.086126687029346 24.167409995051532 24.690390061063496 15.088483017610956 23.98677121083391 8.029304492017081 3.310092664429887 21.747007855285847 18.168281410861557 12.810723837477124 28.182309055022788 17.321723749342393 9.945467624086202 1.5541663123539338 21.37664663061789 10.676200546938006 24.82873628499643 16.34076376301153 11.304094058117432 2.0142531161849373 29.053556402615186 25.350707912746508 12.649010781748945 19.76997249577496 7.597894880710336 23.399561655248885 3.581248198253342 5.903291269242329 6.4235238477747645 1.927303992690478 3.2089133439439994 5.041649405424256 7.028768760772987 8.009826403694518 23.718322820099246 13.905233904393652 24.679541466723094 1.0611836409013788 14.719309032054088 29.607887835545547 3.584370354601896 17.52492863181992 24.51435222730439 20.834849642673102 16.05643513784058 9.277003819140228 4.403299489569806 13.554972159832335 12.87209191523151 11.505743455773253 3.037597335245656 26.829510735397267 9.832639665585756 21.55548470225403 23.435409653017622 29.91043666847102 16.579638322001053 5.146258098675739 13.581212463878291 21.506937444578234 10.339690239713693 8.382518604598786 11.07585391435237 29.803522249376474 9.496679479692416 20.777614503489612 15.78354251020074 10.322443025840506 19.864122952031316 12.62077328734087 25.84955486205162 21.832272524890257 4.300565148010605 8.405199756715847 13.492317858485825 9.552370059668808 22.591643593916007 18.325168899367632 14.41679056316931 11.398090491795662 10.713260591710226 7.370768707696789 19.4139028779669 17.023995221610484 26.994807133296394 3.9421769039780408 19.283003836174 11.674463932748813 5.264492375159303 7.258551590489222 1.0869929925959305 22.819505184193638 3.946740923711122 14.03744847225929 18.632560878719456 19.219359791821223 13.901744694610251 22.088000017875828 5.6848210284976455 26.053770110181386 24.199846784772546 9.465550002515092 29.141461458198467 1.3351873421630533];


nDrivers=127;
max_D=[204 223 151 127 142 125 233 198 184 197 222 137 147 206 174 139 175 168 137 214 161 190 225 158 216 188 224 137 221 133 222 231 143 167 132 195 201 185 158 216 129 191 175 228 141 135 179 164 181 129 205 150 237 124 136 192 139 161 136 188 193 187 200 192 240 224 171 226 149 138 162 207 207 210 191 197 216 231 230 125 211 132 228 161 152 211 180 230 219 197 188 209 196 212 203 213 184 159 154 120 237 187 202 196 131 145 152 180 175 230 186 137 199 133 222 206 186 198 203 133 209 212 143 148 158 220 237];
        

nServices=129;
S_starting_time=[21 678 334 456 669 64 245 222 2 139 10 120 315 586 553 85 657 706 599 678 645 450 139 263 490 391 224 533 413 530 277 266 266 539 62 115 522 541 484 43 63 283 454 379 523 366 382 210 175 168 189 131 105 43 326 178 1 73 78 229 122 445 55 707 218 700 416 30 576 282 333 348 269 367 384 606 651 81 671 309 697 523 641 557 100 708 277 13 382 235 167 190 77 564 279 208 627 615 119 118 693 634 223 517 649 233 74 406 149 586 95 331 253 283 516 514 216 46 446 407 598 452 584 268 49 541 650 48 447];
duration_s_min=[105 60 111 110 82 74 119 109 94 62 110 113 114 74 83 88 113 94 60 115 95 109 92 107 72 115 107 112 97 83 62 98 84 116 96 72 116 119 61 79 92 87 71 110 76 69 94 103 62 106 89 109 63 101 92 64 72 110 87 101 68 82 64 95 87 114 85 82 83 86 68 80 102 106 86 103 84 83 120 82 110 62 74 83 102 92 88 105 67 110 72 117 94 108 74 103 92 68 90 91 101 69 92 107 109 118 104 99 99 74 102 98 103 70 91 104 79 104 77 100 77 88 71 64 97 114 104 87 118];
duration_s_km=[44 38 36 36 48 53 60 47 30 48 34 52 32 58 43 51 58 32 45 53 44 31 50 59 43 44 34 58 43 41 48 36 58 49 45 52 59 37 53 30 31 46 35 59 35 40 45 35 49 49 53 39 48 50 42 39 31 43 44 59 60 31 50 54 40 48 45 43 57 44 55 33 44 35 54 48 47 35 32 32 43 30 36 52 41 57 30 54 44 55 37 38 58 58 57 34 37 39 32 48 33 33 37 52 59 49 39 54 49 41 59 34 33 36 52 45 42 58 54 34 52 44 44 45 45 43 34 47 31];
num_passangers=[63 63 46 93 48 78 23 68 76 87 21 74 62 93 85 46 97 36 69 80 34 43 91 42 59 55 36 42 63 68 40 90 79 71 27 88 47 32 25 79 64 79 58 45 23 21 37 93 61 77 51 22 92 56 84 70 92 63 64 50 53 94 51 71 93 74 75 27 21 41 79 97 69 68 85 20 55 90 70 89 52 53 20 91 39 24 59 92 60 83 31 27 84 78 53 28 75 72 98 32 41 96 51 64 25 92 93 26 97 96 68 33 92 86 34 75 54 80 34 81 94 92 45 77 99 69 86 48 24];
BM=250;
CBM=0.500000;
CEM=0.800000;    