nBuses=134;
max_busses=134;
cap_B=[85 86 67 22 105 112 120 100 126 102 79 87 76 107 30 138 21 82 126 27 56 127 57 99 102 90 109 44 73 41 137 50 118 23 131 136 70 87 24 65 24 65 117 84 133 81 87 131 56 50 78 100 84 127 60 82 129 82 29 134 56 98 102 41 51 23 72 88 93 79 125 107 70 30 58 39 96 47 102 86 38 111 68 78 44 119 69 130 94 137 115 138 110 26 124 46 80 50 77 88 119 96 108 123 83 101 22 62 42 31 22 69 22 106 75 20 72 48 31 129 44 29 115 127 36 74 20 135 82 69 83 135 55 57];
euros_min_B=[6.91109364818249 12.634081724044497 7.559350554446958 8.363444557086684 7.185646190579474 11.251980025761814 2.1672816235376127 6.386055411827921 2.852098306507215 1.7386253442043629 4.749914429979724 6.802845861939264 3.744611955137212 11.663885759307005 10.595436342380758 8.440253030950618 3.558390889660603 6.309854298036315 3.946618788769645 10.483422897326635 4.881787422095184 5.611138508188291 3.941680673466022 7.256063141396057 14.931179424947857 1.8370972020550782 11.576261005235672 7.032416705357464 7.312054941484503 13.596068439787 13.773427921335351 4.841618457867692 13.986229860786398 9.520570028310836 6.290742454632457 5.00756706153544 14.088955253717778 10.82514689293749 13.97372759195154 9.631901049474825 8.614447525598312 7.102430158157643 9.252257769756051 7.069819826502931 7.351296763487353 10.382303432909971 8.637441287011542 7.772799851821532 5.516828640550624 3.529990768629032 3.5968997142980674 3.6336009840342856 6.631633057358741 10.404718480019609 2.6873986861970933 11.1701781670676 3.4295451469783393 2.486024789973628 11.57138101687405 6.7230935018069955 14.043014535093288 11.19329610461509 3.957270687401663 1.983594471610908 6.40358562814888 7.563553014853311 8.767006081998556 5.2266796566388125 9.27746881159175 14.121242880587994 13.831391876470198 4.87311192833406 3.4279359335257418 12.236400444295382 1.2419988999799811 8.247811263989512 8.626184478283271 3.186021698583036 13.76937551047729 9.815728087536634 7.745351990368449 14.808339582135865 6.2959100756894415 10.013471197699134 7.658445580642138 4.901380364015158 14.216986321851945 11.342828902454231 8.881510951740669 7.472816390434836 10.641456878795747 8.70760487379444 12.103603334439692 6.85158494199731 11.761181406363251 11.596301701300067 4.121824069043138 11.246872946317133 8.562415799377208 12.87680134063442 10.943563274908168 12.72502671704293 10.726083236153833 14.194885907546688 6.763527485477155 11.849491894287418 4.415349039281776 5.772096154785937 12.344844619418673 13.504505646369113 9.70156213396401 5.3243139332487575 11.054933236827846 13.393695521334507 7.368395911916265 11.3149882289747 10.423324365327499 3.2218953914252935 5.9791484510496336 10.86457393383858 2.834123200551976 9.58517494269853 6.343806625806097 14.229222835458444 8.661355679543316 13.572818995058704 7.8180362788764945 11.419635168635198 12.956764155210198 1.5965852891978214 13.758656879738353 3.798332163716097 12.483221692920933 7.458130164123656];
euros_km_B=[4.587143983468058 19.403759927100534 19.145529210143206 25.444121445160448 6.089574541085885 24.58116805749557 21.68262460737292 7.470686307843758 18.60066370702556 25.147205125572405 7.110179076667394 16.62460703695627 19.553688038944177 15.379235167069268 5.283568003449744 2.0708009384946138 21.98463594578555 15.759721691572544 11.641144220685918 10.559171532713833 4.054593506170695 10.97583663244903 12.598004113179714 2.520939621057319 7.34615450453842 14.603057995691767 17.68672510924424 9.207990901025093 3.970915151809164 17.319844476015266 6.9509903846166985 24.41018689676945 20.105574119717744 17.745253570229004 7.5577415671483195 8.1910079217699 19.353136378491445 7.404936125498246 25.12258077993821 7.562861695012861 10.402777170525741 13.718399086655005 23.211041791175546 8.080734022920183 26.23387036401789 28.332621538576703 25.48097532898819 9.443883290294002 7.7009010896504 28.64338225910506 12.651719476597357 21.713260940716303 6.090241500175247 23.026192872986833 22.119683366157574 13.320406200342042 13.285306455885024 7.44741971921047 3.044113933998321 20.31252116155215 7.05167485612637 10.644785086107458 10.394598509981519 28.119773949788225 16.83322294748227 22.23880987693998 10.169517729477882 4.062518964661466 27.93421927992145 26.876628950989428 5.780440618495938 1.6852314162280806 11.7205996278632 17.07219813308382 9.334886480669567 27.95160012764508 18.491709849364277 26.617500787719052 29.266480387819737 11.226476815927926 29.175820062097735 28.572380935131278 18.17948854072891 22.80805780686183 24.0475774549935 21.0736350795813 4.335735457136363 6.1668541330107605 26.919180601697626 13.429493236764724 12.167103890759325 19.304025186549094 28.429249020952174 23.254171973952044 9.347493482483213 14.158194985251468 14.313206640008541 3.4231442032525843 5.495097770670348 15.409534574890785 14.932756460472842 22.73873078283867 15.988023986181316 10.363775755642783 4.608355591408436 5.805616472033961 21.8662616420791 13.908086385729552 9.524928282439173 3.6522729817682644 25.779511606744883 14.14812909312539 20.725579837345222 17.50205840072056 19.557509284689537 8.622639892308392 6.738921517609649 20.433312322017084 6.812960770656405 21.52688765546602 18.01749815445253 4.378940398089041 13.750924103206456 13.276943218871299 2.1165718554806614 9.282567643557831 8.379897747141907 29.17340831519411 25.039793060195972 1.6198303822897082 26.675325680911264 6.9376800980728275 26.158168670617634 21.601889625435767];


nDrivers=130;
max_D=[188 240 149 161 121 159 132 171 207 186 170 132 144 138 183 175 130 191 166 227 138 187 211 165 219 132 187 158 172 138 207 178 128 150 171 223 237 181 143 145 239 202 208 164 181 133 178 140 188 173 178 178 233 156 139 230 201 235 227 225 189 121 200 239 136 140 216 129 219 213 198 192 235 207 182 219 163 234 237 149 142 185 132 170 239 125 205 205 132 215 206 159 170 120 205 150 174 127 224 222 160 213 159 169 224 171 157 161 168 177 148 180 180 191 196 130 189 202 151 202 185 212 184 227 154 232 190 126 205 205];
        

nServices=137;
S_starting_time=[564 681 326 555 498 343 714 265 253 693 257 616 574 109 502 95 184 326 200 430 660 365 416 245 272 341 431 166 605 508 499 695 519 266 476 59 624 381 257 161 390 228 455 375 81 79 503 59 207 326 709 425 268 288 145 252 637 15 660 669 1 310 273 16 467 639 150 158 624 272 426 661 581 142 65 129 375 155 97 288 308 430 657 188 642 18 185 288 336 689 340 371 493 572 170 11 164 609 96 689 667 371 594 416 67 519 425 617 365 68 581 307 73 55 274 616 351 189 348 2 389 686 236 185 161 324 412 436 588 56 278 283 700 40 584 7 578];
duration_s_min=[75 89 110 120 114 76 118 104 68 107 101 66 93 101 105 90 75 93 93 94 77 99 66 80 99 106 71 97 94 69 107 116 115 119 81 89 90 72 113 106 79 112 91 70 108 64 96 103 101 110 75 80 118 82 81 81 95 90 68 77 64 116 69 64 119 117 100 70 79 100 78 80 96 104 71 67 114 88 79 80 64 118 83 67 76 120 61 113 72 70 67 86 91 72 113 80 89 107 113 85 80 97 73 86 78 75 99 60 103 65 72 77 71 97 65 118 68 115 64 70 120 107 102 115 96 82 109 107 75 110 99 77 100 102 105 64 101];
duration_s_km=[30 60 59 59 50 48 60 38 60 38 30 42 40 34 45 44 51 44 44 49 41 55 38 60 57 40 43 44 42 60 31 50 52 44 59 46 39 33 33 33 58 60 45 60 34 36 30 42 30 50 49 48 48 49 30 50 51 36 34 34 44 48 56 50 51 52 45 44 33 37 32 47 34 54 55 57 32 40 41 34 55 43 57 52 46 38 48 39 37 47 54 44 44 59 40 37 48 55 41 40 39 56 58 39 42 49 36 30 43 44 48 31 55 32 59 54 36 57 52 51 42 36 36 39 45 33 55 30 31 54 42 41 33 33 52 55 34];
num_passangers=[48 57 92 53 66 21 69 99 25 31 79 28 28 94 59 33 81 99 100 31 93 83 82 34 42 33 52 90 93 27 81 90 21 64 59 47 32 57 47 79 20 28 82 74 46 53 41 64 62 94 88 48 25 87 84 79 49 42 65 99 100 93 25 40 96 73 85 23 43 85 73 54 23 84 95 78 97 73 58 62 68 41 30 74 25 83 68 29 35 97 72 30 32 54 97 58 48 47 39 71 34 51 97 49 86 80 33 64 79 54 38 44 48 29 47 70 98 90 24 71 54 56 96 40 57 25 68 26 94 63 75 62 55 93 98 69 62];
BM=250;
CBM=0.500000;
CEM=0.800000;    