nBuses=132;
max_busses=136;
cap_B=[38 72 73 24 97 31 69 58 112 76 87 83 36 34 99 23 39 53 28 72 63 45 55 95 24 139 53 120 135 64 58 40 118 118 78 116 114 41 120 43 41 109 75 57 70 89 133 115 129 36 69 124 78 67 125 22 51 111 107 59 66 121 63 99 76 72 139 133 99 36 96 77 117 112 37 107 90 101 37 36 28 85 93 57 96 126 94 110 71 51 123 124 24 64 98 56 118 89 51 56 87 29 46 28 139 44 40 114 101 125 43 116 38 96 40 98 46 119 140 136 107 124 41 84 134 55 47 48 121 86 108 133];
euros_min_B=[14.966532042695743 8.205132930185737 3.067146866324907 1.387093530364508 8.120432285920067 2.758170460353649 1.3939534920115317 5.5751917827173845 13.275033894601536 4.305097234045876 8.050770326802645 13.224748750484126 9.988001450916864 4.583618157543892 9.743232099044974 5.546795816790703 14.23812059145724 4.9310690630936325 11.423841914793742 8.752611106215248 4.83638559920366 2.7494713109887754 5.779608632347188 9.982014109483742 4.876751736280539 3.636581437303775 1.2781847445022525 2.0183200018919756 10.553104068851448 11.509202697350139 1.1185041357358345 1.3010016896821157 8.344267676252626 4.919367410795994 7.675482979122029 11.91037935900843 3.5375688826881206 8.086122158383526 9.613274864575633 9.944535424176502 14.157460609537097 5.90479195943538 11.687742372473185 13.611578545730708 10.82217382906618 1.9270989322167669 12.076912162265854 2.190725145355368 13.982913148620925 5.760936945983532 6.162348756586772 4.661134687088103 14.929828721460494 12.695598813588635 12.942056663152462 12.497721537234257 11.079189577712844 10.53551433642526 9.66701644466138 4.552750458320909 8.617041114276349 10.027582052963387 9.38136213518667 8.53075459552277 11.299327403313178 12.508937784045436 3.7812461329633624 14.976988560571133 1.7462585032444027 13.83907124401062 11.693305678796666 12.907368682601028 12.483400790377102 1.429125216163464 8.19758531864035 4.572189377947311 14.461605952224541 9.282432286045003 10.960038075294516 14.598847515904774 8.336876068398174 6.766146968618814 5.118039249607135 5.173061033364549 9.247511040864897 1.251549994942844 9.463328090358738 3.2800141684024235 5.980283795143077 3.144738893153934 2.4743832519558904 5.66744408618524 14.416457047923446 10.701256458085611 8.421262636031274 6.869216894484009 8.942291058227498 13.672433710299387 7.1452063108157855 13.339804178794484 13.414751606592588 13.841076654391296 7.970202597812204 8.498066455881597 14.719581621307242 6.568335239877482 4.8438924688151435 14.723799011675519 7.68654240404467 6.193717818630598 14.743774879850314 4.868905899983523 9.502395620360002 8.739994457147791 14.015774467526247 7.415988194046174 8.59041034135646 11.351158021645205 4.041907322651628 4.8443268729536895 8.779412242250041 4.994156454940958 5.23679970763347 14.682235607003019 8.064244104015964 8.416921861525072 3.9887139785909627 3.006784518318943 5.256419074806952 11.17898054901403 9.51346953549796 9.491229595787017];
euros_km_B=[16.046394526521297 5.919569555595039 10.693230724236246 20.581301614077688 21.07014921044782 3.909438288147298 24.06487772375459 11.720500742197256 13.84347464427779 8.21699220722373 20.02640165072616 14.835839209121968 4.750680372437528 29.545196773365685 22.556491056510335 12.734769559569298 8.57592718715458 14.454873615195892 8.5252040791674 18.989324841257258 27.62583762623275 16.203438261789195 25.79591882856015 15.168311773040905 25.09001547261965 1.2182729294839567 17.964279431927082 23.7249975941948 13.202416713116383 2.2121227397250403 1.3619611275176702 23.681170142636596 6.533333706666802 12.941658815415307 10.152909830556599 12.368096182022656 27.71814270773903 18.539479553892257 29.561576897580096 22.343174130551684 20.060673357622864 22.73222792125316 19.233586781673317 6.353031250202712 12.43942198950229 1.9590146478098767 8.763334734858823 19.91142913922398 17.794099606681435 8.268520229958762 21.83833462119722 5.942057737127994 6.130571221605893 25.178128023239417 24.650122846660434 11.456343296575385 11.851467516904599 11.803644801321072 29.17038235014546 18.48015303603095 12.589737781892307 11.074350688969337 23.4021305901694 15.505350182224616 11.196392257116221 29.346785431015885 3.529651064430581 22.163018558027034 14.530591375468338 9.888141254810435 16.541729347423285 22.59538102128682 14.895810640973828 28.090240052679672 19.0621415042957 25.613014190799447 25.598532582559937 14.800104373445372 12.226435930499939 7.372044398837103 26.617217795273135 26.99876997243745 9.968511335056995 12.25288343282344 22.71383809052878 11.059437852238366 23.36440159407523 3.848712016852027 5.853554213420343 11.329098463926433 5.165179402746907 12.249278382954632 16.12057390033889 8.281783182917753 1.1811313496204643 20.164070985941 21.88050771357014 6.13260972563573 3.5546042309085157 10.064283994735593 14.206292372275525 22.486924722888094 27.714685712549386 17.588696056781266 24.602049688290478 1.0167851708801976 22.68302312272676 27.29885620974432 12.650670200275076 3.891868026887107 15.717784759097267 24.783895113194408 12.17943289994302 14.320133172427589 21.8203392560409 28.27081204466806 15.387933763282351 15.150543881403427 12.493317443275611 19.518049565747592 22.475402059811515 6.70975332915532 13.4635399221864 27.77676240534855 21.127955869399358 7.488184643836234 14.786175840662041 19.51304644417567 8.51507743315966 15.980449790889168 21.293365338966378 15.162898815391678];


nDrivers=135;
max_D=[199 120 164 130 222 192 209 228 140 130 193 135 154 184 162 157 153 151 227 209 134 189 192 234 223 210 135 121 238 226 158 143 166 141 187 152 238 206 184 174 228 160 190 215 133 128 224 127 139 172 150 153 171 156 189 188 122 120 163 147 120 185 235 132 203 200 233 139 150 238 146 156 166 206 222 211 203 211 128 187 216 201 209 239 209 237 168 134 146 124 159 234 225 197 187 184 129 223 170 166 193 136 177 221 196 149 129 166 178 139 126 162 217 175 205 129 231 193 216 182 189 168 150 132 180 226 143 218 162 219 140 198 161 240 124];
        

nServices=138;
S_starting_time=[538 325 718 357 597 561 25 614 197 714 156 15 302 540 294 12 341 129 533 133 320 519 522 498 599 624 514 356 396 280 702 488 602 520 615 253 564 252 508 533 353 653 447 657 402 203 716 605 146 617 663 319 635 351 415 211 5 38 186 40 310 309 187 274 254 666 565 251 392 499 385 394 78 144 654 40 329 682 56 273 231 270 500 589 120 165 462 365 422 100 531 384 124 526 711 340 614 580 667 372 630 100 520 312 587 513 107 284 654 28 392 272 529 587 521 281 366 310 473 221 241 503 720 13 611 319 473 276 231 377 79 368 442 544 371 462 567 63];
duration_s_min=[80 119 77 105 100 108 106 75 120 71 107 74 77 72 71 115 78 113 72 61 118 63 81 110 98 70 74 62 74 74 70 71 108 66 82 79 108 116 107 97 90 88 61 101 105 101 111 102 79 62 75 84 115 100 116 108 90 120 91 77 84 99 64 90 102 112 118 112 96 98 102 98 70 74 70 83 68 80 65 115 89 75 74 61 78 120 94 65 98 87 63 95 69 64 78 69 79 96 65 95 114 70 97 101 107 103 85 87 80 71 88 106 63 90 105 116 81 114 88 72 98 74 83 80 87 77 88 114 88 106 63 94 100 106 120 77 91 71];
duration_s_km=[47 48 39 32 60 47 40 48 40 58 41 46 31 54 45 50 32 53 42 34 36 44 44 55 37 49 49 43 48 33 30 43 35 47 45 46 55 42 53 32 51 45 55 45 53 55 48 55 45 34 45 49 50 36 59 31 60 33 48 48 34 47 40 49 32 44 36 48 35 48 58 45 33 35 37 39 56 34 48 57 34 51 38 38 42 57 31 33 51 52 37 58 33 36 49 43 33 50 57 34 60 53 44 46 43 38 55 57 54 58 51 54 44 30 49 56 36 43 58 41 56 59 31 41 55 36 33 58 37 57 30 46 35 45 46 40 44 47];
num_passangers=[95 80 21 71 88 73 50 88 54 71 31 51 48 67 99 28 84 89 39 69 31 33 42 26 41 75 20 52 76 59 68 68 44 98 76 48 82 62 32 55 86 76 34 40 42 65 100 29 30 83 74 57 42 69 32 86 100 57 52 76 70 63 69 29 45 56 98 44 31 98 41 21 82 39 43 100 42 80 75 60 82 30 66 26 67 92 61 32 47 52 46 36 93 79 58 94 39 35 31 59 67 99 37 62 60 75 75 61 21 59 58 60 78 32 21 71 22 100 51 43 30 92 74 58 95 90 56 23 37 58 29 91 63 85 51 74 44 99];
BM=250;
CBM=0.500000;
CEM=0.800000;    