nBuses=66;
max_busses=65;
cap_B=[92 123 52 87 93 106 107 124 140 27 93 110 86 108 79 50 70 84 86 84 39 91 52 58 87 24 114 63 107 85 75 83 140 59 62 96 37 35 64 73 52 114 60 116 41 102 63 138 109 51 126 123 88 103 102 80 131 128 96 80 125 112 108 83 84 99];
euros_min_B=[10.059570119815593 6.396900030896196 9.394504471426455 2.29571042763767 1.1851521297019154 14.253560740822367 13.235185343372995 7.54866850738011 14.704548721841617 8.971840873373957 12.82841791353295 12.168754246850419 4.32679776209734 2.034847722976285 6.515529743020791 12.641213412172851 2.2324899710488655 14.158301825914233 11.01728328725644 3.213636760112845 3.2778864733438944 4.809640785754151 13.4824249222854 5.11088613768992 1.4488235354220715 8.65253823689843 3.646434616304649 2.806628304179962 2.135081551606725 6.147330771969089 3.696864576804266 13.427374343955284 1.701126092432538 8.678317294775615 14.02484160842989 3.7266459728716486 1.515478103383879 8.877298812831919 6.254025977005086 13.897460846715544 9.664317614234601 9.525914593037044 2.0820620270181682 13.597758682159876 13.26138272903637 1.722862482813893 11.27631267682814 10.008760377387883 11.61676672687857 13.857469569090249 12.378086846359361 11.575713095211992 9.617040720863525 2.5159094126404224 13.939398314068832 9.419715928727458 12.930166341323572 8.627079986545846 2.784688107159101 2.9811177579847654 3.2206878190285093 5.708785053374401 12.334266065332567 6.9511841218347525 13.618191073043757 6.066850671505617];
euros_km_B=[7.194854035874533 3.9955252541352797 7.647158525578154 29.790984430519835 18.92471620547323 15.29513456484168 3.2037100620893457 11.144310961127067 8.659603891104476 16.09451493058853 2.135444168545816 26.982677277027708 11.347787025359489 2.9922594536409717 28.77208088008572 5.428366695802604 29.323229320536054 26.488769289226074 15.20764093237566 11.910085546645767 13.052277245536592 25.260893144839333 2.199566789964831 20.012343559629617 25.963346820169864 11.499382435025735 29.14063070917663 6.981744611624674 1.3342009826268346 22.77938967826136 22.622027284820792 3.7961049368955666 5.504538948247385 7.572281371078456 21.541273011472647 12.264207554145178 14.538205656777427 9.59999885922428 24.6967124220064 8.723511015000472 22.101419158497308 1.8717366224013368 27.35637007610694 4.097915349604794 18.825814086063726 16.02581253096673 9.043736688080793 21.835685430873163 27.03298991907352 14.757308078290768 3.1444856072397096 14.177779722727111 28.005257426526285 25.43318820132069 14.688369702824357 13.77439127938923 25.09330474854345 6.4751481237347495 14.429584927763878 22.658424656405817 22.40263850458588 14.82272011731381 15.645729556354892 15.60761146818634 7.343622557327856 21.805784882330627];


nDrivers=65;
max_D=[182 127 182 136 159 230 128 153 162 167 220 207 232 174 221 181 175 206 226 206 130 124 234 193 207 201 166 221 126 148 135 213 232 206 150 149 234 162 150 189 178 187 174 186 235 123 146 222 188 203 174 171 191 182 187 158 184 229 121 187 148 136 214 142 168];
        

nServices=70;
S_starting_time=[255 111 570 492 363 437 309 27 302 90 405 210 589 603 655 270 254 63 32 467 302 162 108 165 190 499 240 352 709 506 398 546 518 538 292 78 533 581 97 452 376 29 26 329 246 299 432 34 524 259 337 698 269 638 616 371 561 463 168 631 702 531 277 486 259 129 398 606 512 38];
duration_s_min=[83 120 80 107 108 67 102 99 97 89 93 79 85 111 108 108 89 114 74 87 83 76 93 65 73 75 107 95 68 69 60 118 71 103 68 72 109 90 118 102 100 83 78 117 112 75 87 93 73 118 104 111 105 96 63 88 100 67 90 84 104 68 97 116 62 80 72 77 85 110];
duration_s_km=[60 38 46 58 54 52 52 53 49 30 51 33 53 32 51 32 50 39 45 32 53 45 41 47 31 42 31 32 57 37 46 58 30 35 38 51 32 60 59 34 30 46 47 58 39 49 44 60 34 39 42 36 57 58 48 51 36 53 55 34 58 39 39 38 32 46 32 40 59 42];
num_passangers=[67 45 65 91 61 51 35 68 55 96 57 72 85 24 60 86 54 32 35 28 52 28 52 35 28 41 51 74 79 58 56 68 80 95 89 53 80 81 55 38 82 82 85 63 35 48 36 54 69 46 66 35 97 68 46 70 61 63 56 96 60 86 39 88 86 88 29 85 29 99];
BM=250;
CBM=0.500000;
CEM=0.800000;    