nBuses=118;
max_busses=113;
cap_B=[104 111 112 84 135 106 127 80 47 102 114 80 113 39 62 135 71 88 100 84 63 83 93 104 84 23 123 46 100 27 122 106 50 85 117 138 99 28 101 72 63 34 39 74 98 58 25 39 121 71 106 123 25 127 82 26 136 105 104 47 109 71 133 98 100 58 139 128 49 92 63 22 85 116 123 55 98 56 43 43 25 34 31 82 46 31 123 101 76 125 21 137 83 115 127 92 60 33 136 36 32 87 25 80 119 46 79 69 69 65 56 87 104 130 97 140 49 107];
euros_min_B=[14.704797327735363 2.3755667954731745 7.035295006375415 2.392274140344542 7.836651981827515 9.089748093513482 14.698996118424885 2.7381047139319468 5.054249114116235 1.5252491248774185 7.138025540281777 14.187120751851023 4.630090927686246 7.20757147672378 11.885793967695506 4.395710715412189 13.525737506977851 12.28748144991765 7.033937865561971 12.89980015143854 8.880623778484061 9.885518359301635 3.989174447825463 9.684048943824473 14.973559496095552 7.1309650205357284 10.787818994245129 10.470812763963194 5.103218788791954 10.154275873482028 9.083910053709783 10.9061055501765 8.688304817321436 3.8920065330283 11.16029011388456 9.720099705069805 10.923461997999244 3.8571369417313113 14.7721876244105 13.519318101542522 6.0629933259816315 8.01220735626659 5.401032829866906 12.091742428846674 3.1143036802251225 10.79805718339848 11.864332170324701 10.25537919852059 13.186762664991644 7.505334876984245 12.122091788511304 11.113918203493059 9.934142183265179 1.2324922824595084 1.6874341466206897 3.8089535526338745 14.651772562416856 14.974223697287126 8.634025009793326 3.0817408096091894 6.913737056655661 3.7832966741627434 10.182926333073386 5.808747495155949 11.972185151328024 14.087532253610389 8.697866726702392 5.855525114761846 6.696705742571776 4.900620437861268 9.756459299143595 13.357146453272534 9.50310751136558 13.959241356752832 11.86343312721582 4.591819918687598 3.740161690665607 3.0955122360774787 13.419406854952578 11.228779132327679 7.336113506241795 8.380702459657194 6.6893629571571225 7.994506551779358 7.819145885752346 12.993498221877642 10.315191225977049 1.5576347264926362 9.672353310576979 9.944079835614916 14.498360874603618 8.367525593462641 4.605252011169275 7.043122769280212 14.351757793039807 3.9435123719726857 7.8181687557790704 13.770268913960724 10.569924623591392 10.603918979890722 7.581272164515129 10.882320665036255 6.120197383769757 7.933274734612002 14.003548350686405 4.063648680625345 5.624436459536869 3.294827031667653 9.150315735847485 9.67156640838218 5.960927128040388 10.59698945604483 1.9737787325168241 12.342898111822647 14.567087762153573 10.06259112483308 12.887920088532168 5.6996028661184965];
euros_km_B=[15.602610349376274 24.972057472560873 8.994109245805564 25.846803212668615 26.752281160289026 20.27217264331921 14.309207378411852 15.813081225796545 27.98653037253377 27.382192382717907 7.19005366454973 25.28109898558424 3.9874982300651256 28.5662819746093 19.173983248047694 16.375460649532236 21.5827651416963 20.91560278285271 25.207114516704937 11.038848160389513 16.75208395137348 18.69828862848488 19.67610255229893 28.65160029261729 18.89623131049673 6.775234960230577 2.4924387088519993 12.907311468373614 18.563498658031662 2.9662754931148423 18.45580873395136 13.387129239678181 20.909913569403408 25.0818102448377 26.05842664400083 27.227480418491798 21.505036753333517 26.65388636111054 6.83725346471711 23.097515962983763 15.7905993327994 13.052642909306954 6.599869050059505 20.92654204960483 10.995837774687514 13.158353331006548 18.86393482663485 18.23829727172154 9.19628343470415 6.19227060071005 17.942400813388492 27.765783886396044 21.24088973670875 23.32002640580401 2.9024497955785686 9.055734262043833 27.94018490365635 12.873781088019172 16.27358978982655 27.467499440749023 19.071053882273816 25.859195543596737 29.58540110982402 14.592756856077425 24.557089468556736 16.477434882371327 7.668797208942354 28.40675909607811 14.76895050785026 22.927253861704727 4.9404522891887535 8.629216742635379 14.464604926626967 18.281527162579508 20.157973755721784 27.715466085014814 16.015369030620676 20.90757782517988 26.86190555919146 26.897115493646258 13.99752116228405 18.721297893585017 5.434526372395933 19.20776801071072 7.462380671501448 11.929218394598909 14.245460934660393 23.40087687906495 23.16693735018135 22.97722189966408 28.966317547124845 27.35740933298158 17.034136162436212 16.047489066336347 1.61514704329241 5.716516320393912 13.643937162459563 17.347502965848292 1.6074786190832442 2.3884273665504714 20.94743181131325 19.969747960869043 14.696850726903653 7.013760486987489 1.3560869230322523 24.8240996781246 24.120871092001714 14.968018141508223 15.646284622221966 5.414969621494033 19.298553138172426 10.239893831820877 20.75352828361925 20.46648346224494 23.868674256463994 24.376146791388553 2.0156012421351637 3.7821483613447926];


nDrivers=115;
max_D=[189 186 186 214 197 160 121 230 218 231 176 172 121 221 135 214 153 182 223 129 235 200 173 191 134 226 124 162 145 203 213 204 158 159 164 196 187 185 205 229 196 230 191 236 223 194 185 178 165 196 176 194 127 206 158 216 228 169 222 186 130 202 148 145 231 158 230 143 172 240 222 220 154 206 167 220 171 228 234 180 222 210 229 164 190 229 195 129 178 211 173 125 199 127 230 207 168 136 123 178 221 229 180 227 136 125 169 238 198 214 129 226 170 158 165];
        

nServices=120;
S_starting_time=[86 531 628 527 518 206 691 338 486 522 341 293 317 636 650 371 190 437 368 514 249 521 57 84 218 188 438 108 110 700 456 349 332 328 431 352 193 703 308 679 618 130 676 101 519 361 202 663 705 519 20 235 207 144 659 425 97 170 707 407 46 301 98 474 429 121 482 365 710 691 252 434 536 511 403 329 219 75 26 517 686 17 573 499 658 543 51 700 89 289 48 8 209 43 236 566 165 149 626 657 163 524 676 248 455 67 152 524 78 191 423 453 176 438 458 281 554 471 554 140];
duration_s_min=[110 111 113 97 76 75 88 115 85 70 73 116 103 103 111 89 120 80 72 87 69 67 65 71 66 62 113 105 108 84 71 71 117 99 105 91 93 81 60 93 118 66 94 104 118 77 118 78 112 112 87 102 63 89 84 103 63 71 118 100 113 116 89 87 76 108 93 97 115 79 77 72 84 81 109 83 79 78 66 109 85 97 82 79 61 92 106 68 67 60 60 61 118 75 81 110 97 72 115 120 82 119 87 100 60 96 98 76 79 110 78 78 70 101 78 105 77 111 115 72];
duration_s_km=[58 40 53 42 41 34 49 46 55 58 39 56 34 53 47 51 38 41 31 34 47 32 40 60 48 41 39 44 58 34 49 56 33 36 58 30 31 38 41 55 53 39 44 50 55 54 32 39 31 50 34 36 48 43 38 48 39 38 40 56 50 49 54 39 37 51 60 37 54 54 32 46 45 32 42 36 60 50 48 47 52 41 42 39 58 31 41 30 57 50 55 37 37 46 55 48 43 58 58 41 45 48 43 36 49 51 45 60 38 40 58 35 38 33 36 36 51 34 56 39];
num_passangers=[78 67 89 35 78 74 51 71 94 24 54 51 67 99 60 69 47 59 73 41 80 78 43 60 46 44 37 62 56 52 25 57 26 24 80 35 44 81 49 55 55 39 44 43 42 74 39 94 91 47 78 43 61 66 38 39 77 75 86 52 68 80 91 63 68 26 100 29 42 32 47 96 78 91 80 91 62 30 76 72 56 37 27 64 59 92 55 82 41 95 59 75 82 24 65 63 26 54 71 55 35 78 31 27 29 54 53 26 67 28 63 35 65 57 67 72 91 47 81 66];
BM=250;
CBM=0.500000;
CEM=0.800000;    