nBuses=94;
max_busses=84;
cap_B=[55 59 75 118 88 33 97 114 111 27 102 21 105 76 82 45 104 96 61 88 124 41 51 44 73 137 91 90 36 83 56 69 98 94 65 26 54 49 25 29 108 30 71 121 140 22 28 36 71 112 74 104 37 115 112 128 73 86 58 98 140 100 30 75 119 136 113 128 128 50 67 118 96 35 140 134 23 40 70 109 28 36 133 50 112 41 102 39 73 117 78 126 63 108];
euros_min_B=[12.90909735381998 12.848568185225206 3.969382713048953 13.102784878674248 3.5711293839024405 8.706627200897659 6.8408940667686515 5.510374512265079 12.27728489222946 11.390921826127858 14.847015706059691 12.841058279137993 2.8360526264976538 9.839850847564438 10.685481896507099 5.38026032151326 11.992797871110959 11.925671070353776 7.746791790436856 2.2398837368775926 2.1212310124806546 14.743502208379581 6.87460878468546 9.677374454131382 8.45489242084196 1.579273540735387 3.9000091462171973 7.867252831109931 11.493467306748222 2.2406779550802227 2.1798404850852515 7.933802701671278 5.033719662864839 4.375974057548433 10.305238929709473 6.096018489932519 2.7882505867429783 14.746491256459171 1.3091347649379457 4.0360982976734 3.8147784681282815 5.533986872430166 13.475638498055416 14.42919099071266 6.718763979693712 9.44666155668309 12.579496863953242 5.916142140711004 12.610746011312791 2.5811267306678927 14.92037989425815 9.894509801867024 10.50184299287754 14.28429799899018 1.5648752032666629 1.0952462585278722 6.829345647351581 3.517772410858229 13.756186344110295 10.980638663921942 5.684792523121065 2.0946592129528705 5.331485668523328 11.131765860821934 9.939347570937459 5.229328387360083 9.211423337248414 4.407480407653418 8.900348683309378 7.013811123032394 14.806555547178686 4.8345376910356475 10.873669255268355 13.528949880233494 3.8462223988883104 14.411688661929169 12.438033880781436 14.479621479906205 8.754048394699641 5.513249793724004 5.624133123942208 6.79740632428956 7.747529094540194 9.077174027907953 9.143280499740888 9.712276572837407 5.911926777085007 5.694962828754152 14.50243443138271 9.623083819855333 13.47335268827722 1.4703188108148084 2.5489637979912683 11.49428328185652];
euros_km_B=[7.389851449350828 12.373883892987338 7.501895750441098 8.22034923251094 19.449698710371834 25.85682645954479 1.8770345312555037 17.908592321082452 29.658848205763448 22.078176196405117 17.497570264792937 13.43130243796881 29.259954552710568 11.355423287909096 9.337397727683358 18.761089919722792 11.956317751098753 21.251150308950177 6.369835244696962 12.407353118907018 12.73245809106244 24.16110274420521 28.692244338411374 3.9546850591028337 10.27632785395544 19.443199923276755 7.601818682483224 18.581938309776714 11.352913994429443 2.418684446991448 2.157940056302638 3.379425017818779 25.890860684562295 18.25192514171443 6.869112285772529 29.030063245543833 20.70845013928974 22.69595325123038 8.2316555334443 24.30954150998949 28.4787547395135 8.20586609412831 5.863209770129339 20.610268333814286 8.27853536793582 11.92731307176483 28.991659747041503 9.234625920756725 3.212525563579355 9.840626802575606 7.275808242077834 23.867269996908615 13.972775391143948 12.240565102772374 3.9022838765682875 19.045871715382916 23.824864922890715 8.291603915769379 20.00930800563556 14.108315825464953 12.919681990914878 24.786519116449636 19.543389435293196 19.60334008082876 11.78277847112822 18.862761607326945 18.297975420325663 4.969616416134014 3.282230824724847 28.769385536511695 14.76668000162741 4.588892008695209 15.206586931239684 1.5458217745805074 7.272736461377142 2.37574798847694 26.468086667905755 2.9552440104376356 21.364921005000348 28.642822442454012 22.27715599547194 6.985364869992976 27.144384946073913 16.71399404615817 10.840994353446446 19.406372007663965 22.212634080216198 18.304297154825157 12.979590113278705 25.421080977185504 3.0205472316744273 6.140301259627808 17.793751729620816 28.909850312613347];


nDrivers=93;
max_D=[229 205 172 127 227 187 150 211 186 213 195 145 180 215 155 183 222 219 148 145 211 239 173 161 135 239 237 234 148 142 186 151 210 166 205 142 175 202 215 173 209 171 124 220 192 172 203 156 158 206 211 140 235 159 120 218 152 128 200 234 133 149 131 148 177 201 122 214 129 156 207 161 170 228 210 218 175 165 185 123 144 178 203 121 172 170 149 140 234 139 120 161 171];
        

nServices=95;
S_starting_time=[466 673 347 254 612 100 149 201 601 576 617 80 679 31 181 555 554 470 504 269 183 238 503 663 317 625 556 331 471 533 523 30 59 206 181 696 675 398 401 101 668 527 437 314 499 599 215 411 18 413 289 328 73 117 130 497 70 655 34 232 193 265 467 447 685 213 406 26 572 539 196 196 137 396 402 474 701 246 74 386 279 621 259 253 440 562 353 662 622 620 133 462 498 344 289];
duration_s_min=[111 99 62 93 112 80 86 83 106 69 79 94 103 76 77 114 111 120 63 63 115 97 65 77 97 61 119 109 94 111 61 64 72 73 78 117 61 78 63 89 116 75 94 97 76 117 112 109 103 80 104 94 102 115 67 72 113 66 119 61 98 96 117 93 113 103 71 113 70 63 64 104 109 89 84 99 81 60 70 60 61 73 88 79 60 71 68 111 94 108 101 98 111 119 87];
duration_s_km=[57 43 60 34 55 34 47 31 50 35 56 40 55 59 60 31 34 48 57 41 52 55 54 52 60 49 50 43 55 30 33 53 46 46 58 52 47 45 34 51 40 58 50 47 34 40 32 45 45 42 57 54 42 60 47 60 49 42 45 54 47 55 59 52 36 60 31 54 56 33 32 51 40 34 58 37 35 56 48 42 48 44 33 51 48 60 39 45 51 49 52 45 58 40 31];
num_passangers=[36 27 86 90 94 87 56 64 61 49 67 72 96 59 38 37 68 76 74 72 42 88 41 50 21 71 79 77 68 77 90 74 66 40 33 61 53 31 43 94 23 54 98 38 96 27 40 58 38 59 23 90 84 76 60 64 51 75 49 20 63 73 100 64 40 34 46 93 55 65 80 99 93 70 42 60 54 24 21 33 55 86 48 54 60 44 66 35 35 74 79 74 68 91 27];
BM=250;
CBM=0.500000;
CEM=0.800000;    