nBuses=75;
max_busses=70;
cap_B=[117 63 35 136 65 30 128 91 72 57 75 127 29 138 64 23 84 78 81 124 101 68 133 23 93 86 20 126 73 70 132 124 86 43 72 115 73 23 55 136 58 59 107 138 46 107 125 57 125 133 68 78 85 138 51 112 28 24 38 88 119 57 101 62 104 55 111 84 139 90 106 45 78 48 57];
euros_min_B=[7.547440249401944 14.594010178793905 1.9023405757829097 10.388607686169113 1.3238225478283037 2.254344277837249 1.5825434546718093 12.123697229784934 11.102721196432595 4.227762787276424 4.591284213047042 1.6872379555767618 3.6711000994948564 4.606681736289296 11.976181330022403 11.295682667988046 11.7628497538237 4.002812209262398 9.94920905247461 1.306925658852892 7.778217493399408 2.533325875874843 3.08972151912747 4.034009499170006 8.080121352805145 7.449279287877374 7.75372156578894 13.318737154016102 3.8659689642401585 1.9632247274902794 9.869005112092225 4.751090377337731 5.327947830651244 3.839931198335181 3.5410616502667143 9.177684889308237 4.214733245667652 9.32578728719019 14.288352520982055 12.530442810754332 4.814685566755882 10.857955737880422 9.81070621389051 9.276376244308913 9.0244547131453 14.532665960405179 3.846975286352799 4.790762371131068 4.671939705678522 6.128084051969491 5.855902365123578 13.810093180350293 4.986048785393373 3.624415154328885 11.941377422878151 13.557786373809705 1.3825718807694964 4.117770453220854 4.9062256342387816 4.845434149487145 6.86352925841825 1.8781210929178502 4.1006841177136835 13.416291322109595 4.16192365445068 9.802189559163812 11.94329642924732 1.4677741288845838 5.605740772850057 2.430511058101529 2.982553308080086 4.471243568817982 7.74119228421433 1.8989769975335076 7.4349439568117415];
euros_km_B=[20.989901575301147 10.680875427348525 7.059052186590559 21.022654694232564 28.074583230101403 16.775673193469945 14.783713557497302 25.31067112426451 1.120196903131188 19.901764718346055 14.438392964628855 14.265660777877548 13.590084954056865 10.139452608962145 13.401910398884771 29.570636712632016 22.30693854568316 6.006749421401441 28.78433726402264 23.958959011057555 12.534059510239983 14.310958022660644 11.284393356511792 18.199916764364264 3.422036530229983 6.762192658671138 4.983183464822945 5.529093864684706 29.679252248593276 12.023081757871443 11.939417482103131 14.908699180145748 5.106277691198591 2.6310657212128374 2.8887378879608616 6.4366724553732455 13.554376679674789 20.60084868809074 29.899440106827235 29.834569581905104 7.186209546942604 20.319930528105274 7.513074510476536 22.579740537748727 10.381717133584917 25.008457979410068 2.118307245223885 19.01872484362464 1.4748429366088391 5.479569775992412 22.744667949862603 25.854991527430347 9.239560761516474 2.5257470775391 18.273332487672935 20.177325101299317 29.146027071299272 25.028368413380946 23.516309187419772 22.740625377575785 27.596168851091097 25.774281155090296 4.650784889899833 22.80484685191899 5.883608156063307 5.0819620181396585 24.197908651196922 20.646733137236254 13.934632564425591 24.86213494385593 23.37975931316533 26.09788549863667 11.373988984482569 25.81329675442405 18.16740850173672];


nDrivers=78;
max_D=[143 125 140 152 134 201 137 226 125 158 128 120 222 121 218 190 222 184 151 233 155 198 183 133 233 189 200 121 195 143 190 135 193 191 193 238 151 134 181 207 140 163 192 187 166 197 239 233 180 218 173 234 161 138 175 191 190 135 198 212 158 196 197 235 181 192 151 234 187 202 231 229 182 138 212 216 186 232];
        

nServices=82;
S_starting_time=[13 428 412 284 642 109 454 643 155 278 274 43 248 294 405 675 709 473 521 310 433 251 468 532 296 116 214 445 503 575 560 321 579 507 296 324 471 80 605 366 52 426 318 486 666 608 7 54 345 421 24 604 617 655 112 486 237 399 25 246 297 111 509 516 574 85 365 530 647 617 685 534 17 529 709 298 695 271 402 277 333 703];
duration_s_min=[71 113 76 87 84 115 94 116 64 77 108 72 102 90 84 88 67 120 102 92 79 83 66 104 105 67 115 104 118 105 103 105 86 75 87 107 78 105 67 118 112 71 94 117 103 107 119 81 93 106 96 93 61 100 120 109 118 63 107 72 113 95 65 88 76 83 70 79 62 85 104 63 67 93 91 81 70 112 110 74 81 111];
duration_s_km=[46 47 56 35 35 33 60 41 38 51 32 42 50 34 30 40 40 36 52 39 60 44 47 37 44 44 57 37 60 58 51 36 32 38 52 45 46 60 41 38 53 59 41 53 40 53 34 51 36 53 58 49 56 55 44 46 59 32 57 34 36 52 44 53 34 55 36 48 35 44 53 44 41 31 44 53 37 52 52 50 41 44];
num_passangers=[96 22 56 74 85 29 67 96 40 91 55 89 76 46 23 40 65 38 89 47 95 45 49 97 29 73 40 29 64 58 79 46 42 67 34 41 33 63 36 78 83 69 94 66 22 40 27 87 86 46 85 94 51 54 98 59 82 58 95 80 20 43 96 57 65 58 50 46 73 64 78 65 68 29 20 59 47 33 33 92 62 98];
BM=250;
CBM=0.500000;
CEM=0.800000;    