nBuses=72;
max_busses=70;
cap_B=[29 77 36 101 22 122 131 37 136 124 61 70 33 26 51 118 90 98 82 21 85 121 105 134 70 98 95 79 125 91 123 77 23 86 40 77 127 91 48 132 115 89 40 47 103 97 68 96 118 35 54 70 112 37 31 111 97 25 51 96 53 114 21 73 73 97 70 134 30 123 54 114];
euros_min_B=[13.968088871156931 13.854063643652895 14.25383400413126 10.945806674537563 1.335978217777102 11.499041470923627 6.010890060505887 13.56536151316624 9.378196865651304 13.681234370048383 14.963466960796495 2.4285876241326494 4.458447602296612 4.043921579529037 14.330027453456019 8.660063964286971 6.357644657082184 6.396812659329956 14.802096943878013 9.816738523657872 14.02649312779958 8.591402189445375 11.23636717371627 9.915249983025035 4.443412725023883 2.507151462359196 10.475078957520184 8.991760889938378 10.896295409748419 8.646732794360851 6.185929801122712 8.33683159718494 8.683737708599361 1.1280982686568664 6.39157018109889 3.3164617218834724 2.6940228834005104 1.4733702134776525 6.495699748639553 4.076929014716694 1.6733304701070806 2.3998659784781133 6.434745031729378 7.5480342710486115 14.063751975251671 4.28523546402352 6.094809185192679 10.89619130408791 9.139638455804072 11.533188014354847 7.9664479672857285 14.817579644463938 10.284944600086716 14.596167326046531 7.488194427741966 9.645681615051313 12.946830362676858 11.639483684110772 9.92951566567084 8.75387297893328 11.975747853349022 11.809799603781215 4.904122053234566 3.735770439010496 10.936003007411916 7.805481218750188 13.235781489470932 7.778916353793882 11.976031721991678 5.689787911482524 13.368725130504576 12.658623755145397];
euros_km_B=[26.87391897275532 2.150926085619088 15.342752062869035 24.090415608137874 15.497985654677773 24.41408406095381 10.81185195260884 15.705300415954222 7.666849615849006 9.638981926550569 29.81028796484378 13.019463422404067 5.30385611349833 20.207952757138788 4.803695537619262 8.615677956374732 23.366450155823976 20.809947477116577 19.17715788858428 27.617350912543174 28.406921669310492 23.147824038590368 15.342667611877049 17.415065770647782 8.09472959195065 25.51925788615023 28.01910994288113 13.37172538335819 5.340120347656225 15.784016507939068 18.237444557168246 7.613772620134269 28.50723022873904 20.43306449401916 15.929925395418271 6.604987544322958 6.198824030405384 11.221917742975407 3.619972596474423 26.461459186432183 27.469157258838596 4.2962442562418435 21.425788492841797 19.595265387245885 3.6454989438880716 10.891998641777015 19.18137344113187 8.157501751892335 5.2830654110765884 26.773696808466322 24.510436381426064 20.8123400978084 19.289175170899995 24.071890063427652 29.982310338383613 25.635421959487775 13.358760729176591 20.405676064095825 23.196917270324057 10.316054684539 20.907153845260986 22.190712435838964 15.307646649991874 29.670938429511065 12.071476250551537 24.63246837696575 3.130957259696828 14.21713170205595 8.159252067922203 26.410151788826628 4.745336011108893 28.835337089880166];


nDrivers=73;
max_D=[224 227 136 124 180 168 169 125 226 193 147 219 221 134 212 188 192 169 127 139 174 148 221 184 210 187 154 194 181 165 151 120 165 216 239 206 186 181 137 152 207 217 220 183 199 131 172 236 147 133 185 129 130 182 123 176 178 131 170 157 209 136 201 193 187 146 236 135 145 121 210 224 225];
        

nServices=78;
S_starting_time=[158 191 48 218 145 373 376 125 350 557 587 426 665 479 134 322 311 511 439 328 38 341 285 538 618 235 247 618 701 421 621 336 356 55 243 101 307 216 80 320 69 234 220 85 393 270 51 660 650 7 350 561 391 480 213 623 347 80 561 351 251 527 259 714 706 521 166 683 49 160 339 134 232 605 536 713 622 179];
duration_s_min=[82 78 118 110 114 92 104 101 91 107 107 62 116 64 62 62 80 79 108 65 88 96 68 86 85 119 63 75 81 84 118 78 88 108 84 85 77 72 70 77 114 117 79 105 64 67 99 80 65 113 73 97 64 85 115 114 67 89 110 78 106 92 64 67 112 115 68 90 101 118 93 101 70 89 116 62 109 90];
duration_s_km=[31 56 59 31 46 38 51 60 30 53 54 38 44 51 60 40 55 43 36 39 40 49 41 47 34 43 35 45 52 33 34 55 45 60 48 56 34 52 43 35 59 48 42 58 46 43 39 34 30 58 47 37 35 57 55 30 44 56 55 45 50 42 38 38 56 36 59 51 49 46 48 51 36 33 35 57 51 40];
num_passangers=[54 77 70 100 78 98 35 43 61 70 25 48 87 97 57 29 74 36 74 50 50 33 23 33 79 53 74 38 62 59 33 24 33 20 97 41 89 55 39 63 99 59 49 64 72 54 70 80 29 70 55 72 43 69 57 52 26 85 66 87 30 61 77 59 26 82 69 83 24 68 40 20 90 84 45 43 65 66];
BM=250;
CBM=0.500000;
CEM=0.800000;    