nBuses=130;
max_busses=127;
cap_B=[111 70 135 52 23 102 136 124 62 140 44 137 67 26 58 105 111 62 45 22 122 91 127 105 86 106 123 112 27 47 119 20 59 107 86 136 74 73 62 22 91 55 116 64 111 86 127 60 132 22 113 131 108 60 20 94 30 26 23 69 51 57 56 25 90 45 95 25 68 90 134 60 96 23 99 85 38 87 48 136 118 77 34 124 111 106 122 28 56 66 24 110 75 78 93 136 24 50 77 29 76 27 37 62 122 69 58 113 128 75 28 91 73 52 22 122 31 75 34 100 48 101 98 106 52 112 96 43 120 81];
euros_min_B=[14.023737687890684 7.512272874716133 6.540288115268484 11.770138280721675 7.290779407540956 10.366554042962381 10.808605645411626 5.7666875025244915 4.793221142511082 7.581653269897107 8.240606431157893 1.5078359438529656 13.993118531923656 2.036900527420188 5.510140211247261 14.030908876295634 11.089202871877484 14.09138109177484 2.249764088739198 7.0967967600665425 12.996613077418461 7.038159671279641 5.794058377352729 3.207355508884369 1.9560276526310898 8.734899335778245 2.1246455904715864 8.717400551221111 1.6514087619894007 12.527430101377854 14.064136992209708 11.373329020539868 4.797818007632135 4.56798938289037 5.715596968848394 7.487997180189012 13.509609698641656 12.630106809093775 4.770917831372906 7.0128780170284655 8.451295758050154 13.287427698787702 8.678191795986706 4.604904378898134 13.551144622587001 12.80519234491068 9.460272649838375 3.341119368840241 10.722588721410178 3.477682096990038 1.444784535323088 11.616125669849424 14.724983431578487 3.6355995742844396 6.120849352462998 10.169809580606179 3.8011841919592797 13.136138874929971 10.46266137423209 10.040560621437159 8.903561039568132 8.352843445827535 12.716161934122804 4.2164545965324205 13.953013759237193 2.088333970317904 4.771715441990097 12.759797570787455 2.347365123434236 6.562350676191739 3.3626942812221863 12.41064480161618 11.502116243666544 6.042241730842341 2.1553182201650865 1.475786949544035 12.844122987024436 8.3201051155534 4.439391122517988 11.268660675973463 7.616163155210726 4.908910262913073 1.090753698148849 3.630396887478569 10.292233551706728 13.198281988742774 2.490088263880363 11.526601163219947 8.980956362268003 1.340864192573493 2.696826112284736 12.211597390705654 13.459532413492802 12.96377172875856 5.38510669067989 2.4760151006696915 10.135522674458695 7.439138695376247 13.461272698974943 10.224333974361725 5.8479214910130155 6.206550051062844 11.83415495895692 9.790522362627499 12.296294398067575 10.050208993490045 4.694256194733523 5.75516724972602 4.485834335931864 6.607843194659268 7.099488489054494 9.67903230853612 9.476260727182748 8.490497021158756 2.1989114097792566 6.139947686270018 11.696912308408844 3.190828479626492 7.13172055406493 4.697051020065697 10.770206639651805 2.663843953548717 9.505258776157856 6.2804621758542165 3.7783981511498954 8.48423829192706 5.437159133313016 4.06423601908859 11.379729680078281 13.866175412863882];
euros_km_B=[2.6928475308156763 21.261501862199957 24.885646416499903 28.998979982890408 24.55049112174651 29.015831074591127 10.93635234165647 9.854822303565282 25.422031381687408 8.14839415406881 20.25942369963988 27.10532056987537 11.72000190273923 5.387311610425222 21.689886878903213 13.381337584120676 5.230824611020273 27.787744336148172 17.346933917446723 9.733691397131528 21.914932591174644 12.75205146483671 29.976790417991822 15.224134177958428 22.254781568471905 7.618188819350961 5.967388391714741 20.934557159184145 25.525829690963835 24.96225620741458 26.103290039675706 23.773020001108154 8.755401211379436 12.963365235461298 4.351156669802574 16.28931202626654 6.292628135706025 3.696746831385461 4.014313561939106 8.432815160188678 22.844130938459216 14.257127104750559 26.386118297561794 20.443725665838066 8.106356605167452 29.577066232712387 6.413514776941334 2.7423764125345587 8.406850257434336 3.508873922155521 14.226840227275495 27.44208852913756 16.236046695715366 21.505825424388203 27.607556507669734 17.31046789081453 9.106779309931495 13.613964781289798 23.536721876923508 2.370000271422168 10.217912153373423 16.986944556403397 8.88723428480344 8.551071042798096 20.03638223816764 28.249345445192034 14.901319871408964 26.310897882795583 1.285741194166932 5.303471332890775 26.363067775044748 20.505787635717155 7.613796379140428 13.458648885684388 8.272128419477516 2.1237950473253426 12.963599550411761 27.257187307993476 13.323316803718543 11.876310143750707 25.355047326534983 24.606794244466922 5.8661267683052944 5.156946779842202 18.970832237391516 23.729771172640156 10.086929986006984 27.61188068238242 18.351677646382235 11.810164299720546 21.499175608965725 16.142270884903887 21.572046211256286 20.93577644892318 28.494072568422848 20.03759508754707 24.524068774057415 3.206441450699522 2.7862082846549687 13.730220909032978 1.269625367840046 29.308795204257105 11.304895457449357 22.850775532088427 8.581175407635323 18.394623246854305 26.659201427681783 8.324461695520428 27.49644860196153 9.598781987899413 5.516079270631052 16.35811557673869 7.343655654829655 6.382547093715407 12.33981969984636 13.224918068972364 17.57998962780912 11.459486215065574 5.034789771315788 10.603214487961539 28.08722729617621 29.727528868906376 18.170165848245095 19.659038066322058 26.857636283299833 24.580231597347126 1.3947254764275172 13.564911480169545 11.61878500367745 16.089954473534682];


nDrivers=134;
max_D=[189 173 224 217 230 191 138 137 223 213 157 228 141 216 141 186 184 192 133 143 238 199 160 166 213 182 191 207 168 199 213 209 234 212 188 129 237 137 154 127 227 166 136 178 163 215 120 197 152 143 186 150 167 182 230 198 125 133 145 240 191 179 181 186 127 177 165 206 178 224 157 197 184 200 152 155 210 209 171 147 162 210 155 185 201 155 146 161 222 200 223 140 219 146 211 165 232 225 226 138 158 158 176 161 140 225 160 189 143 138 135 146 179 234 121 215 145 178 180 201 138 223 197 216 211 189 143 234 229 235 198 146 175 222];
        

nServices=135;
S_starting_time=[420 384 459 575 627 311 694 468 612 688 465 154 341 503 323 468 390 289 9 532 15 226 279 613 89 107 481 18 17 542 331 19 657 101 601 475 626 316 242 240 150 717 177 639 171 456 367 276 401 231 512 551 252 692 26 161 440 400 606 60 681 713 562 73 15 161 226 444 306 414 584 410 130 155 404 657 229 110 54 312 292 362 233 213 459 383 420 601 343 591 687 330 644 680 109 39 159 357 320 671 169 190 515 95 390 587 45 284 370 489 555 265 554 507 96 590 621 359 577 120 421 0 29 135 516 176 608 536 129 322 321 170 325 372 502];
duration_s_min=[70 101 112 78 98 104 100 70 109 70 67 92 106 91 61 82 91 112 120 85 102 69 73 91 64 92 108 115 107 71 72 80 119 74 87 105 62 113 64 118 85 120 102 99 92 103 86 63 81 96 92 65 75 93 72 114 67 83 119 114 80 98 120 66 70 92 116 95 94 86 96 80 67 113 68 108 101 93 102 100 113 80 120 118 93 120 81 71 104 85 93 77 111 107 75 110 81 113 89 79 81 82 109 73 116 65 74 64 107 115 70 100 117 77 106 65 84 86 113 106 113 71 106 73 60 62 60 74 107 115 92 102 110 69 88];
duration_s_km=[37 60 37 32 50 50 43 54 36 53 32 42 33 59 49 45 32 58 50 48 47 60 40 32 51 50 40 35 53 46 51 41 56 57 44 47 39 35 45 31 40 41 51 37 52 59 30 48 56 41 52 44 53 46 51 57 35 42 43 41 34 44 39 44 50 34 33 53 39 37 42 35 30 49 32 30 52 33 60 51 33 32 58 49 34 34 34 50 43 37 44 56 59 59 39 47 43 47 32 59 38 48 49 55 48 42 36 52 57 50 39 44 57 47 35 41 33 30 51 39 43 53 60 32 42 50 54 54 58 39 58 54 58 60 33];
num_passangers=[40 55 69 31 79 69 96 50 76 54 96 29 84 84 63 34 58 92 64 58 40 78 40 91 82 43 94 52 69 48 32 28 24 65 26 77 43 20 61 72 65 58 99 23 47 64 37 79 21 68 92 86 84 93 74 98 51 47 45 51 74 65 83 97 27 52 58 23 92 100 38 70 24 37 84 35 88 32 40 67 87 63 78 74 68 32 93 28 55 56 95 53 86 100 34 58 73 75 36 76 90 43 32 70 64 76 25 67 79 72 40 28 21 49 63 46 74 90 86 33 79 35 28 90 94 44 94 55 37 25 36 37 79 32 68];
BM=250;
CBM=0.500000;
CEM=0.800000;    