nBuses=124;
max_busses=129;
cap_B=[91 74 117 20 66 128 118 61 38 93 113 117 33 120 26 84 112 46 94 41 132 49 113 62 74 112 59 135 60 98 125 111 116 128 104 50 106 54 81 88 125 26 64 43 76 85 63 41 140 34 31 24 128 91 73 34 97 120 63 138 91 51 127 36 61 120 54 72 135 40 84 138 101 103 36 137 53 45 30 67 24 55 77 62 28 31 44 76 130 139 109 128 68 126 20 48 126 73 137 64 82 139 132 29 131 79 65 61 101 122 138 76 121 46 23 20 65 90 62 135 37 116 119 42];
euros_min_B=[13.345815306513668 7.2371022637508835 13.356642292322519 1.3819981339349054 4.638384918618591 8.347823324825631 8.560120742593469 3.8990818796145015 6.5816264766865284 12.758041881177213 6.197432852433325 13.73017428230504 13.219921713534305 14.876257382891966 5.074895375578775 4.274899541313681 14.010344914293714 12.955947043698142 4.859405739428809 10.820666435742757 8.445209142886513 5.8689219371472285 1.5045115054712856 1.3653610521036894 11.119566458236864 8.191961496951985 4.909761799157122 12.868772445182731 2.7197474082282627 8.483542325971339 12.732077451494295 12.702902728415488 11.660277466835803 11.328411599989613 6.9971650739306925 1.403181229478153 3.2136531364423626 5.856793586720863 13.070759900208312 14.735321336999405 5.828775670695194 13.633853470017492 3.556371049803438 5.589180713631526 14.611242686856722 13.61430247151048 9.057954853155572 13.456094109888241 3.525582420653701 14.420832402361492 13.154328728737907 6.814762514164119 4.8943193571391905 12.921904542065693 13.564683672305492 3.625133686014955 5.146835779808228 13.172770720889368 6.415525534807187 7.577574812470575 1.5473909558272145 2.612597763611591 1.4972604612869411 12.717374660494311 9.135230907726683 14.259028956983135 10.859893135528143 12.54996347688626 13.154247414597442 13.068102678074922 13.48796491233107 1.4539483055300788 9.368660492165288 1.5883584506561936 10.579123139134447 11.694451601910568 2.3985063175596966 11.770414701792998 1.308306217036009 5.814881269549147 6.001149259690272 10.6875156706468 5.700715383222894 7.831459555108811 11.635687401329395 11.785672175239393 5.751842554294829 3.4556552561754232 12.510151083051346 1.4958633689667755 1.6505263774969072 1.307530273622219 10.061082578656162 6.6308189439972045 6.880832144891215 4.305997954575269 6.175421418453845 7.512451895153525 12.019687621296534 4.0823203383665465 14.071559592517458 13.06370025613203 12.26540165930644 3.5020488281580935 3.932115187729126 4.981446762067757 4.617850012544578 5.45873384748494 13.225572005119888 7.205813827552362 4.753898053888735 11.74107608876303 9.158002822268736 9.11631600434906 8.703165948919946 8.819270009294968 3.594127394194348 8.976537619586537 8.230675095840336 8.874888049593451 9.598069500855631 12.6750702117094 7.626424819835019 6.924177351813089];
euros_km_B=[8.601462129307418 5.55012755887055 28.51619628363069 15.35705054771996 27.6750275123046 17.992319079723885 1.186545240490135 18.676470956887805 5.508840914602855 18.17085529659 14.928569376557435 1.8246347191529937 15.510912077804276 8.765690743678727 28.76616557756657 27.2684259286155 8.357811490440577 18.941806601936335 18.85176796582645 19.805722708203007 22.304941933943667 14.467998859079668 26.315549994819605 5.0718786658688915 4.722911489755571 16.670136283288404 14.571314522913541 12.01528137863818 6.485163946042 10.204695085710995 22.27896302450568 4.688359010247638 19.151440805348273 26.42981142807085 12.528768857116459 8.354699875428423 26.818144815930395 22.44182407225656 22.579515997766265 10.589866444423157 28.267059179198696 18.122054477313732 21.19749466558957 14.67520675316231 18.099532121034834 27.345098553216694 22.700077608203795 16.52223092492744 20.396557630641723 6.5793149497172685 29.173634805317295 24.780765879388525 22.534727226075386 20.890957023155707 1.1245053735861559 10.60985672062532 29.92800449805091 2.8016613577925615 9.83898760118669 7.722209395963693 6.239593381796357 9.5594208938079 20.88793048131603 4.039410392204568 16.497703666743945 14.02902730982439 6.529026262625624 23.40417129958475 2.49778045010642 10.012461932174554 13.928554070408747 25.449871981250283 25.449214993814905 23.467304110330605 28.25609513848419 14.810555019391396 22.190240339727897 24.931806725770407 5.807077353547501 29.082229970580794 11.32191655000405 18.84833170782696 18.801828850807176 19.48377566850378 10.113502818100642 15.98196149411583 13.538153420714576 13.488881019615272 19.873553370640643 15.15670594581328 18.841553603737747 6.7067795934255 20.07550556927253 11.660951711083511 29.84478847781334 3.910664193966516 17.561326589419693 10.906254726953405 3.0870543518215783 1.9666784276634197 25.127821473856407 18.941039238119885 2.375129766467856 26.2041846849557 7.84810869570783 23.226995305302275 27.363857792970055 7.402626380783117 10.463177774520332 25.649731323798438 12.101109202056358 4.324507068701404 28.736348737050132 4.88358062896012 19.738909510912155 23.112383158846605 12.368598799345792 9.795372218720113 2.711607183730767 22.485448266384843 11.540784809582444 21.875412675926672 20.913084819233937 6.419930372334219];


nDrivers=128;
max_D=[178 167 196 217 238 202 168 207 205 163 237 226 139 179 198 235 224 167 204 222 142 226 141 166 160 228 237 146 187 221 136 183 142 236 156 194 239 210 186 144 176 123 159 237 145 200 184 188 142 228 188 172 214 225 122 150 201 146 188 232 187 228 226 182 143 120 177 139 164 129 146 174 133 199 223 152 212 163 128 187 185 162 205 232 232 136 205 126 224 218 156 226 122 176 193 191 173 222 159 168 130 233 141 137 124 132 223 233 160 233 145 133 161 194 200 200 222 217 140 222 218 139 200 238 133 135 182 126];
        

nServices=131;
S_starting_time=[446 197 336 17 233 653 292 86 239 463 205 720 537 480 413 526 179 674 504 514 497 568 192 169 595 109 163 101 452 447 343 23 630 189 591 25 332 41 712 90 706 314 713 105 677 383 286 577 617 466 170 694 638 398 606 305 660 488 411 114 708 386 471 121 612 516 127 707 552 646 352 116 538 718 322 396 236 633 558 107 695 189 532 699 509 388 491 561 428 296 510 45 58 157 507 634 614 228 448 174 606 198 373 386 554 267 459 347 669 231 235 450 632 443 700 514 132 557 139 544 720 0 644 315 125 681 207 643 673 27 188];
duration_s_min=[116 119 101 96 97 61 99 65 98 67 103 68 108 97 103 107 91 96 118 119 116 82 69 94 114 93 65 68 94 92 120 116 61 62 115 78 82 88 60 70 111 73 105 90 97 93 81 108 113 116 67 112 118 99 107 68 60 64 77 99 102 75 95 114 65 112 98 98 73 81 102 61 116 75 81 87 99 99 86 70 70 75 109 67 89 90 104 88 111 91 119 100 61 109 108 88 98 73 66 116 94 76 101 66 66 79 111 111 98 100 109 80 96 64 103 77 75 94 84 111 69 85 67 105 93 105 65 107 66 69 112];
duration_s_km=[56 49 56 55 34 44 60 32 35 45 43 32 44 53 39 58 45 37 60 31 45 47 53 35 33 33 32 33 36 45 48 44 46 58 56 48 44 53 37 56 48 55 31 37 53 59 35 45 51 33 43 57 33 58 48 44 56 57 60 60 56 60 41 39 59 38 43 31 53 46 45 52 40 48 54 34 40 46 59 32 58 54 47 59 30 52 52 40 46 57 51 33 38 42 36 57 60 53 45 41 42 48 53 37 42 45 49 38 48 52 50 42 39 33 58 57 36 53 52 50 49 41 40 59 30 57 39 37 37 43 48];
num_passangers=[43 90 37 47 66 75 64 45 64 95 80 37 37 34 68 47 31 57 69 95 65 52 100 50 21 74 39 77 69 75 74 79 94 66 44 41 84 21 62 81 95 42 40 74 45 84 71 69 26 50 84 73 66 93 24 85 26 39 98 21 87 24 61 64 93 91 41 64 63 51 99 23 79 46 67 58 60 93 64 60 84 99 39 46 85 44 52 68 95 80 70 52 39 91 97 74 23 80 24 70 66 41 45 76 57 76 37 52 26 26 38 53 78 98 38 81 98 88 24 99 90 99 52 98 36 57 62 100 40 59 47];
BM=250;
CBM=0.500000;
CEM=0.800000;    