nBuses=104;
max_busses=92;
cap_B=[122 75 87 84 63 90 64 139 35 94 130 33 136 89 109 44 28 115 75 30 109 47 22 89 23 59 121 24 132 110 132 74 43 100 139 81 26 60 137 32 44 127 134 71 98 126 68 112 85 112 40 114 63 92 132 44 51 111 62 40 125 126 39 74 124 114 77 81 51 103 86 37 26 89 135 132 110 47 68 111 89 93 44 103 93 56 81 103 130 120 51 84 81 36 96 115 29 93 45 102 107 108 101 137];
euros_min_B=[6.010538924038306 5.330872320934158 7.492622555279959 2.7437881442212184 5.42129582682689 1.8265429370422 8.309346109630251 11.412172296303787 8.711664959955861 12.275275118544062 9.90046698875559 7.09398798881573 7.840412622809556 8.637559092164384 8.43383073002484 14.771066740469916 5.442176872728757 4.465282287802493 14.282931594163193 2.8270084290564244 8.113385037972373 8.603605698695677 12.749199911870155 13.631622590238049 8.431354099684572 7.283661825466004 6.27391533224359 13.551849404327687 4.576580447335147 2.952595333779907 3.105390511384001 7.644885733742513 9.730932741133092 8.142122370719157 8.425200484887387 13.359608500423526 4.965499495985999 10.312817587917907 9.649103816408669 14.297162162822486 9.301496646571735 5.780983031619135 14.602305914307783 1.226959342480795 7.307809360502812 10.328894698716905 3.966157931701698 10.333604214635862 13.736681686173254 7.128951704299534 6.973796727452061 6.309877800882885 12.501505332243575 4.9774280668380815 13.989038871704382 11.469197607712259 1.5307974692511794 1.7018470978376974 7.717168813555345 8.057312430953202 13.986402073446 14.675420220209089 13.37278797132831 9.242189805621667 9.53223873943974 5.502337293751464 5.622497392217475 14.319656737632034 6.7213642990379565 4.950229306969469 9.243656409319444 11.738090380577283 11.15601592872008 4.730031478133048 6.728851283530831 12.302177035419955 12.406823917509714 2.4961306797898244 11.194320958486559 4.361344646760378 8.243333149617325 14.379436999536868 8.433384456690451 14.375829646766746 2.265129765535707 12.349861980261156 14.189801850181633 8.075735802805388 3.1316052885025876 1.2502166361218667 7.758127407699515 8.132221209440207 9.538450654463256 5.4337273295948965 3.908449588330037 1.703759687845626 9.963179377625698 13.657193322045869 2.850626850485702 5.940642412414583 2.7692625255728776 3.469364419548266 12.654367362942795 14.346950834224621];
euros_km_B=[7.376765607705199 22.58486807480629 27.967850100384137 19.69020276427599 22.228677754065007 15.089639898952953 5.6359570864447095 21.46526522907284 8.151755349952289 26.61119729814215 25.441854866379895 18.39548373369302 7.269936459864201 22.13764465331502 29.506785585912244 10.042231060515673 12.264408922467638 14.36170587617356 29.626098047765243 26.882761379332557 14.34468956319356 29.432712839647806 12.0025388869486 24.432480214234506 14.64800536423811 4.5753130551231695 16.25648233984824 6.116235509067314 4.532781017000842 24.78699443954426 11.67810652770065 8.97600650459923 29.752438677787712 27.610427840233417 20.990911237823667 16.18030646219423 29.557536146825736 14.465274985885967 5.896084061131046 24.022977264275358 17.379461886558126 13.44387010818215 2.911438645518064 24.997732447991226 28.898842134925896 5.251825721653688 13.93963961762296 9.026428416355692 16.054380176919167 17.531248994680407 26.233492051215475 28.775986728594443 6.4536604439030745 18.018501405173414 21.06696943966773 7.9830233294119 14.44466376811238 19.504825807711835 28.43743884643231 18.21222754466317 4.498185878304184 9.677120775778473 24.626555423986908 23.724298857079848 12.206244064092877 3.6809205527771223 3.8852641802949073 1.9145558937322744 25.281415972998285 11.301734884001373 14.245895224371058 25.97951746500761 10.059727278515837 12.392400630664985 3.539894220451264 13.995513712054539 8.8897128635511 1.4717208095050165 14.848305863812351 11.216791754430394 11.667542042931082 23.163939970658575 7.236000771098583 26.802576499248705 12.829800464075934 7.910857047036791 19.628994562058157 16.37809328477868 5.021094072108148 15.357400026176554 1.4536124673241302 15.843791228499395 16.996019802841985 11.939175298438984 22.523681024314275 13.419673136887079 14.234587490933416 9.010166103097497 18.944061950022174 22.93633814109626 29.26859224538284 18.404785461554702 8.8745212015124 24.53617189402846];


nDrivers=103;
max_D=[240 206 172 153 188 144 201 202 206 209 199 199 122 238 149 161 128 179 228 155 165 159 233 152 123 150 187 213 148 172 143 202 131 145 168 156 213 126 211 187 206 130 142 168 165 136 163 176 233 232 120 142 168 144 209 183 209 161 141 240 127 235 160 140 125 175 140 216 197 140 176 150 197 168 169 141 165 170 236 199 161 230 150 137 159 212 132 144 228 195 222 175 167 240 171 176 165 135 175 192 194 201 144];
        

nServices=107;
S_starting_time=[136 555 257 552 431 59 692 470 305 201 417 582 465 399 658 716 25 479 108 600 40 490 110 399 588 590 290 186 347 144 650 620 720 145 672 684 698 421 157 121 326 429 279 66 231 582 600 315 188 566 680 134 166 90 59 1 297 685 245 522 496 499 676 638 101 663 208 391 447 220 668 21 605 232 594 33 701 480 610 51 322 522 30 202 460 126 695 379 551 587 552 602 298 409 224 206 713 689 88 172 454 711 523 395 674 409 710];
duration_s_min=[106 114 101 95 106 78 64 64 111 84 105 84 103 96 109 100 105 80 99 114 97 117 73 88 85 78 104 115 78 99 88 60 111 93 88 60 89 111 101 74 96 61 120 66 119 73 60 60 118 64 93 70 108 86 88 106 88 69 104 83 95 80 74 85 120 73 91 86 69 108 113 102 119 104 118 105 85 66 104 117 107 110 99 74 118 97 116 88 90 98 67 88 96 93 63 82 96 118 79 70 99 116 96 80 77 92 79];
duration_s_km=[48 37 31 50 53 34 49 38 31 33 34 31 48 41 44 45 30 39 54 48 59 37 40 60 52 59 39 42 56 56 55 40 37 32 43 46 37 36 40 49 35 54 54 52 39 51 58 38 38 52 31 42 43 53 60 40 52 31 31 45 42 57 46 49 45 34 54 57 39 42 52 54 34 47 42 41 36 42 55 50 36 30 31 52 53 48 31 44 58 34 45 46 57 47 51 54 48 41 60 36 42 51 49 45 37 40 52];
num_passangers=[46 22 78 94 98 45 73 59 48 67 95 57 78 57 65 44 55 87 24 52 41 26 55 90 32 35 75 33 29 27 98 77 38 33 59 76 83 20 84 89 96 51 96 28 59 92 69 58 50 85 57 94 30 30 71 87 99 52 45 65 76 27 34 76 88 73 46 83 75 87 80 50 79 37 84 26 43 33 72 36 38 47 21 55 87 99 51 43 84 33 84 39 63 84 93 72 47 78 22 78 99 35 40 23 69 71 39];
BM=250;
CBM=0.500000;
CEM=0.800000;    