nBuses=72;
max_busses=60;
cap_B=[46 80 48 139 84 35 88 23 122 59 111 97 49 36 69 67 37 32 32 83 121 58 54 56 76 72 90 72 88 58 57 44 129 86 36 26 131 32 106 35 98 24 106 80 20 22 75 41 25 58 111 28 103 90 76 91 108 132 95 68 42 94 34 55 105 25 127 105 107 27 130 23];
euros_min_B=[1.6226190472009714 3.6815711798294735 3.862792403195438 1.2896665808867742 8.048648507129233 4.15574186784208 10.898193526984663 5.754938171077148 6.376732784034033 4.286907166015652 3.641221035533962 1.239004911365186 11.551508484445336 7.458706475275156 7.583641004878071 14.499557820138127 10.914342895560456 10.334370179256155 13.027376648658992 3.4198817406948074 11.921779533953183 14.204315558238715 7.128732446540897 11.336673832428996 14.67089172284295 12.050645501548452 13.24399380541421 1.994941953863912 2.3933187588989537 5.435386024823002 9.804561915431467 13.720230364072128 13.109557884038363 10.5386049998508 6.433830689191541 12.149042495234259 1.4779084360597128 5.525751796613373 8.065992749307519 9.38179081854122 7.858483055529352 3.0556477031911573 1.7883361703620215 7.804324022666262 1.3477344884073175 3.3108911721147907 8.27767592184825 5.226785859584247 1.0122284410387732 2.306818432744379 3.072837948169532 1.0934189101580085 1.1959121167306968 3.056746987293974 2.112548675848614 11.967992611483446 9.362482631140837 6.695233256070093 7.035429887952157 1.2125626540318448 9.61177225221752 3.48143149349234 8.290474791070412 14.058682220098124 3.3606660507296704 12.979999709290137 12.42070363940893 4.771401687395332 6.445376175261474 5.035557535597896 3.299912921467801 10.670042933080552];
euros_km_B=[20.141864722262618 26.39302337466577 6.59489958768318 7.622193781725597 20.96493214098599 18.411294199544805 11.57969154488557 1.9678967780765797 26.40414516406612 8.739142937371806 13.86646922472245 20.573467116475747 2.1884479631207916 8.609395398697917 7.878416454306479 23.943759343890562 21.60799712539127 23.89921342688525 4.908249506201372 5.479856152476552 29.965389613645865 14.85623817172797 12.8510718686664 22.036164544610003 7.697340343644415 18.699044456856818 15.859593811858439 8.442119025888669 14.05057954821419 28.92323194118225 5.39856643889016 4.415507374082676 6.894201103355092 6.187626024323397 10.30567090055461 2.942894209567668 25.458282438273997 10.67972832222862 21.494308508331518 26.683135006197496 6.905413765228419 1.1033720823356505 5.42616554946534 9.189329375583686 11.058607920137288 21.315749077277513 1.8294248829915936 1.6166199293002612 22.557310883844032 28.821314765525113 21.828366108532983 29.333737519177376 9.014985557639159 3.1769182229990225 13.7179955889199 4.024009058766501 17.255118300516717 12.275885452844973 8.719361596314982 24.126437716036772 18.851005553568356 19.155103228426107 2.447528570749831 15.618463242515674 18.013003390743986 27.309998213375493 10.091892717726164 9.078677064746294 10.214591988983123 22.498422308410507 18.347595021867527 12.832921996981167];


nDrivers=71;
max_D=[227 239 154 156 125 146 164 131 239 206 228 203 147 214 182 127 152 158 220 127 167 180 197 164 152 151 139 211 222 201 135 174 124 191 225 133 182 240 179 133 142 176 153 191 224 160 122 189 172 207 181 185 122 195 176 199 238 151 126 202 219 164 238 155 175 134 126 155 139 210 156];
        

nServices=75;
S_starting_time=[512 550 303 502 124 47 709 244 395 222 181 222 610 454 524 79 691 699 404 510 274 461 515 212 149 214 476 691 48 370 674 196 268 643 388 233 696 11 285 444 3 655 580 538 563 530 122 277 658 525 380 458 603 275 275 65 373 265 264 518 207 322 223 175 148 514 467 328 553 183 342 24 384 150 664];
duration_s_min=[95 82 106 91 61 91 89 101 99 112 109 66 90 107 96 97 101 88 65 68 97 87 77 73 72 80 113 114 87 83 78 61 105 102 85 81 99 73 72 108 75 108 75 109 66 90 71 62 108 70 113 72 90 92 97 65 81 88 61 101 108 83 112 115 66 92 64 82 93 69 60 119 111 62 117];
duration_s_km=[46 43 55 35 41 48 60 48 53 41 36 39 60 34 47 41 49 59 58 50 32 55 51 57 51 37 56 58 43 51 48 53 35 45 31 51 46 50 59 58 54 45 45 31 46 33 59 32 38 48 58 38 43 54 50 37 44 37 41 49 39 34 37 55 36 58 33 31 39 58 58 45 50 34 42];
num_passangers=[70 41 81 89 58 25 36 58 72 56 99 31 36 75 79 96 87 48 39 89 63 24 41 89 68 49 41 37 36 47 62 40 49 73 90 95 46 90 27 96 21 29 40 71 44 61 92 32 41 35 21 37 38 32 26 45 49 50 26 27 26 40 51 29 39 32 49 45 63 97 32 26 35 39 38];
BM=250;
CBM=0.500000;
CEM=0.800000;    