nBuses=122;
max_busses=120;
cap_B=[72 73 30 28 77 49 48 22 57 37 70 101 59 93 103 77 84 139 140 117 54 25 79 20 102 131 121 32 108 117 25 115 132 93 125 22 54 111 49 86 41 45 117 52 41 107 89 114 35 48 84 102 82 122 38 58 41 108 74 101 27 73 113 140 31 64 68 34 128 133 56 43 82 38 109 80 124 129 72 29 43 41 101 53 24 52 116 110 81 69 75 70 42 27 63 138 25 106 121 47 55 71 87 97 120 98 74 110 56 114 35 114 104 42 114 32 135 94 35 25 23 67];
euros_min_B=[12.363347958186937 7.518914098766563 1.6265411399771503 9.744113629855775 10.756318047654913 8.745046534508294 3.060137961073811 4.591647662861942 3.4646848940754635 7.929946473464666 3.3056293368181735 6.388309315491597 10.398662957382594 13.857659788856633 11.693632392734346 3.8559930554010395 1.846932425925446 5.765534507678209 14.025189972648125 7.832287783045214 1.5672748331147834 1.5725585171064154 1.230693095808065 8.615478807279462 14.470034835167192 9.202307879585394 2.0579126056274015 14.181279234351537 12.242419262131461 9.607640442291734 1.8599044572169146 3.9163222582018093 14.426496757170753 1.3436708934681925 7.109212013489225 11.065893940437883 14.93013388877881 13.746880544413855 3.4011526935267646 7.178186481456337 11.690540517504258 10.581039557104175 3.1528927300859175 11.749985527971646 8.754827036343409 7.11315538957752 4.998563481879691 14.533192693101212 14.811190008318626 5.302154493509657 9.859330425380914 4.394569097907277 12.310193198060167 3.6908197715802395 12.251649433817988 5.402694294643656 11.711003737681603 11.8265070207148 4.491982159230692 1.1011051626676156 12.964223394140166 2.3456191964470916 9.321880985622471 2.4265968384415175 9.910287580451396 11.976976176145481 4.049705007115747 4.004339376630088 10.280586199274781 13.140530141861664 9.261342861406458 2.3225814838103496 12.374113455106288 6.379327946383405 14.742100166591802 7.1498658792475736 7.508072688704124 2.0868501017684284 4.344331967784748 4.199457508121491 11.458599587564512 5.663416895181011 11.366376957524734 3.8077471994156533 4.167008215720816 5.148931899496463 12.755632578047889 13.369777742196595 10.2853652136774 14.824618348648318 10.397397338021156 7.483340373150064 1.3818787055179564 10.817724045529223 8.219924470735855 6.48310942469664 2.8223693667375187 2.242896035800329 10.5945523289301 2.8115359757407754 10.88267781060207 14.068812717996426 5.48750184268358 2.6717621242759577 2.7142551696792085 14.121444974583536 14.874312449854568 7.5274803799150405 9.285018234548119 13.001748545371793 2.695857913497811 9.789102036004564 12.095872547529476 9.31381110881223 1.5301045030340978 8.988560031185981 8.364345891287565 12.827078939786169 6.667331620547641 4.115934612267603 11.247704243274935 2.89918143565951];
euros_km_B=[8.70422803338663 18.24472567786119 20.261115820671183 12.667127493877146 15.799841770855133 28.684218347962215 17.46062454338035 18.032515846847247 28.164258382952415 16.8797117206382 17.07764830461676 17.214640904642835 26.00953971952978 16.581241021255224 4.8063136977437555 11.776834066761124 19.464925580659298 5.669273573944651 21.890702499657113 10.754215440014418 2.0831141082533975 14.235499563732246 6.220353388281615 17.971938584653234 29.681425044554604 27.75716466665353 2.942856154343837 28.71788908149636 18.442898642838376 26.362078485650898 12.63975763719507 25.27078711423494 29.226605590239522 3.962917297752404 26.120589623478338 9.301306034416475 22.33608992219938 13.224705776068186 14.34816172627644 5.7370329596103256 23.03168975092876 21.544628764380825 24.126257332487132 24.347178632567317 10.560631442847743 6.014246935990986 8.920531961579096 28.88415724703507 6.503855719191506 19.927784839068885 16.25934775330058 15.038944524519477 24.668489019990858 13.970917986195126 24.574031323467295 21.2357732839781 25.702654153678402 15.334170832556362 29.256308680381203 26.793150250813746 15.641703424578065 8.320880806947978 28.656025093295547 19.10189489034804 6.820116824500387 4.442387825799873 25.426357215582307 12.923559114466837 15.456751535795194 6.714636122637141 3.9978220880267807 23.8316418072954 7.015744153547317 29.948239632634994 11.487274626590823 7.871708938166319 24.145734034991523 18.271044581956403 27.279573682509067 5.262807841670316 17.911798228621766 22.43843880042895 4.822229318351832 15.825302968799479 13.998663941644187 25.87795109296648 17.053528739602363 27.482568682715133 28.490411035066444 20.666429774579374 13.726317275673653 14.667351858848658 15.482637531502125 3.435928132672653 9.69983875817983 27.203613631211983 26.708209563280754 13.44679571297356 11.021363607766142 6.444072539013227 4.362896755712736 27.35402421949575 14.812260378121106 4.744573834792943 8.090263431296547 26.635100881459984 1.2668745248373132 29.158186883737123 9.223035979631515 16.98529255668631 28.64248999679926 16.747117054132588 23.656250918494255 23.188509424864595 5.957477131975185 11.84185784053733 10.369546114457044 22.06683429916452 20.235704137043655 4.006360222595234 21.278159584149794 22.679580184435316];


nDrivers=124;
max_D=[194 191 184 185 240 198 186 160 134 182 229 125 224 161 180 134 183 181 217 189 138 169 123 235 152 191 234 135 188 187 167 229 194 224 170 225 199 200 138 130 121 180 222 164 159 150 135 186 147 232 156 231 196 138 221 213 136 178 161 167 213 152 159 215 136 176 147 133 170 168 229 227 210 217 188 198 197 138 194 190 139 195 171 180 234 157 162 125 186 137 123 144 140 199 184 235 203 128 120 222 205 189 225 190 135 191 143 171 168 168 214 218 207 219 156 159 140 226 126 205 167 232 137 234];
        

nServices=125;
S_starting_time=[380 366 10 486 623 572 105 281 702 655 286 643 277 555 271 156 365 289 513 68 339 192 678 67 703 330 266 689 657 285 39 474 587 394 33 125 94 387 30 461 629 352 364 707 247 87 509 302 621 361 700 495 417 284 434 496 307 232 473 250 149 35 67 703 252 348 514 444 55 60 144 22 487 309 297 510 54 32 297 497 584 523 122 348 351 612 624 627 648 622 45 680 163 674 651 408 107 671 535 146 698 96 79 362 211 357 306 707 445 71 358 381 361 22 312 362 371 535 706 620 10 214 696 521 571];
duration_s_min=[119 83 120 76 84 108 115 105 69 78 100 83 80 87 75 107 80 111 69 89 72 66 91 96 116 104 65 69 113 74 81 84 87 84 81 96 97 101 81 104 105 111 107 84 68 70 86 66 104 120 62 90 85 90 104 77 111 92 104 74 92 80 69 71 115 91 118 119 82 115 112 112 81 80 95 106 86 117 116 106 98 102 116 99 97 98 97 86 114 74 86 97 94 60 93 72 89 100 84 119 77 89 118 108 111 98 64 88 82 63 89 103 92 81 114 73 111 101 98 84 78 87 71 112 70];
duration_s_km=[35 45 35 58 41 50 39 53 43 49 53 57 51 39 47 56 50 59 54 37 51 54 35 59 35 49 55 36 37 34 42 53 34 32 56 54 59 36 55 56 53 51 52 49 31 46 59 30 47 55 38 41 31 43 39 35 53 42 33 60 43 37 36 54 42 42 53 46 49 45 43 44 48 55 44 58 52 49 34 39 52 39 38 42 44 40 52 57 55 38 37 37 54 43 46 41 36 52 38 52 36 50 59 44 44 56 33 30 54 38 57 34 60 48 38 51 49 40 55 59 60 41 45 30 32];
num_passangers=[67 65 31 57 44 86 98 23 28 39 69 41 47 45 25 51 56 92 87 23 48 32 55 83 65 83 71 80 53 54 97 100 88 81 95 63 85 74 42 26 75 41 52 46 37 66 61 56 94 53 56 87 28 91 86 61 51 74 88 97 42 90 28 48 72 41 20 88 45 66 46 35 37 27 84 36 35 54 24 89 45 97 49 72 94 72 42 27 92 30 57 74 26 70 80 71 86 57 56 28 29 20 97 96 99 40 24 40 65 33 47 30 58 42 45 73 63 38 34 77 44 23 39 39 100];
BM=250;
CBM=0.500000;
CEM=0.800000;    