nBuses=81;
max_busses=75;
cap_B=[116 65 37 136 72 38 107 126 33 71 120 138 25 52 79 82 87 53 52 73 29 110 79 53 28 94 70 57 93 21 44 37 99 22 34 114 35 52 61 113 61 102 48 94 51 115 70 36 98 52 137 132 122 34 85 50 70 125 116 36 39 58 134 74 79 53 29 115 37 131 132 131 97 89 80 77 84 139 135 102 99];
euros_min_B=[5.338812578325396 3.8970694899134575 11.687807157676962 11.250491414379475 2.633945378076488 7.679355392109619 1.608482911669833 8.11869312436339 12.054776625051815 7.469746220858232 12.18336863348021 2.5198914021200514 14.842974818967145 9.908859968560606 11.42111867741706 10.000615861195712 8.845587974136782 6.934092193682574 8.840773212473628 1.265697004931638 6.82039381882741 1.2867443374245322 3.2594577815337775 3.836831125794265 14.880891760244358 1.6339139881985003 3.094217179080954 11.22662867194466 9.61725194246183 3.903166155357092 3.5042716675249856 7.7147610441526355 1.0331256165220861 13.474550815712695 1.3740308570476785 10.01962872438872 4.380683426019508 6.333641610651379 7.394443044499538 4.341992825875096 12.85475175611557 2.8285313853985796 11.27474834679671 8.137469153905863 3.7405849952343546 8.608200318311887 3.734746841148284 2.3187698611439993 12.661097039197314 13.160436094977426 2.2034415161117087 12.080497451424993 11.271536660669831 14.224428332977036 8.223243438262813 10.206724850831144 12.26398479848071 1.555379832959497 8.921514980258474 1.8726225251755149 2.5373142670852546 5.205664270079015 2.339544034527532 10.78903612853313 8.642110447207441 12.690624801348036 4.2294540144088515 1.075061600958462 6.953124068445929 13.51988975957719 13.260352921341205 12.379995264093857 5.127580973582823 4.549360353384626 6.706952754661395 1.1387401916471178 1.5531814656454204 13.40927397788629 1.917530003302619 2.0617012650701723 14.441405102672519];
euros_km_B=[5.516607588855763 9.426154075070807 15.062004444393558 12.007932603962914 29.82775100676912 9.616879359663544 10.816126913667373 25.28644499654824 16.706166720301383 22.784628119294585 28.966992172475557 25.196816798506383 12.201446937180455 16.610270670232214 24.974950544064082 19.582195297796353 19.433474732710128 5.001953447417773 16.259536618881317 8.433653612367394 11.799735895229357 6.12257040507998 14.573555673944592 14.38384514331506 14.814211515486761 20.740465746298202 18.62354130458566 25.422395354311423 15.47584150837263 17.848012287116465 26.765592378190245 25.01213489849078 22.42457328912825 21.006731816216764 15.501572475739382 17.27547631082978 8.787037972584326 5.9791686533442245 26.211599047323194 25.487466597869446 25.64736438343069 26.454926733648588 12.780251945909265 27.270894237001162 24.79350532241511 11.034976240641216 10.434057102980313 18.634351043656768 7.851412992880065 5.34084739130044 21.03776576246091 5.427004146570807 16.461912135672346 7.651397399265471 29.66490308827856 29.485152240743812 21.425520939350235 14.979416986767804 29.685924276360506 11.058408894343236 14.819308667909086 1.6253009111161276 10.408724628810722 22.06324572388219 13.364871253948404 5.216169756817771 15.830928804357614 13.289562566414004 21.490640373910473 27.476415009887518 11.935825845573861 19.926037412536466 17.77631418573482 10.094444820767087 18.24624732721739 7.772192710807762 24.6781197384286 27.24678392453349 10.162006949817956 29.317161839562125 14.652584476117555];


nDrivers=79;
max_D=[150 140 236 125 132 131 239 181 155 157 207 239 194 143 148 212 143 142 176 138 150 167 187 132 126 146 221 225 134 177 124 225 125 146 202 172 150 227 226 205 240 181 205 122 202 185 140 134 208 139 154 184 227 195 188 182 230 195 126 134 158 127 186 228 195 176 224 173 142 234 219 139 189 209 140 160 229 183 151];
        

nServices=86;
S_starting_time=[305 167 390 445 577 422 617 409 383 187 265 428 597 538 441 90 165 265 130 345 186 103 69 558 595 477 674 203 689 230 693 177 98 557 162 259 429 568 27 457 642 24 699 332 454 199 659 101 304 436 567 431 700 528 77 153 430 53 141 52 41 250 342 712 85 269 670 303 682 300 626 284 330 449 569 310 267 428 235 170 526 104 128 216 280 535];
duration_s_min=[66 120 73 112 78 74 112 102 97 82 78 78 75 78 110 105 72 67 97 87 79 115 94 78 104 62 75 76 60 72 87 100 60 64 109 96 95 110 120 113 68 81 104 66 86 92 103 91 79 74 105 97 64 103 67 101 87 73 100 69 65 97 66 60 69 70 84 108 90 64 84 62 83 95 110 119 108 61 94 88 117 75 100 102 87 109];
duration_s_km=[57 44 49 59 51 41 60 59 34 40 31 48 43 33 38 35 42 59 37 57 57 50 40 31 46 53 49 60 42 43 40 31 46 53 45 51 36 52 49 51 53 50 42 44 58 45 34 35 49 38 56 50 58 33 39 41 40 49 59 41 51 36 37 40 37 58 45 60 49 52 47 55 38 59 53 30 54 40 54 37 59 33 30 53 60 49];
num_passangers=[28 78 78 76 60 67 59 38 26 100 37 21 84 73 81 73 86 77 85 28 31 83 30 42 100 72 46 37 33 70 28 77 92 47 23 81 33 67 57 40 91 70 74 21 24 74 39 69 41 68 98 70 60 25 35 60 72 64 24 61 50 77 72 33 68 65 26 43 60 83 68 31 92 88 39 31 21 96 63 51 27 33 21 47 93 52];
BM=250;
CBM=0.500000;
CEM=0.800000;    