nBuses=129;
max_busses=118;
cap_B=[103 81 25 116 124 88 60 104 109 105 58 95 126 29 100 108 51 47 92 112 56 116 43 106 96 87 50 61 108 111 46 137 58 109 131 78 23 35 98 55 28 99 34 71 91 124 132 85 27 24 27 110 28 114 135 94 71 110 21 25 117 47 94 112 121 54 40 82 36 125 58 40 119 139 44 139 101 120 103 34 99 74 45 38 134 55 111 29 47 86 128 136 29 98 102 80 110 54 81 44 112 37 120 41 28 120 115 118 92 107 34 138 86 21 126 114 56 24 129 59 84 117 77 117 106 132 133 87 108];
euros_min_B=[3.0138826956191034 8.78872123407415 6.015729881805714 1.239788542078134 14.771373327045636 5.333039797599872 4.499004536620589 14.46073584808726 4.658440021443582 4.5962875430088665 8.284531346441156 12.372101523016113 8.830949200659996 13.737834186586078 4.7979911465117535 5.03652089423751 4.129386407386851 6.598129538286287 8.56092143114173 14.543236727952038 1.3350333120184334 9.719603436377996 11.713035754153733 5.008311099129733 3.9158566712902276 1.1423715087987494 12.283602846947272 3.1760130253930305 2.5861608546168515 12.889938187517394 1.2761688892827732 9.784525733635167 5.019088338318372 3.379852531300216 4.273970333150371 12.168284733424848 10.792294648946491 13.362971020033624 4.891920777588656 3.7181925271680667 5.302847790239241 10.017567901841167 10.581214812578331 4.679109904792761 1.1251028228455437 5.183687114326514 13.145948216555905 14.275848010004527 12.545356200543802 1.034668402046687 8.78035314673242 7.951906818162211 6.143697952336502 9.040920771283366 1.22642199003384 6.168473153751284 5.206283163430292 3.645608987595738 8.649809608376525 14.09114773637899 9.386793851012982 7.944318513178062 2.957953776961997 2.3074649639032216 11.306323259930611 1.830550382051515 7.498070547694031 13.88379276855302 12.180398088742969 4.427878747701049 3.413868913108041 6.432827185818732 10.705638758007275 12.069164869976035 3.325131915707257 10.257268969573756 2.714012730922298 1.5558199238142152 12.583483245528884 4.209340518560396 11.541345587431834 2.9489429146646344 7.873126016679735 9.15598436096035 4.195169145890607 6.502452673993714 2.426225457450456 12.378156077701053 2.743918026220247 13.07890763150996 4.3286350593697716 2.941771646637263 6.647025842208479 12.873211555246153 10.234179967008277 6.174677816177854 14.504015308512631 13.865370699143247 10.4693352073773 12.628861825699085 4.6207238594947615 10.90134685522666 4.08304475088379 13.688378886018977 14.032107444888954 9.134798817580254 4.60612164472016 7.5290885588488665 8.123363426609469 7.564627008304578 12.78934183953046 4.320515946705242 6.680099846926 12.529799132952718 9.481605417222067 9.704573773528699 5.327626618303054 5.110633686106556 13.593671946400319 10.820299331149776 10.123850305305231 12.720642417294387 11.326398060149238 12.314014476634144 1.9533937019647487 6.814967950781138 7.151764629774039 4.103638923294558 11.900175569693591];
euros_km_B=[14.412608531147157 13.856211090440567 13.242332551177428 27.34647342328816 3.8975058495175623 11.956618991832585 18.54681701655761 14.404199932461378 17.998640336139562 12.42549968758311 9.617619098244145 29.961996563358333 20.971520166432285 21.4689184824198 16.76353685875506 11.776050986808718 3.250929760019918 17.628789056371108 24.143975215033503 7.218366201910643 4.092212767235604 22.866584227875087 10.4804602817405 2.348598144381181 24.244378576965566 22.747645176105205 22.560862234789802 11.274681630602409 25.718560448014056 20.274915849367044 14.095435725393834 24.17453502379575 5.84373852823281 15.953070227119026 22.13376510925461 7.183290962505167 7.059045127300037 8.38934139638086 28.73827533522087 9.400506067960603 22.987663933123738 24.46605705689636 16.04355663882074 1.109248522889612 23.84937647709475 23.181023329714687 20.726356677863176 24.86639752018763 21.115896565911672 27.44669233012729 10.686044267656131 25.483863828553126 10.725160498004879 28.634622157241946 12.212834863464716 1.9992929251235072 8.876822150958503 25.065891752334863 10.82151917387312 3.6978397158866203 21.674799987111278 10.878285012094251 21.916445039423063 21.551349085577986 11.600256498807449 7.5783442116254225 10.653231051812263 10.150152777577537 3.5621734078424767 23.181352297479037 29.187827602572725 10.403487388778645 24.784431300931743 16.41448282507693 15.334669808721603 4.088709563040947 21.707942631110033 26.273234876608925 7.453025715729263 29.639451093341265 20.36993574991616 26.44102416191828 20.807489457032805 4.4894640947419795 19.70082439969996 8.821611536765209 15.889168116506605 3.963930505726545 21.586369875399324 5.4154255903104 9.72585743848253 13.219088163943622 22.52135375708969 16.357697236143125 16.55336266325241 19.73723331936109 22.293518343914634 27.038980123868047 7.723684105149242 2.5119928120849875 14.265727682783611 10.439653814636289 14.744844681737934 6.597700007817475 9.67289577878373 3.6684399300484376 6.703808646131064 23.846755682632544 3.130457860048981 9.5398737936439 10.106712361581387 21.113111922274904 25.51305706272859 27.463548707196303 6.473301271156421 28.46001650995624 22.349080521417267 9.351815778237592 15.35795134447805 9.264576421138555 6.588563670338847 2.8876662550009273 4.218460216176063 17.844739789679103 14.149024133638102 24.547824724469663 28.15595275057966 1.9127538764480514 9.722091600729067];


nDrivers=123;
max_D=[184 212 183 166 164 237 121 206 197 236 178 126 177 154 150 218 195 202 206 187 181 239 216 220 128 132 240 132 235 132 178 168 182 204 240 137 218 145 193 125 135 218 209 157 149 126 227 135 173 125 156 234 221 150 199 167 231 136 171 127 148 216 199 174 167 191 170 197 170 127 197 139 177 207 234 233 191 223 179 196 239 140 152 201 126 195 126 162 168 229 140 170 123 230 145 151 143 171 240 168 239 198 142 134 212 212 181 175 237 200 161 233 233 149 180 182 221 233 176 185 159 216 184];
        

nServices=130;
S_starting_time=[639 515 435 236 185 218 640 270 514 367 207 66 66 431 20 719 82 113 717 75 420 201 307 691 716 287 446 703 610 186 104 193 400 392 452 659 572 687 71 279 132 543 546 204 202 451 443 157 113 367 131 386 533 535 625 293 17 168 709 603 366 584 139 105 482 684 433 465 633 318 341 353 570 609 85 250 346 537 696 259 151 252 644 249 434 183 564 188 381 212 138 338 405 106 228 199 401 344 179 409 73 98 576 122 577 568 119 264 670 371 427 9 200 396 530 395 192 620 163 351 187 227 1 662 639 23 215 251 28 150];
duration_s_min=[120 63 92 84 88 77 99 66 120 94 108 100 73 101 105 115 120 100 62 97 70 70 84 87 75 77 69 73 70 101 114 63 120 113 109 64 115 71 79 89 110 65 117 65 90 120 96 93 75 107 103 63 89 70 104 120 118 119 86 74 68 61 118 119 116 85 119 79 60 115 117 64 69 116 72 88 64 119 118 101 115 107 107 118 91 73 114 70 117 93 92 100 88 72 63 87 100 99 84 85 71 88 72 92 72 107 106 72 79 109 91 77 100 77 98 95 113 102 103 68 120 114 75 70 98 76 103 92 99 119];
duration_s_km=[34 54 36 52 50 51 56 42 58 41 52 60 45 33 49 48 51 58 42 60 54 46 40 42 38 35 43 36 50 60 42 45 55 55 57 49 39 53 35 38 54 48 56 32 50 56 56 60 45 45 37 56 58 37 52 52 37 30 59 40 48 59 40 47 49 52 54 36 45 58 35 51 59 30 44 43 38 36 38 51 59 56 42 44 52 35 36 37 41 32 58 34 32 43 39 37 36 54 47 44 31 41 35 33 44 30 35 35 59 31 34 50 57 47 33 41 45 52 32 59 52 48 37 50 37 43 32 34 54 40];
num_passangers=[42 54 47 49 35 43 26 80 27 92 79 56 94 63 28 68 50 28 79 86 66 27 62 95 38 53 44 57 47 81 57 93 49 27 70 59 80 38 85 29 28 90 72 43 87 96 72 62 52 20 33 38 84 21 22 49 65 32 79 27 87 57 95 64 94 32 70 71 39 97 32 96 74 88 43 26 50 21 82 77 67 98 65 20 53 53 78 85 79 57 44 66 73 47 70 25 62 40 78 36 91 94 43 96 93 85 95 55 62 20 73 86 52 39 31 55 86 58 51 62 52 23 45 66 23 80 52 76 93 38];
BM=250;
CBM=0.500000;
CEM=0.800000;    