nBuses=81;
max_busses=82;
cap_B=[96 85 136 95 109 23 79 125 93 59 129 22 76 98 102 81 48 128 112 102 51 130 35 75 120 51 53 53 121 58 69 133 36 96 90 133 116 130 77 44 102 89 101 41 103 121 69 82 124 59 26 72 31 69 117 115 119 87 122 125 77 25 27 103 21 89 75 77 69 105 128 41 52 140 115 116 61 136 58 27 114];
euros_min_B=[4.034015930286275 13.081554419057259 4.999135482691838 9.014138313314078 8.737711599481322 1.8177303327529033 12.989450794439106 11.474598380310056 5.674519791541461 10.46607864154147 10.601298194178378 11.802310595143036 14.11002290717957 5.990024913655331 4.415177894916182 3.2619771022481454 2.6722523984542437 1.2285415602355703 1.5055124222600098 3.694750275993214 10.820234018139475 13.306030796840043 9.9606402262735 2.329164186786011 7.607995433310227 7.936672856054038 3.9752194292356338 13.211429079994872 3.2943121811110974 9.376089631285385 8.062272100698145 1.6271612102366408 14.706810247275381 8.545234830045773 11.265813930495764 6.28671234904108 9.113893764934598 12.762857753913304 12.662697566562942 9.875722918488984 4.226429644769246 6.104681415366981 4.673846073828141 13.215278080276386 2.6345623134415175 14.083930876154799 4.9387314644206874 6.87680757171954 2.5771850604776585 12.239880511938077 8.545704863405891 13.008793816729398 12.707754440802804 9.063872097477969 9.941237640648904 7.42553584330012 3.1738786153432716 13.576802245760765 5.6389135484044 9.282874382067806 2.4189393398030123 6.494070462923107 13.72872381316235 12.268754932931396 5.986905787978106 11.25493481080538 9.39992349347876 4.042686134349879 14.699302891334039 13.387373760978333 7.126223520149285 6.680428107763537 13.725619645575827 12.04901226420174 6.94876535445268 11.16925842624322 3.5026346118823444 5.430549549495636 4.656681453581683 9.022233153759213 11.07782726823362];
euros_km_B=[18.62202369780141 29.070061907726316 18.917098093000472 7.537816524676831 14.961852155076166 3.4101555281986213 18.76846074806298 26.67475741526454 22.962602922935083 12.133518683701805 17.72389909875868 6.2492972578208095 15.046602200093051 22.83144097893363 3.6671994004567976 3.0848906107978693 11.012071374755815 23.097009994362057 28.171820957902792 14.627583928230433 19.987645941905814 5.061321736951234 15.692706722089703 2.2140898702391834 28.28850542832984 2.217127348625821 18.853332664263398 16.819621430960623 27.30246142587061 22.144983652254894 23.358345954688225 25.89749635312523 4.9523992627138735 3.0009126576530294 16.579106171071395 14.285283151955056 14.31424506310356 9.293033808517338 7.841763641981657 9.788250479198481 15.192620816230859 10.349383492748952 15.016483315757322 19.73969732778325 16.373797964010212 28.227218872293324 2.213283844085269 16.888781777173605 5.73854994943118 19.928141173575767 1.8986810424999665 15.885081373681999 15.192801367881916 15.06593775590443 19.163835826496513 9.39004109475089 14.730306680695184 3.9065179919138227 9.326291664655477 19.662465552975224 20.738715232647458 27.37640908267494 15.742428209663295 7.723986187764192 8.135839607516946 22.00090609213536 27.390483031735275 15.38110455764006 2.3797834365768042 19.799701311848075 1.4014235019059877 29.225230174656417 19.60903113611022 20.311206393313963 20.565012279688645 6.821911920300399 8.699868968671336 1.3447246889197553 15.769091156903336 17.39438440662593 12.967514851566316];


nDrivers=80;
max_D=[166 216 164 197 192 208 223 170 121 146 190 223 204 126 160 216 225 189 217 231 141 184 201 211 232 169 182 213 195 213 193 160 162 193 144 231 182 165 218 215 128 121 158 170 234 219 168 204 201 137 224 231 149 162 152 206 234 144 130 135 167 207 166 217 203 235 180 203 184 173 155 193 223 170 232 195 216 238 151 201];
        

nServices=87;
S_starting_time=[689 598 618 309 225 119 376 51 632 460 298 186 577 96 124 345 226 150 150 38 560 209 453 273 466 674 699 298 139 704 218 306 530 218 626 608 289 446 707 174 637 330 196 546 582 609 238 333 679 412 647 706 443 667 470 413 469 235 619 604 2 232 322 19 390 378 456 236 588 326 504 319 242 352 143 389 541 452 184 673 265 667 527 637 388 592 605];
duration_s_min=[69 69 97 64 74 81 85 100 89 61 87 96 93 61 67 95 76 68 72 63 60 108 74 65 111 120 90 82 82 107 103 104 75 96 62 115 97 67 84 88 67 85 95 103 85 79 77 120 91 65 89 104 77 114 99 70 69 102 80 68 84 87 96 75 105 71 65 83 117 120 81 107 67 68 93 67 107 92 120 116 103 82 86 62 64 74 89];
duration_s_km=[34 34 47 34 55 48 44 38 41 55 30 58 32 30 60 60 49 54 45 41 40 55 34 51 37 43 40 56 30 37 31 57 32 55 54 46 36 51 31 51 40 60 52 47 43 33 51 39 55 52 55 49 33 59 37 51 47 48 54 42 33 31 46 60 57 34 46 58 48 33 40 50 49 59 59 39 44 58 60 59 37 60 56 39 46 58 39];
num_passangers=[47 100 90 63 24 83 44 56 70 79 38 52 96 78 21 68 61 37 32 65 79 39 20 22 53 80 63 93 67 64 49 61 20 66 39 61 20 67 66 84 54 25 90 27 62 43 95 23 38 79 49 33 74 53 41 96 26 64 84 21 46 27 43 67 86 29 32 70 63 100 23 33 44 24 81 84 67 66 67 41 98 77 75 91 73 77 49];
BM=250;
CBM=0.500000;
CEM=0.800000;    