nBuses=132;
max_busses=127;
cap_B=[40 93 89 75 62 85 59 73 89 109 133 87 124 44 80 75 71 110 125 41 72 25 125 41 37 106 120 55 28 139 75 122 85 69 56 38 97 38 108 102 104 113 68 39 124 29 48 37 58 25 96 41 86 110 41 103 103 119 52 70 131 98 42 137 89 86 88 62 50 111 54 44 90 102 53 128 28 95 54 134 131 113 68 71 88 68 90 77 37 82 40 66 48 22 81 84 43 71 121 117 38 122 49 118 34 32 32 46 108 76 115 105 64 110 52 110 98 137 96 53 110 88 128 85 133 22 37 94 122 135 79 53];
euros_min_B=[4.317670011374108 3.830947705271414 5.889391763710001 5.640725647581376 3.5122030341963235 6.824496975466124 4.044000086567152 2.0068125975391564 11.959700295376921 12.345718093762576 2.689871103014013 11.827944401497739 10.019394667713215 5.4068057761757515 5.30310584332351 5.35760148455148 5.306594791938723 6.056737046393603 1.234439608569506 3.206873180924573 3.819141206749594 6.65165523671684 10.520884512472417 8.932628342767364 13.50612243820445 1.5459392168391668 2.288499516529697 7.091315851764248 13.335428607055327 12.808653002908784 1.644406612148967 10.648046721652909 13.753889031530242 13.737709530636442 10.976948657787897 6.951337112784131 9.59414582944099 1.057975422519653 1.5045792180102295 6.858607927942549 12.622082498808807 6.045232502956346 14.41002445119293 6.145661792342109 14.617572883463557 1.3140952486885542 14.538293316017361 5.51260639646209 1.3138040854487234 3.1003066233645122 9.894107719767078 5.838227754704692 12.954121811424015 4.337875382739703 1.3710932250745242 4.387570033962374 14.861268264125727 12.635852806747058 6.676841268707982 4.194194400959933 9.850767983542433 3.0126137758523663 1.2555705190782058 1.100925285245719 14.99032423840881 11.959247003458621 1.9642437482781656 12.172960297921266 6.0998804729521074 11.932932862885453 12.702627427608256 3.804583886428266 8.604527563681303 12.576917583589998 12.22183172293672 7.979386603736218 3.7322933869701505 8.986686531137002 2.761887508552875 1.4272424962205221 6.30427787312985 5.259225733525148 14.127559719085776 13.423405385360304 10.745666373483752 6.629972179481177 14.9602552112119 8.768883338368 2.3782676009416726 12.342295130650871 14.580713526283118 4.3878929278143435 14.393979945709136 9.481674633441713 13.773685779868796 12.959776534474221 8.66061202983597 9.394800748757907 5.763700789129399 10.791267276286801 2.9493770517270192 13.691707107780392 13.46414930770783 8.728959532487552 8.745687527713285 10.736788996920934 1.1457392431728914 13.627084588209026 5.782334912762016 8.662415802946429 5.588156066285142 13.434926510613396 7.135567056212872 6.805190120178905 6.523184474617689 8.165794552515115 5.029188017455866 1.8686093237576775 7.329431153882052 14.772680640242125 8.030829118452534 1.9839121413930092 13.018863521394493 3.167550542080107 10.001596914995412 14.933099474848172 10.004277889429147 8.01588455652862 9.126326178799951 1.4077412203204511 12.939377684360567 6.664796821810348];
euros_km_B=[22.130919886800044 14.24583659455038 22.440178459072055 10.955814952087575 27.507618671761044 22.999525964034056 13.137314100910146 10.596309281706652 14.30304780651647 4.450821776940278 20.57542098379043 19.79627881802254 28.16503205949176 16.019124426395926 23.74390501819738 11.52490508093878 29.03729461570415 16.074079646291658 20.38728760791523 28.803782600311838 12.114088615974488 22.279347154332747 12.260386935565114 16.26272755886106 1.43025655540059 20.76052979057446 15.959326600378908 13.841676471771773 12.109222972522268 27.399441518609304 11.562270336249501 7.60285230335084 7.697550125485118 21.56517316207949 5.878391479306464 10.018423303478999 23.955098549486316 29.96222721415517 11.81234275587072 3.9480948384082613 10.387460498851574 10.444789082080858 6.5760838594897795 29.629819383645806 29.81417571452562 26.68316558628494 27.368239202327654 23.498835227402974 10.99854123892207 24.161081261607766 1.3090413323013892 13.915497338937447 24.326362274668035 20.862186687362982 5.566082175566584 27.034696233597952 27.532849933662273 27.251588789980325 24.18708989480493 24.92454136659112 10.552451656768513 19.983706840726565 21.468794389440895 3.018935211894213 16.310372944163184 15.979750478180305 21.545997264894055 6.64378453719279 19.76255269168003 11.190655110441712 22.71383161212073 2.1616938843257008 16.37810612665237 16.2162237913115 8.982139080537639 10.864722699082634 29.52137101899287 25.928762967290854 17.958412058395545 6.352564432562234 21.007515687516666 12.195830774560594 3.6905472754618875 28.692420177239054 5.227477177596342 18.98551213003795 16.338351351258744 19.98182958188568 13.724147377396822 3.1486981844866966 1.6657532390031535 21.495296074360823 4.2829205934608785 4.58813124235263 4.691968271864139 14.844123034747168 24.564696551466252 19.540410869753135 1.7763930723699466 29.8857524152433 27.162909056002647 25.14482254566538 7.283726830166439 4.615940924350859 11.287341810140559 28.503969835739866 27.860233999789084 14.765041795361801 15.838565183038945 20.18121738553942 12.558790622738599 8.73591840920745 14.87159545497558 18.5333117114823 27.262455878928442 11.523972947278288 4.908411093728717 13.707020847545573 8.674930691918236 8.652576693593279 13.169027745081817 23.468534773900863 28.253567631718916 14.513806297146253 29.331887430795977 23.444456038555444 6.323968288931046 28.238452569903746 22.07622477638314 19.630138751996267 23.406457834794836 7.116341677481329];


nDrivers=132;
max_D=[145 226 236 180 217 158 124 194 169 219 206 169 220 125 192 145 190 197 162 164 134 162 210 201 145 132 191 124 138 135 128 147 196 178 146 175 131 142 120 174 120 132 152 200 180 154 237 141 166 231 215 146 184 146 213 129 164 227 141 161 137 144 215 166 161 145 179 210 176 169 129 171 223 199 214 208 120 216 172 202 238 186 184 150 218 151 152 137 122 183 200 165 185 148 215 142 212 239 142 149 234 123 138 122 168 182 191 181 143 188 232 185 228 133 154 202 184 186 147 222 210 224 181 124 147 158 172 161 228 154 194 127];
        

nServices=134;
S_starting_time=[227 310 285 554 144 625 691 25 260 185 565 528 329 308 178 211 660 5 186 62 169 41 576 22 457 532 465 238 516 442 390 610 664 713 281 147 131 380 359 345 193 44 698 8 132 121 50 330 385 463 25 185 177 350 110 413 541 272 115 720 448 498 397 657 190 381 594 81 184 699 511 299 348 376 237 601 84 455 7 312 586 105 71 711 382 415 611 138 9 340 689 397 97 216 98 423 416 146 424 616 517 354 332 189 82 205 17 434 281 355 476 366 219 88 571 134 510 50 716 579 213 24 687 205 334 317 635 205 711 426 144 718 257 201];
duration_s_min=[101 74 88 100 82 73 63 91 97 85 88 103 115 112 109 116 111 88 118 106 69 88 62 88 71 88 114 104 70 82 114 64 97 107 88 81 104 65 90 62 103 98 94 77 98 118 98 112 116 92 61 63 72 101 75 86 69 112 80 74 92 83 98 66 69 99 114 65 73 102 118 96 79 85 112 75 104 100 64 88 74 65 70 63 68 99 72 74 89 99 111 89 62 87 95 99 79 81 103 75 100 98 78 88 78 93 99 85 100 72 113 81 112 83 68 80 120 88 79 107 77 83 68 63 108 95 98 68 70 109 111 78 65 74];
duration_s_km=[52 47 35 45 54 57 41 49 47 50 41 56 53 44 36 57 32 49 47 58 33 46 48 40 41 35 41 49 46 49 45 49 36 30 45 49 31 52 43 45 59 43 30 41 38 40 50 30 43 60 30 48 32 37 32 37 41 43 38 37 48 32 36 53 36 48 35 32 49 55 47 34 45 40 56 56 58 31 50 40 34 31 42 36 30 39 58 59 47 47 59 57 45 30 42 48 36 56 39 56 44 59 42 40 46 32 44 41 43 50 48 41 45 39 34 48 59 42 44 59 50 42 47 49 57 49 32 49 35 32 52 31 41 30];
num_passangers=[71 54 45 88 60 38 50 61 63 93 60 56 84 47 25 82 43 66 78 57 52 90 32 37 67 23 55 48 63 26 51 88 95 81 28 32 26 39 66 82 71 25 46 28 22 68 28 84 59 81 25 57 40 96 54 21 70 86 76 37 92 89 100 42 73 56 30 24 71 38 96 29 47 33 40 39 31 53 40 27 72 27 29 75 46 93 79 46 58 90 78 82 100 28 80 28 74 84 99 95 42 41 25 26 53 38 61 98 80 60 33 63 50 90 28 64 25 32 87 31 89 75 37 43 37 82 61 88 40 94 76 75 91 33];
BM=250;
CBM=0.500000;
CEM=0.800000;    