nBuses=124;
max_busses=125;
cap_B=[116 38 70 99 39 112 139 92 60 138 51 76 114 125 59 126 32 120 84 68 61 117 35 51 111 25 59 106 130 82 81 127 64 128 97 29 89 33 33 129 52 49 121 38 85 129 116 64 89 116 71 106 51 48 101 32 74 120 71 63 46 49 55 103 61 87 139 25 127 67 38 31 84 104 85 66 68 47 26 51 121 80 52 126 40 105 132 54 80 91 28 23 83 58 93 60 27 61 74 64 43 106 85 62 50 79 111 97 74 55 46 50 44 81 63 116 65 31 74 39 42 25 131 28];
euros_min_B=[7.718709070336384 14.28223119234163 5.176594858250688 11.960432530681208 9.515380856346678 5.238570599053563 1.6956730340779782 5.257670221769823 10.92384780503871 6.6824136163898205 14.632143825096621 9.431693475175384 1.2160717282657936 1.0092305042420486 14.676975684394534 5.807613469926823 14.209964170688883 8.901897016111874 2.2275291074083965 3.198606495932647 7.773936542343451 4.313709589230043 6.0869453255482 10.365580246578858 14.806136406780821 13.980675845313348 2.028590610630448 6.26726499952003 7.515175478029876 6.846529833873667 11.18283014272758 14.384732423941175 1.6171888658994904 1.8042164734834625 14.76374567408645 4.529672082537745 8.381559886553429 10.290506752990535 5.932461911101143 9.469831903496983 9.398736977466628 4.83286142611215 12.06991498439371 5.286315218416478 7.4820321876789055 10.369442563566157 1.0775017281297938 3.793691582187078 14.412124236152254 11.72103106428894 2.863599483584212 12.272492708867006 4.862261170688867 12.677755761620267 3.011692172523011 8.678990401247132 6.284550663755256 4.26952885777108 12.131914698533288 12.46359253903033 10.419298312538652 13.93544639710365 5.8942794922217825 1.2096722579878925 11.386575443525556 11.202206309381392 14.636711852655257 4.616791291108375 7.140574951405084 11.515724566948531 12.383289158322304 13.838341467464042 8.62363292273534 14.68780776189299 11.82715040564017 4.970312269565302 11.181397511078547 10.526844359945212 4.99560656815993 4.686495920340183 5.841920261453513 7.727826784702344 2.9816866408184466 7.0883165310976395 3.727522259496072 3.340988813919707 10.577458531270715 1.0377468683959017 5.605065166694801 10.56793262683996 4.824924843870639 8.813298790950427 8.20009683327671 7.172891061292162 4.356368632292928 12.843036377199411 10.705799995684735 2.679688398607283 7.98240316745029 2.658394691155542 4.0353387986292475 5.471133475680492 8.839627394988817 12.215190217924478 3.039181685102288 14.40401054968363 1.5457254787667019 5.762459693689904 14.059949164519386 7.938678808794093 1.5450420059028438 10.959749450988443 9.234979039478583 6.331955723421133 9.313039163333823 12.839941631653907 4.628707797447133 8.264029668775608 9.631735976600815 12.073364353636837 12.580295097123622 3.925443771148132 8.947958484977965 4.0986485366768655];
euros_km_B=[26.20913630818007 8.479922679632189 17.898781962767817 26.726226897527013 22.412232800974675 3.483521394420589 22.795712878234983 21.33750451733433 27.951891131177625 17.855120325621964 28.51923828437879 25.017364613815673 5.379884725404214 29.02100274369525 6.798099507535815 6.489706102519902 15.46294830173832 19.49689894215609 11.89071238939939 11.853305597844955 22.544378180328543 13.198725505414572 5.225806640415854 20.145499873538938 14.368476612092557 23.898285254090098 24.23000004656832 19.348120925497575 4.303598179065529 15.22785511104923 23.828659613691823 4.075587978661918 9.972912337944813 1.8956030498820775 27.586914253942872 22.75001600509617 19.75938342331664 16.318897472262194 22.288678979418474 19.592778549431454 4.211353114874214 5.45664776217238 8.789282112613563 15.506602956169827 18.079710571134385 3.5400190821923556 22.330947727535484 10.648538507307329 24.101511579507907 7.637540280403206 3.559614302922867 29.1089868626178 1.0804678568754418 19.72510239840467 5.551503867283806 20.276190910370577 4.311651994819127 7.6904073826778365 8.396571471167675 24.499253164998834 13.466303086580771 19.656542477041913 11.50466109105864 7.431103712133168 16.3525845760593 19.971894528679197 10.50221775828388 28.462350209381228 7.1181939129078335 2.0092536911392433 24.616477247719033 15.316411311140907 6.839444603910378 14.192675777032976 20.13374177537309 11.681056095321937 19.779283452620852 15.309947371365578 2.4611557346977797 14.121805252155793 16.62123891295813 22.228881818239085 14.991854956839807 9.38602169482195 20.089570889935914 18.90498900332183 21.358062821027154 29.43310334073509 11.098336562944528 12.760796683163717 2.260846475200836 10.265888253060329 10.73853249599277 7.871526626750281 14.147129562656382 5.893021573344176 15.1052528041213 9.183526873692085 27.688471902084494 1.0428764518996088 9.28985451273542 18.932018144538894 6.708730534166792 15.315157659083958 6.664453322256218 15.854095476075635 20.78023526212526 29.83165824151672 6.3407591562429175 29.921227903677778 18.671761692147488 11.99762125396042 10.309180817313516 21.56630065678499 18.006973773854785 23.105976291393247 12.090697651564525 23.951536892542208 14.01512457219798 2.1842139402245575 29.74888817232035 27.010937063623036 3.192177354412925 15.645844003193124];


nDrivers=120;
max_D=[139 235 216 238 170 128 175 133 152 160 175 232 218 209 142 168 125 122 168 155 214 123 238 181 216 178 172 134 219 222 213 129 218 193 201 157 240 150 191 158 126 177 145 205 231 129 205 179 201 210 149 182 161 177 213 137 143 201 229 184 229 121 206 209 176 203 189 147 206 168 160 178 150 164 163 135 182 137 223 146 169 199 219 161 133 121 205 176 227 213 129 190 240 161 165 138 141 157 147 157 191 134 166 127 150 166 192 205 184 159 224 221 140 147 157 209 137 196 219 148];
        

nServices=127;
S_starting_time=[141 596 565 586 361 696 3 454 383 676 316 22 619 606 589 295 529 596 699 195 628 714 577 45 137 176 439 177 34 638 621 511 170 685 693 644 682 283 216 452 481 415 701 390 352 549 485 621 34 706 662 324 176 432 651 321 500 718 193 665 62 641 316 616 17 337 412 463 583 298 272 328 311 664 593 354 570 74 457 32 461 124 514 101 555 146 652 164 106 143 436 98 490 697 89 113 476 10 624 113 441 610 679 177 302 241 717 561 307 609 705 258 637 514 624 284 593 548 201 498 626 197 195 474 686 407 707];
duration_s_min=[77 65 102 62 103 92 94 113 103 107 107 93 101 82 110 64 66 108 91 82 77 86 89 85 76 68 90 85 103 117 61 70 61 64 83 84 91 96 119 99 92 85 98 115 76 84 70 104 69 105 86 104 109 65 99 114 97 71 109 79 66 66 113 70 99 65 95 95 100 116 76 95 64 94 98 73 72 114 110 106 67 107 101 78 91 79 72 103 79 98 77 67 60 82 118 94 85 118 64 71 106 67 108 67 67 119 116 70 102 106 74 99 81 113 110 103 114 117 119 62 116 62 63 104 84 62 61];
duration_s_km=[54 44 46 42 60 42 56 32 59 31 51 45 30 53 31 55 35 33 33 34 41 36 45 39 51 55 51 36 35 55 55 41 35 53 40 41 55 40 41 50 58 40 37 37 46 37 51 30 49 35 59 45 40 48 37 39 51 48 53 34 44 32 31 45 55 53 37 60 48 42 44 52 45 42 52 54 52 57 51 35 56 48 39 55 59 44 48 37 51 39 52 30 35 57 44 41 43 38 60 57 32 43 58 42 32 49 36 30 35 34 43 34 41 33 33 50 57 39 41 45 35 45 40 54 34 50 50];
num_passangers=[24 37 37 81 69 74 38 27 67 58 60 68 77 35 80 79 25 20 100 75 54 36 75 85 80 94 78 45 43 75 54 61 100 37 72 100 95 71 62 81 32 66 36 34 73 38 76 68 54 23 38 49 100 67 20 85 46 69 58 81 74 20 87 75 51 62 49 47 44 91 22 25 49 20 25 63 87 79 81 38 39 20 62 53 33 81 48 44 96 93 59 88 74 39 35 32 55 95 95 75 99 42 83 60 78 56 91 94 65 49 81 51 96 67 23 98 25 56 55 32 37 68 36 81 88 65 92];
BM=250;
CBM=0.500000;
CEM=0.800000;    