nBuses=90;
max_busses=83;
cap_B=[88 127 140 55 25 53 87 134 101 128 91 31 100 65 107 21 115 34 48 129 85 110 40 85 49 33 91 129 44 127 60 58 67 137 80 107 79 78 30 95 29 44 125 100 43 36 78 120 130 98 116 81 42 77 46 49 82 46 41 63 87 67 39 72 37 126 127 82 58 52 77 139 79 28 85 25 121 127 60 31 123 118 127 64 41 86 135 124 72 64];
euros_min_B=[7.7667613282492844 8.70720642763053 4.678324230967183 5.388710594972192 6.750996888716563 1.8148892641699703 5.276743317894883 4.591421149998933 11.447573126907942 1.556298861778466 6.26281386896504 9.68552415585252 14.818335172298262 1.1846124029042595 6.488368425642416 6.21929876038354 7.387569952790973 8.834102072952032 13.657146947545682 12.278179216963911 14.58740878481457 5.589114344901084 3.5832289895022953 10.61320785816541 9.514036816025705 6.7562217891970064 5.701170174275136 10.305485495792258 10.96154951137252 1.3899956771671058 1.9365680367931173 8.753211822078606 7.102429809911747 11.545079108000996 12.15487303460391 13.43202641049168 5.254837948377173 3.596356215662234 12.314928269370336 4.394728535672847 2.746498944126309 9.750049968265552 4.755716625386707 5.383846234146628 1.2152772983415512 4.995593014806495 11.298785077353289 6.695356435992715 12.506687184483123 10.392480234237794 12.373426619681112 1.8090681337737886 4.91729453700149 3.3887739475935312 14.652073934346085 4.2113799059475845 3.361021555684849 9.383510634240729 12.24343878555708 14.12214304041182 10.266419628356473 7.349224227129423 9.50754298016868 3.2466157616285507 4.035072423612719 2.157919567426764 13.647809508749788 11.108271182413867 5.843837329752654 10.674223650016938 6.670852701128342 9.634850124835296 12.19935348368163 13.01849454167615 6.403899751258469 13.334002758293058 14.150077619375207 2.791608933654402 4.236865808280974 6.4025449828959236 8.77562120716533 14.027350996692341 11.379872548631107 7.378515876474512 7.404755773951519 11.21342848193872 13.492521332837782 8.84026989843812 13.695842873504922 14.771501964894345];
euros_km_B=[19.71666066069945 3.3710139950994398 12.321162315766214 4.575573697140054 25.294454298070345 28.8954575950071 2.9607990360175407 21.793642391819905 29.380040141579265 8.459579217071315 11.341155615287239 12.99666478925076 1.3352285095930316 17.36413520339021 12.70776481928256 12.100191898241283 9.80478125970929 6.048751273491037 5.950029598983204 3.609130578985676 2.5473573934651177 10.229178529101175 7.894021824693498 13.391374311832772 28.670535859711876 14.22733410226258 11.267596180712045 9.290768800978544 22.46772085113863 12.025626303550565 16.993926391119643 27.694889543070605 9.757872387952775 20.78170413661278 14.932150541222661 3.709156789153858 23.715169698540194 11.646448629049209 28.789366980061892 11.020362423440169 19.4314395844967 12.58240620953032 21.104771373001988 10.401109793733113 1.7955050732134454 15.741440570379432 16.47851145035607 19.578866401764365 27.912804962966447 7.046871652674321 27.75863226763945 9.234640758064094 6.155467501938164 21.25404971713552 20.591031541423725 23.451445091647585 4.6387189359118235 28.056940987813924 22.146578654526056 26.04070400441433 20.807573877090547 2.217724275488977 20.663865755147906 23.850940123758715 26.26435551942472 29.25183224189262 29.279839984383795 11.910552641681322 19.645553870518658 1.0893600278541067 5.20793419037275 10.307241295461122 24.573734886825633 16.17704726876039 1.1512474159537125 5.4016798956941185 22.17584262826443 18.55095208061516 22.215444069884473 8.903172365203954 14.31814193813001 25.024094739849478 24.53188006574564 11.10257540467226 27.10717167541431 4.724571329376087 6.61475260974689 17.625689251601496 19.070391275286003 21.654310416208524];


nDrivers=95;
max_D=[122 212 157 210 133 159 184 223 201 218 121 134 236 138 233 189 165 124 196 133 185 145 217 215 135 138 167 211 176 136 132 206 145 156 127 171 164 138 121 218 124 211 204 184 158 162 211 182 214 154 127 127 230 164 227 135 163 164 152 223 181 192 127 240 158 183 152 125 198 157 227 146 200 229 168 211 195 211 161 236 223 176 177 197 145 218 194 155 199 159 132 129 126 122 202];
        

nServices=96;
S_starting_time=[372 689 57 3 690 415 91 304 503 649 36 513 456 547 625 490 551 641 148 283 226 260 43 333 71 48 500 463 19 382 560 620 85 378 532 72 286 564 619 667 213 314 706 124 324 23 432 395 296 572 25 518 91 1 720 642 598 529 52 498 20 337 227 264 105 526 76 302 676 603 686 123 641 103 169 167 258 65 645 187 406 461 144 330 607 193 518 59 70 670 317 239 613 613 246 339];
duration_s_min=[87 117 93 112 113 81 79 69 75 60 115 106 88 111 108 92 117 99 73 102 85 81 75 117 114 75 118 120 66 108 83 112 80 83 88 102 70 72 104 91 106 75 79 74 98 68 95 118 62 93 84 87 103 83 94 111 111 69 91 79 111 63 99 65 99 120 91 72 82 120 65 119 79 109 86 88 107 79 64 62 63 109 68 89 119 114 66 75 94 81 113 109 66 95 100 83];
duration_s_km=[58 33 54 53 49 38 60 53 51 44 43 42 45 31 42 50 34 37 40 46 47 40 46 43 40 38 60 43 49 54 59 38 32 35 43 52 42 36 41 50 47 40 51 48 54 33 53 38 35 48 53 39 57 42 37 50 30 57 56 45 54 41 42 54 55 33 49 38 52 58 46 46 30 36 43 53 32 59 37 39 41 37 37 31 42 45 45 54 56 39 59 58 37 47 40 47];
num_passangers=[62 20 59 83 56 85 77 81 43 50 56 100 31 53 53 35 50 65 63 26 89 69 37 100 76 35 83 45 45 78 29 58 70 43 100 61 28 89 31 92 69 56 71 46 48 29 33 21 64 28 99 38 68 86 44 66 84 68 96 53 23 97 25 33 23 55 28 95 61 45 31 25 69 57 92 34 40 99 88 28 40 87 84 74 36 96 42 27 64 94 31 78 61 100 26 99];
BM=250;
CBM=0.500000;
CEM=0.800000;    