nBuses=86;
max_busses=84;
cap_B=[53 52 43 89 60 22 135 91 47 133 130 113 78 137 88 121 56 43 96 53 112 111 138 82 99 89 56 48 69 113 49 90 61 137 86 119 32 50 116 59 29 28 121 32 50 46 66 94 133 114 61 128 70 27 43 84 111 130 29 84 69 70 92 99 89 102 32 118 117 83 64 42 65 128 35 70 137 76 129 118 48 30 126 62 62 114];
euros_min_B=[1.5383658683527792 5.178344403045079 11.997558415704015 1.3087238796729075 8.527083860391262 11.534107037052454 5.898034507250913 7.512525458798481 7.253442165741199 14.898818508871699 1.7454049267330434 6.522211496134774 2.6561395919238375 9.423799942491812 14.697884571345273 12.722893751285687 11.916411883904166 9.248299094582057 10.18968400429301 14.057526329094275 4.550107233053278 13.279536962776104 13.21089777833594 4.993918859437485 11.228433535412735 3.768321122732062 7.471748574344279 11.851643876446987 7.326232745647118 9.434056256478934 3.7816822999033546 6.430164623034397 2.4202603458454983 9.57451812121344 7.90493717664547 5.5880876667115436 14.364766109727059 4.268117821193596 9.470080036642411 1.5001453974054357 9.286331846666306 9.601520937041077 7.371433502031037 4.866194046029005 7.853209761259844 8.782963129693293 10.83242511188805 12.668565308584363 12.106173273980827 3.492080576505293 8.762231363567892 7.302161513177976 3.0307709547311363 9.970137480364059 11.284907543165655 6.23986153119707 8.399589089235409 10.267042478674988 8.827316349606043 4.791559683308272 13.195074229971253 9.922737414180302 5.562480647475779 11.435048710380089 5.23791583280243 2.169927577636672 13.999506241692101 9.709631537788187 11.529436283218844 4.804444783214241 12.251347321983319 2.0207385104924596 9.031876255550042 7.61860216040624 14.485956990087395 13.90948258377893 7.222871254272829 14.779372370071648 12.470510611941984 6.389001222068463 6.506046166330196 14.461630896040445 9.833514128201303 4.119709251315371 4.610672362675468 5.720453456228171];
euros_km_B=[2.2328516029059244 16.906616728697756 24.036895675994984 16.67903629860726 7.140264918717363 13.214496493643875 14.833312716836936 15.704535027405386 5.46224257176816 6.289337310542015 16.22207044921464 6.647890660558865 22.139783856304167 21.646595357060168 12.186134784065922 18.88476954038932 24.35391756540701 10.854549833461963 28.54528171463523 10.997875553159226 23.55378034176504 10.222755470887453 17.420100525101926 8.350530713736322 3.909920841896055 29.120705488320375 26.30457130965881 27.76750503716771 20.785774083419412 25.716018160745683 6.566728332330923 3.1092856221836103 19.809813253459662 11.721457684784017 20.962546159381947 22.308596515083664 20.75121555878145 10.38405798585968 5.050712758306946 2.738670123495552 24.536541933344335 8.713914823362096 18.838685216835803 15.715651027648887 13.967236466425481 25.442388195080895 12.742631558228013 5.671959075668389 10.035582997471597 29.72725066074098 23.22599529239519 11.888803243624714 22.968605214289923 28.870119252149507 6.871658550248929 2.6893353539670177 15.544418267276495 4.950335776938619 10.92592131461365 18.54970061613723 22.198153218105794 3.507946745071137 6.900886140870317 10.387009084519043 5.39454527010766 22.824021612905756 24.605864358481444 1.1622950935301049 19.37739055115177 4.440318113913544 16.243031654320845 2.194364675474249 5.772332144230318 27.97692940064273 26.522535562241604 18.318675623423285 16.59727085734273 19.446828919249104 20.097112844217335 23.97188083322837 8.796699591352576 28.77871721777115 9.56777675042625 29.246252850273564 19.43968254506525 22.79509857442566];


nDrivers=84;
max_D=[131 226 162 188 217 155 175 226 213 160 151 161 180 137 161 179 204 192 129 120 189 201 154 126 165 182 179 175 137 155 228 233 130 198 235 163 202 173 172 133 172 178 185 211 142 120 199 149 177 208 157 156 151 212 169 216 227 129 159 233 175 188 148 187 212 160 216 177 127 139 120 138 126 168 168 236 122 190 239 166 150 194 229 237];
        

nServices=90;
S_starting_time=[669 333 39 23 623 669 74 189 47 495 368 568 136 718 632 466 287 231 590 203 33 260 459 153 561 407 260 178 392 111 165 59 490 582 36 312 227 263 234 243 186 696 153 346 130 621 468 561 595 296 93 92 84 475 213 508 61 583 367 655 157 629 624 241 361 244 467 1 129 284 514 622 227 577 496 272 75 37 203 205 535 463 677 260 220 669 599 658 472 312];
duration_s_min=[108 95 60 64 102 102 99 114 103 90 113 106 74 102 120 68 118 66 107 66 89 116 105 68 99 99 98 120 79 118 119 91 79 118 116 119 87 104 61 92 76 83 60 117 60 85 103 83 96 89 82 83 61 94 61 101 60 103 107 113 74 70 111 110 60 73 116 64 116 113 108 115 93 74 98 87 80 68 97 75 104 73 116 104 75 77 87 80 96 98];
duration_s_km=[36 39 59 49 51 34 60 54 40 43 48 59 42 58 33 37 30 38 54 43 52 30 55 34 39 36 34 58 55 46 54 60 55 44 53 41 53 38 56 59 33 54 48 53 32 57 49 31 58 59 46 47 44 47 45 38 53 37 59 44 60 35 60 30 41 32 46 57 32 46 56 42 30 42 40 52 41 56 36 40 38 52 38 52 33 60 31 51 44 49];
num_passangers=[43 80 48 66 55 85 53 67 61 39 86 52 24 73 51 54 52 56 99 21 57 42 47 58 24 58 35 91 33 38 44 76 38 63 81 95 79 24 70 53 56 21 69 99 67 31 34 50 94 83 47 75 38 63 85 59 96 84 25 42 82 58 52 39 39 80 22 45 80 62 54 92 61 57 24 40 67 22 79 31 94 92 41 86 79 89 50 77 37 71];
BM=250;
CBM=0.500000;
CEM=0.800000;    