nBuses=126;
max_busses=126;
cap_B=[88 108 43 132 51 35 100 26 99 97 83 103 63 128 102 114 84 135 72 43 111 21 34 31 133 41 53 135 82 75 22 125 100 79 132 87 29 86 115 127 71 69 114 50 114 49 134 72 82 28 135 96 106 77 136 60 42 60 83 138 120 87 25 89 139 55 47 93 122 38 116 36 86 54 109 98 89 38 56 59 87 101 121 124 101 44 33 67 36 92 78 47 65 67 104 34 127 95 35 40 135 132 22 20 24 97 48 41 34 130 112 118 80 20 39 44 30 98 35 97 105 136 92 131 69 114];
euros_min_B=[3.079165282463973 3.4750904918703722 13.205063113040922 4.521640113974512 13.806076479167581 13.603340407743831 5.928754078326076 1.7445283384464225 10.265083374592258 12.147230782764504 10.149780054457711 6.300110641063593 1.53463086765763 7.374158909482599 8.023697606696704 14.850187356629004 12.371594496819258 9.931798050512576 9.757366765645294 9.477430895287817 3.755179940479897 1.8742661050697345 2.6912541175162774 9.01226880649052 1.0082260566917378 5.8178429997836565 7.760351640192262 13.806787038657607 1.283505928930851 4.539508011059525 4.99559075792445 2.5222633489461685 11.814898033110497 2.5312864413679588 12.92516359642126 2.2240183371100564 11.651183249784633 4.71982104086547 7.769978395027606 4.250711525011299 8.698035028353164 1.616371908231064 11.894893533366734 1.4373362240210026 5.612683276012062 13.086268576607706 5.730350459846199 3.2239428691633663 2.6034255068154213 2.7496647690933447 12.979260182084944 7.546892104627357 4.740861323636333 6.32558329538562 3.0099522018654064 14.782714377467293 7.28771796925873 4.66030790424904 13.429001623777662 1.5822725502769794 12.053480062263727 9.641627628346772 12.567426200000027 13.300949222318405 8.119158114858612 9.790981318609747 3.640275496457983 6.700624159169398 5.003015391749937 4.630844288277656 7.507127949049406 13.395523450987262 6.478103474173725 11.512536587759138 4.9184483760364 4.63343837081448 12.146793725257776 4.594480018310324 1.0277722613752036 11.350294489178447 12.501584881160877 12.696769884062036 8.960292866164423 13.342668838471662 13.12285664875338 3.93158445466588 7.648214707149499 6.224876187297744 3.3856582657228684 9.063237859486868 14.983075799384176 10.488800386257804 3.019859682779036 1.3830182081852986 14.506065422041779 13.916420060531262 12.869875176435619 6.713667232802456 5.002071861963783 4.270401398032671 14.732668990782633 7.6452809345242345 10.764507930318572 4.474254437324317 11.523043049523535 14.70060793975331 14.98991670855101 3.0038843353936504 1.4958843221160618 12.147267834406524 11.761668488292482 5.022050564720288 6.232490926681387 4.9781465786897 14.85160172966353 3.801602994321356 8.703909992490658 13.011728050605587 11.733381832079923 10.828766724374296 12.07030241703335 2.3578142584889132 9.172796852105437 12.48044815145662 6.2907656639267575 11.527356520449294];
euros_km_B=[16.244416298055906 28.733717630981733 10.994252767641678 13.172147278440175 25.839493421391772 16.732616587690735 4.115274329674602 24.9708797357282 27.818360742013628 5.014512092140444 15.601604018750749 11.599292154777153 22.132766342884477 16.128767424711945 18.541539444639508 29.296324620791538 15.042583376281508 7.3912659114765615 6.4938483717824145 12.947334501712287 25.466996065056616 17.416647619249122 6.950003620240491 18.584529456860245 28.7301571536643 21.266577676913347 6.754998399415647 11.983975213896533 23.502805522097177 26.55487951500633 10.17954596079306 15.674767482255014 29.099578371241783 21.978645426809393 22.14288324677922 24.68577482699805 17.558761123858012 3.3130516038971813 16.14143877322479 14.382780086446 13.391900355355563 28.956150893916092 10.898843729187456 15.135889735105183 5.302579647120443 12.872700029380674 28.463465387218136 29.654843559048718 24.923806172783884 5.575436109160995 28.19149083730579 28.692392040962595 11.719090759612751 19.890597900101664 1.9342157551504515 29.18171931345381 29.49958425224047 4.929689677162548 17.067353877845772 28.578208039828418 22.42291027139699 13.783551755335512 23.293144766193734 11.369478434523929 14.922285876582533 21.063129975669888 16.498506851531097 11.148911168194315 21.054476108348798 25.64671289035261 4.8060330859859715 6.3339132110257435 3.459626003215176 17.530302813619766 22.385676659618618 14.937884068825067 16.328451299505957 4.506504660533267 26.43548456325666 6.785282249627133 11.182936580932184 6.3243932024101035 3.7083598263068573 14.897815207999741 12.027218614435158 7.119409423694839 26.36606422599835 18.12265972408198 12.202196418998719 10.805200255823019 29.2671079924161 12.584355482096582 21.673981444422047 1.5142947822784945 27.549852675376364 21.446832525222636 29.775982762290287 9.903110118774771 22.516951390908606 5.829750747253231 23.49138679973408 18.432123386265182 2.2029698468729757 4.085910513651164 14.135171428368523 6.5296904656799155 12.088799266653371 27.154058930081177 24.858312430350303 27.582135920933254 8.805847280698952 15.526770131123495 11.001891784186345 15.148855966918937 16.95989385443235 13.710885310850902 1.8090446245504108 13.432635567133202 21.610585298209962 19.777557982215804 29.016655879307024 12.752049068541854 4.962402508676161 27.401173092934428 8.297427991421415 6.645304653986315];


nDrivers=129;
max_D=[185 142 200 188 165 225 221 218 189 170 125 171 170 141 220 237 181 161 149 161 144 189 170 187 227 207 225 225 211 126 142 231 159 199 129 214 201 240 206 211 135 214 163 132 233 233 174 135 177 136 171 192 123 123 208 165 157 197 168 163 150 220 180 160 215 155 154 191 185 175 208 171 209 133 199 221 152 192 151 139 236 121 197 165 180 145 225 167 162 142 188 154 164 171 126 204 182 224 199 186 239 154 147 201 162 136 157 172 185 237 133 171 149 232 196 171 230 155 211 208 187 191 159 142 135 210 206 220 225];
        

nServices=130;
S_starting_time=[331 108 720 710 393 484 310 49 385 274 216 419 104 449 318 301 27 508 382 506 93 352 678 598 655 686 348 514 253 315 283 274 688 404 387 720 1 519 572 592 177 4 160 394 341 116 403 416 683 666 327 190 489 443 445 541 710 422 676 366 311 69 236 257 486 266 274 659 679 551 315 243 247 418 204 438 481 268 94 168 530 445 629 439 675 623 215 326 635 709 609 338 644 446 358 151 492 663 419 673 336 496 182 244 249 207 436 138 626 579 716 290 562 505 512 440 470 553 632 13 384 442 330 137 542 284 526 456 383 496];
duration_s_min=[95 114 65 72 75 119 88 68 82 65 76 82 88 87 64 86 68 77 87 112 108 85 104 106 95 86 89 67 111 71 93 93 110 120 78 94 111 63 92 67 112 114 111 120 61 72 80 78 117 81 120 91 110 120 97 64 80 83 84 62 103 109 92 78 65 69 108 111 113 81 67 116 70 63 67 117 103 61 68 75 70 91 62 77 90 113 84 68 105 90 97 89 83 97 102 68 100 86 102 74 74 94 76 119 106 78 70 100 76 99 119 73 113 72 79 97 62 106 107 103 80 115 71 73 69 91 67 82 99 78];
duration_s_km=[52 57 48 41 56 31 40 43 56 56 54 30 46 48 38 53 51 30 50 47 36 55 43 51 34 55 54 40 30 54 42 38 49 43 57 50 56 59 59 35 57 58 35 36 35 47 32 36 48 42 55 41 47 43 48 55 47 35 46 32 38 36 54 45 35 47 30 46 33 42 49 40 37 53 46 39 48 58 60 60 55 45 40 42 36 52 32 49 33 38 33 52 35 57 37 42 60 43 37 41 55 39 46 53 45 44 41 46 38 55 59 50 58 47 34 45 36 44 51 33 53 52 60 54 33 50 60 36 60 42];
num_passangers=[51 69 84 97 43 36 89 100 57 37 72 29 40 44 28 84 46 71 67 56 57 62 25 94 66 92 89 35 52 83 61 21 88 65 46 57 85 61 100 72 29 20 95 91 89 48 69 73 40 29 84 91 28 30 45 41 25 89 34 90 38 52 57 89 37 54 76 79 87 33 47 69 26 49 91 63 52 59 60 76 27 82 30 71 72 85 32 31 31 95 38 82 38 64 79 84 67 59 66 44 78 72 59 56 37 57 98 66 70 64 50 38 98 78 46 68 78 28 48 41 64 84 57 62 23 87 84 29 58 88];
BM=250;
CBM=0.500000;
CEM=0.800000;    