nBuses=97;
max_busses=88;
cap_B=[134 122 125 65 115 121 85 23 90 76 54 134 83 90 21 94 46 66 85 23 80 134 30 44 98 42 120 63 73 99 128 81 115 129 90 55 117 64 91 48 55 79 65 104 85 110 21 62 63 136 123 35 98 132 123 36 72 80 54 40 24 137 132 91 30 132 115 96 42 110 46 55 77 125 65 50 30 79 131 132 37 108 86 128 107 55 27 36 69 27 104 48 66 72 100 127 119];
euros_min_B=[7.109302999201352 5.7743782719457535 2.5298083733709884 7.881650178382986 12.781727178555903 10.581360302923592 9.322825198126385 9.60975180523192 14.459096276150143 2.807644612928766 11.456891940503134 8.303862277029035 13.433950003870407 3.3726018327415943 5.461910208399026 11.563298926213507 13.075128526455094 10.450051942421377 9.177527801120009 7.254829522981094 1.1098341627049595 11.128684406878044 13.070225844603348 6.203941807480596 4.734037241661997 13.630564859855362 5.896633404911283 1.9531193073137494 14.147170124420608 6.443304217698562 5.747404257917651 12.205278230880968 3.6371482131334054 12.896696945436627 8.779101946468005 8.36541632306417 13.645375151361145 4.710084882720311 6.9202976192200625 7.812530851895309 2.884037854950961 1.0121364395523162 7.886161437244117 7.367399777985364 11.005307867463149 1.8000220913225051 4.681178215612896 14.201677525745108 5.782823194059302 8.293108404314067 2.351091057390647 11.09010802545303 5.698547125684103 12.74792166134472 12.049852410628347 8.75880782870519 3.4609718965325644 4.86885142256741 5.631387044929647 12.764526641669109 1.3787812277005635 5.1867081849387855 11.819109484932962 7.772177666458791 1.2585097929917082 1.0699166955411628 7.589518829111925 12.689015747983852 12.827449692210335 3.6633557347938117 7.607435065173142 6.859824190850119 4.69679756563162 13.3197027265016 9.689907982106737 1.6752145110758259 4.379352422079363 5.103447295112042 1.0111027441332545 3.3122246934427597 4.5779863099145395 8.257396238701736 14.399904113685148 8.84713250601758 12.04676984731738 2.1698944190993723 7.692925055975625 10.412157770067742 8.872003698693668 11.685979250062578 11.625663620166536 11.360825080675369 1.8917431621717675 9.839842656046658 4.071772808585651 1.9434264628817577 2.5933612012668696];
euros_km_B=[2.763743507719946 7.557185037529301 27.96338355938446 4.4519467104884285 20.467806951399982 1.7501466371236925 18.046244897423115 13.53308364505948 9.315928734793626 22.167616640928422 24.673948711010723 8.33015361003038 24.791149311210937 14.366615357182347 15.446561207947965 28.71998520186427 24.43533837031813 2.7634252373934043 23.87927571323075 12.88507211377401 4.261500586904838 3.725410963972875 14.296092991785464 19.942491054222472 20.27923152163496 1.846984488349332 20.28307575803383 15.58487333090766 27.29979704194601 19.90154974802207 13.027021153699652 17.14836695961393 23.163845538492456 9.027589023676294 19.283212431304772 7.55557069463926 10.0313326948088 18.26415686676855 13.52053160036896 9.697203568374352 14.611635983639674 13.354139326013474 24.893329380187986 17.40228169740142 13.178413717104402 16.63542003405697 28.70925890836885 5.21170132484654 26.945558983973346 26.882768091331528 17.931366844299234 12.845699076020079 12.910174990907246 7.415698043578413 28.651180582761235 4.475842706033917 28.26921887967645 3.48588264031132 16.237330480696347 13.680105481640396 7.421452707151815 17.6735211181534 26.316465052321725 20.210289632014547 9.090153636461075 4.130967354091959 17.92466852256313 9.602400738983965 26.91579826371394 21.035021525672065 28.16053115599501 9.111028076510605 18.8236260518497 20.905653493884557 9.354767707939933 28.277695705220122 7.134493118293554 22.927737128163567 9.319435214814204 10.857242181282428 25.421693038578166 10.318465361636076 22.2470625280823 26.727703578891692 10.396242307226155 9.30422832684979 29.60577125042589 18.232083327263418 2.7464839228892846 3.677934125338593 19.54889475024172 14.818179045740154 21.297760070021862 7.23876220995074 24.009811704395233 17.732206220468303 1.756528177119614];


nDrivers=95;
max_D=[229 217 205 225 134 149 235 175 123 228 226 173 200 161 136 203 200 155 220 188 149 147 209 201 240 163 129 120 188 237 221 232 220 139 220 222 184 164 204 121 154 129 130 150 234 189 134 176 228 156 147 222 162 152 239 221 152 217 147 190 120 177 120 154 164 238 182 195 233 141 207 192 176 239 187 234 219 185 222 168 140 212 154 199 207 237 161 212 175 144 232 153 225 137 132];
        

nServices=102;
S_starting_time=[632 265 170 183 634 556 188 577 227 348 584 287 524 60 197 5 559 318 598 202 584 532 53 244 393 228 118 135 414 511 5 324 184 573 356 54 280 510 147 67 369 194 197 118 605 6 66 710 380 124 589 358 184 63 146 407 311 124 695 523 716 166 514 568 126 143 356 685 436 227 496 6 51 488 433 441 718 313 274 655 477 586 665 73 614 686 404 665 601 78 273 173 608 703 36 687 361 549 369 685 681 511];
duration_s_min=[101 68 76 103 66 113 77 95 117 76 99 71 62 106 110 81 75 87 62 90 78 114 75 89 103 111 117 108 74 90 108 63 68 84 104 99 114 101 66 79 100 104 102 90 113 81 62 86 91 66 102 115 118 95 100 100 90 108 101 89 84 96 78 73 104 65 114 115 92 84 75 107 120 118 110 114 117 82 99 71 96 65 120 119 113 115 89 110 74 94 92 118 113 90 104 81 69 69 86 111 81 80];
duration_s_km=[32 59 53 47 52 50 38 35 45 37 34 50 37 60 38 59 47 54 30 35 40 39 31 38 51 54 43 58 34 57 33 40 42 56 53 50 54 59 59 33 53 51 46 43 38 47 46 30 38 37 53 44 43 42 30 34 45 49 44 53 33 58 42 36 35 55 50 34 37 43 50 47 47 48 59 58 59 48 31 37 36 55 55 34 60 51 50 47 40 50 42 48 30 58 40 48 37 42 44 33 37 42];
num_passangers=[85 28 75 67 90 33 86 82 37 26 45 96 83 78 23 31 86 49 56 90 49 74 28 27 24 50 86 84 69 65 47 92 53 59 24 92 40 79 83 44 69 100 32 20 50 89 64 34 33 51 40 45 67 93 53 58 73 62 95 81 35 55 69 56 93 87 98 57 74 74 33 36 61 63 96 66 22 66 50 98 52 60 88 94 74 41 42 61 94 33 81 91 56 38 47 71 25 27 30 47 53 78];
BM=250;
CBM=0.500000;
CEM=0.800000;    