nBuses=103;
max_busses=99;
cap_B=[95 112 36 100 96 25 46 69 136 27 135 107 32 137 124 90 64 20 38 52 30 53 98 46 90 72 73 135 108 61 86 63 93 74 44 56 60 31 26 88 98 90 94 68 48 45 34 81 95 66 105 56 84 74 127 128 137 22 137 57 111 87 137 129 113 92 112 119 99 57 117 116 52 91 130 32 102 78 111 138 128 97 99 86 57 136 138 35 33 94 30 38 120 60 39 71 113 44 46 55 28 21 38];
euros_min_B=[9.594098185535294 12.957929940459572 1.9372686236464456 6.62612083145035 1.9542502779655444 10.957882717454803 6.123889640398373 14.143781966370891 2.2012929887103763 5.776976338697144 12.532485711355504 11.352733956093495 12.168647699584318 8.817773582318175 2.431285818752527 5.2078541756451875 13.181609682298687 1.886379453095347 14.944470264580694 6.85765036060138 6.391161880590341 10.542133031990849 8.390190434965524 5.434597299580391 4.901716359679619 7.025434793255292 13.496510323703708 5.607787236490642 6.005229246030067 6.258959900397124 12.431350996311021 6.861244688881248 10.182161264303152 2.4044819103715875 14.041134747763657 12.645771227946483 5.885007047958309 11.402746365131552 4.89998925940996 12.168087188224344 6.757945413030409 2.806247616084474 9.830395105465248 11.789278389703338 2.5051494623136126 9.658832879639554 11.611336763835535 5.590453830856529 12.511158481736654 13.176237628116402 14.373141204694978 5.663846691937471 9.640356107124704 8.483164179162552 6.096190947544567 2.1607357129720044 5.537932357121625 8.446431342974702 12.384837689267028 6.463183749352308 13.578926697589319 10.388784668563687 4.516409688807506 11.796755360633625 2.702984287016771 7.042079752057821 13.159710625556697 6.758121712846696 14.991561046689824 11.871775441530522 5.672248624845469 1.4938970878246776 12.770674086852285 10.43873898971351 11.98733212788268 12.026188827110731 11.36201940649332 4.050513373877422 9.712031045354905 14.315771863478538 12.912620265598763 13.459797790772495 5.449843576372739 14.142270865091495 8.129263326391328 14.812016581015653 6.317412427693267 14.094111370221613 1.1537742682265317 6.163650292654613 12.052210517638844 7.507015891487621 1.7847448363509695 4.4377920190256575 1.9671626189320528 5.233884014043804 1.0394519112131775 7.326531020444008 13.938583450029405 2.5790922791666313 6.770778124240915 4.177081814012805 6.26612477535179];
euros_km_B=[25.637280691960186 25.39433049162816 22.667578042712577 15.16230971871616 20.31275552320948 7.879797478173475 26.316643946720845 11.802046589379062 5.714801829533629 9.800346852942196 8.371743535806424 1.5584951803119942 2.6724227024152682 16.980746457981688 14.804492663381014 19.026801286484 12.132649452035999 12.023400494599855 9.176397231350295 1.206885795207982 2.763531304381969 25.086951084966184 16.87088091957763 7.861785702843438 20.91672137554005 14.966813037643213 22.640314595131162 22.469203067887843 18.691405090089777 27.69686569124769 20.18677831763634 2.3035243090425856 18.90698687884468 23.298877824222608 25.836773962347092 27.546335161983542 18.777322160442658 1.306818762976527 29.429247219690808 22.49198758736315 23.983385443351924 4.389939135943244 26.61209909469858 5.023325685736348 7.026531515776674 16.944299353055428 22.561510973990874 22.37978514204908 19.669112135324834 8.918161058753421 22.46393023393417 17.464901268997906 3.4225815558984025 11.971203301104723 14.754097032254506 14.764718924868234 10.784810058007407 15.220530527799633 18.156552977055654 19.829427451483017 20.48924258431947 29.4582136154435 11.596691666240165 25.191315542137403 21.903321298306405 23.23055752860284 7.454681990982891 11.275078226123865 11.83021066705966 13.359041511388023 16.84009603904441 29.009087063811116 22.311345165234535 13.993475975004134 11.91236060957032 7.626496453927832 29.609160890857563 26.78334774503929 4.375934590645953 24.01591979989422 14.836896496816658 9.11862737459827 7.526876738923459 13.715472444398483 9.292038319115152 18.671777015705263 25.12285309607152 11.49592380948808 29.834250104635373 29.14377118890248 22.775145313766316 26.369606541445506 1.0824517998027812 17.79201124679828 22.53544671879132 15.274974955181605 14.311929361430407 20.924148033594882 24.288467427543488 18.004159258716694 17.43097310717176 26.311347233788464 12.184833356058094];


nDrivers=104;
max_D=[191 205 203 127 178 123 176 145 126 192 175 210 238 184 174 182 187 196 177 146 169 188 223 163 230 179 127 228 137 187 232 196 195 197 167 228 126 177 138 162 211 212 238 224 194 168 177 206 227 171 199 216 179 146 191 175 156 209 126 187 125 147 161 190 182 177 227 122 239 126 131 178 132 204 232 196 170 176 216 139 142 164 173 141 129 240 220 168 132 179 209 133 204 174 150 142 154 160 151 185 175 187 154 160];
        

nServices=110;
S_starting_time=[326 526 5 170 571 710 684 145 187 18 187 223 361 683 562 133 461 310 636 140 257 590 345 286 64 671 556 49 19 303 385 490 90 321 185 441 415 260 380 517 35 450 44 451 424 126 611 125 532 7 174 616 571 463 460 57 81 713 675 678 286 266 364 147 33 449 601 591 244 633 493 396 512 46 136 88 717 295 74 565 32 649 316 522 489 69 23 83 351 674 156 289 105 26 238 127 497 331 583 85 103 379 584 691 520 130 174 219 261 241];
duration_s_min=[75 89 61 119 76 117 65 80 88 60 85 66 107 115 95 104 85 95 85 64 88 106 120 94 74 118 61 115 84 94 105 89 73 67 106 78 73 96 72 82 83 98 65 75 95 96 87 115 112 93 74 119 96 62 91 68 76 116 87 80 64 79 91 105 65 69 82 93 120 94 77 114 102 114 99 108 61 80 108 85 112 116 84 82 60 95 73 68 107 91 101 103 104 108 111 60 69 67 64 73 88 75 120 100 72 93 82 92 76 108];
duration_s_km=[53 40 36 55 55 48 36 48 57 35 42 45 40 34 48 57 35 37 32 39 47 59 56 58 50 38 30 45 55 40 57 31 32 60 48 31 37 53 47 53 30 45 48 60 40 50 50 48 60 42 60 44 37 52 37 58 46 36 44 36 41 45 54 54 47 55 60 36 43 36 37 47 35 60 33 51 49 60 45 47 51 51 38 47 52 41 60 46 32 54 55 56 58 45 53 50 34 49 60 47 54 35 33 53 47 41 60 45 56 47];
num_passangers=[68 98 42 86 56 27 97 99 92 64 49 99 92 55 81 22 76 54 52 97 30 73 44 58 20 54 50 39 33 73 76 48 95 54 30 77 81 94 24 60 75 83 87 76 50 26 71 45 31 87 22 52 22 61 65 31 33 38 57 43 81 93 64 97 76 66 29 50 94 25 89 93 60 54 61 92 61 49 54 60 35 51 47 82 99 36 57 100 55 92 26 84 83 20 96 38 26 26 56 31 77 64 75 29 90 22 24 58 28 70];
BM=250;
CBM=0.500000;
CEM=0.800000;    