nBuses=85;
max_busses=79;
cap_B=[125 20 95 42 112 27 73 29 40 29 139 59 101 111 99 49 137 33 122 60 76 102 98 96 106 138 117 53 128 94 101 107 100 62 36 70 123 79 44 118 65 114 57 63 129 37 122 40 97 136 108 82 38 89 96 55 45 73 61 61 134 63 62 119 111 79 132 59 126 59 54 127 92 121 89 84 46 119 78 45 34 126 124 24 65];
euros_min_B=[8.22994256187046 12.438835474583895 5.085371837513207 10.566292593041014 11.554292767364942 10.971076134754748 6.175614520529473 11.316200232364888 5.173524263352262 12.973172980193816 4.90834891700311 11.377208288494392 5.637014970788196 14.368871296587452 11.422583606393719 10.204528344045201 12.407192686232325 13.992753814923018 7.190528629182278 14.180633213623969 11.0306964027073 7.437346856194079 7.00056550479245 12.39446346945171 7.23374273460187 3.8922409680026906 1.266580630775551 4.484128910420057 5.4899767522871254 1.1326190899013242 11.932191781793245 3.5899584172335994 12.401875117530048 12.644044261766737 5.58190929603021 8.618453787376826 8.973259410681539 7.974728414384225 12.148487387186425 2.4659570950564733 14.978636499421278 6.959030823061746 5.69536853537562 2.2295492755724213 4.073488082595191 1.6300700836747526 14.064401802091142 7.313289936245988 8.075576479792936 7.204892088507469 14.326535319734752 7.919425271154415 14.447255463865947 9.520810690251382 2.3472888206095726 1.1462011738164137 14.301046533891432 8.307015091086587 7.015245261106975 2.847838288781637 2.5561429473396373 1.8822954798263902 11.713249398089898 10.879520665424067 6.169029054400754 4.6135514889528935 8.25008936732025 14.021512107630727 6.016661270877009 9.816712656710836 12.474484223315736 2.32537001532289 14.803910894752317 4.236112698910842 8.212208883629266 3.4784032565320175 5.121639608394846 11.708910643680507 1.977560081680917 13.86009904596212 11.106772509492972 2.871220551194404 2.0625333836133217 1.096698967739593 6.0242924026861795];
euros_km_B=[15.510082442518257 13.191257441811308 13.626922284399406 7.538545346192601 5.5316385766778176 4.8822368083893455 14.12123551644775 24.376706038464278 25.74508416604521 8.64354463192618 22.057560931202442 15.664339536721469 2.6312652609221834 19.61269651162058 18.780675406660844 12.326467504937908 29.503253674655006 12.974004267685237 19.96387329379547 22.495109291171488 6.184813236471767 7.24670982995092 14.995667672407349 22.96905780474481 8.817776607977981 23.53590558753638 10.631242459378493 20.89675087923016 22.39613209991895 25.69909404332245 9.475151563510567 10.30819840721318 18.810518204594274 16.741232896854527 26.854262261919956 10.076306646186252 16.659338319151722 27.335523010359488 25.427438658008345 1.3029300390031506 24.4895173256092 14.000410416458848 6.0129463077421885 12.689470223289238 12.642043234184742 14.848005131101623 6.4757945688645755 19.956865287045826 10.45206841443083 20.55820136622549 27.697048602493254 29.6675108234575 2.048155258655637 11.59120655739602 20.482320993745017 14.068915884380306 15.479170548357063 1.425868000994598 21.112786845890337 25.615906640043328 21.760213105640123 22.98728781220081 24.853040951591424 13.36287039459303 2.362174120831314 22.71723118158768 14.550262111735016 6.236314319197085 12.383007311894374 17.64450415795966 17.42119784429039 14.882280575542966 11.576222569011662 5.232286478181276 19.438714221109787 10.471618746848446 24.58876064026981 25.789663298946696 16.84865123566204 20.2158299195049 24.16321088213563 3.7488858733177057 4.190637029619506 1.106423290738736 22.67718763448474];


nDrivers=86;
max_D=[213 154 154 180 130 235 205 225 222 172 196 218 187 124 220 194 149 130 137 141 146 203 238 182 196 148 207 212 139 232 217 158 150 154 144 165 216 214 160 212 168 195 176 159 190 134 171 141 224 190 181 144 215 122 135 228 183 155 221 135 204 166 227 131 151 208 139 168 198 122 157 232 121 240 206 214 234 147 153 145 210 155 173 213 174 153];
        

nServices=92;
S_starting_time=[176 622 655 309 144 690 329 293 690 268 511 571 165 459 401 385 233 161 638 715 519 485 554 345 338 227 505 655 321 77 596 174 354 202 685 698 670 522 272 678 261 701 187 548 492 147 5 584 708 147 227 335 383 152 625 632 470 682 402 551 638 175 632 450 122 305 142 144 36 399 441 372 132 368 228 719 404 697 153 699 646 221 402 458 610 534 227 580 383 341 696 498];
duration_s_min=[92 91 72 88 62 67 76 112 89 104 114 72 100 119 118 106 67 67 84 98 103 119 82 103 109 118 73 81 85 71 97 118 114 101 99 71 71 60 62 118 89 70 82 67 96 69 72 95 97 99 78 88 117 92 114 75 81 95 77 79 112 71 76 90 91 102 96 80 84 93 70 67 88 92 110 100 81 74 85 116 120 82 63 62 92 89 70 109 107 82 65 83];
duration_s_km=[44 42 45 43 53 41 52 53 46 48 57 36 33 47 41 60 32 30 34 30 45 56 55 46 44 41 45 38 60 49 32 44 56 43 56 46 50 32 39 44 46 43 34 30 41 48 47 54 60 53 33 40 53 49 56 56 56 37 39 50 36 31 59 38 44 58 32 40 41 32 33 47 47 45 51 38 57 44 50 52 57 37 51 33 59 33 38 41 58 42 50 50];
num_passangers=[85 99 82 23 42 62 50 79 72 94 83 34 53 67 45 75 30 64 20 89 93 24 59 28 20 35 79 68 51 24 27 40 44 68 60 33 23 58 39 32 84 23 79 21 53 37 45 35 49 86 64 44 24 54 49 72 76 92 52 54 48 38 54 24 91 73 53 58 50 96 72 73 93 54 52 96 33 44 82 62 32 89 54 94 73 42 97 71 61 49 28 87];
BM=250;
CBM=0.500000;
CEM=0.800000;    