nBuses=111;
max_busses=102;
cap_B=[137 98 62 75 43 27 51 56 37 22 90 94 56 45 116 50 104 127 23 69 64 103 125 88 32 132 96 21 111 91 24 116 24 110 47 61 52 57 51 107 40 66 25 109 111 50 72 106 86 96 69 71 101 136 123 56 25 50 134 20 140 65 27 33 130 88 58 68 46 50 114 80 107 111 44 114 89 81 128 33 48 85 59 100 59 40 45 76 55 86 45 107 123 48 29 103 56 133 20 61 124 60 20 27 76 132 21 44 128 27 74];
euros_min_B=[9.363697777718784 10.572884211446402 10.467313384271382 5.478628626859598 10.16387651561877 8.089179699406944 12.754019822548747 6.952082435569488 11.33048204723715 14.898660318711089 1.5608078837078223 5.637863298533588 13.361690417896959 6.946680273162311 14.280055612379842 8.737236264161368 14.319821941681043 5.610336711809895 7.288504267121156 8.056503389722028 12.611501122876623 13.624319138426571 4.928690679867957 10.795103707390139 4.082983319216923 2.522153089703661 11.99044253714372 4.919739298361703 5.632836591166799 8.059587062298387 5.381138143715934 8.645487223508775 7.569498582192571 7.485386118210438 2.979144907525573 5.6562387561527725 5.253000366664345 10.9669299321691 6.982563034953769 2.334918914024358 1.6570955333407562 8.208664667628366 10.463759886297673 3.317487574850242 3.8470510963100697 10.006475032785259 4.1928787477051435 14.160844162575037 2.943139023048957 8.293237438218858 13.218748308185592 2.3339978856833783 1.0590197696710542 7.104926919736812 5.553599072595814 5.819585638311292 13.471115377765841 11.396840954551491 8.493020205070906 8.206892955162836 4.844088181979528 14.032975390685765 4.988752661571006 11.077323831029872 1.1658545458723162 11.089868068675596 3.142069407472225 6.4075771193207 14.401184997489597 9.288253155182831 13.614400880622489 2.47404130768638 6.46214661516289 14.404298802024865 13.818841083465315 14.590074505303626 11.569929766856276 8.501005301377035 6.998030126474276 13.338798029690196 1.7819954670553835 4.381740605360375 14.454204282535581 1.9487546883876805 2.090234558033118 14.993184284376143 6.641217178666723 4.7343154020788525 10.867625699358697 10.79715990725817 10.108277464857537 7.633110715574888 7.434727372976138 13.293435816354178 9.773207196353184 9.947783190935114 11.741776489840785 6.8196127877151 12.480259141342158 10.777836522353251 3.762918136676177 8.821536176085008 2.254849488705272 12.846486877247704 1.0767521444381614 5.139659253904668 13.113372479278716 10.129971039340552 6.697570923947953 4.523294114876855 13.157100518827148];
euros_km_B=[29.227517710339704 8.059768733505475 26.217976652093444 9.083941258343318 14.30906303130262 24.45169718745457 12.63532609047621 29.245135791387856 28.248263237971422 4.116788244443465 9.419035178110683 24.522046443443298 9.206649174901987 25.199655837343073 16.715449177090363 14.385975599368772 11.97226127587728 15.352159599972591 12.309940651258595 15.415317079122365 20.95847087825998 15.450063034084607 3.4111775896751033 8.089612567739433 20.95877601161116 28.786508147648753 16.388643668493124 16.374875252086156 10.48906234897499 6.810575902539025 2.2460141569793404 4.468731750534509 21.652948432765772 5.713604708394796 3.656874378446341 3.369265868257046 28.077113794944573 3.7486691803739944 17.619911778919164 29.337363681778008 22.631361068800164 11.019122922615301 12.620751961260227 21.634723935219863 9.460353269388834 20.538611388754912 7.985676597023769 16.995022303173748 13.582905193548042 6.499062399795673 8.025987660798211 8.347254998524928 23.296045428246266 24.775980089132382 7.537072276953019 1.9061170183921379 14.111785119118206 24.471133818140185 10.055822713514113 13.205174756829448 24.039002202661358 13.556942842128676 11.125529718962898 12.695801998953314 4.906621484788582 29.273171701602315 1.948747157730529 27.50896791499306 13.568472968528209 7.255033378222284 27.034621934077336 17.6809900844171 18.11209959751937 23.522386655327047 9.926731567932569 29.476786764330157 5.261475293696315 5.202484215577987 4.49135097172192 13.710622982141466 28.224886543001677 1.3669308828173103 4.60629741628559 14.300016156656554 15.743412783367619 19.890491102923047 15.89017247298785 28.305514218408977 17.132437278726233 4.917472102760158 23.746045538753354 14.130661702980406 5.776944463985765 18.955492267561066 17.042186287910333 9.054612339951587 4.793589914975758 21.06537256935397 8.65005945164934 8.015121648752189 29.12380709639922 12.592648648411688 10.689779509125145 4.832364818553421 22.614698788247214 16.617377690378888 9.067032250261764 28.619858545941085 23.607093212218555 11.854829562801973 23.65806064045075];


nDrivers=112;
max_D=[150 141 160 234 190 223 165 216 218 178 135 208 187 162 222 190 212 200 232 240 139 198 173 168 239 165 212 166 213 169 215 130 200 183 159 217 148 125 214 234 228 225 224 136 214 134 233 159 178 189 155 239 191 182 202 167 223 203 169 127 168 219 128 147 122 235 217 221 121 224 189 211 172 202 173 178 224 196 215 227 171 177 187 147 122 240 177 186 149 120 180 178 173 140 141 205 151 233 218 215 223 143 147 238 133 234 211 178 122 211 210 127];
        

nServices=116;
S_starting_time=[403 626 54 509 374 168 236 286 230 481 394 308 389 260 708 225 486 641 307 616 14 551 389 588 434 192 514 277 388 319 336 231 552 153 621 180 183 566 401 358 600 586 235 717 124 661 116 71 340 675 687 556 422 665 58 536 326 447 144 500 608 490 683 405 610 356 258 481 60 378 642 26 603 133 519 287 628 223 352 278 492 548 672 696 497 480 622 548 374 586 687 321 335 642 657 79 244 198 245 506 579 257 373 102 498 31 516 426 200 569 22 276 221 209 217 287];
duration_s_min=[84 97 65 97 100 64 103 118 74 62 94 91 79 99 76 107 73 70 73 111 81 65 109 69 110 80 68 71 64 95 114 67 84 77 74 73 76 68 70 114 98 120 104 76 100 86 120 117 73 60 65 102 108 89 84 113 75 61 117 71 106 83 61 118 96 119 98 66 103 83 109 72 108 95 90 72 104 80 74 99 94 105 111 70 94 113 86 110 107 77 93 95 108 119 100 93 116 102 117 99 64 83 101 90 120 68 72 88 116 107 104 101 115 84 81 109];
duration_s_km=[47 58 56 52 44 36 50 53 38 34 49 32 42 31 59 47 51 57 34 32 33 34 40 51 33 55 51 32 32 44 35 31 36 51 58 39 30 47 30 40 58 33 58 46 37 51 43 33 54 59 57 48 37 52 38 32 35 40 44 36 59 50 47 58 35 44 35 46 38 52 50 41 45 48 43 32 37 38 40 54 49 36 55 32 48 59 31 60 56 55 37 38 56 48 31 42 49 31 50 59 36 39 36 54 57 38 60 37 51 32 47 54 57 56 34 34];
num_passangers=[46 68 73 54 23 42 72 47 47 91 70 94 58 35 44 48 69 82 73 33 28 67 54 91 71 91 100 64 88 69 98 83 79 89 28 70 41 90 90 83 63 50 92 30 48 45 58 28 29 49 61 41 43 89 67 74 47 83 92 62 59 66 31 22 33 78 98 37 56 84 28 97 58 76 88 85 93 65 42 35 84 60 50 30 64 51 51 75 65 58 70 80 58 97 90 53 86 45 64 69 42 24 62 69 69 46 29 87 50 57 62 100 48 81 96 77];
BM=250;
CBM=0.500000;
CEM=0.800000;    