nBuses=69;
max_busses=60;
cap_B=[49 73 105 135 57 113 62 103 102 35 128 105 23 21 97 104 131 65 110 98 134 84 49 93 43 79 40 125 61 41 47 76 89 94 62 94 84 118 64 72 22 37 82 127 105 105 126 57 122 112 130 22 59 121 121 76 79 140 113 103 47 29 81 88 113 114 41 126 104];
euros_min_B=[5.998904019912586 2.244133436864419 7.9979232916914995 11.541052256259139 14.657646335459484 6.646692533177428 12.531072836330981 9.233072030307799 10.327905810483195 2.8961502310982135 9.63988453545653 8.437688182412627 14.832223881653062 13.580001787956729 12.605250443766536 10.378680310219186 1.3570119868839745 4.661999437845065 6.909082771308707 12.906330732561836 14.751787650453885 3.25100772245447 5.107654387413617 13.003977997959645 11.29181351806005 6.459927396392896 3.913687540381165 10.343027367370373 12.982113868912437 7.064557828545341 10.345335775236187 6.274863519143618 6.572249817434058 9.198621006214013 11.865379108131089 1.5867545508392165 14.927016554147816 2.0163353732880935 5.435787961463663 14.79802000270237 2.916754190219879 1.548117946533254 13.575737739374366 13.650349743552141 5.296643879923743 13.271824456688957 3.257481973556514 9.318652084586839 11.339335031044135 13.795618782002634 10.377951115228173 4.62240637006198 3.7621559154872086 3.249020247125307 1.2376197409205016 12.339072391043482 3.3116382636569206 9.364352249910906 14.83134586871334 7.541214999478346 4.342164945168971 6.424104685906841 12.182801191813661 3.398094922704557 12.832566665927878 12.330000109113932 8.879029120752389 14.601267356419605 12.917369060997498];
euros_km_B=[21.70024173290575 2.0624143960771546 22.072579297327913 6.085864405375299 19.821792852965167 2.2751104248335974 24.615494473442368 8.577540033471998 24.786794816894066 7.398057522848786 1.1859638026415569 23.736451667595706 17.8202756455132 11.595886125819916 17.30276835042393 22.574901054892734 12.44104944701479 4.063216104148614 17.867122836861213 8.801066365019302 20.897884725548213 25.45449118701794 7.04915359984014 4.128784176375214 3.238449234335662 15.256919517236561 21.298440820941526 1.1308815655245126 23.616078808410983 21.13547893185457 15.02406507755644 2.1908814747523904 18.507107463743754 18.211856149471185 19.928869832240423 16.48404201722886 19.080015199393298 10.894613519943507 9.552108880080533 19.49778743163684 3.685071606542123 16.811961010733718 22.556948374851718 12.310595673805146 7.639803234157827 27.036427013753432 7.8459007247881285 7.50549322080493 26.081274816776165 24.30144272421833 19.89514866225663 14.326933307313483 10.596542058693313 6.23354834893397 15.755635303150273 26.84458403571679 29.617843005415974 26.36749527259645 16.89296122470644 5.2206364200488204 26.693418024368857 26.99127505847832 25.494778704559458 10.63658543510682 15.623523342133314 3.0269363884463862 9.645722821603355 11.731362307535472 18.96891485357363];


nDrivers=70;
max_D=[168 157 224 190 178 168 205 165 220 161 184 194 219 120 150 143 218 184 188 174 171 224 199 124 198 120 240 158 129 229 135 123 182 225 163 236 175 207 220 139 130 146 140 218 149 145 201 179 124 139 121 150 158 207 186 135 184 231 171 172 207 155 171 137 201 217 223 192 126 137];
        

nServices=73;
S_starting_time=[322 174 50 156 707 650 599 644 442 489 123 611 497 643 613 412 502 491 39 476 337 77 684 122 477 455 656 217 1 687 463 67 279 574 390 153 215 82 655 137 488 90 539 644 406 171 496 696 414 608 336 44 77 674 342 307 340 163 570 643 631 302 311 382 178 218 539 671 429 218 245 298 362];
duration_s_min=[61 80 63 89 104 66 78 99 84 101 110 74 64 61 118 98 93 62 76 100 118 80 80 79 88 65 99 71 96 80 103 100 69 77 87 77 60 113 85 91 93 88 104 73 81 69 120 72 81 108 61 106 110 105 62 100 87 72 109 103 101 116 84 85 107 72 114 95 78 64 75 103 89];
duration_s_km=[58 41 47 30 41 59 58 58 51 37 48 54 59 58 31 45 34 53 55 31 43 40 60 41 36 55 51 41 46 45 49 43 30 52 46 34 37 38 55 33 43 45 30 41 37 33 36 54 35 54 31 60 54 49 38 53 55 39 42 44 57 42 40 57 34 60 35 56 35 57 59 49 35];
num_passangers=[90 86 96 99 47 67 36 96 46 31 62 77 40 92 27 75 22 43 59 50 28 70 30 31 39 61 93 95 100 48 98 28 49 89 100 91 63 41 48 35 92 29 60 48 100 53 84 24 33 76 61 56 78 96 53 57 43 37 94 47 24 85 61 57 34 96 29 62 39 57 36 61 84];
BM=250;
CBM=0.500000;
CEM=0.800000;    