nBuses=90;
max_busses=90;
cap_B=[47 119 110 119 85 64 100 135 118 140 21 126 84 56 116 130 33 114 25 126 79 113 53 97 80 32 80 112 101 134 106 111 42 102 123 103 134 72 139 112 79 104 93 132 33 31 45 136 58 139 106 59 123 75 51 132 67 107 71 58 100 34 68 127 24 136 120 86 105 32 30 106 37 121 110 72 53 66 87 65 78 68 20 81 32 106 81 79 122 96];
euros_min_B=[9.368532492510473 2.7012548060567694 5.419221508484646 1.2310839394392985 10.744625219342943 11.82628218687852 13.903634975754802 10.758713014579605 10.50438204133719 13.784138181298344 9.129261935332282 9.001328017563786 6.739547699118108 10.590013901519239 13.731428181236502 2.536689673720019 8.393720063165837 11.049038640188346 12.076403472717375 13.495246495054694 5.959275843744638 13.03686621925326 7.435618426763984 1.9053417970742792 9.078346177757963 14.481071336506146 13.640819652686584 14.195751292882605 8.337298415894693 10.368444161295876 6.807714142145688 6.672246500973985 4.004042678816581 3.6902724028308906 7.328984433936599 1.00472858408083 4.253605418026888 4.37751791194412 12.513223744643938 3.623371002168052 5.069488649035638 14.819375172746264 11.27032780870985 12.204871121233332 8.290268670037399 1.9801542895979096 11.651585237688238 14.848097060199974 11.67353722617472 5.2846856475003605 4.131498791487892 5.4190334201641885 3.925326861957591 3.147188237590784 2.76184763156529 12.932257894604136 10.811968609178047 5.12318636663754 7.252811913703857 9.200607943241073 4.881984712630297 14.125247101352622 4.25062820292279 10.491180077293027 7.724379280452704 9.310386324115138 10.69386605135952 1.0619061219140562 2.794310201341461 9.049811292154493 9.872633037449091 6.059797622143766 7.407152369966539 14.206634381242566 10.861938033213889 14.412815861337085 3.781084448717889 7.44240178447301 9.12142795488179 1.3306523631912255 14.737212472149086 13.882903263439545 9.05379770049934 1.1633141916463954 8.187637404008537 6.167807761244385 1.4456186126424877 7.81520291035679 14.18565533556896 7.401124937256227];
euros_km_B=[21.329254026650958 8.038593874283034 8.616835903074112 15.0072572325921 29.41400195444408 23.07481901532774 20.80708200647299 20.425418137169515 17.606369834891016 26.852346282053986 4.196869186631243 25.758066596435523 18.10269419242839 27.818730828595392 14.531594725857664 29.91364485286159 17.682198024391834 3.396410626840692 20.942741683608357 9.11310991949976 14.249037459558403 7.126433797732558 24.595578935353863 10.278611355246442 25.28440441652257 28.7680171067973 13.902062847178927 2.3580492636074593 17.447187170806334 3.6903318028490726 23.04980429567042 10.195744915113844 4.083033774769991 23.355033248673667 28.74217528293085 16.449052237260283 5.242284055043109 27.090231857021465 21.214787899095125 8.037952334666528 27.94625480023069 25.0873347147818 26.892365363518493 11.750046146059066 9.528658986793674 1.299719936145496 7.060478028663324 25.242821067871702 5.44683641435145 22.84178984099706 22.201069764403975 26.50865401189524 17.486175550398176 29.38729908237852 14.086702547549201 24.59111399699503 23.001736092633195 25.058093831094986 13.578328723577627 5.851410688724649 15.578730403808633 18.84542902333789 28.78609130615082 21.816955705899336 5.963719474848705 9.66629131740983 7.94611836884552 5.09159229554367 25.37772791522173 29.79806763833704 25.663567174202086 23.873884002434906 3.402951455517158 19.99171463367401 9.29539445755401 19.643608249631303 26.950018893858488 23.997297023390797 3.2606348098482476 27.551758206987852 16.013319131379994 13.506707997911263 1.6769538690009367 15.021958820017343 29.583505900512222 18.951980524705448 19.358940691334556 1.8877570868406477 21.13237153260998 17.31907834284917];


nDrivers=88;
max_D=[150 133 177 158 134 217 194 232 226 197 181 201 224 147 211 238 129 167 226 199 148 186 179 141 209 162 219 215 140 196 210 161 137 223 121 221 225 195 218 168 136 151 143 174 147 218 219 213 128 131 131 152 186 169 201 180 141 182 194 182 191 193 233 125 201 213 198 125 229 154 125 207 225 168 187 187 207 219 165 204 205 197 209 194 170 146 238 235];
        

nServices=94;
S_starting_time=[101 441 204 18 587 334 226 519 258 428 643 74 321 128 645 127 249 613 146 205 609 585 138 432 247 27 561 163 241 662 624 304 461 44 203 369 172 463 340 338 468 496 511 298 166 255 371 61 196 387 137 624 273 487 65 637 439 620 259 325 63 110 344 282 651 248 211 502 552 705 664 98 603 30 638 484 681 470 341 521 584 181 242 509 421 458 580 256 68 474 226 198 658 280];
duration_s_min=[81 62 73 114 76 66 102 78 115 77 101 112 99 62 77 74 65 117 65 84 77 97 93 63 89 95 101 85 118 98 98 90 110 116 80 80 80 84 103 118 118 67 81 100 114 97 72 91 120 111 108 76 109 94 105 116 116 75 64 92 70 103 120 80 89 112 98 96 89 91 68 101 74 93 113 89 101 66 75 63 85 105 90 95 85 93 63 65 107 120 79 101 111 84];
duration_s_km=[32 60 36 57 45 54 58 49 32 51 40 47 49 38 53 42 35 53 32 44 55 48 31 34 52 31 43 51 50 37 33 39 60 40 59 33 39 31 39 34 46 53 30 57 42 47 48 50 52 43 34 38 49 56 49 51 47 39 56 31 50 46 59 48 60 40 42 35 56 56 51 55 49 42 53 35 42 46 60 53 38 47 32 30 50 37 41 40 45 31 41 58 44 40];
num_passangers=[66 66 85 84 38 86 81 30 84 57 89 56 90 82 89 59 24 49 43 69 42 78 94 51 46 36 81 28 21 45 97 49 72 60 50 68 33 24 43 58 59 81 60 48 46 83 67 33 86 75 64 52 26 37 35 75 26 78 83 28 94 22 79 45 58 28 21 49 31 53 44 35 79 32 21 87 37 49 72 46 86 54 63 61 81 52 47 59 49 75 76 33 20 43];
BM=250;
CBM=0.500000;
CEM=0.800000;    