nBuses=111;
max_busses=100;
cap_B=[71 49 37 68 26 43 91 72 91 136 70 54 125 112 23 43 97 105 28 82 35 40 67 20 87 62 59 140 72 64 52 106 99 86 103 57 103 104 79 79 68 87 86 119 73 57 26 80 126 116 28 106 80 107 39 32 140 112 110 23 110 62 52 104 121 88 27 94 35 91 71 63 111 124 35 91 79 23 125 54 90 95 65 37 112 114 21 104 104 50 55 132 129 36 104 70 52 132 110 65 29 52 132 105 103 38 104 87 100 93 68];
euros_min_B=[9.760799431457395 1.3844810007407269 4.321076540080531 4.86300454617963 14.950960155910167 14.801989144503656 10.921562210030856 14.466958024436412 14.3526296201042 13.33258927833177 12.664777914151841 9.559132455464482 1.965331164269848 6.167064254387896 1.0640656988169852 1.9518223701082127 11.504757666670733 5.414297279381241 2.9164383602166604 10.320866664177908 13.898152385865012 12.95979940877864 14.38240001163825 1.9759451769009722 8.222711973468254 4.925540106857106 11.462854350464191 7.549904866785775 4.71205289149565 6.419172707684315 4.972462647193999 4.039580687286879 2.591195278181015 12.896076586637662 6.458621902085729 1.251236442345923 9.630726838939374 11.400335544655023 8.936970537047952 9.303785644763753 11.579761623710661 5.726254631796869 9.882310954291222 6.310827485607779 14.218670502161414 2.9048476366673963 6.815423663085943 7.800149202199007 14.914086679720336 11.566114426051454 3.063811224867683 11.601276245443493 6.802164796679334 14.956759202421763 14.138824420242587 14.3100332890563 9.190587314451026 9.092082281149189 4.630027625975527 6.793113663708446 8.631837873960363 12.444113325360625 1.3141855704309047 3.385241467797672 3.989669469000708 14.540784040607075 14.458559118747674 1.4290068750057323 12.020075462059735 14.567285395675125 7.524061371891005 9.308104872991155 4.723613259599388 1.284799341412586 6.240982012566902 6.197255286562301 11.671447124550628 1.4792714784623102 1.6837781615252914 13.150019877921663 13.709027788880025 14.116981964466888 1.209598193986315 10.965756097649656 5.524354322165974 7.517085013639586 4.851620110953151 14.943248999979557 4.823364654402282 10.554230020705205 6.348542117445297 11.220540434020988 6.5991859356563785 12.468030128591812 7.396540702236477 1.5836747914203286 9.476482398265885 5.773871359731549 2.899411099300173 3.4701223429145975 10.097840225582523 1.626422077658884 9.609874899021587 7.301455582780556 10.084264737904455 14.970568409975284 2.282679725271536 1.4811293894824031 14.929814079418307 7.264158195273703 5.524662703822653];
euros_km_B=[16.413670891117146 6.322295689232334 18.203837907783175 19.05720709396673 4.418761342168956 16.5933130013751 10.143586348963524 20.462753642481704 26.53564485401637 16.222778890526335 23.875701940096015 8.022487871017304 21.27614685531825 22.203776843092403 1.5745208640386754 23.162656990103464 8.292029955161638 18.575793820877056 10.283479395467127 25.9992484320964 16.196791280164 27.535429325625124 15.690023186589052 26.74006935412853 26.497265498413 25.08435462294166 14.165919799956148 6.968288372226976 1.3154998087647625 11.812941165525595 16.256479455150483 24.710005306535 23.58024370260371 16.554735247909676 7.477892780302697 22.712089308676962 8.394206887295539 12.17422848660443 5.391176211045067 8.34651713760216 24.873080234240337 29.918787869623422 12.401884414121103 8.55733441107607 2.9329365921371195 6.503117938119017 26.813488428469448 20.009102239341072 29.861892557565774 27.372404431369027 2.2840034532723994 21.108857384882537 9.939985870461268 23.8600123811428 17.61475825708075 24.919347391670662 9.075743076775417 9.216416080584803 16.483872027989328 1.6790359290499994 4.090622570250158 9.62514289580054 26.040901573743838 11.83345343495114 19.553455859711125 19.034234232937578 7.194731764826031 10.425128187224576 18.86917168109903 9.554362413165595 5.270447676523636 1.1363262660926297 5.9931950363363145 7.042425453442598 28.34396406158933 11.049142550342777 19.932176719731423 16.0158969881198 1.3509837180794477 9.632150239092901 29.569133990908167 19.07924992516948 23.64872347130259 5.794061608995119 25.177328835146017 28.944942876229778 16.60800856304899 27.890269650326434 2.2631780231265486 5.2235104200214835 9.410967779937165 2.1073698224826645 20.47457223161399 23.93848858204566 26.44170802152881 27.48846383592911 13.286603031965285 5.542839255192191 15.08889306516609 20.91740149990246 5.5473667089355905 25.720749096689175 25.363245486642004 12.737113509740478 8.337385192147462 4.527583098427572 12.153649021005423 15.442094795920136 18.201302241458063 25.712703591167823 3.7616648464317164];


nDrivers=105;
max_D=[154 143 168 224 141 190 160 127 222 218 154 235 210 192 159 172 130 170 160 148 157 234 219 223 140 149 229 189 186 191 167 161 240 203 185 240 171 171 202 168 200 143 171 136 228 142 162 237 196 219 227 162 190 168 170 161 203 128 189 126 234 220 233 240 137 238 169 123 155 153 161 212 203 181 128 150 176 196 139 153 232 235 143 124 190 159 217 199 174 237 215 173 143 163 147 211 214 156 132 141 148 155 216 171 204];
        

nServices=112;
S_starting_time=[72 245 220 16 357 305 448 330 240 548 59 149 384 385 461 17 579 149 567 522 60 234 706 688 321 647 380 98 85 329 353 52 463 241 221 2 387 157 280 489 715 354 379 243 480 441 230 719 133 600 46 669 703 342 50 500 671 596 265 617 139 65 705 484 481 509 350 66 384 7 674 601 358 424 143 332 511 584 426 261 477 184 137 457 128 118 361 382 538 80 629 572 266 9 222 502 697 149 542 579 210 487 548 232 535 175 55 655 23 691 103 513];
duration_s_min=[91 76 70 72 111 70 102 115 114 63 65 74 113 91 116 73 71 113 69 105 90 80 62 96 62 107 110 78 62 91 76 102 96 68 61 60 88 61 106 107 119 60 80 64 93 86 75 118 60 105 105 90 120 81 103 76 109 75 111 68 106 108 80 97 92 95 111 103 110 61 95 110 89 83 66 84 97 110 80 102 62 88 107 87 89 109 81 107 79 114 75 71 70 82 116 81 111 115 114 116 66 74 78 119 114 80 76 88 68 120 99 85];
duration_s_km=[30 59 39 51 38 30 45 52 44 58 52 43 44 39 32 56 34 58 49 38 44 38 54 54 59 38 45 49 36 33 36 46 38 46 38 39 56 39 38 55 46 48 51 35 50 36 58 45 53 45 36 59 46 52 34 56 42 57 32 32 59 56 40 48 48 30 53 34 55 34 37 36 30 32 37 51 36 45 54 57 56 59 43 31 46 51 52 58 30 56 54 41 55 37 48 43 55 54 43 41 35 45 52 34 47 60 49 46 60 47 57 55];
num_passangers=[53 41 21 35 56 27 57 78 92 62 90 84 79 90 98 38 79 97 65 77 69 25 49 94 72 50 22 32 77 86 63 75 36 33 34 58 33 35 77 30 79 31 45 98 30 64 94 37 21 24 27 97 39 95 36 93 65 63 41 96 49 72 98 58 91 68 56 56 77 95 56 61 78 41 89 57 51 55 50 96 44 36 84 64 88 39 95 100 66 38 65 28 93 91 33 100 100 75 60 39 83 79 26 54 84 60 94 21 23 20 50 40];
BM=250;
CBM=0.500000;
CEM=0.800000;    