nBuses=78;
max_busses=78;
cap_B=[83 110 70 59 47 130 76 53 132 46 90 106 60 132 136 105 124 64 46 60 132 28 105 28 37 30 50 40 111 88 54 41 125 107 101 42 33 59 39 38 49 113 82 77 84 47 94 133 96 127 54 95 91 33 134 112 75 76 134 95 130 53 44 29 97 63 133 79 128 116 44 126 71 92 35 121 40 63];
euros_min_B=[2.0836472576032037 14.631050024127964 12.32284460853522 13.005543163955618 4.198546425748972 14.881892162289576 8.199962074738409 12.95486935929545 10.258106320549626 8.472913975198157 4.848921444382844 9.668242142915654 10.062626425994335 13.246614957652955 13.92723004504588 8.404880739426247 4.128044357862824 12.628186639468247 12.324467959975406 7.9025685471527165 1.4315550000644577 12.632951602849632 6.27148068965103 10.270456066850747 8.475668796294551 5.500344073585864 2.0688023583193336 7.570354191737391 13.890016921491483 7.483584115077034 3.473567998876691 4.380409991063611 3.3319493859301765 1.4531887664278367 11.340501434695065 14.32268255622636 14.117355591945659 12.315577674539231 10.136206455193221 9.421779219446266 12.035217181791136 2.85548646438719 1.7663136564180273 10.405482002602822 3.2101103948586616 7.43496715753047 5.512215393382929 14.986280167665692 13.678524915929694 3.7506355909675877 12.68694821551499 13.668799666563114 12.73486752281631 4.530673060361783 9.885431857618142 6.069197310829757 3.9522409654393567 5.424541317334647 12.087135420458827 13.966055748563596 2.4774107830161753 2.392974819764129 1.122982001923348 1.1768856958022387 13.037402193573959 11.358914727364427 13.882813674235287 4.440956575531766 6.851364931277216 6.557502106116412 8.441661429774879 14.910481776857475 2.5009301092944796 13.3538062648314 11.781682886273808 8.487412014130435 7.92280900433295 13.219890934987113];
euros_km_B=[11.658777622365607 15.094146889925396 2.312732856350202 21.93580929460314 14.636763331269844 20.63532521188896 21.463306186449408 16.167459045041653 29.003659801291747 14.843275348959878 2.2357663616356236 28.771000076442096 23.22270920797472 5.333083352910968 12.096198843898023 22.81191664593689 10.388042556762645 11.365392924639766 14.62586432186276 15.079190478097864 26.66564160302135 27.39119392591686 12.644640507832161 17.023020050508347 15.350158951946943 17.788734671323805 24.078119491037533 28.46905277689057 19.321522133430975 11.333393138756518 19.81232693615802 18.66646781979658 17.104934580360634 14.807019954274905 17.449077844292944 17.381050294172976 3.0401596092308845 27.234178073894803 12.990284098090065 12.796788787948408 9.14663527207846 19.564750080681957 3.973833818262708 29.25602844316053 8.523502737606549 18.084636399775647 28.6111150405008 8.947371429993447 28.798247331355412 19.232365210464813 7.620289751124417 5.2242924951371625 18.259119289452684 2.461755080782064 19.685793923712403 11.68985920786057 18.357546449972045 17.896392350173254 10.679814410047504 24.262612118939415 15.21631987229979 29.41927956475575 3.7211729193284 3.0557570608278875 16.479125615470316 26.455167290009022 27.67960815372899 24.279180940903373 14.922630822805264 1.0244978078604767 10.383094902754031 25.78498259811791 27.814240208077997 5.654713836006034 13.346176617564117 27.547012159028185 14.05340379830684 13.625201300542964];


nDrivers=80;
max_D=[162 195 162 186 163 170 205 131 178 131 157 207 130 132 164 188 125 165 130 236 143 149 132 239 151 147 212 156 156 239 120 233 203 235 126 164 196 228 190 200 155 204 156 225 202 180 178 209 186 216 131 213 233 207 161 217 168 170 147 235 174 134 132 163 192 176 164 156 167 183 183 155 121 211 135 215 185 128 166 203];
        

nServices=81;
S_starting_time=[234 179 444 701 66 614 119 537 680 435 616 360 401 253 452 378 416 210 713 430 491 256 712 687 478 81 140 589 706 217 531 466 175 696 147 316 446 399 378 51 32 149 523 148 513 688 594 291 585 349 689 72 536 32 567 417 202 290 581 678 437 487 65 217 523 39 688 568 294 420 355 583 218 191 507 185 436 629 449 277 546];
duration_s_min=[92 90 86 113 99 96 97 94 87 61 84 69 114 95 100 81 64 106 73 65 83 89 66 110 97 117 100 64 100 112 80 101 103 101 115 113 77 67 64 67 98 99 98 71 97 105 78 109 95 107 97 112 76 62 86 99 112 92 112 80 95 107 86 94 119 110 63 115 110 117 66 101 118 106 120 65 91 78 106 64 60];
duration_s_km=[38 33 39 41 56 44 34 31 31 44 31 41 43 47 34 52 51 59 43 38 42 54 37 36 48 30 44 32 60 55 47 57 46 56 47 59 32 60 42 40 58 60 54 58 47 55 31 45 57 59 59 45 54 33 35 36 30 55 56 31 32 36 47 39 32 40 43 46 60 48 41 48 44 32 46 52 42 54 57 30 49];
num_passangers=[74 23 86 98 52 36 96 83 29 29 63 100 98 93 22 98 36 24 73 56 37 96 28 92 65 47 39 33 30 68 30 70 70 58 28 71 67 34 78 63 31 57 25 70 76 83 43 69 31 31 25 37 93 25 29 33 72 71 84 46 32 95 28 76 77 70 65 40 35 40 44 53 20 48 47 31 50 25 91 70 65];
BM=250;
CBM=0.500000;
CEM=0.800000;    