nBuses=77;
max_busses=73;
cap_B=[130 79 81 36 98 31 79 120 80 118 126 98 67 67 57 133 79 102 39 81 37 32 36 98 31 127 31 59 45 122 43 21 82 37 86 105 78 133 91 136 22 132 94 79 32 24 79 40 91 129 43 124 41 32 81 27 49 109 59 110 25 43 56 110 122 76 118 41 55 34 108 120 62 96 79 139 118];
euros_min_B=[5.6092653760411615 11.350313251095159 14.329005025428115 7.09670769347129 3.387887215004235 8.196563140565338 2.0730969071681034 8.656997656364172 12.917776183422085 1.291215620679512 11.88556976995492 7.919635850247015 9.134519340987952 5.094590949279822 10.82997865424501 8.718735003827108 14.209100994919947 11.309735973946497 3.0825422290939244 13.536023409098053 12.734766598840444 5.5399905915092305 7.97879705612923 7.6150442181243845 9.622142626773513 3.95933271607736 4.83119465859887 11.99279085852736 7.851887430011255 12.653022492470663 13.341043194563174 13.001556782817552 12.154921772219598 8.03527940379865 10.979867757328572 4.6383086901968476 11.520717338129758 14.074991070578225 2.638023257423921 14.472879272008987 11.513191408407044 2.3336941944388556 6.3943369238810455 12.310814935054832 13.21803888015468 10.939706426341356 14.463399424817926 8.862728531831374 2.4918396657544735 3.3280679278697107 1.7471434397457373 1.3413720502486763 9.189278415510547 4.557698426911107 5.172542799601926 12.787867131213183 9.008243425697247 8.68587139823438 8.91824342835705 2.4572163312597595 14.50639820558394 2.946842309197528 8.167321852256606 14.894169924997502 5.841163861560945 5.582980436706801 1.7845796581945959 6.599940881335898 3.5713800481725535 9.130277683826769 8.761925651300029 9.819674894872163 3.6883615050497296 5.341533740143254 2.161964063577121 8.4775095100613 2.5621720960089847];
euros_km_B=[11.433688437972474 10.511608288578248 19.751311155770065 29.879206805231135 26.09067562759274 9.010432658903163 27.746324045397063 16.187788601125092 13.229698078805407 22.167997581167846 20.106155996610397 14.252816213524152 5.044834233223144 25.44570411028808 13.12597168048019 5.817514222911902 10.19760269819922 1.6514830040131163 9.094625731976853 12.273853348581413 26.896062337307974 2.7770094483495296 5.4222097238632445 7.385591329646012 8.191538165537857 5.146975649355029 26.257616472559302 23.364547491094324 17.33393829555699 3.954825672399596 13.956730318247383 9.36800591710712 20.630300015460328 11.672943189666467 13.579929947431975 25.576407938986282 10.697335022785868 27.893859298248717 19.620901399973278 16.143973142581068 9.000736658621555 29.19811735230571 18.340084502129134 15.0226234624261 16.94648366128576 28.732395463715946 12.615797656326416 14.886223370969423 2.856984367793177 4.560864706491577 23.587758593318082 24.228100067574427 8.394142763627068 29.62543963752308 8.107180572831826 17.66322611939808 28.168263239592665 26.64448854741871 17.539041808538983 11.131466604437387 24.63903968210627 4.666756617793469 27.431747640106792 20.69068788250887 8.750491193600007 16.261304376435564 21.098048888761546 24.812578504175562 8.685781527235264 3.5092052371261078 21.23954870296792 17.975142658287943 2.174381858733227 11.555023129079704 20.467868274761095 1.5895091353474187 13.842052014589044];


nDrivers=82;
max_D=[148 226 174 159 142 135 161 121 130 170 143 143 159 222 173 229 235 181 206 226 236 230 139 172 234 191 138 210 143 134 238 209 166 225 133 169 234 145 212 209 133 220 192 240 184 155 144 150 133 177 159 137 134 150 194 150 151 173 233 230 205 197 208 151 230 194 139 228 184 135 120 197 180 197 178 228 149 145 240 161 169 128];
        

nServices=84;
S_starting_time=[202 141 337 256 188 405 52 426 697 144 234 516 196 147 357 347 655 33 448 58 377 523 452 351 124 116 258 258 12 499 679 89 220 537 698 250 296 268 345 447 378 632 169 578 639 361 345 451 56 157 178 382 239 618 240 506 35 604 150 65 152 616 21 9 489 420 142 166 368 142 257 204 617 605 621 613 293 623 325 474 408 107 98 675];
duration_s_min=[84 114 92 76 72 88 60 112 75 105 69 87 78 105 93 75 78 75 81 101 110 89 66 85 95 101 66 109 70 74 113 66 72 84 87 111 115 109 89 102 88 96 87 64 84 88 89 109 103 95 119 71 64 73 102 105 74 116 69 63 104 112 75 99 66 115 68 77 62 95 76 84 74 71 117 96 76 87 113 107 95 75 90 86];
duration_s_km=[52 39 47 59 44 59 45 49 49 42 60 57 51 42 39 47 53 49 48 59 55 44 39 35 30 48 56 45 36 58 31 39 59 59 41 44 41 59 39 38 40 38 34 38 52 33 47 49 41 37 42 45 40 55 30 36 49 48 30 41 33 53 51 42 37 36 31 46 52 42 35 53 32 37 55 35 47 33 39 33 40 45 46 36];
num_passangers=[27 100 26 28 83 55 62 91 62 56 90 47 72 35 31 89 51 26 51 52 87 38 98 57 24 98 73 99 77 71 41 38 24 70 97 21 42 73 31 59 86 26 93 88 65 91 97 24 59 50 41 70 34 36 66 58 95 66 20 65 87 99 45 85 68 25 72 55 34 29 98 74 95 62 21 33 20 59 37 70 96 96 31 70];
BM=250;
CBM=0.500000;
CEM=0.800000;    