nBuses=110;
max_busses=109;
cap_B=[107 59 97 136 56 123 57 129 89 96 132 107 104 64 35 41 73 128 88 52 51 45 21 136 31 28 133 28 60 57 94 122 105 133 104 27 74 23 75 40 56 66 22 34 72 25 131 105 136 35 64 85 108 71 96 27 47 74 74 84 104 73 133 111 66 62 132 129 97 136 88 120 66 93 90 70 87 24 116 123 66 23 72 47 65 60 56 78 108 22 119 101 76 130 140 47 125 27 67 115 139 59 102 63 117 73 140 69 93 66];
euros_min_B=[1.4324457197707523 11.713702295612666 11.724670212051516 11.919847994976909 5.400057350034951 6.106666176985312 3.5830719785218834 12.72137077507093 11.2899415569667 14.642670526571866 5.224444342209461 4.56049755000085 8.568730098464574 4.565904998693757 14.291791009179217 3.9000877549501 3.673016203993531 8.649305690411433 1.4290492560220243 9.938547458873021 5.328128541411634 6.945326657505019 5.615462658806725 5.675320466033502 13.953468191262646 1.486902330568318 9.753768344720248 2.2608296181441716 6.854821272734039 11.479173890511685 7.994590841030577 5.799331010853288 3.326866973743697 13.340929469313553 8.724350194382287 6.11352976226148 1.709205846032236 1.1352662546836376 2.2680333348410278 8.238174895559077 14.153441888424533 10.030473894270317 8.856981618987376 12.659392285100472 10.116658511118287 8.782888319694937 12.7779649745234 7.916298024411583 5.923236402166978 4.19883725485527 7.6715809223081965 1.2763888867843398 11.00878746549003 11.07226402011787 7.193862941956679 4.303274330458354 3.1961736710777173 2.758689538844633 14.653398855296135 7.1687933215187325 14.675066927628501 7.177319616970935 13.56337965548034 10.729189460197905 11.602957445392327 4.279264696451563 7.627309149971927 10.025752675180529 6.110714092032897 8.185379606374719 7.606739410345822 11.341347864135914 2.726961924066943 3.488977877607632 5.145290155936786 14.70802100459567 3.111223528498946 4.612345743896755 14.761686380034982 12.879292965332892 8.240874105314562 14.421195280528828 11.671804202997162 11.491997674570289 11.078344075963948 7.704546970531601 10.414345080904248 3.420990908362148 13.692880235440837 2.125304445683489 10.618438900021989 13.089461792519536 5.4020593535997765 1.0616377285752507 6.80517848009441 3.866042480557936 6.55354614833259 9.91931133355104 8.37264284083206 1.9663557702821377 14.489713955931247 7.991102416902658 7.001064613759597 3.0822212127016417 4.762262882509848 5.1239851860493095 8.392799069290728 10.593472741390597 11.205745991982653 3.2574972640664126];
euros_km_B=[14.952204852210718 18.451497527119166 15.703930912726385 13.579376828664387 22.05761808972874 17.994594587012664 15.576939611033817 13.705206882518358 20.153187850476815 14.78829649072763 17.735284584173638 29.902751658667576 21.369729782807052 17.6707823235516 29.37773945250035 8.673543611870322 10.39590850505729 8.36598770163799 10.744636168977948 14.469300942826436 24.407026204282733 13.588626772164613 9.36465939512971 21.3371082538437 6.735926297691996 25.696828865634952 11.96055833790776 4.213166099412604 21.97659168641104 18.233386703126975 23.81580322397417 9.54644396161301 25.251364495517173 23.661295618121482 1.0195305398966674 21.983927362274805 3.3808086985736323 18.90818364806598 19.98548834507701 24.207035222150342 9.46388807724757 25.931794808418424 1.2009868272220094 23.953446980755817 17.15164184689998 13.580395858797544 20.77073324685976 29.101243154873657 19.590409805850086 21.245250541174542 26.04538627280184 20.626765613727304 17.360258923421462 16.16435308242654 29.387026560418782 26.91521662429577 23.942216542332165 21.380425534232696 26.86783153651887 27.913557008084236 6.1323514234879735 1.4168234855615176 18.336205923827926 16.36102647467593 3.2790984040292153 16.02078405546054 27.67144022212732 4.550911733066426 17.38040388387431 17.714244165462233 6.7643798597716 16.486224292841182 10.439826153323281 14.079377160720442 8.039155068694233 10.363929255478803 14.348639916006515 8.468970138437534 14.396388578265345 29.80307542843723 16.555013852272616 13.068399262680309 15.342768228380049 23.344917927918438 15.846285167782606 1.3134005062523078 6.294685071896596 12.478099553278668 12.933115845051582 1.5854299273530632 9.24785352660902 26.773942303421602 18.519112513251002 18.253594982335002 13.311545577861722 19.560320226853392 3.978093254424805 1.3965605137225348 21.360822943275046 23.907774871535842 24.7242289335516 17.150584842765504 18.502536152525927 7.606295769685315 18.765577276354065 17.959778635938456 29.226649746757396 28.81752356087799 11.010261635505111 15.42317844297245];


nDrivers=112;
max_D=[214 230 161 230 173 232 142 214 151 162 194 129 154 187 232 205 219 235 178 193 189 223 205 197 127 189 230 173 134 151 226 189 211 208 134 137 206 231 207 239 184 150 128 202 130 209 240 211 182 186 184 205 222 130 125 172 158 140 152 237 183 187 227 203 138 210 152 145 122 174 198 218 160 207 169 146 217 226 238 173 147 237 126 195 183 127 149 169 125 156 144 163 142 228 229 164 195 130 160 195 232 123 181 230 207 121 147 235 135 151 147 202];
        

nServices=113;
S_starting_time=[14 696 348 585 100 652 149 548 477 513 382 227 548 329 202 492 106 372 637 73 301 698 367 618 148 289 212 548 113 161 499 132 143 682 333 291 646 117 471 343 313 195 125 373 573 317 259 542 484 503 139 477 64 513 367 626 246 626 665 387 393 372 163 247 463 323 88 696 271 132 0 379 553 167 450 380 406 130 538 637 70 718 141 242 462 151 145 605 537 207 133 328 381 307 179 706 51 126 95 602 404 467 19 52 340 400 532 668 226 179 511 640 160];
duration_s_min=[96 85 62 79 111 80 61 99 60 108 63 110 120 118 76 106 113 89 91 72 71 118 88 112 119 71 88 94 98 76 80 63 102 111 99 92 64 110 119 92 81 77 97 105 102 61 100 62 88 95 74 90 99 108 84 71 110 120 86 80 83 104 71 91 115 67 61 90 96 120 115 114 90 94 71 107 99 82 74 79 82 86 92 85 111 117 78 91 85 120 92 65 80 101 90 74 117 103 71 113 89 116 90 80 95 69 112 61 106 103 71 107 114];
duration_s_km=[30 43 36 51 46 55 59 35 38 36 60 49 37 38 54 59 44 41 44 30 45 47 36 39 38 40 43 53 35 31 45 54 33 56 39 41 50 45 55 39 56 58 53 36 34 48 37 36 41 54 60 51 33 54 60 50 39 36 50 38 46 33 47 39 45 60 41 52 39 39 49 60 58 40 32 36 50 60 42 50 45 33 36 35 37 54 60 45 46 51 44 38 48 48 57 54 41 56 51 42 43 51 50 58 53 43 57 39 39 43 52 60 56];
num_passangers=[22 77 59 74 28 99 25 48 99 80 23 39 55 75 66 31 54 22 26 62 43 71 43 83 97 21 20 88 44 84 44 75 23 81 30 22 36 95 97 86 27 67 59 47 71 71 58 30 55 91 37 49 71 77 71 49 78 23 40 51 85 52 58 75 27 36 53 67 28 32 20 78 99 93 67 91 83 56 48 80 24 87 49 30 34 81 62 98 80 71 25 49 70 91 72 47 66 97 46 69 100 79 63 71 65 51 70 76 21 40 83 98 96];
BM=250;
CBM=0.500000;
CEM=0.800000;    