nBuses=74;
max_busses=77;
cap_B=[84 35 114 92 133 57 62 66 37 75 69 106 93 75 97 110 115 49 53 30 90 61 140 127 36 139 26 126 21 59 103 124 123 57 42 81 102 140 124 124 120 33 102 52 50 48 35 118 98 46 55 49 101 41 22 113 67 102 20 25 85 135 103 74 74 120 57 99 60 52 98 102 60 47];
euros_min_B=[5.278008905943588 6.0187368698299695 8.54433976146078 6.367930024058248 6.954476085354466 4.967092681835321 4.432230526339922 5.916723520439357 2.1400696196873077 1.1445289162674208 7.606558980323982 13.842367988997774 1.7840096878645886 5.179149194793496 7.456250388692197 12.035158519364069 7.220807929955084 13.360459708051165 6.940158597790177 7.695026946291746 1.9951206916482942 3.868021253511958 8.177801724521988 9.590506643771516 10.89180451882778 9.528274179300293 3.770935390279473 4.958948280948899 6.650243718586441 7.905045362764961 9.362608941709594 12.659165231782533 2.9314113293650164 14.559263796276179 11.777848049929684 4.067259714396868 4.673516967846417 10.033523741548532 3.7746721015352085 10.237241628620101 1.3675922828931948 9.284306084391213 6.8580829248009865 2.3470643959897846 7.221311908831924 3.3511344783054104 9.593537003371434 5.442964511278372 6.879656213775508 9.822531640198203 6.933240353962231 5.997421287276966 7.682075630749635 11.614056389451925 14.1846742019339 9.1469348205264 11.96334115620937 8.750594952711422 7.447285355449077 14.776055469907567 14.741205571618975 1.6468589412507313 13.526116064953202 11.877838042878292 6.787587562196515 11.612042382669292 11.950620545873933 12.393809872346289 3.230178367138137 1.2749194078732702 5.204083534474449 10.792004236074852 11.404481868447943 4.998127759571052];
euros_km_B=[18.93019660844978 20.01422418772793 7.3333355824056845 24.88729184800051 7.163987719872004 6.060696234520989 18.157625491898774 3.376921748793258 2.865729637965206 9.640055029617919 15.356525981184333 29.27077589632358 5.359952875794265 15.522927567173795 6.465108748026148 4.2150503729169335 9.22962547172148 28.446536708458872 5.806489862111491 20.9274515041345 7.1751469879095655 19.14548646898699 4.736272487476931 6.144709444921163 5.437599653822824 9.465849305492355 18.188670564183294 1.8502855080107274 18.6203387958078 27.439766307288775 29.048073116942238 20.537537498167865 14.488701699617492 11.005394948239962 6.072204575937696 18.04671089948091 25.91218768869092 22.72186923368737 14.460976365067149 21.588261916047223 19.921866402377283 8.05330762811803 28.66937313018838 2.925863346112582 23.110154545929092 15.317631658805581 21.89873425475385 20.17028323522839 13.584454244785663 17.94880153020255 27.273497276870877 21.601535328058695 24.528400548683603 2.1619724462477463 3.0649675687738327 28.471503240622564 5.041631868417114 7.260831161736739 17.81473198334345 27.416846373358627 15.497346599421565 25.662226835929047 15.58529960155645 13.664327737613755 20.691955192294557 3.5908170869632454 12.5835691222856 21.48423526106788 10.360037756795519 6.9951578372557925 17.998142250965785 11.014139710332525 1.689553868727009 16.81016397050007];


nDrivers=76;
max_D=[209 163 142 185 154 158 186 233 152 154 209 211 170 141 187 159 136 196 220 143 140 183 165 215 219 186 132 226 126 163 224 237 130 220 199 125 152 222 127 157 149 190 134 178 180 204 215 185 128 134 132 195 234 233 158 190 185 217 194 152 162 182 145 137 209 177 218 161 146 169 224 195 149 199 171 158];
        

nServices=81;
S_starting_time=[61 588 235 661 459 591 409 414 684 223 471 259 534 696 179 468 543 370 276 17 177 626 388 123 33 511 216 371 118 323 97 314 611 4 77 354 608 252 369 679 650 127 192 10 219 500 717 508 307 502 351 397 204 448 291 154 314 128 436 681 212 91 341 101 90 663 487 308 226 97 620 244 353 532 542 711 132 604 693 694 184];
duration_s_min=[111 97 97 64 60 92 103 109 67 84 94 101 73 89 94 65 61 103 103 66 97 85 66 116 72 100 120 63 66 77 88 77 76 85 89 118 94 120 86 73 93 73 113 79 107 71 63 72 89 71 116 118 115 88 97 113 95 89 97 72 61 108 84 117 72 102 76 115 104 119 87 120 66 67 74 102 97 84 64 116 89];
duration_s_km=[59 30 36 58 54 45 40 54 52 54 49 44 57 31 53 33 53 37 30 32 52 52 44 33 54 53 39 50 53 33 41 31 39 59 41 45 35 47 45 42 34 45 53 47 40 36 40 47 35 54 33 55 30 58 47 42 51 57 43 45 46 48 32 43 30 46 59 39 32 55 33 30 48 56 54 60 45 30 48 45 34];
num_passangers=[64 33 58 23 50 94 44 83 39 74 59 97 86 89 56 38 87 95 53 91 40 69 70 96 67 54 72 27 97 77 30 56 87 47 39 40 54 53 82 52 53 95 22 83 29 70 52 65 83 70 88 76 75 60 59 54 44 24 51 31 41 43 62 82 87 90 100 27 44 62 87 51 91 65 39 54 100 78 83 77 28];
BM=250;
CBM=0.500000;
CEM=0.800000;    