nBuses=110;
max_busses=114;
cap_B=[38 61 134 140 48 28 90 21 124 50 128 27 122 40 134 119 78 89 66 79 75 127 48 131 111 107 65 65 62 33 67 28 133 30 46 23 36 61 134 64 46 66 109 67 137 68 100 80 87 29 23 31 96 63 89 70 70 37 121 132 21 90 39 52 45 123 33 62 54 81 101 67 43 83 33 107 46 131 84 116 132 100 124 34 74 109 134 43 22 116 24 71 43 88 127 20 84 101 47 52 137 109 54 28 138 108 83 62 34 101];
euros_min_B=[5.947488768274674 9.35449157862093 10.401030288019832 14.481845532990551 9.712486825642884 14.193042798132524 9.82809929816252 5.364563895967734 11.94998569655841 11.112736111227136 10.828032073129975 3.1220063295351785 1.8045871039075911 9.534328338761027 13.891909350260892 5.981069645298802 12.241159110369994 9.34537852694207 14.594181033424753 3.096769818697629 8.601760033610024 10.866315480531444 8.181263752496612 6.05539904689259 14.515986969325837 4.434870504021832 12.464502633139661 2.4864231054221992 8.351278293003666 3.800472976378322 2.822548108723221 13.480998483611408 6.757878134339612 8.398444789996974 7.6269402611371975 8.353403915480301 14.758320110826805 5.55750716156561 4.343232811869883 12.869323007576325 5.343825144940633 10.929223138282122 11.059670665924083 4.544394966063797 5.0900480703348165 4.820735731546751 11.711700996719113 3.411159793107748 12.13127027359739 9.413985978679618 14.146938386217625 5.712222078796852 2.445046740668441 5.17687179664784 9.57306152052146 3.8005677661201998 11.118839554844849 8.974896527893042 10.220349015764121 11.66154445205513 11.685896472002018 6.447020857545255 11.469693288279775 1.4282886424080794 14.296996140105659 7.517257095617678 12.644782103084442 5.180251890551787 14.162702611220046 13.60526832471523 5.284785769813852 12.158193141086434 1.3774106573760556 8.072253592448625 14.63954897321224 8.489332341486774 13.113015234004244 12.903676099916085 5.5861782975571135 11.227494489390818 13.434474655722276 4.670063820462979 1.4715036426892802 2.624858100474847 7.808822277612368 11.596901139525905 8.734721837847223 7.580857177788268 5.853712223581902 9.749353422922221 14.048258024915828 7.119694181332204 4.923743598764646 8.892677675574552 8.538290140753642 12.284365135135472 11.587764370953268 6.86200037354272 2.7985786506578743 4.997258597251958 4.98485361165907 9.32945154456708 10.536268007695195 5.828649138151305 14.485164347371848 6.233025222677503 10.525190037760998 9.805380609291314 14.22926208497622 1.7356902064111046];
euros_km_B=[6.5243740385050675 23.55056871502702 11.796097398839674 9.366085268993544 26.83182925322552 14.648506586106201 9.973505319204055 1.2197046219345957 4.57387730565898 5.874102524319414 11.794541936536824 16.397800005226816 29.843481963070268 13.3627599152545 25.956628833521908 26.869606759912397 26.21920097833764 20.723025000634575 23.244934115591754 24.024400052895118 22.650967537586002 11.692676854333635 28.414473198538737 17.272844065816557 24.85286638866556 17.304654527825228 21.63944726782872 24.462911243377583 25.841949863766462 23.1958981400849 7.539137842525945 9.41476563256881 23.00908847410212 25.895378631741067 15.780416682609093 8.147169449355118 19.664340355126654 20.726731920903664 21.824938003195058 2.652765410082126 19.130853993535258 10.628320819639075 12.922374002346118 17.575147437718556 12.078732874059513 20.315969425061706 27.854976462627715 4.063187528325198 23.693139038982167 27.04921954064087 16.850299778101757 14.860024528024358 15.085601127330094 6.259364298899388 16.993619376654788 12.416270040217038 5.153158788727184 16.592160050337647 14.276849759618537 15.78513269751641 28.231559897710174 8.988108586015327 14.497705879490605 20.053511013006865 22.881983282303704 25.758323897559695 22.96720969199779 14.69582607946998 10.967112293385453 15.783664018662407 24.971767788254482 19.88197948100692 4.7535528937712 11.857587484051741 16.84692593772192 3.99333836986317 29.195836772360245 7.3076385120303 13.547687855072574 16.628281769424824 4.546208198200762 12.003861013292827 9.308184440265114 16.423552533171616 16.67579622546704 3.869127121054517 18.73045070354501 24.888287353096278 23.369248359077933 4.744217819612942 20.25537999760957 7.26038187205298 29.166275477377017 19.064444990861112 28.205841991766228 21.17203624665496 8.937137216779131 5.082977355037167 23.72057598767822 15.265781132732087 5.660278997394798 10.045019517099645 26.94083320741867 18.602051735368267 20.529338700574424 6.3329324035421735 24.079398362555423 21.825874329282463 17.306000801236294 12.124784557426002];


nDrivers=116;
max_D=[166 170 224 143 196 139 169 146 194 232 151 197 172 178 186 233 191 159 146 187 192 226 123 138 236 151 123 191 209 163 193 127 207 128 194 128 180 177 179 162 165 123 156 131 182 202 178 177 192 140 216 154 146 203 160 128 177 165 232 200 220 140 188 236 150 181 169 175 136 139 233 192 155 153 198 218 224 125 198 129 239 131 225 148 214 240 208 180 216 179 216 237 136 131 197 168 124 139 234 155 141 216 179 149 220 179 145 228 175 194 127 198 224 238 120 150];
        

nServices=117;
S_starting_time=[496 266 647 489 646 718 536 283 394 14 471 52 451 221 304 68 559 676 680 669 544 491 407 119 239 71 177 666 531 619 483 414 671 415 670 173 616 59 256 547 226 496 467 253 597 719 114 10 407 240 79 132 353 587 516 153 691 138 146 522 184 254 342 225 639 494 313 175 429 393 641 319 104 132 185 635 389 640 264 110 135 28 646 567 534 289 52 50 508 222 635 478 26 440 171 517 457 384 305 420 110 10 132 714 208 396 411 199 508 111 277 279 148 481 9 463 13];
duration_s_min=[89 72 64 94 104 99 63 92 74 98 114 101 85 86 94 107 73 113 62 110 107 101 103 74 107 109 75 81 96 113 69 83 107 118 107 118 117 82 99 86 96 93 104 76 112 75 81 97 110 66 89 104 118 89 81 93 84 61 83 89 86 118 94 61 96 63 97 77 100 72 69 96 84 76 93 62 101 105 107 102 106 80 111 112 100 110 91 103 67 102 119 110 102 87 83 84 108 93 70 90 100 72 97 120 67 118 90 79 82 75 115 61 118 83 111 92 103];
duration_s_km=[52 53 42 55 53 58 40 47 31 33 45 42 55 38 30 60 35 44 54 57 54 53 55 30 42 47 45 51 35 59 57 41 54 43 51 41 41 49 34 43 36 52 47 50 52 50 34 34 38 47 52 37 44 44 40 48 31 49 51 36 42 46 53 47 50 53 41 31 30 36 43 57 50 38 56 44 37 39 42 47 60 30 39 34 46 52 36 46 59 30 31 32 60 42 42 46 31 49 51 44 45 44 48 40 50 56 49 58 32 59 50 41 44 41 55 37 49];
num_passangers=[58 29 20 21 63 58 97 60 56 57 93 48 20 47 71 90 69 30 99 57 72 54 78 93 69 56 93 67 52 90 41 39 60 25 88 41 94 57 56 88 57 30 63 64 57 25 72 46 72 88 97 76 70 24 82 76 31 65 36 60 91 90 75 59 36 86 97 53 62 73 49 72 34 63 75 31 40 71 70 37 78 97 21 61 60 78 96 39 39 89 50 29 77 32 98 91 62 24 70 63 56 38 30 42 59 86 72 41 71 92 61 30 74 78 29 31 55];
BM=250;
CBM=0.500000;
CEM=0.800000;    