nBuses=126;
max_busses=125;
cap_B=[90 79 36 128 95 46 109 31 98 59 128 107 100 112 76 63 127 85 130 73 48 102 27 78 39 53 34 65 93 132 42 29 118 70 92 91 45 131 72 35 114 126 59 25 130 79 94 25 63 130 35 51 114 135 71 83 59 79 56 125 116 83 86 135 27 135 49 131 129 124 140 92 75 64 78 52 30 98 106 64 32 48 59 28 45 138 52 65 95 56 124 82 125 105 107 47 57 65 68 125 26 31 81 25 24 44 132 47 40 89 34 54 112 96 55 89 33 110 132 68 72 91 52 92 73 115];
euros_min_B=[11.986529781493324 14.752418676917962 1.6485819185006556 9.12600446692822 9.521139287813456 4.318854934914159 5.707330492668504 11.162129471688374 1.2056265707126124 1.6285281476798137 11.001507646219572 11.494122535163571 9.63515335456011 4.173761080930211 13.204005151292126 3.1267131167200093 1.6884455423628169 11.386501997377277 13.899076383658748 13.88180697358256 12.913405079145988 13.979226166954417 11.410350686796788 10.234760015625827 6.1423410094720206 3.2277150241700814 2.5892036713298356 11.77388431556679 3.890144465345759 6.029784646989196 5.988343723712988 4.5420148307708965 3.509422347908634 13.094022836801692 2.5168700698497406 5.424904690403337 2.5677744060348586 2.208574583810729 4.987000423429017 7.341128667872468 7.993262020769219 9.090474743155486 9.013550825977104 6.28352204670405 9.454476799811495 9.196623292431436 13.512959686370445 4.38318624545834 10.456419377830967 9.997475495412452 8.940082170658755 14.241978568336673 1.074330011227375 5.360604254932563 8.04070465826377 8.527672783958836 6.088078511037329 12.444324774696158 6.053859070237386 8.440356603962012 11.386516914341176 5.87167080696849 4.525768505192233 6.214098608406585 8.311690176109668 8.575686744547575 1.2759887253944606 8.337233578813667 13.513447409732294 13.282990229231356 4.3443908576791355 1.5886251705076988 5.47796223158385 10.594248944650557 13.012454667087116 10.952748136663494 4.653719517619866 13.812581124583208 3.6611780589388943 14.748018793853522 6.730456433023132 5.824442414196463 5.510255245343407 14.14921013735817 4.143779944313165 9.307220270817771 14.040223948388277 11.159658360106036 4.196407312043221 10.087679772570246 5.4438782964413654 13.830766491460794 5.976212552139842 13.582935398765642 14.240382516757753 10.216395984599647 4.65197802081522 7.257907709887133 10.857221196136251 5.568937744146855 9.112134475553546 2.5815524444879605 4.737447595175269 13.246376039299594 1.897133735749584 6.8873919908779095 7.306228420788252 7.650361766410607 10.07026539397939 9.028079876714816 1.14716390500963 5.237125067208799 13.875399980264552 11.805455698563957 7.52424996396501 2.2057038417701422 13.266491555361325 5.917794844461774 7.128710468795867 7.00607339710416 1.1325072320532468 14.49812705101894 2.8657378019046424 3.7481754063070065 1.0525597470213375 7.0071231747109355];
euros_km_B=[5.85159842768312 2.2924062735969377 17.722607311370215 11.96053032372038 26.18426210649577 1.787710908932331 20.873231351449206 19.411276761552962 5.614370973118628 18.510305637573214 20.34293537506346 18.530140069555767 13.021921506372935 16.864438628740217 15.833659005012263 2.4066412731916365 27.757128606525864 18.94463823238094 25.6807238110415 22.919420165266104 9.17333513813451 12.581629379127019 20.23765572794209 2.279126648607323 3.1985569769947775 15.420638045645527 5.919870665282412 27.41676541218421 24.750579068390874 28.70756046287195 23.487714489231657 15.488786338195384 8.470333151432357 24.869881805643434 7.875554161840333 4.33578714335682 19.89488722658328 14.59642612219688 1.952028144759423 6.377580488997503 12.468527832399179 1.4716030182248758 6.238464037567814 28.160494229454745 28.327316412571566 24.529105647007555 28.94029592763354 27.977937539703408 22.955230825853903 4.172329270523761 27.79749414544169 14.868959323615995 22.94932629277879 10.261885792381808 27.0928711052165 18.76282676316386 26.988093646123396 1.543500118832239 8.306036146727923 7.586348595355039 27.50970735970245 28.769007765426213 22.138335264589386 5.582487466724054 1.1999766296170362 17.381322435159454 4.777480471355326 10.218766034194507 10.141631200233627 11.262560729894634 8.956378239443778 13.747057853958715 28.104291271724943 5.516697152370083 12.339500405456626 23.851288176425072 23.293749540175376 7.9120370613760755 23.487847038571804 25.25754649716724 26.09515057361625 16.928325221770088 8.441410935741583 14.548102704632507 11.481975070942841 25.681896114792035 8.694411946309257 29.387008902902693 25.051452134937254 12.925760406317949 16.49267110593044 28.295593301841016 21.139174940309857 2.288848624972938 24.26516509884869 27.630997042480878 18.518037094131504 26.270319161351885 23.074428176762076 23.94972386824606 20.80342031959508 21.823213173369812 8.548155690411953 5.0666508437104545 9.847384988581698 3.337641032979822 24.288728756073663 12.935784313717141 15.852844962043445 21.815149742697358 12.8330171686165 29.398860915862425 6.006474906133606 6.822439688560553 6.095336007591778 8.625829122862452 7.6527992039394945 13.067307294883893 16.918752203321567 3.3179475290448837 12.126241932151114 25.835230648668556 11.4449497498759 22.88737187396634 19.533503395120334 2.516906897276162];


nDrivers=126;
max_D=[238 189 125 203 195 212 193 204 197 143 173 166 162 132 169 155 143 207 144 231 189 128 185 201 182 170 207 153 127 219 201 169 176 151 236 227 202 194 167 160 150 232 129 144 224 198 147 152 223 210 177 204 219 148 176 147 174 212 229 153 155 179 214 164 163 193 227 162 143 128 230 136 231 207 166 176 142 222 142 190 182 211 188 170 197 133 164 205 212 201 149 160 132 128 157 132 221 161 162 233 239 225 195 186 191 122 165 134 181 185 164 139 154 238 152 215 238 131 127 229 136 168 149 228 141 156];
        

nServices=130;
S_starting_time=[102 263 143 691 642 140 383 318 136 441 423 497 477 504 407 240 506 100 217 21 691 338 600 156 40 497 146 49 276 231 473 649 26 499 521 510 472 154 382 201 136 288 404 47 400 353 467 235 533 354 508 277 411 337 64 666 110 330 249 21 429 229 653 485 20 365 712 646 68 491 245 168 50 481 348 317 358 252 279 208 205 478 701 43 393 628 647 564 697 184 698 229 352 553 269 23 623 80 17 701 612 674 369 277 550 152 140 446 358 302 289 51 80 712 477 425 407 355 132 140 631 586 409 58 89 614 58 663 458 626];
duration_s_min=[70 66 83 109 62 89 64 106 79 62 94 92 85 65 95 75 89 75 111 63 102 71 80 79 115 91 77 83 76 92 111 84 110 102 107 117 109 107 61 75 69 98 104 63 90 69 68 79 120 106 87 79 77 106 68 79 74 104 114 117 62 99 62 105 75 70 103 117 92 95 64 117 104 60 74 104 72 101 71 77 111 72 80 118 108 82 119 63 66 74 76 114 92 70 114 88 71 95 118 80 119 62 118 83 113 68 73 83 98 60 107 106 65 79 111 109 101 64 102 110 100 119 91 113 65 73 74 110 61 65];
duration_s_km=[52 52 37 55 37 54 57 40 43 35 40 32 41 52 60 36 51 32 52 37 58 41 34 46 57 47 60 43 44 44 36 47 31 32 38 40 43 46 59 38 43 42 50 60 47 31 51 38 46 55 46 59 34 36 42 56 54 46 30 30 51 54 52 57 54 30 36 58 51 45 53 31 50 35 36 44 42 33 33 54 43 43 53 56 43 31 47 42 34 58 35 53 48 43 30 41 59 34 30 45 54 53 37 50 45 46 48 53 39 42 46 49 39 33 33 41 31 59 37 58 42 56 47 52 43 40 40 45 46 38];
num_passangers=[53 54 26 30 91 64 30 97 20 65 30 50 91 34 36 37 71 41 79 28 45 57 51 89 37 86 27 67 41 28 76 46 62 81 59 45 34 22 88 41 34 59 59 74 81 71 57 56 65 30 29 98 45 53 21 26 65 70 57 99 39 54 28 99 89 69 47 99 51 34 57 24 49 83 30 33 86 55 70 78 100 51 99 30 47 35 25 29 35 41 80 61 43 44 36 20 42 48 44 76 56 74 27 45 84 52 89 31 92 40 89 48 54 29 91 20 69 86 40 57 83 56 33 51 26 38 50 60 74 95];
BM=250;
CBM=0.500000;
CEM=0.800000;    