nBuses=119;
max_busses=119;
cap_B=[111 101 59 81 33 76 40 85 89 123 122 139 36 117 124 31 37 68 109 97 135 105 100 37 64 117 76 29 91 29 139 45 106 121 51 86 81 118 68 34 94 103 32 28 81 90 26 39 37 133 51 72 30 35 41 116 119 92 76 118 21 104 21 38 85 126 36 126 23 88 94 90 71 106 53 92 91 137 137 40 125 47 47 40 51 122 25 28 30 47 80 70 42 98 38 70 127 86 115 111 132 33 103 113 46 31 47 76 42 55 112 54 118 26 78 64 118 138 35];
euros_min_B=[4.447641808414976 9.689161716011835 3.120496870941989 6.091007742606622 2.4427052639399274 9.69638982617801 5.778779810091469 4.021350354813814 10.405056698576372 6.588739573421112 3.4246902453389496 7.010013919373903 2.6745396946091393 13.73205858879337 12.10576834461848 4.0367820693282885 12.05451223933156 6.536105056246605 8.087399025801652 5.454597167632661 3.4073673571657874 4.658462560225268 2.3864887697771966 4.140938541098625 12.45772146004686 12.615272639606525 9.980297327279207 6.159527372015545 14.16491165328132 13.706808527224318 13.02639721082471 3.0123885946685007 9.347595967340165 13.811232489830033 1.635516621068782 4.004787621286985 5.198236264653906 3.5052700253367624 11.803252153952583 2.9651088603217604 3.42466735299935 1.2985205107845859 7.353194622809931 5.796052698875171 12.454862863041294 9.711235288610627 5.4251006355704785 8.771680323779695 6.939881113839572 12.008654850111077 11.97592067188907 14.286409842987263 3.207872632634918 7.40700532872278 13.576060528150277 11.583937678113138 3.6102900549433965 14.233921382774742 2.2600359536369403 1.7028133060531279 9.790946857694093 3.9134131305284217 1.8004327652030503 6.358504245768194 13.417629523093899 10.611285890094157 14.220002189224537 13.384350506273469 2.201605824357987 10.867635081740325 1.5016820004522649 4.309024089407522 7.868856307527 14.735954866294705 9.839117482652975 10.394664283204648 2.1619224743918206 1.3430605541734915 8.498671268087238 1.3703444077808788 4.961801556075907 1.0213064197979849 2.870114661822713 12.067840123487006 5.578127278499641 6.5350727498990535 10.706238865964234 13.484223634896477 13.804998994659377 10.337687007135683 11.717024381398529 4.473002236884039 7.196017767117975 3.813324147521942 8.02381680482429 6.448934672081922 10.291670535283401 14.471803134366452 10.966050641047648 4.186520768784074 5.114023035406505 3.103412847423348 9.199932182838728 14.312166393468425 14.932344452201194 1.3632522562561047 12.121937667152741 1.9184705021153095 2.380627157722885 5.596237852237446 14.683309888963851 12.542663381101868 11.516500182058067 2.1874297235175266 12.451541071310023 1.2427993747906951 2.8402840974517556 7.670407098879724 6.729529433379017];
euros_km_B=[3.856449975518774 24.414705508538663 25.22225793715916 5.814508564534209 19.113796571135083 9.039113074221298 10.399415477824553 18.451855094428613 4.435273769639166 26.01300558597174 6.047815745156561 5.811448569158555 19.38277265467739 26.123092355196167 10.436854716337162 2.8307973109845577 19.67965417092963 26.244391989265345 4.337819036122214 18.775131192598792 24.655938975112598 20.051692112139392 11.583933459063537 10.775488473656523 10.390764105613297 29.564265526056808 20.323028029446423 15.845512060529776 23.023716407424235 22.220145073116033 22.734490704036304 5.890218439690136 3.1617438950814365 22.446276825861293 17.876677551385367 10.912044428847986 13.019761198269002 12.00025652517664 2.2268016408109697 7.002533321920831 3.1666336734412655 11.329215518841355 22.873375910495483 11.089391365382093 25.00515635093384 22.516959808413457 25.30288817086958 5.622865094562842 16.93815605620017 3.2356003149486687 15.534346509660223 16.453540724281517 8.070563783860136 6.998013761890697 3.3896419609491257 10.852449567910789 12.04187256413855 24.292829793949387 1.6845458991847433 13.115072161388909 2.9097687645635215 10.918276326206861 13.041839688558301 22.302667621805398 1.7132885898357906 16.233016173047055 4.906729162511094 28.007447361122875 13.137797196442223 27.156624018298903 1.2048889896972073 24.993902473693765 15.085487209639702 10.432839084863735 5.6815794722568 27.71923059296193 22.538530512073336 5.113627852556507 10.658818308140946 28.39897146538471 10.57855613666767 25.519119477783633 29.436167050893054 5.287683580158138 23.184219379116257 20.98918298003151 19.100001662702315 7.168901865011337 22.561604021944884 4.543663764278117 7.294530676063199 19.88435707879227 20.176159857391863 12.144029864334275 16.770223344435735 28.62744434596978 29.860844699839145 13.978646240423272 18.036208449676163 15.65590201392449 28.669254755724378 26.766225128605225 8.359287226525408 3.7792164180684846 24.24380350801995 14.368565564725415 10.03369183400028 20.08867400428848 19.06872784366444 19.22888602396574 22.298608931864816 21.217619256143575 3.0368930523142117 9.971229114102263 23.96041096954246 8.564607172625378 9.908048550122908 20.935625707301238 26.373189843123143];


nDrivers=120;
max_D=[178 175 192 214 230 127 199 176 202 144 215 208 166 187 188 166 216 130 191 162 159 188 180 134 131 186 123 164 229 171 223 121 230 197 202 202 197 167 139 237 210 135 225 149 131 134 152 155 153 199 182 221 178 127 165 150 166 179 142 220 227 181 197 181 157 164 122 138 145 186 217 137 171 206 231 189 219 154 190 163 169 236 127 187 142 142 200 218 193 218 201 237 205 190 156 158 226 154 187 135 129 137 194 238 189 205 140 138 238 144 141 169 217 237 234 228 196 131 218 135];
        

nServices=125;
S_starting_time=[379 22 322 498 715 169 167 578 639 82 610 719 570 640 476 404 635 410 258 321 702 578 340 581 449 230 497 669 591 121 317 34 362 283 403 386 230 172 710 301 11 481 494 360 25 226 358 299 92 462 612 487 642 573 472 517 342 598 683 79 372 619 577 52 200 218 29 639 182 279 95 406 656 321 201 272 111 563 525 684 58 213 526 338 542 74 387 652 457 668 43 2 26 23 268 137 297 601 656 521 592 354 144 147 390 33 577 9 315 405 688 67 311 96 481 94 321 610 612 652 68 32 187 380 587];
duration_s_min=[99 61 75 67 105 96 120 106 79 71 79 90 110 93 70 83 106 99 92 117 96 97 84 102 113 92 89 64 63 69 70 111 78 91 117 111 81 65 61 111 92 87 88 115 73 84 114 120 76 77 104 110 66 101 96 94 97 120 61 96 87 97 114 68 109 114 97 84 117 107 68 108 118 118 104 82 79 68 82 74 64 97 64 83 97 86 83 70 61 116 92 111 91 104 95 118 118 101 62 106 90 80 112 115 89 120 106 93 88 108 77 105 79 109 61 73 111 110 90 95 100 109 95 117 90];
duration_s_km=[48 53 56 44 31 38 47 52 38 49 43 33 52 40 54 46 50 38 38 60 39 42 50 36 37 41 52 38 41 58 33 42 44 48 56 41 54 32 39 48 44 40 49 43 32 50 50 46 49 30 48 51 53 43 50 58 46 36 47 46 33 60 56 55 54 50 56 30 34 55 31 47 47 55 54 44 49 56 57 57 48 31 36 59 30 30 48 36 45 50 51 51 60 59 31 40 44 60 37 36 50 51 42 39 57 47 39 48 31 30 57 60 40 42 30 54 34 46 57 57 48 35 43 38 42];
num_passangers=[66 31 43 69 35 23 73 86 35 37 58 73 37 86 71 67 69 89 32 40 96 89 78 96 90 96 32 26 62 44 29 95 46 83 26 98 85 59 84 84 40 82 97 66 95 66 72 60 73 61 97 38 76 25 28 81 28 23 64 33 64 54 40 30 84 58 96 78 40 27 96 31 79 81 29 80 22 33 65 98 57 49 29 100 69 50 90 75 30 90 42 97 39 50 76 32 25 38 100 90 32 94 35 24 88 69 57 77 51 72 36 27 45 66 62 24 51 42 44 46 24 26 78 67 20];
BM=250;
CBM=0.500000;
CEM=0.800000;    