nBuses=70;
max_busses=72;
cap_B=[64 113 23 77 108 31 48 44 32 41 109 33 83 131 100 115 63 38 114 133 51 122 57 127 60 50 70 60 138 34 91 130 90 119 44 121 63 111 54 23 61 35 71 120 62 68 53 91 34 33 89 125 32 87 115 39 27 51 95 31 62 86 81 117 77 21 53 85 56 20];
euros_min_B=[10.20315848184156 14.853219030417204 5.932637043390139 12.624815976095531 5.362258316995605 7.5296062836757 4.908114983170313 14.429050173380983 5.359217555262614 1.7537288348245685 7.153587645391106 14.24453529552231 3.0945724849924465 1.2060957449431866 2.687366719697037 4.12464135526726 9.828144140859937 2.55370285179477 11.161830276549 11.096024980205021 5.111403420709914 9.53702862441457 14.739402730106857 5.130101483148306 2.454374285112194 14.749654995211223 2.72495598994185 5.890240740442343 11.104125967429159 10.66935958539387 13.252469813856802 8.271178504405608 6.082389951264808 13.767615113020053 9.772032885693463 5.771311060605546 2.9441601901855816 2.1937689715053414 5.833022604453414 9.915021601449972 3.739285496973023 10.929466725359848 5.736153864990493 10.273067277042495 2.160299813106319 8.396012753911277 13.818525615000766 9.413034234859929 10.321113509737708 1.5372630302378343 9.8553093219725 7.431633973264255 6.563704206163809 8.857615305840925 2.526162537849395 1.6578912340436645 1.3058268104792012 2.285267896716258 1.0152747861513163 2.105250708962974 6.382886822671521 2.5021996852227186 1.8474159993154717 11.171054333509009 8.807960801198686 3.840897809814872 13.338853144657067 5.419759748190423 5.410298651236637 2.791454969902664];
euros_km_B=[24.187858416330062 11.026504943757365 21.67384804618186 29.827223723746457 25.97229232223735 23.273385069080636 16.69990349870767 16.20159508507706 28.839568083388794 3.982704347745453 25.80362044217419 24.089065065111267 9.143756095595796 1.60596703822949 28.01064997448596 18.66459417905458 24.03806304259168 15.379369900682475 23.072435469004365 13.122680031810164 1.2722657206043335 20.44105639852103 6.966478319464067 18.0174043320698 12.483366732616561 25.77695482485415 20.812757863545325 5.035589837552179 9.497273044276199 27.01402769877895 13.480585350886686 14.85758365227267 10.367636329766878 11.160003809446744 8.176288510125712 26.507954753073662 27.606504180999806 10.663783288966767 19.652715451541326 23.97676610212647 7.419052859583938 10.569655863943762 10.81260715719059 22.714630651485834 23.781599455620725 2.6757441255780257 23.557396417000696 23.756251133911476 20.183015719887237 4.696436204022317 19.455305294658384 8.752303715246875 6.496904219658921 12.91335806546463 11.065829806939346 9.491854416230144 21.60867678295726 8.355482401452873 29.60183287830304 7.717432852731415 26.3656059442869 9.202838127323218 20.66269292519038 21.760948234803173 3.4272139925676752 14.927114344838428 25.553292081100317 28.022931794107503 25.55293528138891 15.132629138691923];


nDrivers=68;
max_D=[219 207 139 120 144 133 146 199 127 153 153 168 227 192 235 182 208 168 199 169 198 140 122 217 130 147 143 138 160 154 174 167 123 152 180 167 229 121 127 140 210 164 121 197 161 210 169 166 238 240 171 144 227 163 126 213 219 195 213 123 167 205 234 189 126 225 122 187];
        

nServices=75;
S_starting_time=[373 669 151 41 269 448 208 305 2 485 105 571 658 388 620 451 244 709 338 647 34 328 497 148 119 374 713 512 324 395 667 250 558 92 10 568 416 665 523 111 427 629 593 509 580 664 607 60 332 429 691 566 180 331 699 191 427 705 219 74 381 54 107 473 270 512 400 682 402 496 690 597 484 73 514];
duration_s_min=[102 89 69 68 93 92 94 91 68 106 67 114 104 113 100 97 95 75 61 90 111 72 66 90 101 77 86 67 72 88 90 92 92 62 83 63 69 70 118 94 113 109 118 67 120 69 91 117 92 68 94 113 71 104 107 97 114 73 110 84 61 72 79 94 77 82 102 119 120 81 80 98 109 63 115];
duration_s_km=[33 30 43 60 36 45 38 47 60 54 55 37 39 47 60 57 53 36 44 54 32 41 36 54 51 35 46 30 54 49 60 56 36 40 49 43 33 32 40 31 32 46 57 57 52 60 44 45 36 59 37 30 48 53 52 58 37 41 55 45 56 38 40 34 39 32 60 39 55 59 43 59 33 52 46];
num_passangers=[42 89 55 38 59 24 57 85 21 26 62 93 74 92 49 91 48 70 36 40 44 68 69 46 36 76 93 90 54 34 92 87 74 82 70 24 78 26 71 23 33 94 63 94 86 68 43 21 35 21 70 52 74 96 86 99 45 56 64 74 27 32 42 69 35 43 86 80 74 20 22 86 81 88 80];
BM=250;
CBM=0.500000;
CEM=0.800000;    