nBuses=98;
max_busses=93;
cap_B=[46 106 20 70 69 39 25 120 121 101 88 25 42 36 112 30 73 56 28 38 122 81 77 94 86 48 52 26 140 133 25 107 23 48 98 125 58 37 117 36 51 134 65 67 70 28 111 21 92 100 137 35 103 133 27 42 127 102 41 134 90 72 24 75 29 113 53 58 129 51 120 33 121 56 56 28 99 43 49 48 29 73 116 56 80 106 62 90 132 28 23 122 128 58 45 43 100 63];
euros_min_B=[14.70118372108417 7.465472195914041 3.960339408211318 2.000911585907634 2.992814835096836 1.637695270992668 12.13058692960471 3.479158428065425 14.126680392690346 6.67101396034165 1.7692583239997266 9.923960804108322 11.11401819538513 6.2708068273546 12.211446104459489 12.29055314129647 3.342838547326088 13.235431799919603 11.014575043188797 6.2831705465365895 9.531262955246536 7.634680658488367 6.2043645014462445 2.618180751187425 14.791355682579777 1.7624311994028916 13.702114044865368 6.100137008630377 5.901191241117469 7.486365329707173 12.17045213616852 8.75798020040444 13.04705967494372 13.696478413914601 10.01479801157838 7.368061438086558 2.3311133819994803 2.9173465294670273 9.959144638807576 9.962178004591877 2.2244007850231604 5.700976145349733 9.696284802274866 2.39183912261362 1.0039192551938727 8.715808992250585 11.049478797856722 12.275868221282092 3.436383121002203 6.2183492543710175 13.958884894781118 5.775362574064476 12.332590311741125 4.616623480237362 2.9179851320014762 8.760825117986865 9.043263404755999 13.027695677985843 6.972849071860796 3.1231489135426376 8.866870233606646 8.071439772857651 7.308341304474608 1.205034760353321 9.596593590218692 8.231388694564348 10.715577338714942 13.467687911645726 8.617228112367796 1.9543667360023098 9.516008261863849 2.773598797639961 7.317786128820418 11.744972476718075 13.482458404675262 10.88360227819783 11.424982476369161 11.886077920580725 3.100099874483414 12.358318518628995 8.533728156982948 5.601001990031094 5.914586647268681 2.500537597348756 8.933069103301042 9.804531909557022 9.881750686746972 11.74858713970523 1.7813922035190275 9.00677139130458 7.895193472374297 6.500101869405921 7.616721694181892 5.017103928477678 2.7734201137297925 10.58600994818169 10.35669037983538 7.8774155080896975];
euros_km_B=[9.450465200429715 7.7296089425971966 28.121458450048767 13.210498114027498 28.483992706902157 2.4128928251698936 17.192288305455456 18.532320576555964 26.641796065645018 19.463614921953596 19.98098379221888 13.014419084611605 11.944001743995063 12.571988839702403 29.863506230197746 18.15403761395423 12.61759915118014 11.30431321417514 16.423663322617102 14.73341799819884 28.915165258916133 26.297446409812668 7.888691923065973 1.049560162543321 17.687707717600915 5.39940251910503 12.599651749029327 26.585763103241682 8.028467712763526 20.820818301076084 7.852583812625028 9.591878169661738 26.28984792502037 2.9184036608589805 8.11963768726038 20.972025506678797 8.132860901608751 4.810521026391254 4.297863903136983 23.29755845506072 15.16335741670514 16.376911647567432 27.771704773181412 6.2360842411510875 19.95523753290628 12.889777034570855 24.12323077758587 26.693165544325645 11.373483318861275 18.06197945341357 14.68798868280939 22.6602752334938 15.299694258634828 6.654207414263599 21.011590190483076 17.764187487057868 25.65057689670529 2.0112621778835384 9.067813573282427 6.031305647478226 8.838739037368903 20.06610303137639 27.43249231423919 12.201458709943008 29.325122016078378 3.526634235319579 3.0083171517237908 22.208976852377717 22.454264489627697 3.0244979007536616 14.589949896258293 15.094234687259451 17.934228333738638 1.3832553732712158 24.70941683103828 28.698474334331955 24.227734971225924 23.014762936853195 2.83455198996041 14.524118858187437 16.22974300062468 13.947871322098642 8.912106899634896 4.416826184295179 15.69317686179637 1.8744849896022115 21.17576283003713 5.7455727611050955 19.36271704437953 24.316714629799666 24.31524499701732 26.879860454981443 27.92767428080272 6.243227547746677 19.458750968173867 11.344508962288105 24.950921858245987 25.711663620653844];


nDrivers=98;
max_D=[126 187 154 237 145 137 168 224 225 235 232 209 154 132 137 156 171 183 155 213 149 152 140 123 179 156 198 207 132 217 157 221 230 221 128 154 149 209 123 158 156 216 183 134 145 182 160 120 210 199 216 136 229 188 240 200 204 173 148 154 166 214 227 225 196 184 159 232 221 213 131 148 236 127 216 184 234 125 128 152 120 234 166 184 156 204 201 222 204 232 213 204 180 168 168 142 235 122];
        

nServices=101;
S_starting_time=[19 60 11 63 272 159 701 319 59 614 167 366 208 60 486 353 319 357 136 685 217 133 142 1 577 48 328 693 483 623 122 82 416 29 449 669 635 502 209 565 518 39 290 373 182 338 75 553 289 403 222 329 214 211 307 46 7 261 494 506 441 636 2 175 37 276 685 99 312 590 334 295 656 121 475 505 269 194 61 140 506 108 251 526 2 385 529 563 402 73 654 484 428 448 325 407 374 423 366 712 567];
duration_s_min=[81 82 85 65 77 65 72 117 102 78 90 114 64 80 117 80 89 95 95 107 118 69 82 71 87 89 72 87 97 94 67 88 65 113 109 111 76 115 102 63 64 116 82 91 69 98 61 99 92 85 64 71 81 93 65 79 79 82 86 109 116 66 80 89 90 104 90 79 108 107 93 103 75 106 82 75 100 67 83 85 99 63 104 94 91 86 114 88 97 101 65 119 65 91 105 79 100 70 69 101 80];
duration_s_km=[47 37 60 53 42 42 47 43 33 36 33 58 55 53 51 30 35 34 58 43 30 30 40 37 45 34 34 38 56 51 59 50 37 40 59 48 40 47 59 48 59 39 52 37 49 40 33 51 58 31 51 41 38 60 37 55 40 43 31 58 44 54 40 53 37 54 39 52 37 47 48 32 48 34 46 30 45 38 58 57 50 57 48 33 58 37 56 58 45 60 42 57 51 42 43 33 52 45 48 34 50];
num_passangers=[24 75 77 48 66 38 87 54 42 100 94 45 90 28 86 70 55 62 22 62 80 60 52 84 85 57 84 36 100 84 56 20 46 81 96 55 36 21 100 61 94 22 85 97 85 26 47 34 87 25 29 62 36 58 97 85 31 60 51 48 24 33 37 79 94 56 33 43 71 76 86 29 48 74 97 52 23 32 62 80 43 78 26 79 26 41 65 26 84 70 39 86 97 30 24 32 39 50 66 49 73];
BM=250;
CBM=0.500000;
CEM=0.800000;    