nBuses=79;
max_busses=77;
cap_B=[22 100 67 106 71 125 93 110 114 84 99 27 104 59 52 28 34 78 101 98 67 80 133 116 139 101 129 100 80 53 73 90 122 60 106 55 55 118 135 77 133 21 124 40 134 65 59 132 49 70 92 30 117 52 67 79 66 90 133 58 49 97 42 86 51 87 69 43 41 20 73 62 137 32 41 96 26 23 102];
euros_min_B=[4.235533565682978 7.671619828933341 12.453122573391592 9.48752476003721 7.632461748695709 7.808189192635138 1.7025553229525188 6.786463935794687 1.0645832469026577 6.080864580545409 2.6521563212617627 3.071583571316161 13.17888899370869 5.795472090931705 12.404512283820814 9.04395519132426 6.066688919661253 2.4044315611444995 13.193526209525633 1.5142971306344057 7.28119813304657 3.9571823057305324 5.4081105194772885 6.427331056155587 8.161876474292164 8.570817852624469 13.624804767597972 9.758898823027193 11.947845145612142 1.8867096970395965 6.571878339411906 4.408136285297359 8.996021166297979 7.5924289577584965 6.843695979871365 4.184622221959434 9.776649185966411 12.596587834937736 9.18173287039765 5.328024376601973 5.34498642572733 7.098956160249609 3.9357203602920254 14.694953588888913 12.238838076652518 8.554552354722265 6.30575900617432 9.009084906973413 3.269397341300943 9.339759229139146 11.231084117219737 13.779014812744258 5.375286315286917 9.474788953868138 4.1617842623701655 1.1500038454044639 6.909731089332033 2.598488377193588 4.211852462322902 13.90955230077876 6.356484087185597 3.520363848807977 13.738897953636014 7.490690115386571 11.629231251287003 2.011102074250481 6.886836620906186 4.281294028875497 5.1455766286548705 3.1591281720539213 11.178802869126278 9.676615560213602 7.067911190183553 9.317242373004012 1.001796830939377 7.538291236264454 5.427743069371804 12.767755273582125 5.785121829866519];
euros_km_B=[14.996417260637054 11.818196861722654 27.0952605844036 17.53341469533783 11.899062135186593 29.29077359495084 23.646207603433467 13.523285120427994 25.44047036203888 10.944092558808729 11.093723805863572 9.807848158366326 15.959255622676094 7.661063260295034 2.068321291266492 11.48323961825875 25.760740904760834 7.96666403376307 6.041177331450278 16.22002333310295 27.42322132222007 8.058778234947681 18.60122879286367 26.4636098234921 26.413831686621364 4.547502593765337 14.951242322385127 7.354174564217746 12.591260741375137 20.14370287284729 4.010235372036182 16.361905128926615 18.71077318867965 14.298799994628089 29.69518559124534 21.816548048870626 22.677221205936092 17.7748232810439 25.225592807776575 18.897645524224515 14.289330075557947 4.973023713113864 16.94798577468002 1.09665612526303 23.64675233653166 6.929064493861656 16.815043003235033 13.751808811120652 15.85379140894373 13.970819616050278 18.01603937542017 17.414612135048536 10.502792780549575 5.50173721376628 4.726014518847532 16.90280939383931 6.3988859107771825 17.702919573622612 18.82260129903716 16.76631678806469 27.44448277027736 15.531593451809792 25.9042330977666 5.384063745871709 28.760241932248228 9.261903523642765 29.82777249133556 12.554787444808998 16.796335802185446 3.9532128552171453 1.5548016805911455 15.919905595812997 14.666310669123746 27.261187520650093 4.966576728700529 14.486833995010246 16.51425410215738 9.45809139694395 4.077873736867582];


nDrivers=79;
max_D=[175 196 146 186 169 235 163 171 163 120 212 219 183 213 189 240 137 231 189 170 192 154 206 171 226 138 212 213 196 198 171 185 203 140 201 229 168 176 219 196 201 189 206 197 171 207 210 132 144 182 202 158 239 143 197 188 130 131 134 200 127 142 162 181 147 130 159 142 122 168 179 204 190 203 207 153 123 164 205];
        

nServices=85;
S_starting_time=[637 431 244 479 51 646 288 86 202 493 195 113 4 201 526 346 247 224 503 426 441 117 406 544 266 561 14 212 574 393 689 523 305 713 596 693 85 92 281 167 482 714 143 129 332 500 392 420 100 712 575 270 479 306 154 623 511 407 468 376 241 217 74 13 172 268 538 236 437 201 569 417 652 200 690 430 238 173 438 150 247 284 412 626 717];
duration_s_min=[93 108 113 78 120 108 112 103 113 89 106 109 65 61 91 64 99 69 79 111 81 90 63 107 86 71 66 102 60 92 108 88 100 120 108 82 104 106 117 61 106 100 106 60 78 68 92 119 98 72 117 63 65 96 84 111 68 66 91 109 97 77 68 82 93 87 60 95 113 102 97 69 78 106 120 99 65 98 64 88 85 61 69 66 109];
duration_s_km=[44 35 50 35 45 59 54 40 53 40 36 37 53 37 53 59 30 42 48 56 30 44 52 36 57 36 45 37 32 54 53 38 55 47 48 42 57 32 32 45 35 31 59 51 56 46 38 48 47 49 30 50 40 34 55 38 43 34 42 34 49 36 36 38 34 30 38 33 47 45 53 46 47 38 54 59 51 31 59 38 32 40 37 57 53];
num_passangers=[87 92 85 79 35 44 50 24 72 76 75 23 94 87 43 85 92 25 69 48 21 99 88 59 52 25 68 52 32 87 40 25 86 63 64 54 52 91 51 78 86 29 25 47 40 97 44 99 36 89 68 75 27 77 82 87 99 25 28 32 20 64 29 95 80 61 73 33 53 51 30 51 65 61 37 54 22 61 59 92 72 64 95 59 65];
BM=250;
CBM=0.500000;
CEM=0.800000;    