nBuses=78;
max_busses=64;
cap_B=[69 138 74 20 80 128 113 117 135 35 46 125 118 140 39 62 109 86 131 23 34 96 129 56 47 34 91 75 61 71 65 55 82 24 97 30 55 53 36 91 90 81 59 79 24 98 83 109 66 40 40 91 98 104 66 103 54 121 96 59 40 63 77 108 26 59 112 137 74 78 22 126 72 60 39 51 66 95];
euros_min_B=[4.644389013711785 1.3596719328791336 12.588961396380522 7.651135938683873 2.850507543001502 6.229147715813824 8.276828645876993 7.520616832840915 5.04938796683688 9.140456301144969 2.0403643152133006 8.254520873856825 11.25309781307879 9.542984381902693 10.248797845520565 3.577885342381173 12.501551514727204 11.25338110924079 4.5605166347284465 11.7123085653147 3.2413499279115197 2.8541088274513475 7.5446857552465705 8.307488767499507 9.818941545334123 7.180484415667238 9.011935273442433 10.92868520287834 8.973237233367138 10.010932481931127 13.442591378770567 4.356184580899906 4.3388885903152286 13.872749959821558 13.103770937290113 1.6299873449546378 8.18748600546733 6.065813990430636 12.598372375343713 6.164964450699062 10.514341293264202 10.946423325982115 11.282536560382807 5.936002157990121 10.614495437697627 13.187086281442005 4.452056638486505 11.707208796448942 1.2539357093945913 10.846428013838448 3.1375184751923486 3.6865698481047775 4.245659676631519 3.87776541158937 9.202073223732015 4.174569570004007 7.387567882766883 10.728778803344392 3.446679278069886 8.10670993367776 13.29819163764441 12.043485693976912 4.237292628301856 6.739786123381531 13.189495543419682 2.1414616959257673 9.636178214840637 14.569895466007894 3.0206450070114315 13.358376450034246 2.183341866245918 2.204792382610324 3.672209028615356 5.156592350909367 2.397617212832703 2.234110300778326 2.4927830010965373 10.8466737503372];
euros_km_B=[26.76422234317543 13.35869871670898 3.6854386144265128 13.984501443430611 26.067079361665478 20.10368867888557 19.098671793302678 29.671065612583956 4.923922429259955 24.107852973624915 17.755227246762466 14.356216975835485 13.38580427370849 23.305960821969933 22.5981453830638 8.713359712268362 4.810377963809187 1.9202092417082106 1.670223472932372 14.60167686380458 28.02197449462333 8.370770017810178 20.885174820070095 4.389248131602053 27.382331773781022 17.3357826202113 9.495888209501945 17.507597607308806 25.37104452934388 12.44667917420929 8.1574022568038 14.673767483224502 18.003937943584074 27.160472843234515 2.2854731826185017 16.13081974542965 1.8706192121612646 12.666789887746035 12.456407738193336 19.03617605662693 28.672189661492755 12.84282617738053 19.051894095002666 23.858872561542114 3.65017783866017 17.26129138231605 10.097612960671427 8.841693662812135 2.050169197885162 7.505108596868157 21.893215383849803 10.432595243253099 5.771719084197633 28.220283041436307 21.08395141711163 23.127383331470522 17.544598699242307 21.58622285859773 8.311822592201166 23.42321166293244 17.962764439489067 8.725845069556241 24.81639356134497 10.62538734295536 24.764119716870944 4.909692229830774 5.659263589196041 6.671239126259586 14.50992601216879 6.750335036911576 21.767987761001205 20.721088225951554 2.1472570717011332 4.967812618023505 26.484028602389014 21.235369108171163 19.367918230309783 9.187252889339403];


nDrivers=75;
max_D=[202 137 166 131 201 131 120 130 173 159 158 135 136 141 220 189 213 171 177 137 169 133 184 120 196 189 200 166 185 226 120 231 132 134 195 207 136 121 231 199 237 155 235 149 140 159 135 237 129 221 224 125 185 170 155 207 231 183 191 169 194 225 160 184 234 225 201 162 206 146 204 236 191 231 163];
        

nServices=79;
S_starting_time=[533 618 29 0 373 61 29 438 182 383 226 457 660 20 531 631 547 472 88 650 14 155 636 703 37 109 592 711 26 141 173 677 632 263 497 179 7 494 517 511 385 43 151 383 241 454 407 33 316 548 517 443 43 110 116 62 316 439 537 614 312 576 563 225 338 603 53 177 680 119 705 513 99 346 581 440 70 611 702];
duration_s_min=[85 104 94 80 60 83 76 99 73 109 103 96 71 79 78 78 66 118 83 81 94 99 120 83 70 116 71 95 77 80 73 76 81 74 75 66 97 73 115 91 74 88 99 117 103 118 118 105 63 79 64 71 118 77 66 100 112 98 83 74 85 82 111 61 72 82 113 98 110 102 97 94 115 69 118 61 98 100 117];
duration_s_km=[30 39 31 50 51 31 48 52 31 47 59 31 38 42 49 42 36 56 43 55 57 36 59 47 35 48 53 54 40 59 32 32 39 35 52 51 46 53 37 57 33 41 38 35 55 58 49 52 32 35 36 43 30 42 44 54 36 57 35 32 44 52 39 43 39 36 57 58 49 50 43 39 48 35 37 48 34 45 42];
num_passangers=[66 23 93 63 68 41 43 61 54 71 64 20 65 72 100 79 35 55 80 53 21 49 83 93 79 82 23 94 41 68 98 98 55 67 24 33 74 29 67 43 75 20 63 32 88 68 83 71 45 75 22 99 79 24 29 63 51 96 89 67 62 63 51 66 46 89 95 85 33 25 24 61 77 97 70 92 100 37 63];
BM=250;
CBM=0.500000;
CEM=0.800000;    