nBuses=80;
max_busses=75;
cap_B=[79 36 31 49 73 89 64 43 106 135 135 102 49 68 86 74 69 124 39 104 55 128 24 74 21 79 112 70 68 30 112 87 72 35 54 38 25 40 109 82 57 31 127 80 39 106 46 39 46 51 56 24 75 85 41 133 29 42 87 135 67 36 33 114 50 111 116 61 107 26 105 100 44 100 130 52 93 83 66 23];
euros_min_B=[13.98941810244234 13.944426054616953 4.480982234458419 11.874051680353581 3.232154892695897 11.920539914468565 4.275764746634885 4.734010188189063 11.358869283341498 13.79156388797958 13.24291431318584 2.6490516927268084 13.272211685979126 14.462937027928698 3.2293727793596023 2.2725354943574363 9.73372207556417 14.002184745355056 12.080754379572415 14.540469925850207 12.902040908901919 6.4585706534281915 10.012501678470674 3.0578407570670283 1.158246102896964 9.59888725602671 4.548026072445763 9.005563756548433 9.176430074708982 12.631313567707773 5.103563871428998 14.5306078244298 1.3382562134904123 12.376936252724757 9.310358424952755 4.771424514418434 10.389567636166642 14.290120165916063 3.9651702992927746 11.43512114185719 14.60747190678505 7.5392887279285965 5.304047379648914 12.203914911545747 8.322392502950514 3.7313004946881314 4.642021095985139 5.382990798415371 14.57559051188852 1.4659938885023098 8.418548026514962 9.555914356033893 11.63963492116411 5.30210734579435 1.4966418180866534 9.578547626976565 14.675932460963566 6.601243697645813 4.465321188319954 9.544400750289196 6.980811077362973 14.875564777731867 5.0478446656478235 7.3473235731947675 1.05963463703164 10.154936669230196 4.180964534467353 10.419212998453848 3.5622880746703176 1.8175730048594798 11.625703794128114 4.616323674454127 6.007485721578043 12.425724690296004 12.49205075154352 1.3506848214323932 9.261032294159044 10.134063632883583 12.200409056695056 8.418845636824567];
euros_km_B=[29.94968850565807 17.745233212437704 22.52742308974887 1.3635357876282868 4.453263189054276 23.740717734431968 20.177715374870587 14.07394558225697 18.320062018915607 23.65087095221776 26.133450445498198 19.290084771563066 26.355744389664068 5.143407601451417 21.91656356486975 26.463127836351457 15.452270899390623 28.98836689553779 23.28946244983245 20.752445718536638 25.452916467160787 6.667392799014361 22.976776081468177 15.934193484703183 7.640789134980336 11.347685208945634 25.980507208387376 3.0058560755025585 9.10321079054369 8.726870047455847 14.878639549282244 24.82564321830924 25.32339205180394 26.272199223217616 22.105996363815198 13.99595654777807 20.281522570702805 19.923381436794898 7.610861414145324 15.266213324462532 22.518826752551956 28.470170354523045 4.79943823183061 9.057964343920926 20.76918627026413 22.22982418058782 20.47891723227609 28.96022370562021 13.974406423293583 29.914621622136867 10.712147092592168 11.308029881486858 7.09181420247713 24.726073187712625 5.338842560215712 1.9529978228138893 19.839277765322002 20.924161466816738 19.947798139152376 20.144057168759485 13.502647702091627 15.855820663520156 27.908526851630327 3.416847126284944 15.377594115997612 10.029124366809638 22.184635579982842 5.658823218917251 3.079120492907511 3.486075211499047 27.836763847985893 4.8294465427271405 15.603583385087562 5.263525912821341 11.240284238042852 13.821613748743406 22.789635330963268 17.71346670553589 24.551923263790876 7.472303758701091];


nDrivers=78;
max_D=[211 176 187 185 232 130 152 187 159 222 138 204 127 162 122 123 136 221 198 211 233 139 159 232 182 233 132 134 201 228 163 211 214 188 200 151 160 202 145 179 224 156 225 240 155 169 145 174 227 173 231 145 150 173 130 142 166 156 191 131 143 214 199 126 140 211 229 143 158 183 145 180 212 207 235 238 166 162];
        

nServices=81;
S_starting_time=[553 699 520 598 588 126 333 183 720 111 41 393 442 63 264 553 55 14 581 148 673 468 576 644 448 8 705 2 581 642 712 298 142 568 496 251 720 284 528 506 20 357 644 613 569 253 539 228 588 133 508 67 375 370 410 49 412 270 679 360 637 205 476 675 152 392 341 0 473 472 151 108 133 668 286 336 335 697 487 71 293];
duration_s_min=[113 105 94 113 88 108 80 76 116 110 109 100 60 85 106 73 110 100 89 110 108 64 80 96 71 90 106 71 75 104 119 88 70 118 67 120 101 65 108 81 86 102 106 86 64 99 84 79 87 111 120 88 67 65 101 63 115 80 112 108 119 114 112 110 112 117 60 86 89 86 62 110 108 74 68 116 78 90 82 94 61];
duration_s_km=[40 40 59 33 60 43 54 34 51 48 40 51 36 53 51 38 45 58 42 51 45 54 31 57 45 34 38 41 48 55 35 31 38 57 32 43 55 41 37 46 37 52 59 60 43 53 51 57 34 57 47 56 53 53 45 54 55 57 50 44 39 49 47 55 59 30 47 37 36 48 48 39 37 55 37 50 35 46 30 58 32];
num_passangers=[32 42 54 90 88 100 82 52 58 77 90 21 26 62 41 79 40 100 92 87 92 55 63 99 68 56 75 28 40 81 39 71 56 74 88 24 47 80 35 95 62 42 87 45 33 26 85 71 96 20 28 76 85 71 91 79 96 56 49 49 84 48 48 81 43 62 59 74 95 77 20 75 58 33 94 45 95 46 66 53 91];
BM=250;
CBM=0.500000;
CEM=0.800000;    