nBuses=67;
max_busses=57;
cap_B=[63 107 22 29 106 93 111 30 50 123 20 134 103 116 48 124 68 84 111 22 76 128 109 22 106 140 139 21 125 125 35 90 32 59 25 87 30 87 28 109 140 22 56 92 21 63 38 127 28 64 41 90 31 36 63 83 88 64 74 109 111 101 43 94 87 40 128];
euros_min_B=[4.3176274412592655 11.709416687259008 9.194725279697963 5.250256308144483 3.3102033239477455 13.355329969355463 6.579977276498113 11.42677950608028 4.420430737603577 10.954263062959736 8.817266792585084 13.483229517717055 3.960895639784051 7.917119224962597 11.084313524704367 7.941276360141033 6.83512189159523 8.292475853125804 8.834733075006554 5.434820744679662 8.563121908342447 1.9768200345481184 10.475350100576435 5.203657853840502 10.1983988229734 10.293069860947826 7.478265849473891 3.380976887430955 1.2212653924156747 5.351370013748479 10.484249049332472 7.723040669167684 6.9529854295124345 11.602459914191783 9.97951961601206 2.6911903121212712 10.671065278283965 12.660187964873424 4.152995230961945 5.160819443272304 3.012000350549722 6.634446737078436 1.172138095071267 1.2298018030736577 10.750149552826167 7.750260362798308 8.196179911786528 6.898037142117147 9.512003155544297 2.1976173882832217 5.061307428824639 14.540111333113906 4.555409876755958 14.858025330454826 8.901310931221984 3.480952805768044 12.52518408795888 13.064436159124853 3.4895654788333905 8.735988194439585 4.809932928286447 2.0520443883012596 3.396395037092919 3.116683490261898 8.155906498722555 9.062277227046026 12.978708130886062];
euros_km_B=[19.156716722333012 17.653168169708113 8.95579086442719 28.542070845357838 20.799151698398973 6.511304884090724 23.44052999471971 26.864778759655664 21.139389007240222 1.7296323964610336 5.457214630532288 9.945839952754799 1.5691001640931894 18.066780314225326 3.2852566510249757 20.609865599661326 26.559188346697063 16.342612791390557 10.138936868327377 3.042255864321739 11.785196407960123 27.105015323009322 9.317539028821578 28.385186947919667 15.164533205464796 12.885388754176235 11.821176396109756 6.8021787782553735 19.47522075407914 9.6345120657688 27.152313016574432 8.388671410887962 18.66789893659373 6.212115033812614 6.3786058205539025 29.78023228899288 19.708858931339602 20.21442155336559 4.135840989512904 21.791877135354454 5.5936162419854245 1.170458511978746 9.853876451206602 28.04864781861834 27.46411904579454 4.928148101637787 22.750076313214596 26.62993175830232 4.112089841875855 5.144380385763045 4.092550977951882 5.952674542040415 9.56254559747744 27.855231052956587 24.281609635017283 24.171245971616308 6.081559138096723 25.891781935193237 6.240205456716836 14.63322540064156 4.141072273247129 11.035078672800324 26.366340727666156 3.320214107455506 13.489977241363096 1.3442181391804342 9.985782387343397];


nDrivers=65;
max_D=[220 232 180 182 132 192 150 211 153 178 193 141 191 122 126 215 196 130 214 195 210 239 158 201 165 232 148 231 239 213 127 130 185 196 150 207 163 168 198 140 208 176 209 162 174 214 186 195 184 146 223 129 160 230 163 177 150 166 132 165 160 228 215 235 193];
        

nServices=72;
S_starting_time=[427 613 107 558 257 532 231 412 333 675 240 34 580 514 359 452 270 710 630 109 325 88 697 14 53 9 26 454 94 11 290 152 15 25 359 481 370 211 6 97 33 63 51 538 641 658 233 596 270 404 651 168 336 90 178 378 667 402 77 542 72 273 303 495 27 641 679 360 658 418 717 355];
duration_s_min=[77 64 115 83 120 84 106 95 83 100 98 116 66 86 108 77 60 82 65 99 82 83 77 117 106 97 92 115 64 76 97 98 83 63 67 62 69 62 68 90 85 87 85 80 74 77 63 106 89 90 74 111 60 111 87 115 74 98 86 69 65 67 118 76 114 78 63 77 71 72 68 115];
duration_s_km=[54 40 39 60 60 54 54 54 44 34 58 40 42 50 42 43 39 57 38 57 59 45 53 59 55 58 36 43 38 32 58 34 59 39 60 56 47 59 57 32 57 56 40 60 51 43 58 53 36 36 38 38 52 31 49 57 60 45 42 58 56 56 33 37 35 42 59 55 40 41 45 59];
num_passangers=[23 76 43 94 56 83 54 89 49 73 68 35 46 84 86 47 50 20 20 54 44 74 25 77 71 35 44 93 75 29 91 63 26 83 61 58 97 23 65 37 93 73 30 94 87 44 31 27 71 97 81 66 84 77 96 63 50 34 58 30 64 45 96 71 61 53 47 27 34 26 84 68];
BM=250;
CBM=0.500000;
CEM=0.800000;    