nBuses=97;
max_busses=93;
cap_B=[117 139 40 54 45 103 59 139 99 37 33 113 96 118 105 128 52 84 130 104 119 85 30 57 36 100 110 69 133 61 84 114 119 45 55 49 99 56 23 98 125 59 45 118 90 50 24 100 37 132 53 100 133 26 46 75 32 92 56 115 83 110 91 63 83 77 47 49 85 139 66 69 56 27 76 38 48 107 35 48 86 52 88 103 60 101 54 103 118 125 87 131 93 127 130 81 21];
euros_min_B=[2.6511810688909843 7.885078795999514 1.9262212234785552 13.947950517905246 4.2533540726213825 4.649750584824205 3.6624398359968864 1.5093929199873106 11.432415663309234 13.746184468412626 13.704896725709583 4.965289455952196 1.5617644024147062 1.3095417089933883 10.216576709475175 6.364043705213249 6.295353212699986 1.010467602850839 1.4298824644000359 4.248308128251182 4.241819320519336 1.4037828159334103 1.2416897484240104 13.505171211217418 5.169623670636574 7.120530806979858 2.9881424561953134 8.979014432074505 8.532825188322484 9.839696266220715 1.6853121426851208 4.219312789068964 14.764429063085606 13.347034269608832 8.021773795173223 10.506987092341852 11.696211486316738 6.947626917832473 1.5546119364896969 9.144452229151065 2.622338050334541 13.32265933584215 9.538961116231203 9.489391303666212 3.2112782776618927 5.609181200614313 14.998932568433027 3.5337596064416896 2.3139509316948264 4.152891303403708 9.008114110119934 3.252323018552285 5.577126670717052 10.537021792780255 12.517476817124876 12.663894221152237 12.677194524692586 3.7901351429665397 13.629449467145712 3.3120850719404547 2.136009923885706 12.871318921737991 1.9283761754104503 13.85776307260086 1.9133547904567179 11.340644186213185 5.8346965273278535 9.88288589523412 11.552389661535297 7.541347250786871 10.55015172753269 9.932533746069492 7.330738012088284 4.058051003958454 12.772628617090147 12.771498918759708 11.671340965909891 3.4788992095445774 2.053833725204113 7.367102395648051 9.714225534155837 6.339312216549915 7.926938459489842 3.694026114729046 7.655838354153558 11.894759611367983 3.809139815830262 3.6407229119488034 13.79005563565675 5.408950158283394 8.877930286170244 1.922087233504284 10.631199689849767 6.154240628794066 2.9751541135693333 7.748483199190783 13.570849409819825];
euros_km_B=[6.392621106611592 11.23692837857439 29.4874984188539 18.55407094126441 22.31426339811375 25.49475720137457 5.318421735699325 16.680189682461414 13.28562025978636 17.66233513378557 14.05396119061487 5.32167813676166 20.511219476639408 7.640694439433674 18.4636344989074 24.999232092589978 15.697987266848472 9.627112686938725 11.164619421476267 14.632998310120971 1.540440118250523 27.444464068924322 19.750793571989828 25.0236786027784 9.729072116243538 10.195956437361497 14.922530880972522 17.908005531663893 3.270442218757872 4.890897246695292 8.793379558270829 23.7036702991417 28.330811275196623 15.53314179425298 10.040879192390491 14.994070924868552 6.69428737993816 13.961299854240364 29.82139219906736 25.33389312265681 15.799119847966805 2.1451823655978655 19.637469242795753 22.758469508861005 24.981270003823543 12.167838268604742 24.820953091608235 2.578624269550967 22.977393654039236 18.52404246021933 12.858925093606665 11.356495328393612 29.5782904224739 15.84308090821101 25.74218419107474 16.238492752364337 27.232504487973227 5.3898468169958225 9.074554695468072 26.19754318635937 24.109871507467815 11.596219270788067 4.568474221979148 26.610894703347217 19.155991111503678 26.436780896584754 23.570744587526917 19.196541281173765 14.336042673417506 29.962559501736425 4.325372063242652 6.837974515346398 24.88986187932404 23.361540704251205 5.034151522896309 9.66809140030395 17.29040429610808 22.91300490692603 17.08235525584252 8.834532491746296 25.19936938417372 15.516312202171354 22.631143652131122 29.350616134386705 4.398702832482373 5.315043815296226 13.619071342218453 10.452340330131646 9.405988945580411 5.921616417039893 9.358296843950011 14.228798155520415 24.959417022704386 15.813937019616933 22.165179363945782 29.262432828106032 29.993145131154673];


nDrivers=97;
max_D=[210 177 193 130 204 219 196 233 197 226 211 155 141 165 160 165 123 201 218 140 170 124 186 239 173 139 132 144 150 230 152 169 145 231 173 175 137 192 200 181 186 155 180 220 150 201 227 175 168 127 132 237 172 186 153 143 215 207 173 206 144 188 149 185 172 156 171 157 120 229 197 130 203 177 127 156 187 124 124 209 201 218 220 128 126 216 157 160 194 211 148 163 230 179 205 133 206];
        

nServices=100;
S_starting_time=[256 193 683 423 606 498 418 574 300 502 449 720 507 572 47 177 73 58 208 77 603 116 230 203 129 126 518 711 15 320 55 173 367 656 520 473 371 118 669 324 139 498 613 579 3 630 538 210 509 514 610 717 196 512 335 476 88 74 142 435 543 686 273 338 488 464 68 347 698 175 235 68 494 49 254 699 490 577 504 277 121 209 36 506 204 466 642 686 94 688 570 604 246 318 138 9 481 635 0 51];
duration_s_min=[66 67 65 84 87 82 81 117 98 115 83 69 111 63 68 105 77 94 75 83 69 80 119 60 94 79 80 109 93 113 69 115 72 82 82 65 120 68 72 95 72 60 120 60 118 65 88 82 69 73 110 92 97 104 78 98 96 71 97 87 66 80 78 115 66 88 118 111 62 105 118 90 79 87 70 99 89 100 80 69 75 87 109 82 101 70 112 102 66 104 94 102 96 88 67 61 98 76 75 120];
duration_s_km=[58 51 58 38 37 59 49 38 39 30 59 32 46 35 38 48 56 38 52 59 58 54 59 55 42 40 60 43 35 43 53 52 58 41 47 58 37 58 56 32 40 39 43 42 33 54 55 39 34 43 38 48 55 55 39 60 48 31 46 36 54 49 30 32 53 60 38 36 44 46 31 34 32 40 35 39 33 47 30 44 32 58 46 30 36 44 54 57 56 46 42 33 38 54 41 56 50 42 50 59];
num_passangers=[44 82 29 66 53 40 68 72 47 53 84 84 22 32 52 84 53 93 61 98 100 70 65 42 99 33 31 91 37 51 100 30 71 93 31 66 80 34 52 63 44 36 55 63 37 90 64 29 89 74 66 34 91 44 56 92 71 61 41 27 34 74 74 77 84 61 25 84 52 92 25 60 80 80 82 54 44 86 46 45 90 52 42 53 76 85 93 81 72 30 67 27 48 42 72 59 25 79 34 100];
BM=250;
CBM=0.500000;
CEM=0.800000;    