nBuses=95;
max_busses=89;
cap_B=[84 43 36 64 104 120 119 114 41 52 32 114 34 92 94 105 46 57 66 83 132 99 91 62 28 93 79 94 114 44 101 22 107 102 26 68 36 95 62 40 114 49 85 21 107 32 72 115 139 76 130 95 128 49 53 47 91 33 59 44 93 71 92 106 88 41 78 129 78 48 125 127 120 119 39 125 123 98 100 83 59 100 117 138 107 35 67 22 79 60 75 85 95 33 37];
euros_min_B=[10.652841667239073 12.30442371066627 11.597304296533146 10.00709820094738 11.436289713724864 7.89185379765687 5.15629659005745 4.244901138572188 13.873723106981561 12.623595071762978 11.197266887662018 8.611470073623725 1.0998869227729196 10.477108971847583 5.482352016169748 4.965310320604736 5.323357063303324 14.142228015136485 1.4157248556420294 4.234128282413894 3.0776536845910893 11.18336064620834 1.3306506734674148 3.0745919435388362 2.1204940834833526 2.824368637527118 9.989163598694862 1.4436738822273438 5.766079347473433 10.690376577957677 6.308193690662299 6.052093182791766 1.0130206022965798 4.233405224486174 8.988961187029203 7.430218175023796 9.854165444799792 9.119751494797502 4.174877112270418 2.96303150047651 6.480051591772815 8.49201630225545 6.641013909938739 10.766057515865697 8.438834235709194 8.658443227905764 11.73395433985183 3.584504839607692 2.2376749405962317 3.065819140349406 13.068519650987609 7.654748668648977 11.728265790442814 1.4557047798437879 5.642117962977821 4.578469849995138 5.311804344263919 4.140856377070909 1.4179941491857568 13.947580940010694 4.979704524467032 14.82665811970731 5.647081862697161 7.621772133513682 2.944779434131684 9.489530566269215 10.005929951389408 7.426394117360697 12.575973091800375 1.799533451063304 10.191453250539784 13.28521295047654 11.049333918062764 14.773879529324255 10.537324773619215 2.162016537433783 6.022681305760434 9.886019712957046 6.949348410287811 9.842636057618838 5.0197881966058775 1.1359853942138265 14.27097861178966 13.233459508376622 5.883580277000686 2.341434383148575 12.990306177968005 13.322434363872114 8.002214359130065 7.61627525781339 7.724516317385035 5.693954685546643 7.4551030520549215 12.817072124412688 1.412440213776207];
euros_km_B=[24.809422751774296 23.263472802563435 3.4981703185270296 4.9699450071396996 12.874009293714423 15.555091553748184 28.399862800956882 16.8801881293383 26.33482375460025 9.049647649730737 22.96025102798548 17.20117843814382 7.581290441914049 22.794158342941977 12.342457748012075 27.397990843240823 2.911014670870393 11.517350732068241 6.2343463249837185 7.77034080811934 11.63013104874402 10.167137186689613 5.009248614698015 23.55647082447981 25.027080897618912 10.539702741123307 3.9531196328524882 14.807304057306174 10.542382048170728 14.432221152599102 7.554925883532935 28.366883727961742 9.950946767634576 16.322925229225277 27.653274793291946 17.80169013553653 21.84317067306845 14.860866551936892 10.496287661840892 14.776154813894829 29.175336668250168 28.236309871316873 5.09226589446104 24.574520428149476 1.9411306179655072 12.52273263262237 18.126653134093054 3.4179473405322764 20.93285068180593 26.42988707228623 28.658555851952844 13.329556174167042 16.792436456602502 15.756124863126775 13.866881493735882 14.069097109818912 8.073624475777201 27.86788750286997 16.31392600929677 18.62803753284574 22.79250015558874 18.644894478823634 26.197611278810484 8.71018074073373 24.555476928343825 13.703025920999183 21.136374266373274 14.113463888930607 2.3127327147448886 15.315677469604845 9.915699613536669 11.994924878153883 22.700802147969192 1.5020901647390916 15.50058992123364 10.303808965750402 23.808680786090793 19.62155808953146 5.968408970399777 16.193850503794188 27.21833466436457 4.144708357058369 13.585331386779936 23.073307078222392 25.23742484195752 4.894110903978595 24.049142101007398 14.148467407923917 2.320939704119746 3.2249753511888373 2.896415332611543 6.0652527721440155 8.625231696459593 25.112183719569163 21.720132294558926];


nDrivers=99;
max_D=[166 231 170 136 214 158 131 234 208 198 220 208 159 177 213 164 125 187 138 198 229 173 166 196 129 159 228 163 208 183 235 240 136 140 138 213 201 163 167 150 193 129 235 148 173 174 157 176 231 204 239 174 179 170 138 172 157 141 202 157 222 209 152 162 136 144 137 161 157 213 234 237 154 135 158 193 154 144 197 239 188 130 195 168 232 171 171 131 136 123 129 233 123 238 202 199 194 130 209];
        

nServices=102;
S_starting_time=[43 120 406 506 270 263 189 438 241 71 295 241 296 293 64 91 399 269 717 28 3 459 27 160 141 438 702 267 263 195 246 55 121 538 143 336 701 230 176 607 208 657 244 433 201 487 238 234 35 592 551 533 145 121 394 477 626 466 319 206 182 61 78 95 498 155 277 606 525 406 332 144 384 407 246 106 118 219 80 272 454 412 49 192 27 718 697 271 389 474 661 76 283 350 632 249 51 607 84 2 72 420];
duration_s_min=[118 60 63 112 62 106 87 91 64 69 93 71 85 111 112 66 112 82 77 72 68 98 96 72 70 98 81 70 69 99 61 92 62 77 60 72 81 79 116 111 111 77 64 64 94 72 112 118 76 112 103 111 85 87 112 82 64 90 104 69 68 86 99 98 118 95 95 83 107 120 99 108 88 86 107 94 111 93 95 93 87 79 98 85 80 69 84 87 85 87 118 63 85 67 109 60 64 66 92 108 103 61];
duration_s_km=[32 49 49 45 32 45 50 57 35 38 48 43 49 47 51 39 45 48 37 45 59 56 31 43 32 53 47 45 49 51 52 43 56 35 58 39 47 38 36 34 36 31 34 32 40 48 37 38 60 49 43 57 58 56 50 36 57 55 46 39 49 48 45 56 42 52 39 59 33 38 45 45 42 51 31 39 34 49 56 38 41 42 49 52 47 59 46 48 57 55 57 40 53 51 40 41 54 36 48 49 38 36];
num_passangers=[62 66 86 77 31 61 38 70 48 29 95 87 85 58 25 34 25 44 55 86 80 24 93 69 73 48 53 66 66 40 68 45 93 44 90 75 86 49 86 25 28 90 50 54 73 27 56 24 46 70 37 24 28 67 31 23 64 53 48 52 28 75 50 20 86 20 40 85 39 82 58 45 79 97 26 26 38 58 82 34 76 61 66 84 86 60 23 66 40 34 59 71 27 65 73 71 84 33 41 83 64 44];
BM=250;
CBM=0.500000;
CEM=0.800000;    