nBuses=71;
max_busses=63;
cap_B=[122 27 128 129 127 70 65 121 21 83 98 111 95 53 131 133 30 138 76 129 125 83 76 78 128 138 80 78 102 119 112 43 58 23 89 61 104 135 130 107 67 125 94 43 121 117 49 117 121 68 105 140 123 105 61 116 53 56 55 139 114 63 106 43 85 75 39 135 96 28 140];
euros_min_B=[3.882290027150974 8.495093064651766 8.983111759233463 9.968409647358452 5.6650922634383125 13.76002731127882 5.579693806499343 8.090274593909793 5.10577582374194 14.642743742930737 3.9305808687176835 5.386049148584886 6.3532973921568585 1.0428320697673132 8.42818313824997 4.7466556911569295 4.464307538725859 4.995764195761332 7.100308053788318 3.184654448782756 6.763064699738683 9.268902914519856 11.63775225391876 14.173810500087225 8.327684723664099 6.417820454957386 13.642928353353897 9.21736772788641 5.737216125507751 9.264213634171279 13.559417185789629 4.240712427898443 5.405371627990959 7.031381490201598 14.841952994503973 4.350806760005158 12.930389320483007 5.17577653790738 1.9660551310401273 11.787509646660356 12.919114704083267 12.65762276266712 1.7054236884699738 11.856067087004659 6.583689490760716 9.184832993207587 10.945828646610183 3.0081806290630215 13.684622316562779 10.696607437887462 13.132061302403505 6.520115807262035 3.07888904679972 9.537180462644452 7.882200321736294 14.79701774691845 6.439836455645964 8.220258811078532 9.875681721796203 5.971100576886185 5.075358595734063 12.562094446087315 14.645162937746969 9.840024139164125 1.2387099544273534 8.010939204971823 7.907009316960579 9.457390541802912 8.755300697607073 8.15312292537509 8.076023826203201];
euros_km_B=[25.028139435784325 1.540864588602371 25.296709938450146 29.294305401765907 29.551566746285562 15.080793013861271 18.603830896038904 11.078913122181802 27.047062574079266 20.326933872577094 7.283391247808944 26.957878421334936 19.007289380915584 5.243908635620702 3.2276038312588855 27.18206859679009 20.725050273661225 17.598635024051205 15.227917696667689 7.7313880862356825 14.098526171054006 26.673415403939817 16.126723765357298 24.482681584390683 21.764379121569288 15.849507864623769 21.238352641427994 20.682280732255506 12.666525331578264 4.841864429400186 11.072791141683311 9.089825212118745 26.839570095229792 19.591780501896654 14.557582939719493 13.325533963382929 27.106378010007127 20.69103502363275 13.284326245446987 8.85808636559668 18.234049688077487 17.185203500452946 16.746379968474727 4.447355887586735 16.08640979445031 23.849027867178812 10.843653321838222 6.091543185271461 19.35937318860855 18.482187389824396 25.202312189659025 4.911041727656713 8.50645991660906 17.705314429301886 16.097146516361367 14.51883744635292 2.4637267572883523 22.844930952720418 7.064765115053978 15.815091895349656 15.306547856643405 15.854118268136745 23.710941139519033 8.511850963160914 27.949843983376784 6.85657418456447 6.588102728568543 8.304046564830859 26.44868422852153 2.6216003753936903 20.130593020138004];


nDrivers=66;
max_D=[144 192 167 182 159 238 239 196 131 175 172 238 189 202 176 139 163 201 221 137 182 135 237 235 237 235 129 201 139 122 167 190 161 197 150 225 177 238 202 166 198 211 153 171 234 159 137 234 137 143 181 140 171 148 127 121 133 169 210 167 121 225 230 197 130 150];
        

nServices=72;
S_starting_time=[314 619 437 622 198 224 282 220 262 499 498 653 193 197 267 378 427 35 4 578 547 419 332 26 585 610 273 303 112 315 592 230 478 664 87 636 441 295 650 200 24 129 77 239 277 72 637 506 293 528 553 478 321 575 632 658 178 534 445 108 107 26 72 177 307 693 680 262 103 493 145 643];
duration_s_min=[104 120 68 118 73 79 117 62 91 67 85 74 106 72 102 96 120 115 81 106 103 96 100 78 79 87 69 98 77 89 64 120 101 104 89 92 73 103 92 76 116 120 70 67 78 69 85 70 66 118 79 87 88 118 65 117 90 60 91 92 63 68 86 68 63 69 114 85 98 109 75 62];
duration_s_km=[38 35 54 50 34 56 33 43 35 58 30 56 32 55 41 41 32 49 53 52 40 45 45 34 42 32 46 57 56 32 48 42 58 46 36 54 39 30 46 49 36 45 50 35 55 43 46 59 60 47 31 44 30 32 35 30 35 37 45 50 45 30 53 46 35 47 60 41 50 42 30 39];
num_passangers=[40 40 77 91 57 88 71 42 21 30 88 98 54 100 28 57 62 85 28 56 64 25 22 32 73 48 23 76 89 98 57 22 50 57 98 75 42 37 96 61 51 79 38 32 80 94 31 43 80 66 52 25 40 59 66 94 44 39 96 30 57 74 63 28 75 52 90 71 33 90 92 52];
BM=250;
CBM=0.500000;
CEM=0.800000;    