nBuses=98;
max_busses=94;
cap_B=[62 130 111 45 24 40 53 139 91 60 35 130 39 129 22 35 69 39 136 112 77 53 22 134 74 106 27 97 91 35 115 60 116 99 127 89 77 64 44 107 48 78 134 48 86 40 59 45 68 122 35 80 45 116 91 36 99 76 110 119 136 44 57 111 29 97 33 120 54 83 121 81 80 69 90 37 119 95 69 98 87 115 31 91 74 86 72 41 84 34 105 64 25 90 50 22 130 43];
euros_min_B=[8.229056429301927 8.597045116620388 4.782402039283005 3.228717267861498 14.319213748007149 5.628476103185958 9.35646776288845 6.265851932533574 5.675294105678018 5.187399192267759 12.028272550212076 12.09949923971489 12.77510481638424 6.381015007731014 7.8423651464058715 1.3069860261361512 9.650253183556607 6.173715646365773 7.307632244713359 3.574813110351502 1.7591478219873622 14.83271694025785 13.65827484289308 5.889824160085498 1.3603043201105796 5.6705999884905856 3.6797067759682593 12.810829678462454 7.157639744775555 3.04500418004724 6.328448968137389 8.618716000277225 3.1463877105654046 4.667090864851652 4.446941654563996 12.612538477039646 12.551510967005422 2.514265709488066 6.249343806021146 4.980184839665971 9.496915972886192 5.312871687915106 13.751711048464896 3.2703719847923822 11.716261555801204 5.1785254144614745 4.4237303379019455 5.387672018502209 11.766502541500598 2.3542919935662034 11.38879594446271 7.8766917367374365 13.13963508188852 7.978657634182499 6.907185388019091 1.0354213121640434 3.543423398369802 11.37780897555768 5.4448805976199806 14.712922088683252 7.298802003071534 3.425464048665801 10.955487305590905 14.797721777732804 1.7335065844358613 9.573655475206994 7.823377989135408 9.940348865015753 1.8227228897031396 11.252349874331687 5.25002249116198 5.152551652878619 13.48721016495017 4.070138765166366 2.203632697897806 7.880846836252522 7.384755824241653 2.6381594189890043 7.953714475262915 11.369005411670477 10.454297403989532 6.424142103750295 9.558889677565585 13.723563244309442 2.820233631964137 6.601425512844068 4.024093639882996 7.899990489080135 11.180520259511132 3.4065450919472227 4.026484307276751 9.460226072590608 1.088936960287063 13.857301950904052 14.397927234118871 6.042885656723003 7.591133611643604 1.141357783921332];
euros_km_B=[27.992644440955598 24.24818544325462 10.07227803531089 6.451237951768458 28.169166340936474 8.150130660303258 17.770914403805918 8.737268717582165 14.141433640102841 2.2476618594300417 3.389131298315621 22.753706357696075 29.42304511463147 21.56081626868958 5.709223518896396 12.451064305861845 8.290705248673628 24.23276283711559 2.458327294840791 7.283408213619165 18.60502858304048 7.536580106238045 5.151488138427166 27.059147393016115 5.712860589080665 16.772593904278807 26.86839220196183 11.139612288974782 13.08628317856473 9.445185335722648 25.524137371622935 19.367227612219732 29.36279385385648 1.6232114544704968 5.554087019009128 8.925002932921469 2.151335999122542 29.046602171468763 8.183918442520365 20.217473546663754 24.38375099738525 29.453494270953936 25.544423412557894 17.727585689690724 15.786067667655683 29.464568304473307 5.1139666834318005 26.872825769403537 21.64254624265396 4.203726805458503 1.9847974855626123 29.844696791484278 12.526885381002543 13.046427871917551 19.522236164273405 24.7794340243986 12.027315668078222 13.990327702212301 28.69212363465451 13.270664329118846 24.14977568828411 27.530023502975087 4.950329749937143 2.984277783105462 5.690235832532997 21.882904263517535 13.46833952177272 8.70999005649759 23.927711432066005 25.184838822096403 5.574252524433764 17.19346877631236 27.578672529140896 29.40486892860925 19.953718083961878 3.8915433708140945 16.527828602948855 10.040254744311751 29.039614368349863 23.573602225576014 27.603653958822093 23.253459720844763 20.621732741609055 14.251917575779515 9.406480854084293 3.367228175443538 23.676622952751433 7.462761117823574 27.92528846921256 27.377911128853643 20.437942937919665 1.187022394983251 7.391409049197589 21.58943999273702 1.9313884960604737 27.713926320496387 16.164636473391894 22.55875744992272];


nDrivers=92;
max_D=[158 167 217 224 200 148 224 148 190 190 228 234 214 176 176 141 220 176 187 223 207 192 137 189 203 120 209 193 122 175 137 167 207 192 145 185 165 201 173 139 170 172 183 169 181 138 120 177 153 166 124 236 135 205 240 164 189 229 143 208 239 200 230 181 236 153 206 167 205 159 195 169 151 137 124 123 124 222 171 208 124 193 124 190 240 135 122 121 172 129 148 156];
        

nServices=99;
S_starting_time=[626 75 311 392 290 551 613 50 678 678 197 173 365 335 572 702 145 157 506 391 27 239 589 34 281 274 221 198 358 470 405 270 149 342 372 570 307 401 492 106 276 635 134 455 50 441 255 222 713 447 672 294 180 432 77 58 291 171 337 367 453 8 607 188 713 466 504 132 176 379 309 525 235 475 366 700 566 444 7 179 617 208 292 687 30 677 686 60 160 510 317 703 668 230 210 574 438 372 460];
duration_s_min=[89 80 111 68 62 61 118 89 60 103 113 67 117 119 86 84 114 71 90 77 79 63 106 120 101 68 101 98 91 91 87 101 113 100 84 87 84 81 115 67 75 99 73 119 69 74 97 105 67 90 117 107 104 68 82 116 102 66 77 68 66 99 100 120 84 61 82 111 92 113 65 102 92 106 83 107 79 85 101 110 111 115 69 95 101 75 93 110 105 80 118 99 83 106 83 100 62 65 94];
duration_s_km=[37 42 39 48 59 49 41 60 49 55 32 36 41 48 54 59 48 59 35 42 46 58 48 49 51 38 60 44 60 44 56 33 46 42 59 41 43 50 45 53 33 41 44 37 35 54 59 34 38 56 50 37 31 57 56 45 54 52 38 40 55 59 42 55 55 50 32 40 42 52 33 48 39 41 30 41 44 60 54 60 44 39 47 36 59 53 59 36 35 46 54 39 38 38 53 36 60 59 58];
num_passangers=[29 64 43 42 83 73 95 52 95 74 80 67 66 41 73 82 33 88 89 35 31 24 35 28 80 56 99 29 85 26 20 80 59 36 32 55 78 61 33 22 45 20 54 21 26 28 64 55 99 21 66 68 87 77 82 36 97 59 70 96 43 63 50 51 62 25 56 52 66 94 56 24 80 45 99 21 80 90 86 46 75 42 96 36 38 77 89 45 40 33 56 83 93 52 58 97 89 57 67];
BM=250;
CBM=0.500000;
CEM=0.800000;    