nBuses=71;
max_busses=66;
cap_B=[33 112 39 45 59 36 58 118 47 81 46 22 114 97 114 96 101 132 49 72 128 97 57 117 26 27 25 126 80 38 119 38 118 124 112 39 115 23 80 80 66 62 108 56 122 86 74 102 80 22 45 119 97 122 78 67 65 125 42 83 75 105 129 96 45 54 64 114 51 98 86];
euros_min_B=[5.660068707061472 7.8023824408131475 1.3836502363350605 14.710825932177793 14.636666616968359 2.4967702715436637 3.792149887315688 13.620091528325489 5.237798187444947 13.123972326735256 4.7100367981425775 6.3686560370077085 2.8470327073003796 1.331401820232674 5.231613971870206 12.624040321071655 14.082705931400213 8.804484807767938 6.718138557791147 11.567991085379816 14.733635119954688 7.33870006179612 2.894786403491141 8.891058090624199 10.043489611701672 14.283970143587679 3.9904137305562415 6.9728334729665615 2.2824203739724593 12.844695490937713 11.339556320970011 4.571419190963397 10.76521594602454 4.293354093744593 13.448868158052672 12.038262749437784 4.33222047456151 5.798474253753195 9.613990194485423 1.290845211670136 8.117450703725638 12.4179203719535 13.543580048857383 6.58257087249131 7.597156997952036 6.041251238613993 11.211779234225421 10.914759280621595 7.3322605683548225 4.07701327958544 6.534426835159333 10.330721559694675 7.50100226704382 7.28554003229984 8.157404615411242 11.608015442214741 2.5772812278769877 3.83801367146618 12.58331726288012 11.903393665561223 6.239965516020925 4.650750324887539 9.08893721698216 9.768040555714224 12.235791993799536 9.869968246431313 12.03678674933095 6.346962962062814 9.65839008698848 12.289482505124452 13.31399731619131];
euros_km_B=[15.206048786819036 23.133387134340307 28.432759259855857 14.306360515004826 15.658949029425422 28.343569615292008 10.03455681470585 12.92149450687663 3.2496618238318344 18.589155621904126 11.936273114865754 4.063799328351891 2.7267868464956617 25.901146553159368 20.493382533644333 9.368775501246336 9.957972460701889 11.942815333232556 1.9169215039772722 27.826298827051566 27.13271910476833 9.034163186002653 10.859307995547994 26.385167054362235 24.637243260766194 29.21994359281276 7.247788313812421 12.505923792792517 3.721376046759282 10.011167035063195 4.541682191136074 16.70417728625518 27.127421745907903 11.53565666540195 27.359193265298295 29.817791249973293 3.8889744861372444 3.9307451714633403 5.731359478035359 14.932732150579586 22.6007605300224 15.720916752117061 25.908010559340006 20.35262477132625 3.5283348124247254 15.862951515018343 6.530360008860084 20.846290181699224 28.6117569976276 27.042849818769398 15.32553247846054 12.136745288041556 8.195719510192184 12.131685153817527 2.7202977082508704 11.121489476457816 3.3062993609744136 24.634935928527817 19.49798220714588 13.159519433274221 18.361937806273595 7.904136869964226 12.390708107485647 7.9620414555973555 22.76176747317276 26.29789216731106 17.875431425372344 10.317166216763274 25.85994928659016 1.6989442968688284 29.750144310178143];


nDrivers=75;
max_D=[237 221 216 201 240 238 138 174 208 133 121 209 156 147 206 209 207 171 172 216 222 137 237 172 209 228 133 210 138 143 235 182 151 153 143 184 180 174 136 194 181 199 189 183 215 183 198 120 150 127 148 147 179 205 182 173 124 129 209 162 174 160 225 165 226 205 209 173 172 179 237 238 239 149 219];
        

nServices=76;
S_starting_time=[386 445 704 207 306 377 657 481 178 133 464 310 216 399 644 707 281 60 334 14 40 347 267 662 507 377 524 412 57 660 204 343 308 564 54 326 448 135 469 163 174 75 450 295 582 280 115 469 539 349 667 485 361 338 72 425 189 159 377 303 210 600 4 679 105 160 712 488 491 475 441 142 602 692 49 561];
duration_s_min=[79 72 108 100 62 77 105 78 104 94 100 68 116 113 102 104 68 90 97 104 75 92 60 91 96 83 90 79 94 61 75 77 66 86 97 68 100 102 76 66 75 116 102 73 102 65 68 94 74 100 98 66 60 69 118 93 66 72 89 71 87 95 92 80 118 83 62 76 86 108 107 83 119 115 71 88];
duration_s_km=[47 30 59 42 55 31 59 44 44 35 39 35 56 56 35 49 35 36 47 30 32 49 36 57 43 35 55 39 43 37 32 57 40 35 59 49 57 54 38 55 50 38 37 58 56 38 31 48 42 54 46 46 41 46 42 44 37 55 40 32 37 46 52 54 43 48 49 45 57 56 43 40 41 58 48 55];
num_passangers=[77 48 65 46 47 47 31 55 62 70 29 34 52 55 65 84 30 24 49 61 29 91 76 36 70 100 43 94 86 25 84 20 93 56 23 26 29 24 91 65 63 92 40 68 100 27 83 20 64 60 30 47 32 63 39 96 55 59 72 89 72 92 99 35 55 75 92 62 34 57 83 72 20 86 100 60];
BM=250;
CBM=0.500000;
CEM=0.800000;    