nBuses=113;
max_busses=109;
cap_B=[60 48 22 39 57 45 64 104 108 29 71 73 72 104 65 124 111 64 136 43 38 84 108 49 56 24 124 97 46 22 31 25 126 103 57 112 98 66 34 68 82 139 109 92 31 119 83 110 108 82 69 87 117 56 101 38 92 137 107 25 91 46 83 30 31 127 31 24 126 103 42 74 95 138 108 111 45 100 124 43 89 110 70 84 43 22 124 52 55 121 122 114 51 102 64 95 66 47 66 115 71 47 100 63 81 53 139 120 140 29 57 43 91];
euros_min_B=[14.758718085168947 10.846269583739252 10.771172834646272 4.834214948606029 10.41381569574738 12.141521244638712 10.966116185294668 7.554400500387699 6.690276833875097 13.492636587403155 12.6448758199686 11.76034017784555 12.02953234180699 5.7528403222900355 13.904427962902675 2.2079613087167287 5.24025186792028 6.78032264417543 2.4786968652089714 8.50713356176819 3.838389313855977 1.1636747567173964 11.569727414762571 1.3839143359881878 11.1755171573001 2.0948304407213847 14.54342246144043 4.497944137588723 14.773170515625525 4.384097700448699 9.734900827377912 11.182530783721665 11.437480635815588 12.046171344063813 6.390648407712198 7.071860214537075 12.580582574963474 8.696791778339833 9.27755599111668 3.007949409768107 14.846919912093549 2.4584997203958046 1.082438141508411 7.192591289443403 5.523614535034758 9.397415006241527 6.990778138850085 1.7901343243406316 12.55491404905852 7.141862407696331 7.519138510953631 13.15489262320784 8.981986131896507 7.284600385847694 4.360304289904176 4.274470742428047 14.765189909517376 4.5779300155093825 5.967881253885103 12.291360130604495 6.418593810773193 14.801100157646509 7.000760840374926 3.687768382370078 7.843193637630259 12.022898092009935 13.103149808277514 13.150260742066658 6.6663938357335395 6.07391123371911 11.666490278521694 12.047430100901444 11.522029369953612 1.1207909367815565 14.251471223129597 2.802767985937173 6.552305422722988 4.509436074610266 13.442492652515046 8.969868187734374 8.266825615995687 11.46070406991597 2.1608104255610217 11.91640394910869 13.961668447921506 5.866103734279559 7.507863476153149 7.82623330770461 11.58328043546414 1.6578245714244138 11.463927417528533 1.9780323216248639 1.0777274332810878 5.543141263170231 1.9731811736100051 4.442902381001451 3.2972777779493665 12.381550842506316 13.469917102647152 9.387649220106235 2.6774986179158047 3.7585568451781772 13.879734273342004 6.826044946561533 11.466059778243318 2.681783895611815 10.882437873922909 2.1556976169755235 12.275042415268844 11.410625463859708 11.263482952547077 7.5559025702650855 5.120353295137958];
euros_km_B=[22.41039197149309 10.70634699331904 24.380130765993282 13.525119134490552 16.472351889070683 10.485301065189308 25.843799076491553 12.792048876174597 24.381597491529284 7.064908018635441 26.380441398965733 24.15228091522133 2.803157837493959 22.659635324333475 17.399891346938276 3.8377525465150306 29.311440561360083 8.899619331024436 10.785713445440491 17.15679202250443 13.337341762423488 27.841314827114953 15.114860152183244 21.867041641563702 13.463277836999886 22.33594765385335 21.30047187283036 11.807794376560983 8.389222557578389 8.604530576790014 19.330766680951335 6.989192464710252 27.86394934292678 16.697099766713333 1.472817084078835 12.915973385595855 7.221993729664243 27.382808900563983 20.803346825363825 3.9164788114825586 28.973721993387553 10.936503179892927 19.03134863798024 4.583830223064764 4.219394137370147 16.72888368294354 9.691919972763234 1.3077368055101046 7.074486825214233 20.493112667038087 16.836583600547417 3.615327222003023 19.656260330180064 26.301823544655317 23.610972799630403 9.463536880744657 10.830653070759547 28.239867726037573 15.35788476662182 18.706770373024955 8.843753026327338 25.857569887859174 8.77937888438355 10.394568208075217 26.663238004483304 27.600689882089398 9.011331010580381 14.875716218889112 2.4572521348339955 17.02912465075932 12.267074940033663 25.319904077838665 9.955375190815976 15.02641119386879 22.85073843389519 10.223834266256725 17.801130562069105 25.615028371536813 23.42922328335965 2.60398584642326 27.3253146235803 4.107238241921134 6.643231083074197 24.09512029027758 2.8139503460010626 12.372232481662449 14.599141171787652 11.405966369074683 29.54038207820009 27.88524387178912 22.176442369386574 25.979912311567915 29.911083704713384 28.763785884848744 14.26580496236135 1.7434569279277827 28.328467975710495 9.80861155861992 5.1625251575319595 3.48456665795093 16.741031179677094 21.547278073786366 18.521281363648185 13.266362208908216 2.44068020817779 6.753374666007559 5.756375626508178 5.6304884499861245 23.494444263869035 27.356272029626556 13.0293669594661 28.312171071304963 9.11720053545472];


nDrivers=112;
max_D=[170 131 148 172 152 133 136 235 207 200 130 229 233 129 160 169 205 201 140 193 239 187 191 151 222 235 198 207 160 133 135 159 215 228 239 191 148 224 129 188 237 131 217 203 181 186 166 163 187 150 205 136 207 188 240 195 202 135 227 226 181 237 214 129 186 231 173 218 121 177 127 166 173 223 199 236 217 207 236 152 158 215 177 157 136 157 170 161 206 193 168 140 204 168 126 221 233 204 140 145 167 149 240 198 182 202 156 160 196 174 139 184];
        

nServices=117;
S_starting_time=[677 338 111 648 403 197 221 53 96 614 644 314 541 320 10 495 380 431 416 716 450 567 192 705 122 324 417 119 638 78 238 288 188 82 673 684 510 532 90 166 572 256 217 240 643 91 227 204 50 595 712 656 106 453 357 714 49 270 157 11 33 530 281 583 442 228 517 583 180 130 254 414 703 576 180 128 440 374 116 41 335 212 393 645 452 26 644 39 642 233 281 297 90 554 280 205 173 309 206 43 152 584 219 706 669 308 298 694 451 292 632 120 303 490 266 47 693];
duration_s_min=[90 60 93 115 101 119 61 91 85 116 85 117 68 115 107 86 117 107 69 103 112 90 117 101 64 120 83 95 101 106 87 79 111 101 92 109 78 109 75 100 66 97 63 108 81 107 112 67 82 70 68 79 92 109 112 86 105 118 120 89 105 89 119 120 69 115 113 106 61 120 108 113 105 111 118 85 79 119 119 89 79 74 76 117 100 62 111 114 101 92 117 95 65 109 97 101 95 109 92 77 110 65 105 108 71 78 114 84 84 86 110 98 97 65 62 120 103];
duration_s_km=[49 36 52 40 54 33 38 49 57 30 30 37 52 58 39 45 47 38 37 32 52 36 43 43 58 48 57 51 47 32 50 55 60 38 53 41 49 30 53 56 35 60 46 43 59 45 43 55 59 50 48 37 44 56 43 32 54 55 37 54 56 49 31 37 46 31 56 54 49 54 47 32 55 55 40 58 35 41 46 38 44 43 43 50 33 33 53 46 59 41 37 43 58 34 35 46 35 59 56 56 43 33 47 58 50 60 57 52 35 38 44 55 51 30 32 32 50];
num_passangers=[24 38 93 30 91 72 45 91 84 97 90 84 51 98 20 74 36 41 39 67 22 78 36 20 29 97 49 93 76 63 36 41 29 81 77 41 88 80 93 94 40 36 22 96 87 91 36 100 65 86 88 76 98 57 31 79 21 36 66 26 50 95 35 38 31 80 87 29 50 60 38 49 90 31 35 53 34 69 42 65 47 28 70 48 64 59 78 53 32 42 72 36 23 21 56 59 92 71 41 87 86 67 62 25 89 28 60 58 99 59 25 92 41 96 70 51 36];
BM=250;
CBM=0.500000;
CEM=0.800000;    