nBuses=87;
max_busses=81;
cap_B=[25 41 35 45 89 39 89 38 39 72 123 41 86 138 104 125 138 120 46 98 107 105 39 62 109 139 106 108 115 48 22 119 48 79 28 86 123 101 95 84 88 101 125 125 89 37 125 130 126 37 89 42 112 81 40 51 22 129 101 49 78 116 45 30 90 69 113 132 113 136 36 97 96 98 122 72 21 84 23 109 47 22 46 54 43 105 127];
euros_min_B=[10.064445673272294 8.644126611351325 5.305406281692202 11.85999654506709 3.7595653411363656 2.229515966244648 8.71013625262593 1.3081078855561528 11.573547415615682 6.492979012398239 3.6015247095751137 8.787005072751414 11.636687930764422 6.15035172150418 9.532317549331111 3.8863694233170074 14.026401938478774 14.910000915430645 12.717178402673758 9.155587662668394 6.419130317843274 1.862965437919305 10.910630961027156 14.492923760976382 10.965715271416276 1.951999844415443 3.8873488177865227 12.25657923702725 14.201377145144777 10.821466128603923 4.936164543850135 8.748759890356503 13.79212781287919 14.645284289583953 8.22175841410035 9.476572727272117 13.100881454783591 5.664143950884317 6.875101262229629 7.88309959058285 7.746741582381556 10.105134331516597 8.901317007350077 2.481755234802164 8.249492035822014 3.6034722126269174 8.750541974643195 5.459330805662061 1.8640374659494439 5.430072798411185 9.079200019234117 10.467322509769387 12.200674282868558 8.871710376636639 12.287973199325993 11.303271038585358 9.334890318481012 10.043183213284342 1.1083076832153396 10.915062674068857 5.2807109983559 10.238578212516721 10.658701420540993 1.0780554799172253 1.1474555555179422 9.107374186436399 4.622980430262662 3.314142747488723 9.372538437094097 11.294974402467123 13.6818347553084 12.623435121267386 5.331630310373398 6.7507316340396795 4.50978900475643 7.1508956803577295 2.8893612918779925 3.6772670102130194 13.35332438180351 4.3319944885512305 11.433615422947977 8.621538911938327 8.148711144792458 4.371347494666178 2.1103810374124263 10.219276623456427 13.692952706005505];
euros_km_B=[19.04934359302259 6.213099263914839 25.319046009186767 12.264726193462076 16.907526839679566 27.269285654717848 4.5971261748097065 21.47342065662988 2.063147081224566 13.653001352208335 22.70388945313306 2.7674977263318965 17.90364229151528 26.073293650282356 22.160374634499792 4.329107443105103 11.613378737440181 23.781186855670423 2.258237340409023 9.071093764797206 6.1551747861892405 19.09513633605476 27.510641610051273 28.25361027790467 21.49328032155702 5.251924168976966 29.956723294845848 5.21726655173809 19.86647271509724 1.995918888062509 4.446913600012747 28.603755377099795 1.72395272698918 18.752604530646003 7.036250702057622 10.557202924084066 1.3786864786016522 15.884719867112864 23.672206925412436 24.73458943958104 10.665508795243678 29.40105184476905 23.98539620026566 4.483833611701342 5.837582868561833 19.64355050651562 11.996814655202066 22.08548242091029 21.339855857307864 28.23487938122229 24.73581315800949 20.09564510477766 26.91268021821228 12.540630426275772 1.9567138114966318 8.60415418949504 21.264148713068927 12.642223100798422 19.139434194528885 26.887049188444653 5.131821160709105 24.698497410083196 27.996455138270303 26.794042694264288 17.066013069796735 4.029068446434884 11.400233373936866 13.460118509923937 12.58124323863208 25.33874939201062 24.709663982299762 9.810903336777997 5.315535316696666 19.081706013750846 28.321463920878426 27.922820298420522 22.884585065940215 5.740683755356491 28.41739930655095 22.14961073724714 15.2746893876899 6.8495364266850345 18.529052625520766 26.357525027401294 19.090926140215515 11.098741015456405 23.030305872150663];


nDrivers=91;
max_D=[235 212 186 164 197 174 204 191 174 130 236 134 184 158 130 163 180 181 226 138 220 180 191 184 178 156 203 193 218 199 218 169 182 189 235 179 192 194 211 192 143 216 140 197 172 238 209 183 126 203 135 159 136 124 120 187 237 200 165 223 175 221 175 121 216 233 236 234 129 202 129 167 211 186 207 192 195 185 154 146 197 157 189 182 188 239 139 141 207 150 226];
        

nServices=94;
S_starting_time=[675 583 690 94 280 575 179 714 378 483 289 416 425 614 148 491 245 714 96 238 98 220 18 86 452 674 594 162 90 41 27 242 543 405 44 401 26 219 184 660 210 173 372 417 9 540 41 168 382 482 571 318 639 81 490 376 613 385 620 609 55 709 231 517 121 191 559 641 163 702 462 636 26 288 288 604 551 356 297 462 98 240 161 104 505 597 386 457 106 55 312 326 639 456];
duration_s_min=[72 79 117 68 70 100 65 86 78 116 75 101 66 79 106 89 117 115 86 76 103 80 93 119 108 102 79 101 106 71 94 104 66 101 118 72 70 93 89 60 83 82 90 113 60 65 69 73 77 80 90 73 107 107 83 90 105 120 73 69 110 115 96 89 71 79 104 91 77 93 80 75 86 118 63 100 98 97 79 117 60 113 83 95 60 111 61 75 95 74 85 89 116 108];
duration_s_km=[34 30 50 42 31 45 48 41 47 43 55 54 58 53 31 33 39 39 41 54 57 31 52 49 31 60 60 48 49 35 33 31 57 51 59 54 51 40 40 32 42 34 49 59 59 53 36 56 40 50 44 35 54 41 59 51 50 31 42 54 58 58 46 31 55 47 35 40 59 34 47 50 45 43 54 44 46 50 43 31 47 59 48 49 30 47 46 31 31 45 35 31 57 57];
num_passangers=[45 41 30 59 56 47 79 69 70 95 97 48 53 57 99 95 68 74 77 52 60 70 52 99 35 82 29 67 44 66 39 37 23 39 92 75 66 82 46 28 55 96 56 63 31 30 91 21 33 91 96 60 74 88 64 67 37 34 91 67 41 99 45 67 20 100 74 81 34 31 85 39 35 92 85 88 23 79 27 44 79 20 57 32 73 54 71 28 24 97 33 44 79 27];
BM=250;
CBM=0.500000;
CEM=0.800000;    