nBuses=88;
max_busses=83;
cap_B=[126 108 132 111 112 81 79 82 91 36 89 113 64 138 130 49 58 39 27 74 50 70 40 37 58 109 44 44 88 35 120 60 113 131 76 27 52 127 53 33 47 96 23 34 29 104 140 113 46 119 42 79 128 26 94 126 43 59 29 31 25 102 37 139 108 110 111 112 20 25 43 111 40 32 137 40 139 35 91 99 20 74 36 128 37 66 53 66];
euros_min_B=[8.208101289995401 11.253105296289887 14.329710058262284 7.966745859212141 6.8621431923506035 10.298047634363224 13.405569318586377 12.681284623273864 2.274886651883882 9.75905556171407 5.582005205592156 7.675629128138105 9.176771196539887 5.38128430854864 9.700649145832164 10.73820725231556 2.70921083075971 14.153001889888195 12.372712522251739 9.204539363020482 6.794607052844025 9.277456721584773 8.704189907550107 6.3661913483999095 11.36803421583683 3.817593184503008 5.742534500870655 7.831938804190291 13.491278177199979 9.965712441806101 13.266364344588197 2.566264280217079 3.6226274586750744 8.89167359795965 13.676938059671405 13.844906999019642 9.90145711697052 6.6788041499713255 7.510761013896038 8.150315472165857 7.771246776618818 5.325911778712664 11.612484271308489 14.415167422725373 1.1742264757359675 7.813419791414506 5.2104834054339815 5.931553255610227 13.227561181315878 1.111395155215533 3.2800060395796247 6.504726240471824 7.762590551178594 3.128542119977445 5.508612950780528 14.321099947544852 11.625111928179079 14.370138060387205 11.485433952146659 10.62529949428588 13.785206842761328 4.918470788357027 11.005359445070702 5.1594315018789985 4.064769826721314 14.371585848823836 13.438469962555367 4.5607723532347 11.292772334925568 3.3708248518760544 11.41699478669183 7.442101253013842 6.472843636818428 6.890280681080007 13.532694622576207 8.58011835168129 10.210809982327625 1.3771656403907755 12.560631662376657 12.578178330566718 11.528272313676311 2.132842402244944 4.700082649404894 1.806087694087401 5.500208034353352 3.1009537813937498 8.562612598722202 8.813736698028517];
euros_km_B=[17.486771079337483 17.23451016149248 16.594435198558315 28.249834450583425 12.854202036526054 4.942988399856605 24.039021641975324 4.630995905118422 22.008166097204764 1.0179356591053954 9.859574395892205 28.904831944908665 22.513915521490976 21.85941457152618 19.194564169053304 18.570332851744354 15.827119178179256 16.98718477338835 28.31466194205604 27.12316977202408 18.331602694877606 6.693812334617766 16.56641008365012 10.980538938899922 25.500441868020555 21.823634930721575 13.188113700134993 26.902992642550778 19.121700420569653 3.930368409746998 23.858363684476267 18.98366567144906 10.778395163513068 4.6272532055060935 15.854043075664496 18.733332223382806 11.719481026097784 8.954919595121817 11.834414454268746 12.165725329009552 18.043963821046425 24.158578135873626 2.020936266706089 16.757562798513778 2.447308248835654 2.7969107716897375 18.011384578525846 24.16633978696835 4.035409257395569 13.216224283246872 20.31294096049765 4.904309131428399 4.864774391044762 19.187111532347682 6.184666878654505 12.944816539508405 26.29162359062442 20.867899844841695 12.04780492338515 5.890417582619592 17.284220213244552 2.5717435046387966 27.38191300013667 6.247244880022935 22.041365749765582 21.96405460374192 29.44248001942448 12.042452338004413 8.156240797252105 28.564275385333218 19.338603617727188 5.485081485528501 18.56960479126179 25.241525146584152 27.83249800680497 16.149619175172734 2.5338279469374374 2.344807843889968 3.681328848346199 9.04951293475321 8.22871180397589 17.456056501150368 25.878971281881615 21.74738652971543 25.042800699957255 27.64163547007181 23.21145309886239 14.401585285303584];


nDrivers=88;
max_D=[144 198 121 226 212 128 176 212 143 185 240 149 148 213 223 233 163 174 200 214 172 140 165 216 235 127 154 146 176 195 216 160 161 137 211 143 224 154 210 130 166 139 192 178 153 205 233 230 159 235 235 232 180 237 235 171 228 238 138 233 146 158 213 193 229 155 174 216 191 227 162 236 155 208 216 124 155 126 142 176 213 201 122 145 210 235 155 203];
        

nServices=92;
S_starting_time=[548 432 314 592 235 554 283 150 371 451 612 257 98 562 21 144 348 657 543 673 163 221 532 317 366 700 220 71 304 365 543 171 45 425 426 103 563 369 6 13 579 236 184 113 251 181 674 393 507 248 436 122 462 609 517 454 277 607 144 284 255 454 567 664 583 468 396 169 540 160 111 700 237 159 172 576 346 615 459 709 140 506 310 685 584 143 159 645 627 145 676 500];
duration_s_min=[70 74 91 82 91 62 72 84 71 73 86 112 71 86 70 75 92 75 80 106 118 83 96 100 95 97 64 103 96 91 72 106 95 86 110 79 96 76 113 105 78 68 119 89 104 108 91 110 97 69 92 97 79 69 69 83 107 92 98 68 97 68 116 96 91 116 97 106 105 98 112 82 78 80 90 82 97 63 110 103 104 72 105 102 86 85 70 85 99 75 64 78];
duration_s_km=[54 34 58 46 35 32 30 38 51 60 33 36 42 60 56 52 47 55 45 53 31 38 55 41 59 37 42 32 46 30 37 43 52 58 36 36 60 59 34 33 32 34 31 33 59 32 55 54 46 41 50 53 55 42 57 54 40 39 30 46 30 40 37 45 47 38 54 55 52 44 32 59 52 35 50 59 40 49 40 60 30 45 33 34 30 47 51 59 54 41 57 41];
num_passangers=[48 63 44 21 80 64 51 27 20 28 79 64 59 99 45 100 63 24 65 87 82 83 81 67 36 53 63 95 50 22 29 49 92 82 100 39 39 96 27 91 48 22 58 65 51 100 37 78 38 81 81 70 77 47 70 60 95 36 100 63 22 88 33 71 64 47 93 92 49 54 62 82 33 24 82 55 65 67 75 48 75 66 44 98 75 71 20 66 50 88 100 59];
BM=250;
CBM=0.500000;
CEM=0.800000;    