nBuses=112;
max_busses=105;
cap_B=[104 36 62 44 87 101 29 26 93 107 110 28 114 139 94 39 48 41 56 60 138 80 42 116 136 85 85 37 112 22 124 38 90 116 125 128 133 44 126 67 21 119 70 79 137 119 46 111 26 32 72 135 115 67 132 43 79 61 84 111 48 62 129 126 54 140 20 59 36 113 80 48 39 53 21 72 57 32 80 87 98 96 40 22 103 64 64 37 67 58 77 118 28 108 65 98 33 38 37 24 97 52 110 128 54 130 36 29 28 42 55 139];
euros_min_B=[1.066316939649482 11.99637059155193 4.591799208294135 8.102588907672411 12.684367982442652 13.262144305505739 12.468321096719457 13.806450285732938 1.9449344960754218 7.757976749925412 2.2187200622684524 1.7784331358791392 10.714899896260656 14.459077338350545 14.20888687441552 1.228831333536925 4.139364309049223 7.2249959283924845 9.18970063855811 1.1495908734498006 10.917210601150693 14.520181182718458 14.422859691738177 13.891466679220873 14.463914000180406 5.9716902240273235 14.502354918952808 12.300255574715571 12.299958095149597 5.615259599113646 2.2721238325882434 8.259959885487628 2.791913446178561 3.175257808154413 6.788909497630497 13.577918681003604 8.36511730902425 12.187157197156694 4.214754232364189 4.122203413402698 12.687590184063026 9.896561197051165 12.11658834294178 8.438049661774482 4.349028142265254 14.344812568978062 12.082408452349238 10.499073562914173 10.169678898043864 14.008446569717854 6.5741858467577 5.581140557540764 2.9001738272730595 1.7137646640861495 5.251667373671548 9.882448897627023 14.556576978622465 8.367588477887423 1.412150664222965 8.007041342461282 14.580767471813246 7.571797100719042 6.129630761364745 12.130374224487836 5.212163147949821 5.701829001989557 11.282346248812825 5.864597248085113 13.115314190218086 7.323114378743027 14.570181461106033 14.447493887038842 4.8990050752066825 10.942987459614354 1.2755023046026026 9.455318763670048 7.955597648598891 3.0067846897311306 12.353774144972247 2.30288088443252 3.6940678659852804 14.903501217403216 14.122595206520629 8.700706750491175 1.501318000820847 12.578516747337636 10.292972028101833 6.95448302638529 12.990025825309212 2.6220606393036725 10.79414440191519 14.793067704114637 12.984588366188763 9.977455100959363 7.206511048165361 1.954028994241538 7.514463866113097 6.780695831412125 3.5171961575490003 12.189620369649372 7.8476435858112685 7.419885268698089 7.598227064612621 11.399541309857334 13.249145176869252 12.33630308753116 2.727251746428533 11.008957426999508 10.406967990400439 8.510488758993247 11.31928874621608 9.445612959456112];
euros_km_B=[18.713091967154835 26.070861700279153 12.453341351914894 6.210937799597678 12.87115748331288 26.83187134306208 7.332101544165686 24.982080162546396 15.639038598619264 25.31198969774654 3.127418324738037 5.0659515946224625 12.447863601287066 13.126956277979659 17.019868775736203 16.914489124012768 2.508440470261455 6.422123813788707 4.008174568861168 16.964958556503795 26.9097682899013 5.124004946992242 9.511241506027016 26.837769061621497 24.053970138435904 25.959394451231944 18.75573188614467 26.878395994861094 9.863344077623601 17.971556065598783 23.049810638629072 12.936823807876896 21.484794565186473 11.924900509599748 17.438453832043464 14.444028225801633 29.899891373966817 10.55832844486546 11.458262866665397 17.79766059247519 16.128955453847137 12.987029709876612 27.90990906474592 9.612588463407937 28.986956274871602 21.31887246481031 8.54718984468159 28.0404779076095 10.68678640428238 7.642932544926386 23.91725730471517 20.800297649730314 13.351424759517725 2.960904847147377 8.367999553475425 16.55291835912739 4.318480348362663 8.092781412163937 5.43874466350318 20.45254889438327 11.701739940192466 11.674331336433864 11.977045878748989 1.273211360464626 13.012267970653893 17.00422016656687 22.038227225366416 12.787321650772874 29.626084297015183 24.724848743576235 7.027267335577067 26.649171832788316 12.734916898633966 16.801023969566764 2.8858805809797956 12.258258274931606 13.414153216781095 11.701715103198667 19.95413442873287 23.098398881165704 24.775399299434458 1.3959333844090638 20.522124365437897 17.144058195786272 25.41417825698421 22.85412006139031 12.136854618998699 4.307998018815429 25.376979777329634 5.579305583530895 6.173538091012535 5.888735257013108 29.426144058807118 8.28343268978757 4.8073419941036 10.915242160860762 4.815510837956707 7.468234772226916 8.97688669180176 25.038312063862165 13.37106303080941 7.738565514394502 10.037440891477036 9.75609812310678 19.6392593560315 24.078902442319794 27.8810661948125 10.157836129624117 10.784006282326809 21.13841243355096 15.37606498350309 4.206326991772125];


nDrivers=115;
max_D=[185 120 213 197 135 176 207 132 143 223 141 141 220 230 176 188 226 219 168 185 166 212 144 238 211 216 174 229 227 145 137 213 212 237 228 147 123 230 150 136 181 146 229 121 149 129 221 224 121 130 133 186 166 177 184 197 172 145 187 157 171 211 164 187 228 215 223 194 195 138 140 237 131 140 141 139 208 145 228 197 213 126 208 172 205 186 235 208 162 197 127 219 179 130 210 214 232 188 186 180 138 230 217 149 194 205 124 238 160 154 232 124 176 153 168];
        

nServices=117;
S_starting_time=[88 154 306 514 25 130 413 488 637 283 58 184 247 66 64 646 187 387 280 618 7 112 108 103 175 399 50 712 354 277 707 407 499 427 106 86 38 258 191 509 663 144 52 83 657 516 696 581 253 39 668 259 8 385 639 405 146 223 211 652 274 601 283 395 686 485 637 419 380 558 566 455 556 100 714 16 237 3 457 30 131 19 195 102 15 665 43 517 648 516 520 228 186 674 138 580 215 509 708 698 290 106 533 59 556 717 356 389 504 32 145 602 533 103 698 542 33];
duration_s_min=[101 66 111 89 79 91 83 81 62 109 71 103 94 116 115 77 110 116 91 117 83 98 116 84 96 69 77 72 116 61 113 105 118 78 110 83 117 81 93 108 102 112 91 116 113 117 76 100 67 63 81 60 83 72 86 119 70 118 70 84 91 84 65 61 99 70 80 116 91 67 73 64 66 103 88 104 86 98 116 89 78 61 107 102 89 104 88 108 102 77 91 90 88 60 114 97 72 102 95 101 105 103 104 65 84 63 62 91 99 73 74 69 84 73 73 77 79];
duration_s_km=[59 41 47 60 54 38 32 42 47 52 54 34 35 50 30 34 31 55 45 44 58 55 41 39 31 30 48 36 34 35 59 46 46 53 52 48 34 31 37 50 31 40 47 48 32 59 48 52 35 43 57 49 34 49 37 48 55 33 35 51 55 60 34 58 60 55 32 33 58 47 30 45 30 40 56 46 36 55 48 44 58 52 44 30 44 39 30 54 35 60 50 40 34 60 55 39 40 48 37 48 59 57 46 49 52 53 54 36 43 43 39 33 46 48 39 59 45];
num_passangers=[29 42 77 49 90 68 82 41 59 20 25 89 45 52 70 29 84 62 21 34 23 94 78 49 74 59 26 65 27 60 43 100 62 53 23 30 76 37 57 97 48 50 54 58 71 38 49 32 44 38 28 83 71 31 20 87 22 30 78 82 33 20 52 88 42 68 96 34 95 81 91 21 33 59 79 83 68 56 72 77 88 66 41 29 68 82 79 87 80 38 51 75 31 65 76 23 87 77 25 33 100 23 85 26 59 58 76 20 99 41 82 83 84 90 91 78 81];
BM=250;
CBM=0.500000;
CEM=0.800000;    