nBuses=123;
max_busses=115;
cap_B=[60 27 125 51 98 29 83 103 133 20 55 136 131 93 115 135 73 46 83 105 44 36 104 106 50 118 107 41 33 40 115 46 32 63 79 129 44 22 27 77 103 139 64 44 123 34 126 23 122 137 55 112 46 137 105 132 43 91 97 88 85 99 38 34 21 84 61 39 103 125 111 80 27 48 57 57 124 25 124 33 114 97 41 98 52 43 23 45 36 55 120 129 59 55 81 99 44 119 82 110 134 48 128 45 39 39 115 84 74 28 55 31 72 113 60 94 39 34 99 104 85 91 58];
euros_min_B=[14.254156574281708 1.064182715223227 7.967649358657207 12.164619523189712 8.740394546938786 5.397695962964963 9.277305391871455 12.128896916004122 8.333932739114264 8.684435870227329 2.7426252635749133 3.223359757773201 13.076637596842026 8.055087696893631 5.114371913525473 2.3062271972043753 2.1512164884582803 10.341440443210054 2.4376641882865355 11.186299093466328 7.603555417319656 4.072688420756248 10.710316524272063 1.525501626665336 4.057232725679172 11.367505124348314 1.5044595219909631 6.010712102301505 8.102516182041782 7.588356311017314 14.416628559328272 5.204840791610606 7.433232744780618 10.353788810758573 4.067448017653262 3.1612728146536746 9.01651437960605 4.094737839216116 10.40877318733384 2.708649557977928 14.021862520486742 13.617866056399345 13.65775697146955 3.856772056409879 1.6586557911563042 3.483864584691548 6.962217865881602 13.870168732840616 13.859202549161845 4.776733325052078 6.1101435768666 13.22598403283417 8.860454862313468 7.672953648672025 9.483482484684622 5.960055084671393 8.85147485511964 8.450171311726212 11.179871463112198 2.4816351373515815 10.737642347030963 9.173766708471277 9.961180679869363 9.302194157243658 13.774879188946851 12.89607226766043 13.756114220786921 3.0439608931586353 12.079594737261353 12.139851386877707 1.5419146078444441 1.6416682500432211 14.224302053748334 1.5869691443077498 12.756146298199525 1.1245608378537162 2.106028500105217 5.233327346140406 12.919972385529544 10.373343867065703 14.165690372770506 6.54235187923579 1.7539917896018447 8.24329735313867 5.223689264565271 10.172678357043136 12.48077728549368 12.349598446613237 11.831521992738592 8.121724556044242 2.3815927458709183 8.490077113283222 11.621305806973261 1.275986761816654 7.241960001804509 8.904042631019003 10.141270826278324 9.331798720113255 3.527833490920221 4.064197601515895 6.412946074574113 6.592956354653077 10.741417541072831 9.428507222833433 1.5441272917724518 8.144293517869476 6.849643602480975 8.693994745043153 9.390440014455326 7.1395153694944655 12.357768198282294 9.34818644914904 4.151883260825535 5.7902632173610105 13.579396608463547 9.496610596134865 11.752083742393491 14.63727363700309 1.0426013035070816 7.80028736779281 10.861166677160009 1.7333959975095505 4.724674606073035];
euros_km_B=[19.254675278396725 3.7045384286924987 19.563341324501778 10.617603235257375 2.3363932408067623 12.22613104682427 23.48548138964652 21.13630263235804 5.0434386160327005 19.512508110896096 18.089419451941378 11.742707052163759 16.90592943889306 22.948726514030227 3.899349841360837 7.758115107633983 20.208566476375854 21.52560457388723 24.617744805432345 7.329915675617356 13.921223458177618 20.09563202482011 9.04443955771723 2.687736369214559 10.997407547406874 15.046362084031237 13.138092800669279 1.3140431289932428 5.659352733220208 18.036141907100465 16.20335548306088 15.179350592567411 3.091768530978082 22.875344569354347 16.476116186938675 13.492241721234842 28.64321390854918 14.555974251000395 2.491032214048583 6.684211201221015 28.878518516501508 4.6315347738384265 20.799793594791826 6.861555688726365 24.33860017502512 7.913010891516153 16.371749646907897 24.418312145425325 6.1698164718277235 16.53265395000367 29.826028592016883 5.253313521086428 13.112898308208859 23.677398111851293 11.861760065523343 9.935354714561958 20.531193535514042 11.792622293685495 25.416376639398074 26.688119542562937 29.367633153724192 27.972660456940044 25.827032668752764 1.060879309107448 25.57526937952054 14.250631276757519 16.152177572951462 16.75706863265279 13.524813522916979 5.362788094931076 19.274895216000598 18.801606252600525 11.892723121675598 29.05602598228948 29.597481764660486 16.62257885893277 23.29189587776872 16.106731108233532 14.428628282426997 3.651321338409473 6.349435080647781 21.26565920726813 11.822056092389879 12.868420373580353 19.916980526574548 14.002500147711917 4.719545045764583 13.760515277205565 28.742692662560003 25.09569784772158 7.605665734126387 23.394168988933938 15.19776131550902 8.720656749506714 26.68030926738866 24.95585723078599 21.812968289974418 10.016858682155723 8.938689625092193 27.882058044035357 28.07215282096623 13.288129366775271 24.678793070918626 5.949205955419512 2.709909096901266 29.34898093804693 15.074985257709736 13.124627671709735 4.2825228250117195 28.64877128723234 19.98730409345632 11.984936985744866 12.627146671967047 14.564155162895199 15.693237129795623 9.909704296564922 8.753467841626378 15.727941250957572 16.961623232396338 6.816862920127024 5.249315416275378 15.65990407369744 11.408340654959762];


nDrivers=122;
max_D=[184 225 198 133 191 223 234 182 137 175 237 125 218 160 148 129 162 239 215 184 195 196 149 132 170 212 156 172 217 147 226 120 233 155 140 238 234 204 159 136 133 159 191 239 167 227 207 187 146 182 230 184 217 200 239 181 158 218 141 178 154 196 221 167 134 192 229 216 176 219 129 145 221 175 174 231 154 182 204 225 125 169 167 205 153 232 180 176 127 148 211 144 212 239 173 199 137 134 213 129 158 148 202 151 221 204 225 211 223 195 195 186 233 176 142 133 222 134 228 188 135 143];
        

nServices=129;
S_starting_time=[567 461 352 409 4 518 227 269 585 165 718 466 44 125 294 367 529 144 717 656 390 398 240 368 49 629 329 577 302 330 512 317 647 668 83 18 558 601 405 132 546 550 376 496 449 416 402 604 147 236 316 176 450 507 268 538 386 126 161 277 476 318 416 295 477 581 315 334 328 115 389 626 80 87 396 148 490 698 349 474 677 83 67 674 78 419 355 196 640 591 37 323 83 434 171 720 148 137 531 255 428 609 656 450 284 194 252 678 168 225 458 266 444 570 670 150 160 33 186 248 314 193 163 539 364 455 178 198 481];
duration_s_min=[92 101 63 84 98 76 83 120 61 120 79 61 95 67 64 113 114 96 82 64 95 85 77 78 99 116 67 78 111 67 71 81 116 72 105 71 98 114 74 82 66 73 96 85 99 82 109 120 97 86 84 61 93 89 84 99 108 99 76 89 81 81 109 79 117 91 70 66 106 81 70 72 98 120 72 77 105 106 114 73 90 74 73 107 79 110 72 73 64 97 110 98 82 114 84 116 73 89 101 75 102 101 63 77 89 97 79 114 87 92 102 99 90 96 75 75 90 96 62 107 99 74 112 99 82 64 117 85 99];
duration_s_km=[35 40 59 49 37 52 32 60 31 50 30 58 57 51 50 40 54 32 37 43 30 52 40 51 42 39 41 59 52 54 60 35 39 43 33 38 36 57 51 60 31 39 59 44 50 41 31 41 34 42 47 57 51 34 52 43 60 54 41 44 37 58 60 30 35 56 59 60 58 32 60 36 54 38 33 31 30 30 38 57 33 56 39 36 36 43 50 39 55 31 60 46 33 38 33 36 47 37 52 41 40 57 57 45 56 36 35 36 35 41 50 42 44 54 44 46 51 54 39 54 38 40 49 35 50 37 32 36 43];
num_passangers=[24 91 73 33 86 94 50 61 77 20 65 39 61 22 24 67 88 78 58 93 20 26 61 62 75 81 56 62 78 89 65 43 82 74 65 90 84 52 87 61 70 82 48 62 24 75 34 83 23 39 25 37 55 58 32 56 90 38 55 42 86 39 91 84 63 86 78 29 69 89 28 57 78 50 56 98 31 63 45 100 63 59 20 52 96 48 74 21 76 53 50 97 46 83 45 96 62 56 94 22 100 51 63 60 47 75 63 48 37 89 51 51 51 96 45 21 72 48 30 83 32 47 38 23 29 43 93 61 63];
BM=250;
CBM=0.500000;
CEM=0.800000;    