nBuses=88;
max_busses=89;
cap_B=[65 29 66 90 59 84 36 29 40 29 94 103 122 130 53 107 31 117 78 56 107 58 140 85 33 50 113 118 27 42 104 43 42 85 67 122 94 20 108 79 61 50 117 117 62 77 101 109 76 72 27 81 24 115 109 133 93 126 56 126 25 57 140 25 61 128 136 80 76 106 37 24 22 105 66 133 38 56 92 51 100 104 87 129 33 39 80 71];
euros_min_B=[6.674258192938193 3.7564311673666206 7.182052129841768 1.0533868954126409 3.0793072090778497 9.985770710380184 6.101708738859093 7.1953550395703845 2.587095314901193 5.145555190952628 3.458601164270042 11.304056973437767 3.711219525829205 3.3863161756274973 14.72946485433634 3.8456032072090625 7.75072521585553 6.7215550151822185 5.660252039357988 1.34306702168594 6.847904826645777 1.3107313416211364 14.217309408408655 11.559048330686156 14.441851213680186 5.0443661471054035 10.69020786932927 1.8699085906751667 1.3911134215617713 12.024786810376822 7.021838128439424 5.9356118682164265 10.397894765059448 3.5450494414095433 9.323290555394234 9.574479478284845 6.621884006660906 4.788732679230447 13.707683331438329 8.482740408651644 6.947431987357451 4.117700963723317 10.597890329831275 3.5483867207502673 4.701889531171732 1.9913660735084702 5.789530723239033 8.515560743945251 7.137832631500549 14.174660298105177 8.4276482404068 5.310326778974199 6.590849454486234 12.133385433521683 12.711144012317286 7.745800530993629 13.563763655255423 7.1150529092125065 1.1327790210863398 1.9311879270229941 9.071748706755834 2.4130983313107786 1.5554379444895 12.811173312614665 4.9440431820047355 2.2599307887754456 3.1824588400654754 11.9281543897845 7.107701897311606 8.274266062335368 4.885326185257389 13.460991510180095 14.699701540338284 10.365743524989366 11.835102128672284 11.684643837325828 2.5217292427209603 1.0762834804905164 6.425093695987338 14.796016999923399 14.57326556666596 7.868998580475871 4.708711239187039 10.264708276704319 4.956896376971402 10.348322989517655 1.6488022735445917 3.0734465140700133];
euros_km_B=[7.62187207764956 14.819108073530659 10.068558886728386 9.10133893756555 21.139293092473768 19.682496176639244 21.23519389610942 6.42280517382641 1.302511703543631 1.172853325795944 24.414985309143145 25.45259824295592 27.6581951917602 7.0682907353234885 21.165965295487123 28.2362221165594 2.7459830261136826 3.0837172917037243 15.399798155339127 1.360120209800786 3.5836671914088836 23.812446113186663 5.050791649234459 13.952931294452226 13.223701217248841 22.2775444552956 14.77325028664388 17.323651098386456 9.838928078654279 8.898184579750271 6.168023146856335 3.879185198739595 2.9814411662065656 3.246191925753647 9.123310644676955 12.084065940125276 21.899489787013213 21.081624693938174 10.513139725827898 11.014864524731756 27.29850734723885 14.94127824174717 28.804093273802927 15.665509912020344 12.368611247153023 1.726082056894977 14.204803010494318 25.548995878720703 27.428335065977375 28.62060147870554 12.9740514884153 15.59181086472802 28.230289550051744 15.182218196171522 25.57771112357275 26.223297167615083 6.478670069260321 14.298722039739808 8.506972041484396 12.105807789556046 28.110870356697298 20.14633067334217 19.32803394548551 27.02297112758059 13.04871548669024 13.303451399257028 27.810520829303957 24.553162874215285 25.660428192871038 24.912100360446075 26.14081274845721 1.3412369462863891 1.9746447373550544 27.791437133082947 19.96009997868086 14.764660204730369 7.231074265558339 28.900424145712293 13.744363888329232 17.095579440689896 20.727820394241895 16.610065354754436 21.50129827902605 15.672359888482951 1.6112895283099717 26.26394145334926 23.085945579865697 11.959733376742454];


nDrivers=84;
max_D=[232 169 151 169 172 178 221 185 152 208 168 217 120 188 221 221 145 175 185 164 141 187 169 176 227 237 234 227 200 227 237 148 138 166 125 237 143 230 168 189 189 162 134 199 141 127 155 149 206 169 219 135 158 143 202 204 145 171 211 181 131 214 153 161 150 128 121 204 220 211 235 169 134 218 168 229 120 174 184 195 130 178 125 163];
        

nServices=90;
S_starting_time=[249 610 155 306 390 361 547 720 445 651 501 462 508 455 629 35 574 33 227 203 74 535 337 332 245 482 67 668 22 101 698 159 443 357 602 640 126 85 517 396 376 19 616 668 70 110 432 647 483 56 115 669 708 419 281 309 577 464 357 115 269 403 326 715 193 310 510 360 577 521 396 411 617 80 651 76 91 274 609 230 3 241 400 484 275 549 444 396 363 272];
duration_s_min=[67 84 100 86 61 106 100 88 61 109 87 100 63 77 96 118 94 75 118 104 60 89 100 72 74 93 71 70 116 98 79 99 94 89 106 81 67 97 95 77 85 79 76 70 114 71 76 113 79 80 82 60 112 80 114 101 87 72 91 101 67 104 74 100 108 70 83 92 107 60 64 91 116 74 75 102 90 73 106 88 105 96 81 91 118 107 88 80 82 119];
duration_s_km=[42 43 36 58 36 39 57 33 48 58 43 38 47 48 38 41 44 49 43 37 47 37 36 36 39 33 55 38 57 54 35 56 55 59 44 30 52 36 31 37 47 34 39 53 33 37 51 59 44 49 48 41 53 43 45 37 49 42 51 37 39 39 30 37 33 31 40 48 38 55 31 47 46 33 56 31 47 47 41 47 56 33 56 54 56 58 36 53 55 51];
num_passangers=[41 43 58 66 61 35 65 37 38 39 74 98 59 52 94 25 45 70 73 84 39 23 71 22 22 74 49 80 87 23 97 75 84 62 72 78 49 64 25 27 29 61 39 50 77 35 35 33 50 45 28 49 100 84 23 78 64 83 68 34 49 97 23 20 56 61 43 29 94 53 69 64 73 24 57 37 41 45 53 36 25 96 39 81 80 60 67 33 74 80];
BM=250;
CBM=0.500000;
CEM=0.800000;    