nBuses=119;
max_busses=109;
cap_B=[79 103 45 78 80 38 122 28 62 103 84 83 36 51 71 53 101 110 116 101 64 86 117 83 121 20 62 102 68 43 74 49 84 70 58 114 129 73 133 114 98 131 78 84 103 117 134 29 25 139 118 43 102 96 69 109 121 55 61 59 136 101 99 77 44 121 40 115 125 120 53 71 99 99 27 101 112 60 65 119 21 111 140 45 100 30 43 31 60 39 25 39 75 32 127 131 88 50 134 136 47 85 20 124 92 89 106 51 57 124 54 109 131 84 89 139 137 27 51];
euros_min_B=[4.2584605753691145 11.801964229286096 6.749504151776754 10.773723957024295 10.774627050304119 12.024594208364912 1.8968782493425094 11.125863946976542 7.681980366102829 7.784872691383367 5.900158098339066 8.906844679533023 3.5149706884539826 4.156838387220015 12.389351853394782 6.101117337952831 6.511107762459318 5.005224228188008 5.409938360472443 3.0334091368911986 7.655330428254008 9.302679665654166 8.657658996723757 7.633993538651766 14.159188746992882 12.76554474335077 6.370874605992352 9.360379947115094 11.762401522017194 1.0173981047514808 14.77474997453496 9.291165766764204 6.494532389852539 14.691276462804776 14.056539381238576 9.965851502539932 8.103344557930006 11.438662101499022 6.798178925877216 11.345295769143918 4.779905930988565 9.552782002320843 13.10715891697425 9.526951339996078 10.062579403053572 2.208254891266177 3.111866361152264 6.5856221712364125 9.546392069866004 4.542121383447254 12.818537738894365 9.996851298750098 13.441254717717936 11.854335285118884 9.334741033908022 8.047624679814438 6.372379837331749 8.54916408122385 5.1930196838477 8.24573352309841 2.9399438040006256 5.5485646108158555 14.386449533692844 11.874067493050953 5.221000267549536 1.38430910496715 14.664425402087033 1.6754620993608769 5.9161392068801035 13.944359877752209 14.622139630956168 1.075172650449561 9.066626437752248 1.7426375162562238 11.870806902252351 13.783827852012426 11.520576389781764 4.456412373633261 3.9743766399060405 9.136471327703745 14.178718226688096 6.111376920003966 8.815685679786139 11.097807280501177 6.508650957137514 14.727061202836392 1.6506009457588395 4.8179434443114975 14.505144473037426 9.138169101714288 9.555059569213782 9.832341456908978 6.367191374114029 10.224772844378053 1.0084590578417456 14.780327108343467 10.77413032851171 4.424392377736683 1.7751890547425462 11.570013540718062 1.3464448941217848 1.4616718671121518 6.731913030607568 4.717808189298387 8.183716077444046 1.4788111950548068 3.5005842320929315 7.797395198149361 12.1193519106506 9.364137873447874 1.8083849580044133 2.823520098029641 11.369097779453972 4.516060418909699 12.64418304902896 11.184416318127116 4.891063678064651 3.5929370507335907 10.468933030126356];
euros_km_B=[12.077231337204491 11.444032989829875 5.036044854836156 29.956684808379322 3.1503618912511353 16.16145089632846 24.31113453182603 16.718670383243825 7.544475293078562 21.628312553401457 19.540740104411054 20.386918770573907 1.07678340623412 5.205636110850256 22.622286591183144 15.542072230296283 10.544623978356281 17.08759237067964 10.238764293002745 1.885543032051158 11.935061642198601 17.517813815075083 14.470800061892136 22.3704409542678 23.027009473219458 8.449334227695598 2.39893103420444 25.187864007744682 4.767910121481925 22.0885905364225 7.358027824736983 19.680298783896152 4.184520099260803 12.55977902799992 5.896840899714263 26.595945951799063 15.204397705152758 26.135131517556218 5.158616721082287 4.483916556954039 13.051854799416166 8.196143471894214 18.06925352529633 24.320340841087877 10.159085593742818 8.22563359008748 10.211573849417409 8.564434821009106 19.358650243645286 20.924867837180738 17.809199003920384 21.931739993611643 25.555362275681574 17.300311032469672 22.668355988659002 25.743525337556914 8.3607683547805 3.991417474849615 9.722220024099299 8.265105133229218 18.507182379322057 15.045566233399008 21.439196408562005 4.310119425761803 29.87564582023249 11.14796580692447 4.052697041969614 7.508046151575696 23.762236051012266 5.726997894925459 7.198364210451292 16.69581574401237 21.35119064764172 19.668648780444244 18.343616768219224 12.37579694682846 2.164066834165114 5.891781313851295 10.711761223858103 1.0843329642402928 22.520995718811218 26.47920876515903 7.070235345636931 9.111661878648626 29.699482122308765 14.22921100198449 4.528192879738428 12.902613086272794 1.723772575785446 15.323794843260764 7.387384080582459 1.7583798192329854 15.43051030964654 4.499729392027554 29.905514268681742 3.646025908657032 1.8872847181644492 15.948921696238337 12.721990223750474 16.608174367665924 24.070733979535547 15.410194305279378 1.6551269700144258 12.0562804412305 6.09711194541768 17.792031070255014 26.038178800944532 2.1945494447389855 21.690031141984264 21.73847651613128 18.936587535527984 25.255385086489795 25.34105610389523 18.942349424726615 19.01440385725004 24.33133912210093 25.568003757549324 23.913818991733752 17.33090025006404];


nDrivers=116;
max_D=[240 132 194 206 204 137 181 132 136 192 231 147 184 218 188 238 185 227 178 206 158 192 219 154 152 167 153 171 223 175 148 237 139 194 223 148 127 202 187 141 187 213 196 194 202 139 140 220 214 213 232 135 148 206 199 142 222 183 194 140 127 136 232 162 186 188 224 144 159 224 140 128 148 184 197 178 162 128 204 203 126 186 137 199 170 233 124 206 207 169 202 236 171 239 197 200 157 123 177 153 230 138 120 190 194 200 149 216 161 136 134 178 176 174 151 194];
        

nServices=123;
S_starting_time=[289 137 565 706 187 415 194 646 359 479 158 334 486 632 81 52 620 24 220 268 240 547 316 542 163 343 273 557 165 142 694 278 475 266 453 592 450 306 289 207 398 544 105 685 483 390 621 483 543 296 689 38 321 95 7 517 385 4 109 166 667 629 644 592 524 400 394 392 13 372 268 577 322 589 604 485 51 566 118 231 41 161 586 633 477 659 667 612 413 691 548 309 711 470 422 601 117 158 433 100 617 259 29 573 381 279 247 618 219 359 597 316 284 281 636 589 621 510 591 561 389 79 18];
duration_s_min=[98 116 78 89 96 68 67 80 79 76 79 65 66 89 117 71 89 110 120 106 60 109 116 113 75 97 92 61 89 93 81 63 84 105 78 76 84 78 60 61 102 81 105 93 74 110 83 72 104 76 78 104 67 120 112 104 107 83 116 117 83 101 77 120 102 61 88 73 78 73 119 99 87 67 63 78 70 88 116 80 67 105 75 97 103 92 84 109 73 83 65 66 69 84 65 92 77 120 112 87 82 107 90 75 71 100 88 99 95 104 118 72 85 113 81 103 60 90 95 60 106 78 95];
duration_s_km=[48 32 44 47 51 45 34 44 45 45 38 42 52 40 59 58 57 56 51 34 46 59 48 59 35 36 51 40 35 37 37 47 55 35 41 44 36 34 54 35 59 59 60 44 42 44 55 40 54 59 49 56 41 34 50 32 33 52 60 54 42 46 49 48 33 36 44 56 39 45 54 42 51 43 34 35 54 60 53 55 32 48 54 39 30 37 46 45 59 37 50 30 49 51 60 51 34 53 55 60 31 60 59 49 57 45 60 56 39 31 35 32 35 47 55 59 59 54 57 32 58 31 39];
num_passangers=[99 87 37 99 60 92 97 97 75 23 46 97 25 78 91 89 99 31 24 59 43 96 45 32 49 98 58 27 99 56 78 67 93 46 46 30 55 49 22 69 69 27 94 80 69 71 56 34 24 71 44 83 23 68 100 65 44 75 48 96 24 85 97 86 42 83 37 57 99 88 75 29 92 52 48 37 82 100 57 27 60 43 47 72 50 26 46 20 93 94 58 97 95 92 57 33 28 56 24 71 59 87 63 97 25 93 21 29 71 21 20 33 21 22 76 100 94 78 59 77 78 77 50];
BM=250;
CBM=0.500000;
CEM=0.800000;    