nBuses=131;
max_busses=120;
cap_B=[62 103 77 48 114 117 59 56 38 84 135 126 103 68 64 114 30 106 75 82 118 109 119 109 121 31 106 88 27 42 111 43 45 117 82 140 108 122 31 132 95 127 40 104 54 81 125 125 48 57 112 126 39 106 133 81 51 101 28 28 90 40 22 108 41 130 112 139 118 91 21 132 101 23 70 39 99 30 60 90 20 38 23 132 137 109 112 122 35 135 75 81 134 55 58 99 102 35 32 82 111 34 99 74 92 138 111 34 124 100 91 50 108 70 91 95 68 128 124 25 140 131 137 130 83 114 91 129 130 121 68];
euros_min_B=[7.827926901428588 6.895050673841958 7.8908939038009915 11.197487027901825 3.2844310650941364 8.023628141926695 11.819416192917307 8.968424873196966 3.268206379154241 5.330877324315773 11.169434192702097 3.4636808061258266 6.734755008919697 9.424509266257468 2.724317650711372 14.520337406429876 2.774863315909747 3.734340596011774 9.13115596320571 12.341176364809785 11.74702648315507 11.064943676965509 5.187478377733241 5.0377608828846725 13.772762315922057 6.770432773239657 8.72846426352472 10.53648546362755 6.724638432492161 2.8710880107399253 14.110525209275554 13.33073990655994 10.205187614448226 11.677149799515872 3.4262363978522354 4.441997646601198 9.25676378584585 5.332145151741318 6.700156216405954 1.327635678392993 12.792993957159402 10.22231385554178 6.418706410232056 8.70554736485201 2.3107057105741964 7.226255156787231 8.307148019134399 4.074029727977782 12.049517571796073 10.30583752668743 14.12576595302975 1.927850306776256 2.205482578267934 12.028248425533244 2.1982520982661518 4.315779774516901 4.369128843017634 11.995515790032963 9.355123785775397 6.672901717295511 5.498582618656311 3.3316393364575774 6.018954389573183 11.661007572791155 2.797775670956197 7.0940624767891665 5.527048551518603 13.885145773921948 3.5782972254977983 8.333406134517436 4.289231899256312 5.232264032687779 11.309849022051646 7.431187097030504 6.628155094893949 9.51918492273562 4.568516297426133 2.3978573449408955 8.127216060239151 1.3081589782730003 10.49786437024052 14.93356664738203 11.316344414131489 4.919772226758999 5.844980301308155 8.832082872695771 3.671492626557906 14.968977024219354 2.116872117126369 7.845329917527344 11.939614882198883 6.119164355301442 3.6684528794390143 13.23876130870735 12.258609201297583 5.27576926353465 5.352001536552423 9.991825211343881 7.487094422947138 11.949416426640052 8.452836910839633 8.158648799718172 11.094600235511509 12.845772204397822 2.790600495411057 10.665843026776908 7.49832108282917 9.98463502026323 8.687209030544349 10.006335387835332 11.859642142018963 6.659778773969654 13.072114901578356 4.0457645427648075 2.255545671047294 6.723408446072939 12.44879926426163 11.067986150774964 5.474637888003158 13.314641484345577 14.425552827253258 8.97203985423717 11.661016027694334 5.763257346257072 7.493682430794305 11.73930826594302 7.4116607558274215 3.3039344720830224 5.9933501209279205 7.354874922944737 2.4017132348998316];
euros_km_B=[1.2928859492271185 28.255432007548514 29.011931484555614 4.968412616283022 20.160419513272704 3.526374533932815 3.790285224575591 12.166455596578873 10.962116733719737 20.27000875498215 27.658344444938187 24.804713993945363 29.55972166474962 15.836166289514146 17.511363116118204 2.9182735060063547 5.067050961200881 18.90827349660258 29.31293064255732 25.55995938548787 19.935090549768162 7.1044109884981115 13.608409742893967 26.84820629694375 28.191325611222815 17.371256412208652 3.0563814403314074 16.241054408220272 14.735630041762995 5.255621233220739 17.927744323665657 27.57265938322863 28.43144091357107 29.598500087957103 27.57062924662889 7.489105315487205 3.344476029500993 1.9868789710641468 5.523042339538396 1.4462294159033093 29.698554301614436 16.52017009593046 11.960385864071256 29.53016880438002 13.255532086505257 11.731625294054238 2.631241703177339 4.704089328800968 12.398745068132037 23.112953163560462 17.892019929081673 13.359933041616161 11.08768097031756 21.977291573976675 19.208009480869773 20.22033241520171 10.414710634635682 17.565546949062718 14.016360730048644 25.18193421068658 19.686031946726082 4.350960225604043 26.36945414725402 6.243061257491929 16.42519595136748 26.48497378357791 4.033248114089616 12.801476299951275 10.682764427575751 18.800622371696626 18.278425144061416 24.055673125559384 3.278522211670407 27.194081204535145 7.172757907025153 24.943779616771053 1.4603685205387518 5.8631200051714885 9.092060544671517 18.872652137907465 23.88570786972037 1.5513100436482579 7.393507535331386 27.984557836225253 26.626619064993026 25.55030565910972 12.60199694132166 18.634643659008756 8.835188428212955 4.638726819093966 11.558108158784332 24.28340080131472 5.771291188282685 28.124133189803526 15.511947671637172 28.816234152627555 29.42066539032198 28.203342967064817 29.30572225957855 8.566878089076798 23.04629711738597 13.390652499883206 24.749749024207333 28.155290735126542 1.2492579049066408 17.507886910684356 4.159072491454705 6.229188128784268 3.6860794762419054 3.6928662796633027 27.376036733922678 20.330966673097354 15.659894946580392 12.685695146365163 6.107189115247953 13.914977461845147 21.9049247416555 15.52922921982956 2.593965582138944 15.688582825240346 22.880228209061304 23.458064343572484 23.768589382497467 22.198710612298466 1.3323288212464524 3.564692161509931 25.06618253910755 16.386106446385654 1.8728101262883157 27.26661652662028 19.511796767151267];


nDrivers=127;
max_D=[128 148 219 195 136 231 185 214 165 157 135 156 180 178 195 179 139 162 144 210 140 214 216 206 128 151 170 152 122 217 209 193 190 124 128 141 164 217 200 138 240 152 125 182 215 165 238 237 129 165 207 123 195 181 239 165 173 168 228 228 234 131 160 157 201 153 198 172 169 213 122 148 169 176 222 230 199 231 208 176 125 194 196 217 204 219 156 221 120 233 188 197 221 150 210 142 155 168 218 156 175 172 231 193 162 144 222 149 218 234 185 185 129 183 187 197 167 168 134 121 121 128 177 123 198 144 192];
        

nServices=132;
S_starting_time=[556 0 416 618 424 633 393 454 519 317 177 261 260 583 442 534 605 704 498 556 50 60 511 377 663 374 465 139 605 111 206 189 187 151 500 413 184 562 330 302 490 501 348 260 281 83 160 285 518 213 586 55 375 633 493 226 93 265 380 433 540 169 8 33 64 588 232 180 140 5 639 494 597 250 196 117 445 107 653 718 582 462 75 14 96 78 442 192 605 495 167 719 148 343 622 108 361 49 635 567 454 603 272 16 474 427 291 334 429 546 378 573 658 439 159 307 175 107 261 272 520 76 92 503 108 595 568 593 529 69 378 128];
duration_s_min=[87 68 89 101 71 110 82 75 71 88 70 103 64 94 115 114 74 74 98 93 120 67 68 117 62 111 91 74 120 112 66 118 79 120 104 90 75 87 109 94 100 98 84 120 115 76 100 94 104 92 68 64 82 77 104 72 89 76 115 74 67 116 89 99 117 80 65 82 107 119 86 98 115 67 67 95 75 96 75 97 99 62 94 81 67 74 66 100 104 112 87 91 78 67 114 114 106 68 60 118 80 62 82 91 72 85 75 94 99 67 100 117 105 98 71 84 76 91 74 120 61 85 66 114 115 74 103 94 81 81 115 115];
duration_s_km=[45 49 40 41 58 33 33 47 59 59 46 58 31 52 42 58 59 43 57 39 35 40 31 50 52 43 55 46 54 59 30 37 37 58 41 34 44 33 38 44 35 47 51 56 42 47 46 60 55 59 51 49 60 59 44 57 54 49 57 40 37 43 32 48 50 48 32 30 45 38 56 53 57 52 40 39 50 58 32 44 49 57 36 50 31 30 52 49 53 45 58 60 35 59 39 55 53 53 37 38 57 54 57 48 37 39 60 52 46 35 54 47 31 43 34 56 33 37 35 33 49 40 34 49 60 48 57 51 32 54 59 43];
num_passangers=[41 96 49 82 55 96 37 88 42 50 34 53 80 46 80 69 99 62 67 100 56 96 71 91 59 28 52 78 91 45 22 53 27 45 68 82 68 25 39 99 65 78 56 44 79 34 55 95 98 60 80 91 38 75 95 87 28 29 81 94 36 42 37 30 57 83 50 71 67 74 94 93 74 39 98 36 39 37 20 42 69 40 93 58 76 55 82 68 53 85 91 44 59 64 24 35 43 93 56 28 77 64 62 78 48 29 85 53 100 96 89 43 60 39 52 53 98 100 35 55 41 80 37 71 61 68 57 83 74 33 47 50];
BM=250;
CBM=0.500000;
CEM=0.800000;    