nBuses=88;
max_busses=77;
cap_B=[30 84 116 128 26 23 20 102 56 65 112 30 50 55 25 52 54 84 54 117 78 135 87 65 124 128 100 83 83 140 115 43 37 116 89 71 32 119 105 59 95 37 32 93 98 81 60 49 31 92 28 33 122 135 92 136 102 85 40 134 98 46 92 88 114 44 127 131 119 78 103 38 43 71 112 53 25 81 77 74 72 35 35 34 94 79 91 78];
euros_min_B=[4.565507412981576 10.963900157648062 10.490882504009047 7.668628693278837 7.764811036035992 9.311133683453459 1.1472310370992809 6.675448423172925 14.861233763792276 11.477575238264727 6.518373941141384 12.775360932868487 10.628687767314108 1.083186289523112 14.793170184149451 3.3449144961705297 9.477372868722185 1.6677366801743552 13.942454466070886 7.527131221028185 2.970225801098882 8.013986252697093 5.724831374132193 11.720351356767297 1.8804212248008394 2.751638035025987 8.297553584977422 13.93615920310197 12.396641807610775 5.09322577378671 4.233906958051311 2.9803978063500907 12.570893017308629 12.221971207106279 9.307820567705297 9.607696849887695 6.563220072484023 13.037050219272881 5.679294900204069 7.555968317126319 5.356753499383554 13.136951768820882 10.217195220128533 11.861701470365219 14.896808824334952 14.329939145024845 12.047102694284572 13.041162338081847 3.964881536720484 4.8239108579042815 11.96175311964819 11.998117556347678 12.071068755557652 12.43852679514971 14.397887232510243 3.6855147381258657 5.664616278108462 10.585125361975951 1.8062640429250445 3.717255942987605 7.439682949539472 5.433327658136136 12.994349886432449 14.03606274213708 8.83297886410858 9.994260316623553 13.158094418637653 1.5012095911946786 4.302436237502382 2.3839253282794894 12.623197552344648 4.618916079421715 11.334673769194612 7.262349404016109 3.587302281832369 4.889591915807494 6.294113498352568 2.5060778740879535 8.01828267374205 11.675007987991574 3.4419624761767436 12.174344704856406 7.568331912293723 14.557499202305248 1.2346050342147268 11.533377887807845 3.5377106783797068 13.927342439351708];
euros_km_B=[13.187064683263394 25.890229400012046 18.45916635682202 20.961472117735745 25.96041940612258 18.845387491321826 23.77169853705647 20.639873323908336 23.472898359028225 19.162637580623787 13.66804547319072 17.35478205178192 17.352058987508496 5.955254801060801 10.256455972962868 12.047023895093213 27.40724592598312 1.329762875169337 21.639448022883318 10.350994527434443 18.677548630688936 18.481286466517226 4.0535213731013595 16.241351514961906 28.180583292844403 25.84983289313052 27.52185138491718 8.293261954520371 28.48262592201635 25.535628054100137 21.039375470027313 6.164319719660559 10.817919728598886 8.702198973273282 15.225408220646655 20.794749908976197 24.383537396649608 17.791183342302762 17.427319994255832 28.803678417817984 5.444636063106646 14.883643726163248 17.28191562794281 17.99139196202424 10.060707153488016 9.920866540895167 27.503778784449683 10.579394797383022 14.89992703628531 10.524499041081615 28.91920180759719 8.634953936050696 6.354433863850229 26.869814717776897 28.043133620574558 21.575530135615402 26.190645798530014 5.503801778443531 27.47170280612055 22.345584376265656 13.610209693318888 22.633782666828232 29.56437673211213 21.104458406801964 26.39941051509504 5.976195482323172 4.153144153725128 11.727723498853388 27.807371674936647 18.041360099982025 18.44042722833035 23.595823972097325 10.515956448265563 24.366331942488973 6.27421512558532 10.006799000755446 10.526660663679866 14.242519805592934 21.036947268433956 19.524720300948392 11.482360230043172 28.008103972363426 23.44175960541935 18.998248159889517 1.86993439426056 2.5339978858024805 7.6969494765303095 4.393608955083559];


nDrivers=86;
max_D=[154 127 126 208 192 133 204 163 125 162 153 132 228 214 226 216 219 166 171 224 224 174 200 168 214 156 224 206 142 210 171 201 238 159 124 188 158 226 208 204 209 125 173 184 134 227 145 149 212 158 214 162 151 124 130 196 175 143 143 233 218 187 139 227 238 209 187 130 230 141 157 176 218 139 171 219 164 194 133 220 191 203 143 162 138 127];
        

nServices=89;
S_starting_time=[420 673 688 432 298 558 18 250 610 635 409 664 156 284 295 432 397 33 409 539 454 282 247 272 440 667 19 359 459 675 440 714 516 72 135 611 107 89 286 456 88 48 440 626 213 390 538 661 170 452 261 630 110 394 44 425 669 612 144 617 244 573 405 625 493 584 28 700 76 462 427 459 12 229 104 365 387 491 549 214 205 269 52 534 266 184 681 101 252];
duration_s_min=[90 61 71 60 86 94 115 119 71 109 72 89 80 102 115 90 60 65 81 87 73 94 61 75 95 106 79 83 93 119 120 119 73 64 79 105 78 64 103 96 86 115 76 70 91 70 91 82 72 108 81 91 75 108 64 64 108 107 117 119 109 102 117 95 110 101 83 70 96 77 118 94 76 106 102 118 107 84 63 110 73 75 75 80 98 113 101 83 69];
duration_s_km=[55 53 56 33 40 56 37 55 47 43 43 52 56 51 44 58 41 45 52 49 60 37 32 43 59 59 31 48 35 35 30 30 43 55 52 42 55 38 50 53 51 44 33 48 34 37 59 51 33 49 47 46 36 49 31 49 48 47 60 60 54 32 47 41 33 54 30 44 40 50 38 44 40 59 54 36 59 52 59 50 33 58 55 35 46 46 45 45 46];
num_passangers=[95 70 67 75 72 22 54 44 62 71 61 25 27 25 41 21 40 56 83 100 81 26 96 80 65 46 56 22 65 89 65 72 89 50 71 55 37 89 20 42 89 32 48 42 42 77 35 84 43 100 53 86 31 71 74 30 67 50 76 42 33 39 24 82 45 61 85 91 53 97 28 46 86 40 39 35 63 86 84 58 39 26 98 70 72 65 45 29 64];
BM=250;
CBM=0.500000;
CEM=0.800000;    