nBuses=128;
max_busses=128;
cap_B=[53 122 123 73 83 83 42 96 138 43 72 29 91 78 140 137 90 91 92 52 124 52 23 32 94 31 99 130 73 44 64 50 48 37 89 97 133 99 30 60 50 110 113 38 58 63 91 111 72 100 110 116 63 49 128 138 57 124 42 68 82 49 109 86 137 73 137 63 58 107 74 29 123 120 25 125 118 86 29 50 32 64 48 41 132 103 88 53 70 110 20 63 140 64 113 84 58 112 139 45 134 138 113 137 26 29 95 111 91 136 43 61 29 74 52 129 58 25 73 44 90 121 120 85 27 93 88 70];
euros_min_B=[12.583653465278834 3.527280199099063 5.177701540803292 6.631536044805611 13.58709419701412 9.785126331721347 10.65392570164282 6.184745552173116 7.982317420461882 4.655293345293147 11.861841777368168 8.727344851112864 3.9006298054977098 11.364951477444796 4.7350428797863655 14.786466007219788 4.4999059618977455 9.226138967558963 1.0603903189070283 6.14813345430075 13.371904769174382 1.879819957211063 10.931564536619325 6.512407832679635 5.7078520515886915 4.271071714248573 10.84025463985617 4.336954287295198 8.712194177381242 6.6582825549113265 8.155371561012664 10.667610827120766 14.953601626143152 4.88247808636389 14.950803327521633 3.7790345728392882 2.918601407398743 3.8379230761324283 9.518651647267339 2.8420200163313813 10.769436464005787 5.0069531790555235 4.241298266081321 1.9998309921787598 2.819408909146356 5.234328121008331 2.0995893555937526 14.617854538600005 2.618755455758625 6.625380706933648 6.477974715535861 9.026065663939448 5.468392817513783 12.306707657924413 14.887624530490207 1.3885911343692725 4.873672933284344 4.7866987930865195 10.450490925535417 6.671251007055301 1.401644876628487 10.811014542983267 14.162452870083731 6.088144807830698 5.273376892956817 7.310463376908629 8.5718512470463 3.511482201068156 8.313468686188855 3.628791752038211 2.519385635779944 6.8722550393251165 6.869611658018469 3.379274045989016 11.954435176262388 6.302276174626179 2.5802342530353513 10.105729411554556 9.41766128170266 3.6265030865493477 6.90139390132318 9.344075692755705 6.340773865013896 4.751132478948485 14.853548749420073 10.66373149743379 6.0844863639745475 6.5418466386792815 13.515919207063149 5.072180722302772 11.687346738210302 11.573703908312645 10.145407435818939 8.071989225926046 9.582654674783836 7.456401121934261 10.945195533602972 11.9159075939118 2.957060729944301 10.123486967535175 4.011926754394487 13.145520793751238 14.017162877266887 4.2101881570851045 14.458504119614117 2.3592181280591484 9.536104705664751 1.5639056148153805 2.6603636295560285 10.460647119520475 1.75197103858254 2.0074021922706167 5.715656716804303 12.768865093903877 11.184425152170409 8.545220254914929 8.291514731951613 6.549828450245961 14.064025119548646 8.962700986812717 3.251147878296023 6.64908079205546 9.663445942261479 2.329556756992549 8.429776541403847 1.7255122414213997 13.289075006895498 13.799510322214438];
euros_km_B=[17.785766368348447 11.379448487613075 12.704369344680453 12.372328199118979 21.379944445890946 21.770706355717273 23.133665210745107 20.457775194201655 16.022587380847888 15.563661585680181 7.981147163880356 4.027544498067622 28.414892330877812 7.9825134911420665 13.552607254235141 14.57460646540062 9.837616651938204 8.985752938579537 1.280120745425657 17.39021972237354 3.4755829033235206 10.248455400001696 22.35538341427011 11.32278556620626 22.8397813284635 17.034296256596406 6.289891689053515 12.48911370574929 20.019359391371513 20.616552948553544 21.09512605499321 18.22290839427605 4.436579872385667 18.54070400061615 28.875608406662217 11.258361331464549 3.357669252259159 3.251402723052907 9.115249755358331 23.811072529353176 24.57287884248933 14.514508007158433 20.048441583613005 20.403109456479513 22.208305139548937 27.54060540670758 10.941956297710593 22.913797692042273 13.155226304165124 2.31587352378091 25.055773234241826 16.17280974431587 22.560693319110772 25.952004451209415 6.485361250687689 2.0363969816210847 21.516150250019955 11.494972262751313 6.472333513853178 16.367986089176224 15.048595227287965 9.116687959176534 27.360680051116034 23.377138554831372 14.807397944518128 2.4005447683005166 4.90861660595772 8.796122977750468 3.42321086856289 14.674612804674672 28.50637917865226 19.757561662449543 13.224238401806716 27.11470515060688 6.2183978835559515 18.518143330415715 24.577410445690603 25.084265340069337 15.740297251771937 7.669349229678158 6.981393631335761 9.783717967317179 22.500156082571586 10.040776520077236 5.5198719091762305 14.91165346548762 3.946408779337965 27.077273356981692 19.565600943132964 9.882903863100765 15.67799321398045 21.67623769101749 11.635056814364166 9.904154118217951 19.69968140830142 28.784127968911708 14.282168015609336 3.5523162602762763 14.390384013751973 25.52284958457913 18.057654309051298 6.751141067560169 14.657092317301661 25.877535037055686 18.368066897944885 20.765580180358313 16.478372711792076 1.6006338822732489 15.605439578409499 10.187010956440467 26.646584788598517 21.751608649822245 4.979677333684946 2.397886879223596 19.750309723433098 15.39593104288379 1.5096162223696221 21.80168991701035 22.89518328294003 22.11450421920469 26.296542683567527 19.418635410407585 22.642617992899947 10.268036212649369 8.156236818622794 2.8173292760288975 24.27923937692561 16.880862916990253];


nDrivers=126;
max_D=[159 155 141 160 153 237 138 216 172 175 121 201 148 136 240 158 191 192 187 162 199 224 225 183 221 125 171 209 228 153 228 123 146 167 216 162 140 137 154 154 207 216 202 129 150 159 132 225 236 181 141 158 231 197 204 155 156 234 198 223 222 144 227 206 161 132 125 211 175 149 172 176 135 189 177 145 226 159 189 235 160 203 210 168 132 207 174 200 125 207 228 133 143 170 160 181 139 192 209 195 194 228 150 209 209 224 213 172 128 147 165 149 194 234 220 239 178 185 210 164 211 168 142 121 142 229];
        

nServices=131;
S_starting_time=[248 201 301 628 365 526 458 353 669 421 350 503 673 705 409 719 225 214 720 644 580 204 385 342 612 234 497 550 512 617 578 656 68 97 300 84 715 613 709 633 392 91 449 234 102 418 202 96 139 423 32 520 413 162 90 120 30 532 539 170 572 177 295 534 149 672 592 536 393 674 489 20 630 647 372 291 695 9 488 279 213 507 666 136 526 668 376 243 671 268 667 42 296 513 248 188 449 497 709 645 300 148 580 364 114 674 654 38 326 326 464 180 605 666 157 344 463 285 708 78 544 10 145 710 279 39 499 298 411 664 205];
duration_s_min=[68 96 90 71 118 85 88 83 110 61 102 76 118 86 64 96 112 60 67 111 83 96 67 88 115 67 71 109 91 84 68 109 81 101 61 99 114 92 91 66 69 105 66 118 75 118 110 92 60 95 75 74 94 93 97 82 87 71 117 99 96 117 113 115 90 66 119 65 106 80 83 94 118 74 113 68 101 80 66 73 111 75 81 112 108 108 81 94 75 115 81 103 114 111 116 63 69 110 104 83 96 117 100 75 100 104 79 89 117 80 110 85 104 71 67 108 62 81 95 60 70 105 98 70 63 76 63 87 65 90 120];
duration_s_km=[43 56 46 42 33 52 47 34 53 51 58 37 34 50 44 50 56 47 30 57 44 42 50 32 53 44 33 60 59 37 48 47 37 54 57 50 46 35 44 42 37 44 49 46 39 56 30 56 35 37 54 50 39 51 60 33 56 52 49 49 34 32 51 39 59 59 47 37 43 60 49 43 38 35 40 55 36 35 38 32 42 34 56 48 59 42 57 46 56 47 34 55 60 45 43 55 54 30 52 34 60 43 42 46 32 35 50 30 33 50 50 38 37 40 34 38 37 52 53 45 58 48 44 51 39 46 51 55 56 47 43];
num_passangers=[30 43 72 90 29 78 48 30 79 37 52 54 55 44 20 22 55 73 61 81 67 38 27 64 92 60 97 66 46 34 29 79 92 43 40 32 25 59 68 88 80 49 35 29 37 46 39 28 31 93 68 43 89 37 47 58 57 87 70 49 94 86 35 84 71 39 80 50 88 64 24 64 84 48 70 76 89 45 47 74 78 84 39 49 84 81 68 40 94 53 79 67 33 53 96 83 66 71 62 71 80 60 88 86 89 52 45 21 68 75 53 24 95 99 34 88 46 95 37 83 52 68 42 62 96 29 47 26 36 98 21];
BM=250;
CBM=0.500000;
CEM=0.800000;    