nBuses=133;
max_busses=128;
cap_B=[104 127 105 30 49 130 36 99 20 122 124 63 58 48 44 122 41 44 34 62 102 103 102 116 92 83 121 27 106 63 115 53 85 86 21 35 83 67 112 120 77 54 128 44 125 68 100 24 137 136 93 77 98 99 104 131 89 134 76 132 26 69 95 75 52 129 92 134 131 49 89 129 30 34 108 130 94 81 78 73 43 50 24 106 134 38 106 139 61 48 131 126 130 40 120 123 109 29 28 112 38 81 138 115 112 82 61 134 117 135 43 28 46 45 134 115 112 83 118 24 45 72 43 116 49 71 71 135 100 132 69 117 39];
euros_min_B=[5.524300481831192 11.819794070817382 11.25082732620959 8.231190000297117 4.488567436358342 1.424460574107668 4.2987072944815115 7.6379537804066215 3.965774968497895 8.304974419237936 12.629893509582585 1.239588530590145 7.463744421971846 2.8954483110144698 13.489788902496304 7.110372853255885 13.068958233670621 10.5093271922212 2.65261056471127 13.590479968217933 5.955407954982162 9.020275172485018 9.103560311601976 5.934564582987375 4.168133613378348 1.563389222364754 5.528885689438367 3.206933186126963 13.1334566579474 2.0949558377797763 2.038552999407872 7.95901966236977 7.491059805804802 4.025857685634739 6.637011883640483 12.872614109773387 8.179974788777034 3.24887615620071 3.8234042876029664 13.049516944382107 6.16208119790863 4.288082710330232 10.764860240339633 12.848876004778743 13.344364657806336 3.3222085903485774 6.019559335787661 10.096746747812496 11.182710983163869 13.58273736918037 10.046259865527794 8.974305846148168 5.2481656224506175 7.355085806135266 1.1723854873204111 1.9420304995169946 1.1539547622488635 9.34980979668027 9.965679727442385 2.278560955201349 11.696676269889007 9.291207209786721 9.911331535206479 4.194118030404685 8.35600914520016 5.021700438321337 14.244974164906328 5.792833827377954 9.434071867222485 4.110248638686778 11.65766456381895 7.326125530871099 7.336135351598895 5.688547275825406 4.721251582659308 8.846591160452803 10.847296769040337 6.6498671799024045 14.826424881732548 12.243824394501502 6.227537620045818 8.634524135414678 4.970644560303618 1.8037797358421568 5.684101928603534 6.489684826819913 3.578940255328134 6.055738960807663 12.074940258545624 6.852970527486073 6.677856663084354 13.376521255864949 14.6148755655811 7.655688843295609 1.2810102020756644 14.776140173039863 6.052403055690423 9.571707969859107 5.718729560350805 14.619562136013453 8.479360079349577 12.498684858728828 2.8236726114674564 1.217991466152029 8.741740520515972 11.488447282279129 7.415245677218957 13.126875143538197 10.748562507452348 9.349317504470408 5.249678594182471 6.893166539675932 1.4388954940959884 11.129106225432993 13.376902618025511 1.9197678528166127 10.052167098159174 11.257148164624665 5.385048552255458 11.82329309107689 13.36583239180217 11.9427365838669 1.2686460311872394 2.964847629106683 14.778255810852572 12.733089805514362 13.271102014446214 7.759730420769621 5.234891784285941 14.644063950394312 6.585194497267918 1.932061542713077 3.742915567638911];
euros_km_B=[17.02961853136311 8.872093349534682 1.8689773977125959 19.04888245981186 5.418268424718433 14.941928480667684 24.711911131548842 10.925496093680433 8.874837094441585 10.35550395438599 19.550308315999384 3.354221221200733 14.294251975093246 19.356640430395103 13.918849318855377 21.071232914412995 8.519914826049883 16.872998373567494 4.732561742215211 17.219935156601924 1.9134301696923144 7.165654755102095 1.2327628266037856 26.4481788107262 29.438872410834215 13.89691756906153 20.408211883344638 17.07282605350588 25.455198237557735 11.98270350328246 17.407493819989263 22.098437412780342 28.51874008767423 10.540042332441265 16.83569671178643 6.694559160870863 17.654673170624733 23.672238228905258 17.844260473605907 26.176984095285064 1.0579419072262115 19.17391402217232 10.574678462093273 10.57415607854448 8.294248656482454 11.362517249906464 14.501760982423347 28.5738027028657 28.671946565653634 12.211495143778476 22.245478794545175 21.66259631007968 22.986242177598623 12.779174835316741 5.711638017864181 27.685578407840502 19.84993353099729 23.3450136121902 28.20854979405273 27.098625853732376 4.819671394892508 22.19663760796046 22.012994795169863 15.900521051687113 14.628630108603524 25.17741809331767 5.310918659458778 28.913817913342918 23.056060694549377 20.766002851251113 29.541429399835692 20.23139514718127 5.146155158803718 13.874613328659064 20.942901879471655 5.2554733235287365 12.359737000941765 12.420016800003175 24.542540647459752 5.633757809558018 19.89431257873467 9.317800759931407 9.062495427790976 15.721326697795114 28.57703913875899 7.069099521428463 16.57759680767642 2.2636905617375516 10.016542327092576 24.780514373261447 4.208971626248756 4.281634291411304 26.81150006978276 9.296217773615624 20.493280483683325 12.092735383334656 16.19713025645776 28.985488210240373 15.747676172750518 24.221958273303652 8.481031680283007 6.681117324856084 1.7548141233376393 24.205286767207955 12.06145910753382 21.17681004709496 16.692150699304626 6.090045948882877 9.58331281653229 27.274642435564125 16.712849232088928 10.763957350443748 15.601909577907676 19.562482700775647 6.5238828904302615 18.407701422532607 8.499654522233977 8.614674918363505 18.032459047705224 12.992924449489188 17.33369754620358 20.535892158382396 29.619220558068022 4.570963927598838 4.847865174312183 16.429356242950803 2.8166351399862752 3.986082516271609 8.994020437435143 8.01870908363962 4.363810174639736 6.245010239127038 1.373531454310443];


nDrivers=134;
max_D=[147 120 177 143 220 232 166 181 192 239 237 214 176 159 121 147 179 158 180 178 154 137 213 126 220 209 161 125 167 194 221 230 141 178 158 133 146 210 129 184 141 132 164 235 196 212 156 164 136 162 239 133 184 202 122 231 189 216 123 228 219 193 123 121 158 215 229 164 213 224 201 204 218 236 198 206 212 173 162 150 202 127 149 175 196 203 225 234 232 221 220 157 164 140 167 211 208 153 178 208 198 210 223 224 207 232 188 165 173 156 166 165 144 178 203 206 150 150 238 228 142 206 202 140 196 174 220 222 222 181 147 194 146 170];
        

nServices=138;
S_starting_time=[517 554 280 590 472 489 310 557 541 372 597 463 673 639 162 629 356 511 714 142 371 44 328 69 46 52 658 344 391 662 450 646 363 376 168 495 216 324 353 645 550 591 579 121 675 39 501 245 552 183 493 393 469 398 337 654 656 512 481 624 595 554 239 108 570 233 423 632 512 233 295 27 17 558 183 646 673 175 252 189 580 478 293 713 267 639 538 479 705 591 606 191 499 458 238 417 25 688 195 130 476 661 279 652 157 640 596 234 40 684 192 371 155 336 427 501 92 584 109 630 266 389 19 655 670 176 685 278 15 588 118 137 245 447 504 624 153 674];
duration_s_min=[100 62 112 61 111 67 100 85 62 102 81 108 100 102 97 100 79 80 81 91 101 103 98 75 66 98 75 63 74 102 90 76 67 82 68 115 64 107 84 78 83 114 111 117 72 98 74 75 70 68 80 120 98 88 100 68 77 91 88 96 89 85 95 69 60 70 65 84 88 68 108 78 97 99 63 115 99 106 85 80 85 70 120 78 95 60 106 112 102 74 83 82 73 76 66 110 90 102 74 104 62 70 72 72 104 82 79 114 71 62 97 108 95 73 79 118 99 85 98 83 92 109 117 98 60 85 79 92 78 87 84 66 120 101 79 91 107 94];
duration_s_km=[32 33 60 54 55 38 52 37 51 56 31 31 39 35 46 37 32 59 30 55 59 36 52 42 43 35 47 58 58 59 57 51 56 50 54 41 34 40 30 37 46 60 48 31 39 43 41 41 43 35 45 44 52 44 37 53 47 39 37 47 47 52 30 33 38 58 39 57 35 39 40 33 31 50 38 55 41 57 37 49 36 58 32 60 30 50 32 34 56 52 30 47 60 53 36 60 55 35 48 44 37 40 53 44 56 41 42 60 40 45 38 46 36 44 43 51 57 50 60 41 48 34 31 57 49 33 42 46 37 59 53 48 49 59 44 44 48 51];
num_passangers=[34 58 98 99 83 69 63 79 33 66 100 53 54 34 80 63 33 22 44 61 87 66 42 99 94 56 85 42 88 83 38 60 91 94 56 32 60 98 96 86 72 21 58 70 58 71 82 48 28 56 81 68 94 56 85 43 64 44 62 62 32 26 25 51 37 91 24 26 37 44 58 87 89 61 85 62 96 42 56 52 57 91 96 20 49 87 67 79 95 22 91 22 58 69 51 62 71 95 35 77 67 20 91 49 48 44 54 45 83 38 32 26 49 26 78 69 99 45 63 51 76 34 61 99 95 86 27 31 55 66 48 83 94 59 77 67 57 98];
BM=250;
CBM=0.500000;
CEM=0.800000;    