nBuses=74;
max_busses=70;
cap_B=[27 99 125 97 111 106 135 23 97 29 40 33 138 101 64 34 110 33 136 125 138 56 78 128 66 25 63 92 87 133 108 35 128 50 100 35 113 135 139 107 40 32 27 127 132 97 111 52 79 21 37 45 125 74 93 77 30 91 116 74 52 84 69 90 86 79 70 57 84 65 49 124 57 20];
euros_min_B=[5.020165292308592 14.471168523214361 10.148133173948848 10.664767420512373 1.76552596770777 5.850816893434811 5.648873655386346 8.55953042540467 11.992819080915826 11.413946155391326 8.077548909389368 5.036607718187622 3.8089106668436594 5.99281898796502 8.63990037767332 7.942533548564719 9.292206210379744 2.8529965066250655 14.37537370633229 9.778253849500812 1.9121903253816332 10.313381599080307 13.463349973506554 7.003689763580629 10.224038825272899 9.653061744296444 10.664241341816979 8.532448323998418 1.1829819561751835 12.677448844462353 12.883645119824195 13.364066903676912 4.493345710165517 11.660680408864756 7.700737575268118 4.567692487726742 11.263364383318736 12.510504223147429 9.358597773589821 12.576093018776454 14.255619849928449 5.048437682615755 7.048064744555985 5.8553550751426195 6.3161808279519045 14.250013935578 8.691390287067634 6.511232079085937 8.158327462834023 7.088021357554572 1.7787477508877156 12.5661368446334 6.824482549538734 14.419800693889128 8.71220183971489 5.086705962007661 1.3797747441561388 9.642717958648927 4.495136666727365 10.434215927739759 3.726281120932862 12.611303377800997 10.36433717152098 9.916490526771096 12.685631621356958 4.2083902392909565 7.439894046640517 2.791353676316084 7.296879160389212 4.496796766889257 2.1679884662179454 3.0497072904472438 6.338669769422973 2.3908778134762416];
euros_km_B=[12.606924628607935 11.651013997869454 8.830936332370477 26.04773878883231 16.057492554340435 9.615485686344503 6.458509801541186 8.452239744005489 12.142369712793291 23.72907562992886 21.074549531698274 7.147201870830827 16.345691301225095 24.73237282949482 9.85244646322439 20.008308733265228 10.136184755519887 7.033301065064336 4.894325096365158 13.46597509191293 13.264067775520328 19.578909217594795 29.83055582987517 18.83882372726918 12.679014512299258 25.630032914923667 25.918182629574808 17.693089273469496 19.807384677158865 18.442575465565405 6.438641575252169 17.744534151645336 13.438462309706356 5.766063184970008 2.973360016529689 8.808574815837744 27.42866625531085 11.624084832172823 12.493554870339116 1.2672891127486694 19.192014613167615 14.88305409602385 29.06622845186209 13.76031847896429 2.3196461614762818 19.00222360469828 22.99885920811492 22.12528396773057 8.542612706406162 7.0502895229748574 2.7469298330210408 29.585636752668897 3.6382372923453876 25.08662286766456 28.14620109436368 28.230049816197564 27.54504034321304 23.51309489408842 24.63424553733827 3.536138022579171 15.753746816501884 12.267275902092338 9.382937317512065 18.965338795747762 5.078152448602524 28.748936956311173 22.67384401831981 27.42519983182162 7.389806613688575 17.683072168694416 19.244467055456813 23.548863148712833 18.021176821342934 6.364027002799998];


nDrivers=72;
max_D=[142 135 136 151 155 168 203 230 240 176 229 214 206 204 201 123 177 240 138 136 232 167 212 185 160 182 194 186 174 210 208 123 141 208 142 120 181 188 202 126 166 149 140 208 161 228 231 224 238 207 134 133 171 198 178 240 232 139 186 149 226 128 204 184 240 168 240 150 214 137 224 193];
        

nServices=77;
S_starting_time=[243 590 108 616 277 53 134 599 198 712 418 248 5 706 657 583 599 408 618 308 9 645 364 579 25 630 407 505 192 143 167 448 77 325 362 31 342 542 341 490 0 512 513 719 130 29 697 570 580 52 653 64 436 127 37 531 267 440 268 574 336 598 533 60 32 489 298 414 218 262 281 566 19 348 606 485 428];
duration_s_min=[98 116 94 87 65 89 78 97 61 116 97 64 92 82 67 114 77 75 84 116 114 76 119 63 78 106 86 63 86 81 116 116 66 76 112 82 68 106 95 97 107 95 116 110 97 97 97 68 99 62 118 95 110 103 92 117 108 65 107 104 66 66 81 83 117 80 96 61 100 105 82 94 69 77 66 98 96];
duration_s_km=[42 54 45 60 56 42 44 35 38 40 57 58 58 42 34 44 37 31 52 45 54 30 55 37 31 32 38 51 54 33 38 60 51 57 34 56 36 34 46 35 43 44 38 55 56 33 39 30 44 58 51 45 59 35 54 35 36 52 45 50 47 56 59 32 51 40 37 55 31 36 32 56 55 44 59 55 60];
num_passangers=[69 22 56 65 35 82 35 69 87 48 38 95 90 70 51 79 30 27 82 83 24 52 61 79 78 48 27 47 83 41 75 65 92 38 90 65 84 37 79 91 66 39 97 20 25 28 34 68 27 84 88 31 88 77 58 92 41 86 58 50 22 100 60 100 23 92 63 58 26 56 29 86 22 78 76 33 42];
BM=250;
CBM=0.500000;
CEM=0.800000;    