nBuses=115;
max_busses=113;
cap_B=[21 21 79 75 41 126 33 111 22 116 48 135 90 52 81 60 102 21 83 69 106 101 78 115 114 104 39 76 117 109 43 89 45 138 48 28 132 62 29 80 21 107 117 93 85 123 50 97 98 127 32 111 134 125 45 44 107 82 130 85 92 64 33 115 44 120 138 86 99 53 68 64 71 21 134 32 128 51 37 129 85 108 75 63 82 112 25 116 84 116 38 29 27 138 75 124 28 129 25 26 91 137 53 37 43 118 102 20 121 117 74 102 127 66 111];
euros_min_B=[14.197939034069162 8.043608088973134 8.73303985008466 10.719542260029298 10.427793493721678 9.533785514520808 8.745767925651514 6.991274237639098 8.195276953532913 2.322872263073273 6.3870868183040415 13.251318639087943 8.944197207099418 9.362182518980262 9.906355889480976 11.022127089952182 11.195585771828835 14.32980449989767 3.7035773337464235 12.941457624538213 5.040215163900875 8.335578220407951 5.0168295035076635 5.612926942580129 7.011978588210333 8.426643540477674 11.168729278549966 10.856938654584688 13.82924970192994 9.785071971640772 4.682555343845705 14.460439117289155 4.802889161465282 2.3142857305097095 5.089343380579288 13.59582545252872 3.030331937548073 14.649114022461575 3.2877616315449956 13.39819000256989 10.607323485451731 1.4278004736081655 5.678155526016775 13.131686440375374 3.7192358205077616 13.196249779138617 8.080701582518223 4.957464851161633 14.783256689173495 14.852754803263007 1.4151273640730773 4.886104643502563 7.612864736647351 10.948610101857788 12.31232630695717 8.665763490785745 9.966367019613294 4.070838595308839 14.038640809390795 3.817380534427541 8.438793997842506 9.465085560503862 3.2381278666495557 14.36902592058704 14.177513024386526 7.466512708306661 12.39090952137647 1.4995764218987755 12.24644671100788 8.859682156636499 10.30915176201082 2.938623208669211 1.5374394758859364 2.7884047279114332 10.348088852534971 4.7929568734683485 10.608330006595638 11.777443590234997 12.094264760549201 11.440102174802835 11.852014419499442 12.086653411752499 9.746097664599167 6.2086872329101315 12.405378653311509 12.459921325596484 12.171272376029227 12.311530877828353 1.5088369667881483 5.744343969008241 3.944547009826862 10.586145608319192 13.344699234134437 9.820799773776157 2.977214088383254 4.0261000737041694 6.6069968857041514 14.123434958547925 7.894049541899239 9.433099596513216 9.442578336630959 4.355701748158647 13.825341078650903 13.095741985719368 3.493307871733525 1.5751589211600265 4.765744525005232 6.394901790084029 13.178928533799175 1.7614988131336653 9.535649921667662 6.064046489185046 5.354716731529546 3.322258529370381 3.685641457146542];
euros_km_B=[15.851955168301739 26.621810531855207 23.85860251713305 8.135725450203278 9.77171112721955 2.3158225798288763 11.883676438938677 28.032721577239535 20.302511851872314 24.02989290540085 25.144027082860237 23.957978826776273 14.918160971916462 24.007059080291913 4.670169572668829 19.006469995273694 14.990104044755075 19.80236708718067 15.786812122810105 29.975275851005936 11.32871350059765 18.501962319874533 27.27996679401489 26.34063104343499 28.497990505747424 23.602316131606813 13.64278972839762 26.762675736467582 22.695432569393187 25.085655537197702 11.59396487645526 10.75417333362788 6.750898884815518 14.08032129608744 19.228003258911095 28.17764588485527 6.65120859781636 9.548997363024911 2.5111281749046204 26.983252897405304 29.217094860573056 1.9742727564046865 13.03218143350941 13.30387849163306 15.24901538908905 5.186310968712207 4.562772604593992 4.231575155881505 24.409594541168083 6.042687490857618 20.543863149279005 21.212632358831343 29.76077723475454 6.485215698242476 17.594464132247015 21.673080911714166 6.146848185542541 21.92905566917064 20.753995639331645 23.727230717564005 20.600156296711354 1.814596746447647 7.628792860489187 9.781574465396082 25.639903924736842 10.443006669542452 15.718355421983208 9.200944547416555 14.004156824534633 19.584106257726326 8.616908973567657 10.875710561617096 18.603214173830068 8.473719852109417 20.130038955298176 25.55837739170539 10.172351379459895 25.67369581530259 23.520182533153307 25.639174388205216 23.656240760232503 26.499381349968235 10.84189393646533 10.564395478485041 11.435526841552438 10.054277517595938 20.271545557309565 12.47799463995988 27.387627110930694 12.59344843570119 3.4091551724422757 24.632297129955674 7.089141626273364 5.672849139351095 8.910204373948986 11.444273900600557 25.276607434138608 6.90302951694861 14.24311345192316 1.8616518543812255 26.075635994673487 28.25668651762075 2.6192716170359467 1.5844208193271285 27.85641574486119 3.3704891121510783 15.574903261648764 23.443180725437987 22.94328959861715 23.19983266745064 28.018747399861546 9.02774008657412 13.63186841051616 24.865548924992066 12.466302358963754];


nDrivers=118;
max_D=[211 148 126 123 160 236 209 161 216 211 214 165 181 230 200 160 203 139 191 186 132 160 223 191 223 143 178 191 205 159 151 240 194 124 170 182 147 132 137 218 230 181 177 156 221 237 124 129 217 141 143 195 218 221 202 240 187 211 186 238 196 232 161 234 211 171 240 157 146 134 156 220 152 222 147 183 180 163 147 125 121 155 165 198 178 135 130 223 230 129 155 235 178 234 150 144 152 154 232 204 148 136 178 223 223 153 149 190 238 157 130 159 172 172 206 128 209 216];
        

nServices=120;
S_starting_time=[702 710 400 185 578 634 636 7 576 522 570 520 132 668 44 359 102 122 428 714 117 414 713 583 136 98 449 107 468 482 427 489 235 690 99 549 329 649 618 521 259 273 376 558 104 409 446 719 79 305 645 505 534 227 632 340 264 179 126 562 323 287 5 320 303 277 175 68 614 637 501 229 148 164 581 392 362 548 454 641 551 524 678 119 423 594 497 654 244 658 124 255 241 692 123 171 592 132 21 380 259 178 132 41 471 598 462 244 68 138 659 192 266 446 450 599 97 572 578 558];
duration_s_min=[103 119 71 75 98 107 118 96 78 67 97 74 105 97 105 82 93 77 65 110 61 84 76 103 79 63 70 94 98 70 115 62 113 113 93 118 86 67 84 86 73 90 69 69 65 99 90 89 100 119 100 114 98 71 63 87 85 113 115 109 69 81 101 67 74 104 78 96 82 118 73 97 62 100 91 112 118 79 108 65 78 110 100 117 61 112 110 90 111 76 119 73 91 113 76 86 105 76 92 84 103 88 110 67 107 97 111 85 103 75 106 109 66 66 64 112 105 60 60 107];
duration_s_km=[43 38 35 35 51 37 49 46 47 35 42 34 49 45 46 47 34 30 34 56 40 48 35 43 57 38 32 39 33 55 54 37 48 31 37 47 47 50 39 42 42 43 59 51 32 59 37 54 53 31 36 37 54 45 30 53 52 35 55 34 34 40 43 38 44 59 54 41 48 59 41 52 55 44 42 30 30 43 31 56 36 36 58 46 35 54 34 58 34 42 57 36 53 47 48 44 59 60 60 57 32 55 46 34 45 42 60 55 50 41 36 50 46 57 44 55 30 57 46 44];
num_passangers=[66 23 76 84 87 46 33 66 100 69 26 68 31 34 28 94 35 25 86 72 42 91 64 86 27 57 97 25 95 92 75 96 93 78 76 70 97 84 56 50 81 69 45 41 79 35 39 87 72 51 67 42 43 38 79 66 43 51 41 23 71 23 37 76 57 74 58 77 62 81 26 55 25 91 70 88 73 66 26 76 80 26 51 51 28 93 96 72 55 45 68 90 66 38 57 39 39 62 28 40 48 34 62 35 65 64 81 75 65 38 64 86 67 26 47 67 70 84 81 30];
BM=250;
CBM=0.500000;
CEM=0.800000;    