nBuses=79;
max_busses=72;
cap_B=[119 88 121 95 105 79 87 38 116 42 47 28 54 29 71 79 49 137 122 28 101 75 98 48 57 100 110 38 102 49 87 61 61 62 34 113 59 61 29 38 121 133 36 106 130 26 47 35 49 28 21 67 111 113 43 124 106 128 77 66 84 127 68 41 38 75 135 139 107 105 86 110 61 48 131 66 61 137 41];
euros_min_B=[11.258450675099326 13.217768610149431 1.448122428374142 13.82073106692952 7.722863783202197 5.266556274626229 9.837986431679964 1.056977226484803 4.298688059110754 1.2614927103258682 1.8002027177080135 1.279634466488805 2.910924541687081 2.0638227114299914 7.343917932761025 9.916239277826179 7.882576594811927 14.136577932638062 3.512791001843097 10.51074188906457 12.879264890620805 2.0559411091244333 1.380847769272798 11.053121193988131 9.772682196456318 9.886610617811007 6.979889786399719 1.8375335586534087 14.815112896161565 7.018825387310036 6.147521708046365 9.137751492694274 5.0641405561048565 5.847217181815646 12.43695901439202 8.702664889881603 12.32133064508392 13.747109646661565 14.63205734366165 9.956735825470082 12.872622539814252 11.277891196961274 4.685502021310318 10.494566434110554 4.497092761708622 7.882352664335357 9.724582278128514 11.156894573486781 13.121305885355167 5.2291052251897465 10.331925118091668 10.082514042661378 14.135917939299675 5.943033211865935 4.077790199682288 4.742185691835747 7.650490786220429 6.428097876580919 11.479889890263422 14.08860100224069 2.6100846675064275 12.63453974614527 9.085205041479547 13.779262518188538 1.8247698870644005 6.796561340333233 5.633881526199449 12.616511389589693 10.750635362154194 1.6005684571653427 8.628022397716148 2.574155301866348 1.5307535477246565 11.411785226897614 13.687438189922773 5.0311231350429 7.274728561568692 11.107230390569308 12.782447683372624];
euros_km_B=[18.349427753029826 22.863118561277897 5.752097787170378 29.82795322961252 19.35194806881397 23.410007883730792 18.769618710273942 9.9688839504145 3.2753568600872844 12.803615519228156 2.5975876821348 5.225909702736276 9.278121444082815 9.426970748137048 25.17750834001573 2.5398630222581975 24.193968315856836 3.9941615394560706 23.973037274993 4.675823829092655 27.397067013861623 11.203462892763882 2.5097581076545095 23.520317920595968 26.950068783588712 29.97106917491757 17.22984444331538 29.678776620629787 5.1878222874924935 27.78356548373039 14.019504645191319 23.426574971126726 26.008651385296726 3.869401284511497 10.116205663259398 15.58572078038443 5.6753516721448545 8.155484577872656 2.1683534455421807 17.39860090552725 21.500839994293486 3.682188738888857 19.08314782060129 27.946686384092054 29.846639282559014 3.9842107030551066 9.121158755583409 10.965789296239477 16.26086243804057 11.065539318877606 26.282090074357125 14.061793137480674 10.883138188504342 12.00609727175718 19.195111135935914 21.432801885378876 16.27350557046151 23.98219476346264 10.311225621351205 16.615413040449948 4.743288946669388 15.251437587571157 22.10796606333135 15.403531400395787 21.019783132222212 15.12583675055397 10.536532462679652 8.319576691737511 26.151677412550544 27.395845229261976 27.873338930780648 27.857743005584023 3.415493608874354 6.064079282746375 10.817282557848115 20.882858491693714 1.420822428348842 9.657588038160958 19.752832786864523];


nDrivers=78;
max_D=[155 130 124 174 210 205 195 185 240 144 126 202 138 146 202 145 137 204 179 133 156 140 170 163 226 161 121 165 172 218 125 224 175 155 134 152 134 138 216 194 202 200 175 130 156 176 211 220 140 223 218 201 181 156 216 230 141 198 224 201 142 209 193 177 192 239 214 171 153 159 145 144 153 185 234 155 224 146];
        

nServices=84;
S_starting_time=[436 494 262 372 402 547 154 108 215 144 424 99 519 28 603 599 355 574 5 291 167 197 536 547 545 226 550 151 8 610 229 648 564 17 676 364 45 416 278 329 443 78 324 546 29 265 349 507 349 272 717 312 331 533 657 460 607 659 698 208 630 615 327 51 135 218 450 7 366 70 238 332 49 376 59 229 361 578 379 156 221 360 590 691];
duration_s_min=[83 99 80 60 83 86 87 73 90 110 84 67 81 91 67 82 61 82 94 72 71 69 84 63 84 74 111 79 119 101 62 61 95 65 86 108 109 67 101 70 75 89 84 72 108 96 115 114 92 115 71 115 64 113 71 81 81 70 85 74 117 81 82 97 108 106 93 112 71 120 74 67 119 99 119 97 82 107 70 91 101 78 80 85];
duration_s_km=[38 40 42 51 55 38 30 47 53 49 37 46 38 40 53 35 51 34 53 50 50 52 32 60 35 35 58 34 39 43 41 40 53 54 42 41 56 40 39 30 41 35 55 37 52 57 49 43 37 52 44 44 32 57 52 32 57 42 31 56 40 53 52 49 38 56 34 47 38 44 43 37 42 39 46 55 35 55 31 37 55 37 40 41];
num_passangers=[95 98 47 81 31 37 59 60 51 57 67 56 66 90 60 52 70 57 37 75 62 83 76 91 90 34 94 29 66 23 41 97 77 62 77 75 98 48 70 35 85 94 89 44 100 70 27 96 33 100 72 74 47 66 82 68 98 60 30 35 68 99 94 39 58 86 93 69 36 37 84 83 31 89 63 76 79 39 25 79 55 44 99 20];
BM=250;
CBM=0.500000;
CEM=0.800000;    