nBuses=114;
max_busses=113;
cap_B=[132 23 51 30 21 61 28 58 138 138 24 105 71 39 43 114 79 29 100 20 124 62 112 72 135 106 96 98 106 54 57 98 91 105 119 51 99 77 37 137 39 104 109 53 107 74 36 64 121 114 122 96 129 68 43 99 42 97 21 134 102 84 27 102 87 31 29 100 59 111 79 36 50 42 42 53 121 44 63 114 92 21 25 24 139 137 22 126 69 67 124 47 50 26 130 112 87 138 60 62 41 51 34 105 138 125 97 72 111 62 87 93 71 85];
euros_min_B=[1.7204054941935492 5.567022931816307 10.935342492915165 10.830686567066374 13.173726131622004 10.78726055161859 7.585875597017083 14.81692240783161 6.9424206391309236 11.418311523301755 11.062778131130365 14.059935770598685 6.034680794618433 4.825296849342497 6.421567273293466 12.141286067897983 8.068691625841787 3.9918977659324337 8.220894522456312 13.398242036400399 8.062065243901191 5.557806772968 2.6670693759814257 10.104809216246903 5.3609126325791285 10.93212873847407 1.1975057345022915 7.922204647501361 9.674528491217636 4.128948771254939 12.26200629649191 11.08829445883047 11.665129277810582 11.687363397319254 14.02012506541991 13.00210036553531 13.884684341561616 8.897444137236075 4.271195102831684 5.781999865161535 3.9629218255448952 9.472278000896667 10.639091055834518 9.408932959856859 9.963540820542697 8.518023166220974 8.206552523130076 14.341737348146463 5.470925171164492 7.7568561947285435 4.022552061569849 2.8521359422390846 11.51241638423091 10.823405003222756 1.1695960800563836 10.484589444966838 4.092654359029064 12.607958622837034 9.759500210309408 7.8159862192732925 1.74427953162934 6.8337224839280495 8.590928820192643 8.003109391502026 6.674787650034785 14.748196440091343 14.974389488004942 10.289594509184441 3.9954011710695343 1.04591591896353 2.5581838727539425 5.061296816279217 5.096523018919159 6.440988674890176 12.392098800228727 9.070693606006031 6.728307049956895 2.7134495522042714 14.404451319905963 6.413946981410481 7.238197358148902 1.0755257718981495 10.852889199979922 4.06161897774618 6.745818278551145 5.933817941367719 6.364750742623846 14.40232854972713 7.9120086932968325 5.339515502084758 1.5129879675172533 8.384019962077984 9.840516117012703 13.39176332672638 7.100451024698808 5.834052839054893 10.964862281462938 1.2337718417093253 11.246153516974285 2.0149186892863433 1.3917023944943245 8.138803132651638 11.370566010992201 11.690471193973291 11.256769576164881 13.720534671584314 6.287890129398392 8.143439362501269 11.119563512863209 9.68315495088481 2.810203322367447 1.941570074048858 9.332632079337731 10.875424187812243];
euros_km_B=[25.452199858245987 5.376842158270536 28.923141775320715 7.127676304885833 24.048161946646214 17.84290686880967 2.4215445672942675 14.878581060733179 27.840979414956042 4.512025828012202 5.535851825719116 11.050985653794914 13.045573158243517 10.32665646909113 9.647051560716932 20.731473543925745 13.928437760692558 9.603142160735745 16.38342687879817 8.14009781215756 22.25979806165052 5.518178116122198 26.1038355326727 29.322613622527324 7.573696964217725 28.600206224422255 19.20705461512469 14.654096555813853 12.493908010244727 18.125315018388807 14.446420538853125 21.893081313732168 7.060021222451612 15.081961531337203 2.6956703144063767 25.697061206664817 21.181781384677535 1.961237824303715 6.569772797485468 27.67075829386026 8.98587950393664 12.395489611087521 19.126544548176454 23.18710949651153 13.80355449900818 10.030010070191247 2.760105534733511 28.27851696909633 15.361774370579694 24.362518340237152 3.682646403971652 7.515235531558304 14.554145155222109 27.496140456942133 23.862754616845294 22.124128839624756 29.320434104291216 22.403949538941056 18.563085636546077 4.673789787291066 29.960689186496893 29.70509623462335 14.135632570716526 28.745854687749848 10.62790993947056 3.2253765616870007 24.458042796573753 23.886589112943135 1.0277776306068387 8.8075022962338 20.638405223485304 23.053726398951568 14.336817425675543 8.622667730932083 12.405051743699328 22.600802797843482 26.65959928979067 1.6845163354482604 21.50759492218928 12.149002013714174 23.69548731413503 25.78101404342135 15.49437022064388 27.514667987211016 3.5088218944036376 2.7325315001925574 15.405973991399057 5.292513565075026 5.108307096489178 24.7854263405255 1.4031821430621574 10.252846843933671 1.5297648140846583 19.205156740962142 18.927195675484004 6.919819904202153 24.932361466515758 7.373649154613117 25.30006747137666 16.203371891893294 21.180076879896077 2.2492018693449554 15.574515437023116 9.821987033895299 10.672447877168686 24.708631091674953 18.774663052581797 15.586882204273675 11.217247198372439 27.853306679876283 25.708094378807356 27.084016909630176 10.207957630652498 12.366145588304994];


nDrivers=114;
max_D=[192 206 125 127 222 228 207 174 206 174 186 121 218 151 239 136 238 131 159 196 232 125 128 183 170 193 201 233 227 222 214 214 232 164 169 158 213 126 204 150 125 122 128 150 223 121 222 180 182 156 203 143 130 149 182 133 193 123 144 168 176 163 149 236 141 203 140 200 180 145 217 234 161 171 225 150 221 149 201 136 240 220 199 143 180 165 181 157 236 168 203 120 197 163 181 125 213 129 209 140 163 159 135 144 201 157 214 156 154 232 200 183 166 191];
        

nServices=117;
S_starting_time=[287 411 223 47 671 418 20 41 370 151 118 98 386 658 370 600 694 363 480 626 11 228 290 555 36 464 472 666 376 387 298 373 327 240 172 526 140 354 675 152 521 335 191 91 541 560 390 205 140 356 138 44 344 69 595 255 536 188 337 594 334 50 129 276 717 554 714 497 31 142 362 604 33 265 542 394 546 280 176 632 543 273 66 102 510 651 425 411 24 429 472 109 113 382 600 164 136 156 369 332 408 634 542 119 165 476 552 147 158 282 143 279 483 124 539 25 204];
duration_s_min=[63 108 110 64 61 86 75 120 78 85 60 80 114 76 69 113 115 62 109 79 100 82 102 113 78 109 100 116 120 81 71 78 113 102 68 81 64 88 113 79 91 94 85 61 71 64 93 95 82 115 97 108 73 99 80 115 105 64 81 115 112 72 110 104 96 69 86 106 84 97 79 93 88 115 112 64 87 74 92 104 91 119 93 64 77 75 88 116 64 75 68 112 67 94 83 64 87 97 66 65 66 113 90 86 75 94 95 67 89 85 80 74 74 99 89 117 81];
duration_s_km=[42 59 36 57 48 33 58 57 37 46 33 31 39 43 35 30 53 41 39 40 37 39 43 54 47 48 60 56 39 47 31 45 44 34 58 55 58 34 44 34 49 33 48 31 35 49 32 51 46 38 46 43 48 58 30 54 53 45 52 60 60 53 54 35 55 58 36 55 58 53 47 34 53 50 55 41 51 41 60 51 45 49 50 51 52 46 49 58 51 38 30 31 33 53 44 43 50 59 43 34 30 41 54 37 36 30 39 45 31 37 45 42 36 54 58 36 56];
num_passangers=[95 89 69 82 72 23 43 82 65 63 55 42 31 93 68 76 28 31 38 56 78 74 90 64 49 77 73 66 87 45 61 29 100 40 58 26 74 81 29 52 79 28 26 72 81 100 87 22 70 71 82 24 64 78 58 47 47 23 55 51 44 27 64 55 92 58 84 75 55 66 85 92 33 37 22 89 75 20 54 71 78 93 76 36 51 28 44 75 77 33 86 28 96 66 27 99 39 61 82 28 67 70 30 63 90 59 80 66 97 32 57 48 41 80 46 73 54];
BM=250;
CBM=0.500000;
CEM=0.800000;    