nBuses=103;
max_busses=104;
cap_B=[77 48 27 88 61 113 125 137 71 40 85 29 95 58 43 23 86 73 100 28 54 44 38 81 68 85 117 44 79 65 86 74 130 39 23 22 45 37 43 59 123 138 36 78 76 57 25 66 117 46 123 136 89 137 67 35 104 61 39 80 105 27 71 29 87 120 93 80 88 25 44 61 34 24 36 42 57 47 24 37 26 35 37 32 99 68 20 69 51 64 47 114 53 101 119 111 123 110 53 95 73 61 92];
euros_min_B=[4.119156177363614 7.536809222834309 4.1703573521514805 4.418136698929704 6.991198632072872 4.443213442944841 6.722602321396954 2.5754717329102395 12.592570822819534 14.810399363437703 5.397252695288245 9.719256791624101 4.950926997685395 14.710117535267296 4.48545757491255 11.418126338949412 4.361772172754243 10.861177405789775 9.585713825246033 6.534491937674565 3.8607261035020577 3.771419193605271 12.804606688060941 8.865700915771255 13.838413661834409 3.448488990573752 3.4561759189389765 8.999532463725222 11.709578416624714 11.238483794917602 13.933933883315108 1.4689070401348308 10.29370544479552 5.530225232405536 7.156459108423846 8.066371009661882 14.50923015707 8.045269551597588 6.60874576206535 11.912776636697878 4.328540773530252 2.1992871220597974 6.1480204445692745 3.982109357144647 7.7771905633517235 10.596543784975477 3.1745232318968206 1.1678683690954228 6.580962746282314 4.7582275171655315 5.004327373655044 3.7870640826874107 2.1444520558332862 6.459096909526858 9.374350153237089 1.4078630463280113 10.9145203372385 13.523560132509042 8.779638929905605 9.147666848309925 1.0397926444210555 5.471911108760846 2.238360655032647 4.5966915411435165 10.219073419197661 2.8457920310165195 13.206523170549804 4.568261912545238 13.238259316065786 11.542549884452097 11.833650983832753 13.17397384930586 8.273073810396625 3.798071857770002 2.0980285870107975 10.246039323358072 13.874929056069721 1.2424813339802343 14.637676451995356 4.357396379788794 7.171539044759339 6.920731029803226 5.3203832534657725 4.589555186250746 5.481897013311478 3.293151612516856 8.170928766492784 8.960396225834254 3.4318803271220784 10.942471072900911 13.392107966093787 9.46876565864214 13.54071032367805 1.4496388152765691 8.472903435434038 14.539115648495459 6.908055124199987 11.760236688367867 10.600865459151962 1.9763050038944814 14.596069043096858 12.87634252357132 11.41201993158407];
euros_km_B=[2.451421411815585 9.230099940155288 24.4080698593344 7.840930438532869 19.117996939017704 26.969832643662404 18.703387312790333 13.198846703284294 13.21514085146909 16.954854424024916 4.392885882661356 7.509491807888919 10.402499880721294 8.45028187252817 24.932813035618537 26.047416456026138 20.06913090053608 3.3841994859286446 10.196843293930973 20.21680165424726 16.58619804412677 20.865337268607902 18.794058988140357 10.125579489387302 20.364388076825495 13.869487572703102 2.987281306643716 4.002482068734919 20.911457349859898 25.822840001417813 1.6446491931283496 26.543435633380234 2.3204229282067192 27.569923642290206 23.974505409278457 16.049551270855304 19.666426865719476 28.06038966403887 27.822036740519543 19.696608048287374 8.64712466935582 26.25215693076299 25.706366799904252 7.686397922903032 14.927686305278153 5.918876631973936 20.27914837368864 10.242292942106376 15.695902325418293 12.801746515874003 20.714579319070225 14.43667891022083 23.206361220652045 7.758671692545518 24.782632726608508 17.19123558569198 29.393871998650788 29.12315666599888 8.728036904736582 19.815358000161858 9.662347626765339 7.920391194552357 4.96686301053793 7.3557799675704665 17.240297297030423 4.272494791031782 17.536085956803532 12.687625129161615 21.59253122026869 1.9071847971158746 23.18671335265221 6.705586026740482 14.64831933674344 13.630486521974396 14.6037663199431 8.152048907589819 4.367511321286155 16.22310173370925 11.469722081176778 18.031889717546548 22.76312330265814 19.503969710539355 3.577449864274123 20.056279929496473 13.732207590238378 5.021892691175614 26.689386762030008 15.07209088538541 5.284582737451453 8.834448965509253 17.91264493230705 24.15178663416306 16.45108094987971 25.37277058901917 15.413149039670657 22.484915686377395 15.895174421342386 20.192290352121503 16.16889909883293 18.436051224143622 8.8935249811484 28.438713525721266 19.986747744379308];


nDrivers=103;
max_D=[150 121 131 200 197 191 182 167 158 221 190 139 231 189 201 225 215 126 191 137 201 224 200 180 129 173 132 176 172 231 152 120 226 171 179 129 120 149 152 140 190 121 210 158 136 149 224 123 135 132 154 235 209 220 204 198 140 199 240 184 209 230 239 203 137 239 125 205 228 124 133 214 194 155 186 188 200 138 146 180 147 140 179 223 137 141 196 201 197 134 157 218 131 234 226 162 177 193 146 221 238 146 174];
        

nServices=107;
S_starting_time=[314 687 364 119 440 462 706 101 198 225 65 717 398 318 7 120 223 26 676 462 646 119 221 145 652 356 584 642 3 172 283 532 61 394 81 502 703 656 198 710 52 684 308 144 579 118 382 566 200 64 442 196 350 66 156 583 358 107 313 236 434 116 220 280 401 335 471 417 178 8 421 561 171 306 299 532 42 23 636 464 131 683 276 698 276 420 281 182 342 532 504 516 627 552 112 514 156 35 121 418 556 696 255 99 570 127 148];
duration_s_min=[77 90 62 109 117 62 116 102 72 106 104 65 84 103 110 118 89 79 73 88 86 94 107 76 88 109 104 70 89 116 98 96 68 79 95 67 69 96 90 74 99 70 108 73 108 89 92 79 100 101 63 67 117 116 82 60 67 115 60 62 61 81 82 67 102 71 83 102 120 115 110 114 115 100 67 111 117 106 106 74 114 76 74 85 113 73 106 61 101 73 118 113 76 90 90 89 77 68 110 82 107 70 70 113 89 78 82];
duration_s_km=[56 34 50 33 59 35 59 54 32 34 30 33 37 42 34 51 39 34 49 42 54 39 55 52 33 47 59 53 34 36 44 31 50 31 58 36 50 51 60 51 46 56 33 38 38 50 42 32 41 53 37 52 48 56 38 50 55 40 46 54 38 46 57 35 40 38 54 58 33 36 48 43 56 53 42 46 31 43 49 33 32 52 58 32 55 37 49 55 40 30 42 60 51 30 44 30 48 45 38 49 34 31 48 34 51 46 54];
num_passangers=[34 73 92 69 76 86 37 89 46 52 91 42 64 75 22 87 63 83 89 78 76 92 25 68 35 44 49 99 37 55 94 31 75 86 48 63 56 40 89 78 48 20 52 77 55 32 24 22 90 48 66 41 72 20 42 25 69 89 68 81 69 56 68 23 80 84 65 78 58 51 46 38 47 51 20 28 84 81 36 84 79 66 82 64 64 37 88 30 50 64 24 87 26 40 44 100 53 45 74 96 65 69 34 38 67 36 47];
BM=250;
CBM=0.500000;
CEM=0.800000;    