nBuses=121;
max_busses=125;
cap_B=[90 29 88 119 87 101 98 135 95 22 42 53 36 119 112 120 61 57 62 101 78 111 97 55 66 83 32 114 38 42 78 54 26 27 76 26 35 91 90 91 55 29 82 38 42 134 85 65 23 38 120 122 135 117 96 79 26 134 78 112 43 132 119 32 131 33 88 132 38 88 128 99 93 95 20 48 78 67 137 33 106 34 39 89 36 121 62 28 51 70 97 22 75 57 132 48 69 87 131 139 20 72 116 129 47 138 102 127 60 102 39 65 26 31 44 42 131 58 105 74 76];
euros_min_B=[13.044482602491104 3.697326599758255 10.618610396931775 7.808832694568381 6.726556537740621 4.213521459271058 5.612598514214053 4.749527246139503 5.28041579115565 14.24283107510409 2.1947381024865154 14.983560677617943 6.741574305960316 3.349184357175427 7.492204441847277 4.244398307074409 7.859060286634187 2.222969101739138 5.519268763780169 5.241500032927434 9.755976752887522 3.300937553188894 10.258169462169795 7.253274419161076 5.004947559065662 10.664981748061981 5.203084656967469 8.120672100611783 4.024840676019339 5.532131544592097 9.013312102466955 13.906126550181835 3.145461280169753 7.343187936148054 12.562077339121762 13.058533558806724 11.194127906974494 6.286159433617861 11.617899817804311 6.31056031586081 14.905219908073917 4.313892405088556 9.368541077792276 8.936789710218662 9.96465409105049 13.057611144350902 2.8712195533775744 9.044302677208872 6.405616418068133 13.053376794044413 8.23956611856771 3.013149844255749 3.363997257205246 8.284281962517229 9.34545295862159 4.823782889395209 7.5031662418256095 14.244948162532713 7.969209177231437 8.89246567867395 7.446916870785442 3.913571034370783 13.06028357257842 5.686450402691427 4.317451446114887 6.745418479938875 7.800464502874953 5.427366799209649 2.7174274580125832 12.26822771327087 13.33361385525039 1.4611183200118887 9.135273407636562 4.073063145955735 2.0002531560685073 9.262599891311675 7.8420110856240735 10.278254196298864 1.4878873063085947 14.552789640603464 2.186325957208152 6.627727534200288 2.805161840880664 7.004855704739265 13.841878953885146 7.275928396123816 11.998194068145413 10.861026435461657 4.277696266981456 6.923628946656009 4.905867490986839 7.364222323154942 8.0452886402805 2.111910801675301 13.225828446451558 7.432260328363904 13.154518715282219 12.048672536714712 4.970274690982043 4.976707309196174 12.747868158745684 10.993441383903352 13.23007588718322 8.596082826833515 12.138453848327536 9.311244808908274 2.2659523031105016 3.8007450513482235 11.775964711996687 8.969227056260465 9.331314212608412 7.847954739190657 3.3761683004507046 10.417414039928989 3.72921981668828 11.258119413669823 14.873193587420646 13.448907144940673 2.9051846485178423 13.134078186499856 2.2514437769710645];
euros_km_B=[7.314763186146889 1.447841758256047 18.93229840642259 23.33904831599952 20.812529144776047 20.516682477334747 16.000096671487427 15.55319477080538 27.14068967988592 7.146840998815501 25.01169605685389 28.974394456397068 9.07065501629221 23.585056370969898 14.125318621962913 8.807515117730564 4.960070256302005 29.604653242300742 19.43668718366841 26.350825332910315 29.800199028982004 24.832058403342234 4.048081901267385 16.626302433208032 27.891206426214218 15.217743701913866 4.953009859874747 14.118364327258552 13.713275563666897 21.945250396402578 13.069708569839342 19.32262071181497 2.473806720877268 19.12590620953268 2.701225095850516 7.095686353354366 18.534125636666634 4.087043957119391 8.589391704232856 25.740243805268488 25.633111738828003 25.723617296417675 6.865524864243874 23.44563683695344 25.269545125810474 24.266106235722482 2.0299973976751513 23.17226985554614 17.894339278847937 22.871776374667558 7.809249611229789 13.818868139846725 27.759241373034513 20.178546967083367 25.53222112511458 8.008747023352571 9.206627518185428 19.477803907441498 10.792571483774022 20.22443097503726 10.66682216788503 29.511908434208898 8.882501936132083 11.925572800729594 5.638554668869428 23.104563121099286 21.036360342371232 4.814960925664452 9.85029224568696 24.22030909039448 17.827084023110785 17.15961954085379 23.12117289899011 21.50551070280503 23.646057707502795 27.728229738213926 28.039696992821227 15.244263201721715 15.77610646147547 29.35830834107178 15.70548495394618 26.29521444974053 1.2949674268167415 23.259717880640547 25.93245453717893 11.50536026786277 4.350479556479296 10.757677296879763 15.63750039501658 9.72139850007722 7.242228363395623 6.239788319142887 2.3807027778739602 8.224304904682448 29.531267632194112 16.332869168287836 20.64272347740399 26.69789812160132 14.478782619649786 26.13939383622855 4.60586201681593 20.710713027368925 25.884005558467425 22.029938737911202 7.520454777533484 18.0893020844226 1.051829768959431 1.0975227444978055 6.104819143953431 26.336623020296926 15.218290559573708 11.88200045868059 1.4957149533147605 10.27536465440275 5.432406892792252 21.687727324624 9.780502231690038 11.416210157151474 28.857393680045064 4.849074564879325 27.626520548951458];


nDrivers=123;
max_D=[131 158 223 163 150 187 162 211 240 141 212 225 178 165 136 177 186 171 191 198 125 185 136 199 193 171 149 151 154 156 148 144 129 191 155 197 123 195 230 120 204 162 228 220 180 171 170 187 195 158 126 149 165 178 144 192 209 124 161 210 229 193 168 152 188 154 233 162 154 181 219 196 211 193 140 189 177 198 218 179 149 180 189 160 230 142 218 239 197 166 207 191 216 215 176 203 164 131 180 144 173 149 179 158 202 126 158 209 200 184 207 156 174 193 194 160 200 158 124 141 137 186 187];
        

nServices=127;
S_starting_time=[13 513 273 486 199 495 330 166 71 530 411 116 543 679 344 517 551 444 32 459 213 536 291 258 540 241 489 148 4 351 82 42 210 398 402 524 131 126 2 715 11 174 9 451 335 260 553 182 431 483 656 631 516 522 177 175 257 2 600 400 369 287 672 369 583 235 655 378 668 372 209 247 589 145 614 514 37 181 421 589 196 707 698 225 704 243 229 158 18 279 405 205 421 379 106 84 298 16 701 362 341 103 562 301 161 371 109 585 353 683 616 167 644 134 697 195 203 227 355 521 699 370 192 440 262 392 310];
duration_s_min=[74 62 82 86 115 94 62 76 69 69 86 88 110 82 86 68 65 107 91 77 110 65 114 73 96 68 97 65 95 66 89 68 111 91 105 94 62 72 119 101 62 79 84 98 82 84 61 81 115 91 77 117 91 87 103 118 64 102 94 65 63 77 62 117 63 98 92 76 69 113 102 95 76 77 107 82 94 99 75 79 116 115 60 63 115 96 92 73 82 114 100 106 66 113 68 114 83 72 67 94 70 97 99 66 104 74 105 71 81 65 64 115 97 86 115 80 109 102 111 100 66 62 84 83 71 83 62];
duration_s_km=[44 51 52 55 32 52 35 30 57 46 30 48 59 50 55 43 41 52 46 47 43 37 60 57 59 42 45 60 48 36 43 31 35 46 47 51 42 33 53 57 30 57 32 50 58 55 44 37 56 50 53 55 32 33 50 55 46 55 60 33 57 50 39 44 52 31 49 35 35 38 48 55 44 36 31 30 41 56 36 40 43 43 42 40 51 44 42 34 45 57 46 58 34 55 55 35 30 34 51 31 34 39 40 43 58 40 48 41 38 44 41 49 53 51 43 39 45 30 53 45 32 41 33 51 32 38 54];
num_passangers=[24 85 28 30 69 44 38 60 99 61 46 48 56 72 50 47 95 39 100 77 60 20 38 58 62 83 85 99 100 52 34 67 21 71 83 79 51 86 49 52 75 62 76 94 95 98 89 46 36 23 98 100 83 85 54 37 31 77 72 75 86 73 35 65 60 67 99 63 94 48 91 22 94 55 20 24 82 85 31 95 99 40 83 71 73 76 48 56 64 42 74 94 98 60 54 73 86 46 78 50 59 68 67 97 46 85 45 23 61 79 45 76 56 62 90 68 62 26 48 42 91 46 85 31 74 43 29];
BM=250;
CBM=0.500000;
CEM=0.800000;    