nBuses=66;
max_busses=62;
cap_B=[117 49 70 99 75 52 140 42 122 20 100 47 27 112 101 58 37 58 107 135 42 138 87 122 76 126 124 105 108 34 135 104 112 123 32 82 75 75 118 134 41 120 51 58 20 72 129 54 132 79 54 42 48 91 113 77 61 100 117 118 60 23 87 30 88 38];
euros_min_B=[14.70910810680374 12.050635285211607 11.364448479009404 4.052054212800624 1.5311946650189217 4.472111741754265 11.752506086185228 7.448720585481803 10.93880104453711 5.493125171030364 13.461624327896669 5.474448141498104 11.943669753437424 12.122895332556912 12.584799690588186 13.918498423507634 13.341347553626585 9.527021324368338 10.616042840285754 12.110730763757612 12.360550882446748 13.23202665976315 5.778986257042392 6.112317726363771 12.769517194578114 3.977837853437468 12.43423877072955 5.894716257802045 13.501343255530308 2.054798296729861 9.137860553053862 10.62942517701396 10.546057195619426 13.898418283080613 9.198467912869996 13.186385643376678 9.182444265907591 8.113629400288897 8.363858961845816 9.154347149829393 12.379523878217762 13.892282733696819 14.884075294610856 3.7677861621005437 3.8046872895611736 4.409401645958121 11.682554882400382 6.599599042964639 10.424927316900755 9.549823821700647 1.5226092389385795 9.73153014152738 4.477532010753707 14.151585106747254 9.01730522107216 3.0742922933237726 4.873838510788379 10.017543563079036 11.699729218191653 13.85646518649875 10.79589582759165 11.586104478822373 9.177276269492296 11.208381669334154 9.685161555328044 2.7211851159305804];
euros_km_B=[17.95716613712163 2.4325783058628967 16.212872216565327 22.626141071515743 1.4943185791618807 12.218929624002488 16.12099467019486 1.2276487011988815 17.908067484232618 18.437890684907032 3.314593930795616 7.40223956177086 15.515799417744908 15.311850434741979 15.253763183358434 19.816302158214985 23.169644306963715 15.34239630630276 15.586629897578513 7.660548242880036 26.15680189530122 20.19816683386039 10.468577705804275 8.678899785063772 17.40469129603507 5.313422882453332 17.64047510713189 23.583351187378756 5.881962979301667 18.8579602531844 11.179658257549775 28.95633946230072 9.230459303883825 3.228363234880199 12.178639939534076 12.754579080576152 23.081117915702265 11.339120638163008 25.118604166877713 11.908638279798142 13.302303747270917 12.780165857037431 12.165155389271701 24.55068454905914 11.044348412447466 21.47623009454714 25.491447580991135 7.317527788971554 18.788464126672586 24.169961990704767 14.607354314008841 22.814011176097946 19.136299142316975 7.025855851829994 4.2582442778233975 15.778957831969743 2.148958508303017 24.23969332134772 27.39866568975125 26.642759663353843 10.806592259638302 5.035638275856322 20.49299817877916 26.650985678794736 16.1620176986098 16.488919985454366];


nDrivers=66;
max_D=[183 128 174 237 171 180 158 231 203 175 213 217 227 183 187 161 192 156 215 184 139 121 176 183 120 230 218 197 157 160 218 212 221 212 157 214 177 166 223 170 218 216 135 130 135 160 134 150 161 230 214 125 226 208 183 215 143 215 186 174 199 191 231 147 122 186];
        

nServices=69;
S_starting_time=[185 253 482 248 615 303 39 309 266 438 649 341 296 526 243 651 671 224 66 20 376 667 502 318 341 461 608 300 121 654 49 163 669 669 260 84 2 71 459 208 48 125 72 450 326 274 400 426 667 26 90 49 538 652 81 530 167 494 124 592 715 118 153 355 598 162 719 657 256];
duration_s_min=[104 68 60 116 87 79 118 98 110 102 75 75 65 84 113 65 64 93 109 108 114 101 68 113 82 92 81 80 108 109 68 86 108 100 86 85 96 105 113 105 86 77 115 102 114 92 70 87 89 95 105 101 80 79 99 60 118 74 113 95 72 120 90 80 77 95 118 120 61];
duration_s_km=[38 40 41 55 45 39 35 55 39 39 52 53 53 46 30 31 59 35 51 44 37 31 32 47 55 45 43 59 42 59 46 33 35 56 51 33 47 40 42 46 55 46 53 53 44 44 47 60 48 55 44 39 51 44 38 42 50 44 50 47 39 41 57 38 36 45 31 34 31];
num_passangers=[97 61 92 54 25 89 34 95 89 98 42 91 94 62 60 70 52 62 66 99 42 75 71 25 50 90 98 32 21 89 74 38 87 32 87 32 33 77 55 83 45 95 65 31 28 72 57 88 64 74 91 56 91 84 22 39 88 98 79 65 24 78 31 45 30 89 41 95 33];
BM=250;
CBM=0.500000;
CEM=0.800000;    