nBuses=121;
max_busses=118;
cap_B=[63 101 89 68 106 102 96 110 95 39 138 97 60 120 53 48 63 68 117 83 119 48 50 81 133 51 124 45 88 129 35 107 131 40 85 58 117 71 88 23 47 61 117 75 32 27 73 107 119 57 113 109 138 73 77 117 82 74 27 56 91 94 57 114 41 54 21 61 139 77 20 44 129 138 39 54 55 96 75 119 124 44 88 34 48 90 58 125 35 117 76 82 33 109 56 86 91 36 50 120 111 102 107 35 21 105 127 133 119 77 123 133 131 38 123 47 22 104 25 85 63];
euros_min_B=[8.635533713918864 7.622797303338674 4.769640302218165 7.795285424243107 11.919577050578797 11.520442055690411 9.866800733268835 6.938608268860044 9.81477575434345 9.927675536425777 14.023225023950614 14.043590133050257 11.16057187954035 9.358128520551263 8.986670787035564 14.226554212758522 13.131449485517122 7.955915638143253 6.075947537771737 5.6545533651640145 6.52611903522846 11.776585829010715 14.25310228545114 8.366544197770866 8.970672146775607 5.144874053877625 9.609360416692166 13.268693452951032 9.928564807762156 9.177649762245405 9.445830104321276 3.2488563425921884 14.301413266235635 8.903756980918331 14.196089845133699 10.469918228798093 10.6834473053115 2.6482422389443148 9.487102461678841 3.4939687556668773 1.9756859021799322 4.492331670306519 3.5662271371534455 7.653557416972433 12.149187566252987 1.7867401306456563 6.946178316197601 7.782874379575993 10.268008285801155 10.74733259767095 2.899598410355235 12.255919606756676 14.583966905367607 13.482433011032406 10.630191869354618 9.769157964545991 14.394840314554548 3.888053371084009 12.566085203237744 11.73905622650852 6.209373878529618 13.771799396196661 3.2185691969032595 2.071236662120983 10.938896479487134 6.036047018252953 8.383150407590756 5.41557247931476 3.962332151154465 7.00599691923196 4.835543374271492 14.023656221354337 1.2106268499575052 6.423857272793685 4.277989662313052 1.890711283037503 12.988202135508999 7.055249130890599 12.365870983359706 1.9467816234246849 1.9068354091802378 2.282644420560252 13.427261677589009 12.569458488934528 1.0771438203383665 2.1394422711529897 1.4798139350503754 1.7627603670526484 10.586912434936583 14.091761890987964 2.662718862504456 12.965287577385391 10.59450969462738 2.400241958154198 5.530796280134431 8.04384066809101 7.0586644464947135 5.19241803008025 8.626033651331358 3.7252913461259123 7.633531103333601 1.8876545142385137 8.065545846801722 11.273687903487895 2.34470413126271 1.3570351465463781 11.753697661636993 4.606759070595312 3.8718388452880683 3.92094055811641 10.652895356162562 12.787290329062058 10.297060102922083 12.934260550825979 2.907918606607689 4.893044747656034 5.42865219567107 14.486614112346585 14.992414488441668 8.052075227281659 11.080476701185974];
euros_km_B=[17.955667035963337 12.528691421801879 7.991800191921424 28.456970215209356 14.288966894292122 29.508186584097917 1.067532325230046 27.369715218891276 6.752377193806661 4.899437846188406 14.348610423580409 5.9362725488843004 10.920631152544766 12.591245805132157 7.292441143719854 1.8757837321228936 3.6028451035061435 6.800626062143531 14.397922107576072 11.895191673848977 1.350105935017622 4.059732033284156 22.072331014337067 28.469452318750765 11.450706645402148 5.785688206900662 27.994371871523033 23.669615557464123 23.97298607864944 13.838759353012982 12.83901385375379 28.947630331656235 10.658491235052875 9.758947326740136 7.2561014467315355 12.778565039353659 12.227687016658537 11.689602474186096 26.76190943167912 25.511267416810423 9.205177310135308 8.86810791653236 28.510618133603824 15.52506338834774 9.617249256217876 17.14989315785925 10.473504968319451 4.02780453487661 23.446875721919472 17.8568399361666 27.10491220490467 2.7258953912338026 15.14978515920907 18.249428148916305 20.847331625237775 19.840665290201425 18.309126170823678 9.709123110610221 15.219403862588441 17.386288525065037 17.47569990899563 25.329423430534735 29.01534126828873 16.509381875986016 16.45279339194122 11.756787593155416 5.5511074167603685 8.46363935644509 29.89081366180443 19.977013950616133 13.067446382636193 10.50138464292189 5.003401029848942 4.9101863977199045 11.714751798157364 6.7516854623478695 15.937472134060412 9.82411031929268 20.237931239645985 16.989133950422282 27.99616533593636 26.653179197058144 3.2276489394745562 26.038278146393637 28.08997926855928 29.6367735904355 26.96280762437297 16.418973941535665 3.558256759199649 29.3688093154713 1.994872273089071 22.7592668391962 1.044227281355583 25.586660434524397 17.725230697045905 1.6651614134119788 17.82265057923017 28.63817145771044 3.5332765384910223 24.23898509591689 25.32649841897107 20.689051835673016 27.41626554550544 6.66673775728023 13.889105327225435 3.431816448556064 13.358373726430594 14.433820899824678 24.41988539337003 17.872643908773316 9.010543614940353 3.767290809975048 2.9234403735200356 2.195422428534637 18.22257246879316 7.079487019727994 16.432566345717163 16.597069172989677 28.46664751188345 20.75474091982068 6.805094200417472];


nDrivers=120;
max_D=[156 142 136 223 170 188 199 125 151 127 177 207 203 202 226 220 172 159 165 121 185 176 231 131 153 124 227 149 228 233 172 138 145 226 174 186 193 138 217 195 176 206 193 239 125 136 166 158 202 212 235 168 240 182 170 202 237 174 139 160 125 236 201 218 137 148 189 171 159 154 128 129 212 191 203 165 121 188 207 146 227 162 175 223 140 177 229 203 237 238 197 121 176 151 156 176 238 215 169 179 147 168 223 165 185 186 187 186 170 225 222 186 186 240 177 219 124 127 125 225];
        

nServices=122;
S_starting_time=[84 563 592 516 286 321 501 451 108 401 418 512 475 563 599 485 49 23 401 405 136 635 214 695 293 405 84 362 713 32 433 376 493 56 121 317 376 705 364 324 119 148 425 400 588 273 279 688 45 244 685 297 358 285 384 369 480 180 641 140 656 30 51 391 594 662 581 622 42 543 367 668 124 696 646 639 121 177 232 528 203 41 205 127 143 342 332 19 35 56 167 12 673 269 386 434 283 83 662 43 17 57 395 474 650 157 1 251 121 570 80 661 98 71 401 637 477 6 87 451 464 133];
duration_s_min=[97 105 75 85 104 111 107 81 63 85 73 117 81 109 80 72 66 119 102 81 108 66 117 77 96 88 77 64 88 81 116 84 85 102 92 69 77 98 111 107 99 108 73 70 91 120 105 90 91 102 95 80 67 85 90 71 78 109 70 74 97 90 106 117 72 90 79 112 70 106 120 83 97 95 73 86 81 105 107 77 115 105 85 104 119 111 92 80 97 91 71 102 92 94 110 111 90 77 104 88 64 76 98 102 63 83 73 120 64 99 61 67 61 64 93 103 112 102 90 93 108 108];
duration_s_km=[53 40 44 33 59 54 42 30 54 54 60 40 30 55 37 53 55 53 36 46 36 45 38 34 43 58 58 44 52 51 54 45 49 32 38 48 47 47 58 49 34 58 45 56 44 40 37 54 39 35 30 60 59 31 37 36 38 35 47 49 50 33 33 45 54 31 39 44 38 41 39 50 49 44 49 57 34 30 40 32 54 37 31 37 34 39 52 56 52 49 43 57 45 40 43 37 59 44 60 56 60 37 42 33 42 42 32 40 57 57 47 58 36 32 45 48 49 60 43 40 48 36];
num_passangers=[33 33 50 53 42 97 73 97 73 74 67 60 45 23 80 57 20 76 29 72 90 77 86 95 57 97 31 44 85 73 78 80 41 61 51 33 20 21 43 100 55 29 93 34 22 51 25 49 45 78 37 47 71 35 22 53 27 78 39 24 100 33 28 97 26 86 53 26 36 90 45 56 31 31 41 46 26 66 30 55 55 66 92 75 20 77 65 23 63 97 49 63 88 100 85 61 98 74 91 32 82 62 29 67 54 22 96 25 72 21 58 44 83 84 49 63 21 25 41 78 79 48];
BM=250;
CBM=0.500000;
CEM=0.800000;    