nBuses=113;
max_busses=106;
cap_B=[29 108 117 122 29 117 90 109 45 22 75 76 124 76 42 124 98 54 52 127 27 77 60 89 121 124 49 29 90 41 47 86 30 32 87 68 122 22 22 47 73 125 47 100 139 23 97 53 126 101 59 90 92 82 140 107 47 138 56 134 119 26 105 50 122 115 20 51 21 77 109 71 53 69 113 66 53 108 99 104 64 60 91 102 114 27 77 32 57 27 118 113 44 36 111 24 71 73 99 136 34 23 97 64 75 97 108 121 132 70 32 56 30];
euros_min_B=[11.826171949563197 2.7066418994477424 14.824551362880301 11.347796351537678 14.982020508007718 13.947373969744518 9.063950567228716 1.9766149304853995 3.57095421006019 14.896440772663047 13.291646603205544 11.88714110009846 3.216252008065336 10.171570003241667 2.556580495078717 4.7237838119750855 13.903609694640929 14.696267816012956 10.915305335138282 8.952381104143486 14.916498157519898 4.941937847455042 9.388847055135383 13.203329572833185 5.230944507675686 3.093842352553454 7.456336099925236 6.242323391606096 8.026852805527811 8.282842403824324 2.864465175560122 3.008785366232104 9.884625020616358 14.796877412925781 2.329210064820573 13.824248308588846 8.726691562477734 8.634383335957551 2.262828329943212 1.93602492340336 11.609458975271963 12.031035426066426 9.230730394554298 14.888771987369523 4.064249956688068 7.106789628728 11.511590651646316 11.76089362158024 5.57807310183472 9.547032704536168 13.30550317727195 6.807215105387419 13.614024742020721 14.88927054851499 2.1333056346646426 1.233877186947281 5.294804419489163 8.178319571912095 4.829963501149086 3.127226836926472 10.452539773472553 8.996614793190655 12.578872144296978 5.010693548247469 13.764042627880713 12.977095168387708 8.900313363266479 2.9688510207835046 13.980941822745736 1.924406401165344 7.382313135458506 1.1099485640902593 11.784003006216325 6.051237965665117 2.5887962946871133 8.457673128576964 1.3020789039568714 3.447577841844174 5.720934631385248 7.0201332078753 13.722718945077705 4.52228378964205 12.683175907894293 8.920118926237814 10.269215000530483 13.320545903365923 1.9373713183848853 6.168252156471907 9.410482512352738 11.457912989326852 11.745063079037257 5.978415047437895 7.3637007401135754 5.950227125990033 1.1455115255778308 1.2727164345202173 5.025546722816898 4.245983764111392 4.142556915396443 2.39601962074716 5.95982831474262 10.687362468260124 10.024433490250868 1.0111178457878283 7.689009239691263 13.722322875479101 3.7009162267206954 11.140281796566327 11.052749258073154 6.40051694162474 8.922671651770386 3.8955277133775663 13.904706123736815];
euros_km_B=[24.09609980481193 14.296187599772484 1.312249948323982 3.523586830780445 21.65102995165186 3.4373380859798446 4.174224921484951 26.547304102519334 22.950030687015822 13.21140899742447 3.144069905942799 27.438742366036237 4.829183874291436 18.843986421690648 5.258794708984563 2.6736535045733674 13.219626065294108 7.120675364997603 28.16817488292241 17.801697208587434 21.106793476492086 13.25311844153511 20.9869530366468 10.191111427338873 4.664594772899327 13.701071853722034 29.893791270146437 20.044064743016836 22.309354702444345 24.682647897775862 20.576313092232866 10.83881648609437 11.600530619409758 14.978526965084138 19.604030577696946 27.989691441556943 15.180500595853943 28.350871747703398 14.562586149242774 12.051524143770429 3.72793810484742 13.689428077150218 28.882674303914687 24.802382812311535 22.784417593655352 18.172056975051238 2.8804023565188843 28.612243454480925 26.446409459932205 5.9469662315338985 13.75050143356999 13.48882761364275 2.6897299721766155 21.957859429341656 3.8560221077977843 6.260389822182535 6.11362915888391 14.349190102500382 2.544478263846187 20.413402188353807 10.139616715760154 3.056853892707549 20.50824321613242 5.834004795496469 12.81035899908461 18.799367507838635 11.760532586115893 14.381133422971663 12.967148851904167 3.8813995905858336 15.558727307784924 27.72983635937967 20.72085009411085 7.463210832128716 23.653970144255467 7.760703321925767 29.051764599143095 17.59849666961775 15.347134475138626 24.340017119938096 13.947393866359427 11.112574106327008 4.119946191453532 2.851394513693498 16.342501805052166 8.527897677495933 3.301728843644497 13.870452875363382 14.769643334839516 22.177172985165992 27.213415508571444 2.6810901955847477 6.0012766043999655 21.098553904648536 6.581809503082204 24.48584447022986 8.682823068646405 23.576048078238003 8.650844403314856 1.051381175025099 29.22150315532338 6.433381182066031 15.477311283990929 1.5688612717508084 22.0988650533247 22.348936988436797 28.72891385378501 29.372369262639886 8.535357381339988 3.2728641709035964 29.306161649932072 13.95834182960953 16.662992108106394];


nDrivers=108;
max_D=[238 220 229 162 185 197 158 158 183 179 162 213 159 205 237 155 129 167 166 154 186 143 217 227 231 122 205 176 185 153 216 215 169 157 211 180 175 120 235 216 146 236 221 167 176 218 179 213 177 223 136 130 171 177 127 157 144 149 138 196 184 170 153 163 168 149 197 160 132 174 209 233 238 214 218 149 188 156 151 155 219 148 196 206 176 131 120 240 139 239 202 151 194 159 218 196 126 179 211 201 137 153 136 134 191 180 145 181];
        

nServices=114;
S_starting_time=[75 338 279 702 124 147 225 356 659 355 275 625 170 32 378 493 98 414 391 389 371 21 715 703 267 71 288 134 77 68 36 331 439 182 665 168 427 106 707 52 236 17 660 336 664 386 305 430 613 488 420 173 622 556 129 669 235 150 308 71 260 375 716 372 402 699 553 604 592 193 16 523 269 453 548 329 381 266 65 29 66 200 677 54 317 679 29 51 625 240 416 432 110 625 592 84 271 297 654 18 185 686 25 184 144 295 519 10 497 144 254 338 657 352];
duration_s_min=[79 67 68 113 63 72 96 68 112 65 100 88 98 88 81 65 104 86 79 120 100 79 72 111 67 62 99 112 116 60 115 98 80 76 80 108 67 79 84 74 83 82 108 65 80 92 63 81 71 70 74 108 90 80 76 112 110 80 115 97 82 90 120 66 74 96 65 101 88 63 103 106 64 66 118 113 102 96 109 87 104 95 97 63 94 98 78 98 92 71 67 120 85 77 115 75 78 98 71 114 64 82 65 93 91 109 111 112 107 118 103 73 65 72];
duration_s_km=[44 54 51 37 48 47 31 50 60 33 39 47 59 54 31 45 38 47 54 48 38 33 59 40 56 57 45 36 46 39 38 50 39 35 58 34 48 30 50 56 30 32 45 50 45 60 37 35 33 56 42 35 35 41 57 56 48 49 47 48 42 42 38 46 60 30 32 34 34 51 50 36 54 47 33 51 30 53 34 54 57 39 44 54 31 41 49 38 32 37 51 51 46 37 42 33 46 56 40 33 44 53 33 31 47 31 45 35 42 53 42 39 56 43];
num_passangers=[62 57 89 45 39 38 79 97 50 38 65 88 39 82 56 20 34 41 68 28 75 68 77 54 49 38 75 37 57 89 30 89 93 55 98 47 68 20 84 93 99 84 47 62 54 22 20 38 93 83 35 50 90 61 24 94 61 90 72 77 59 77 98 29 26 43 59 75 37 92 25 51 21 61 88 43 70 40 100 51 47 55 28 21 94 21 54 98 31 26 79 29 62 77 91 75 25 65 53 79 93 24 41 21 45 47 94 80 26 72 61 23 89 96];
BM=250;
CBM=0.500000;
CEM=0.800000;    