nBuses=130;
max_busses=129;
cap_B=[67 80 137 125 70 59 138 106 52 123 83 107 68 78 37 122 76 88 139 107 122 127 27 124 47 38 95 28 71 27 108 88 47 97 101 48 33 52 34 26 67 76 108 61 46 115 97 132 101 138 91 67 77 39 100 76 134 137 49 31 35 97 75 36 113 114 136 26 34 59 41 49 108 92 65 50 105 121 114 84 67 122 135 94 56 42 132 113 85 38 58 113 118 51 56 57 81 80 133 26 61 88 107 122 130 138 98 107 71 75 81 36 75 108 122 97 27 94 111 57 21 59 86 45 39 52 70 90 133 25];
euros_min_B=[3.1930359198947427 2.177876235072139 6.59711193711459 14.292715833897306 13.211439126066097 12.468302616822283 8.189112199271833 2.5698843223384937 10.824053843156998 8.442992525635582 5.378429736041609 11.664978408319705 3.0172949186520235 8.110266388684217 8.220987915633202 10.118912207656876 13.918464581204265 14.802973623836237 1.9353784966605334 9.762632307562145 14.004594999986734 7.3120404246770665 10.321376592810617 6.659236634857795 2.7530947932067136 7.469093901055341 1.8220263447593548 7.224990542465395 6.444956359902168 7.47073785559465 11.53027858135721 12.271599910934146 12.311128916355605 4.527507754142315 4.484826664626272 11.432307471422567 7.618608079283189 7.690218386104533 13.12601432410391 3.9775375800064756 14.082364026778086 7.395930094161637 2.0508064934932557 5.88662020535711 12.137858924508443 13.790037353156867 9.718995269779088 4.300077425128599 1.8941821037961382 10.573782707797479 3.8949791048212594 13.313252961509118 8.87842738416192 1.8094789453643647 3.3507141260434468 3.2768652818821913 11.16299487493973 5.620634464664393 13.606031679874047 2.980410796007037 6.9261650084669855 6.8740629216462725 2.6651546758038624 14.504729960351247 14.0504073682994 1.726520991168773 7.664583210949916 5.3782112267198485 9.469373335911111 2.6328899354470803 13.230491493740525 3.8498479604562172 2.419544396202488 14.309831534435208 2.297516166308904 4.880424118586265 6.547441914420387 7.588899370654071 5.775105116547766 8.478760324499463 4.875848326377611 2.810139591634547 11.153387390626008 3.649813863672785 1.6821768163486697 7.616840323417588 11.982839723925514 9.949070519571967 4.331892291452369 6.140037422416117 12.575118637449204 10.326942515569359 11.894844745206358 1.1647607817691688 4.948836646613874 1.4846872200118297 1.6524107528877114 7.70293445906197 10.686764243120479 7.078804328779356 8.067658238024594 2.4521465689089457 2.616125995542964 6.045114569004656 14.098161820810132 1.7584935539446311 7.23158538672204 2.68003485853004 8.907561536662836 6.975849414306606 5.199727436428434 2.266315840851766 7.2969001869967265 10.852450444465466 11.012707007920309 12.119723271630491 12.391361171103341 3.4082042231440903 4.537540627211803 3.939376462677047 4.464859445003649 8.615115886799526 11.939799644023772 8.041625837008358 12.355508883611938 11.03340787987005 13.967155382882394 3.6592346614016993 11.517690206153036 11.683881798170528];
euros_km_B=[3.3546196489446856 1.2850212457957155 5.046397694828545 20.68063600213048 13.574313386668557 22.31753952173431 18.523066894449954 23.89773821336892 4.8927265816980725 19.728190804763777 6.348460827157277 27.53974361794387 8.559993753321189 29.606573309143062 3.586030771514415 10.955432170825688 2.4719986432092633 13.51151155087673 8.50430982407174 28.38622462580157 17.046447261896386 2.956546746766956 9.664492130804867 13.481029133822783 13.387276519527752 22.98426564276271 5.241048147618462 3.639399940719641 7.897148686482999 8.358802198511103 11.306898343583994 17.575087131222563 5.620888114370982 20.63285978020909 27.016225299441405 2.0884726553608908 10.904949688004802 28.29029689174531 14.563508695079058 28.47023874034407 16.555549936677856 11.811887235959405 19.1241870736607 3.3916010813636523 22.915521691429227 28.998038465275158 16.52729575308374 18.117617250743645 5.040601959807042 2.9183512622300705 25.027472634181994 11.4186423588507 8.273540035297753 29.493840664268383 2.6254784229774772 19.120767818901744 27.04141436375677 15.614031502059586 1.373793765243537 18.472380927178616 14.562135362927314 25.07091240455316 10.880125677721567 19.676382505335315 29.562093579604884 28.88387427588331 21.59388172683608 26.585297885264243 10.30539302771081 4.583927820010033 29.871420092278683 2.613120608149117 27.698688594062933 3.3817608010986744 22.798238273424502 10.633005228827123 19.242366064251648 14.518140213437203 3.16234460969077 6.980676005147828 8.589140362177321 28.68387768927724 21.71687664936948 5.450462950503141 9.909594457151865 26.95622868056352 29.79697473235197 20.20462208184047 24.998437658803866 13.43593724548125 24.378261826332714 24.79911432250808 3.6829799559186776 17.675349696284574 7.843658297421449 27.41000501330717 18.53754213042711 20.268239354897574 27.14324205687714 18.861459237969775 29.583618764906067 8.848238219714997 27.744152131482533 14.293962793607477 21.047221694765405 1.5896582897203806 16.493776138066064 13.821993603229352 1.6457699905743493 27.411647528318635 23.974652441376172 26.065164293703045 15.937553315048998 19.83846846201168 7.0450447390038 2.0442706379886064 2.667779222434242 21.616910437763046 28.432029597326192 21.232587311401634 5.941012272155337 5.555922549608887 3.6684934350035876 14.962094437045092 17.998312700466936 25.737088469864567 6.991374208788532 5.264978458134156 20.193039734285282 10.73870727301343];


nDrivers=127;
max_D=[212 224 196 228 156 161 164 155 202 186 193 136 235 235 213 219 124 206 224 160 217 137 217 229 198 141 123 169 143 179 149 190 172 236 214 195 163 204 229 229 198 206 172 198 126 179 170 176 234 203 170 213 186 145 174 199 154 194 195 209 189 187 188 181 126 211 179 216 156 213 205 187 180 184 216 191 180 134 127 163 233 147 141 196 140 135 231 169 227 137 171 156 207 202 147 151 168 197 197 234 128 220 201 236 129 225 124 152 169 139 131 197 182 240 154 217 166 150 185 200 122 174 223 183 196 127 188];
        

nServices=134;
S_starting_time=[454 146 47 8 438 49 96 604 644 587 97 401 49 567 360 81 257 7 206 15 101 594 634 31 498 289 380 511 146 450 387 647 593 458 126 424 314 602 147 383 300 368 125 443 717 377 650 673 448 284 157 258 170 0 282 41 140 589 173 424 47 334 495 226 466 77 152 308 251 326 691 430 105 174 656 362 346 240 99 119 517 183 144 522 342 575 532 434 247 550 225 689 702 555 157 123 387 451 33 563 42 556 563 574 508 467 649 156 275 5 640 227 29 276 413 391 380 85 371 152 98 329 466 95 438 241 631 652 494 483 32 569 292 223];
duration_s_min=[117 80 80 63 118 119 116 78 68 86 86 103 100 84 65 106 97 63 81 99 86 118 64 82 87 75 112 81 80 71 72 91 88 112 96 82 66 105 70 65 84 96 68 83 95 111 112 99 102 116 93 119 112 77 83 113 101 96 114 109 119 71 83 73 68 85 69 75 82 84 99 82 93 88 98 106 95 94 90 65 79 60 64 102 60 85 90 109 96 95 107 78 75 78 120 112 75 120 89 72 105 87 66 96 94 80 101 83 63 87 61 89 103 62 107 91 107 114 119 101 60 67 100 102 70 87 63 109 94 98 82 120 110 110];
duration_s_km=[33 37 54 56 52 42 44 33 38 44 59 48 41 30 34 35 58 46 59 32 46 58 52 56 35 50 52 36 37 57 52 48 52 56 56 38 30 54 30 50 32 50 48 46 33 32 45 47 47 39 39 37 49 51 37 34 33 45 38 44 43 57 37 33 46 49 58 46 58 32 37 30 43 45 35 52 52 43 31 49 41 51 33 42 32 59 45 39 46 48 48 57 40 41 54 44 45 34 49 51 43 59 51 55 33 46 45 52 55 60 52 40 60 60 48 55 53 46 38 40 39 51 43 41 39 51 43 35 36 56 54 43 49 45];
num_passangers=[60 65 97 79 91 67 77 95 40 87 39 27 44 27 43 83 32 93 22 72 53 38 35 63 56 49 89 54 52 56 43 79 80 26 52 53 38 69 76 79 67 66 92 50 56 59 75 42 39 94 85 29 82 59 52 90 65 88 57 30 98 97 89 97 41 63 26 77 40 72 85 98 72 36 20 96 70 70 29 73 44 89 85 76 32 92 60 40 67 92 72 79 77 31 43 69 44 88 20 27 55 23 60 57 75 54 78 76 38 85 68 38 21 91 72 74 74 87 76 27 20 21 85 61 20 100 45 28 73 41 91 25 27 39];
BM=250;
CBM=0.500000;
CEM=0.800000;    