nBuses=121;
max_busses=116;
cap_B=[95 136 34 64 55 63 59 70 107 108 103 37 67 96 134 47 95 39 111 124 108 82 131 97 68 65 37 85 116 116 20 122 29 55 130 81 104 35 68 22 108 21 54 95 131 92 92 59 82 55 86 117 82 50 27 134 127 107 76 34 91 25 105 23 94 87 72 48 41 106 97 48 93 70 38 77 84 57 54 33 49 69 67 93 98 25 136 51 73 28 21 44 36 72 114 20 43 134 40 132 65 36 81 54 80 130 39 21 75 28 113 76 89 29 128 125 69 31 86 42 29];
euros_min_B=[7.035314964647634 14.107254427331112 8.692130543349585 9.657382585445713 12.219246726930102 11.368914705570663 11.25979857371435 8.002568807867641 8.5237845814939 12.534205500279016 1.6370392629536379 9.159417977316807 8.725878906488491 2.054538142736675 4.534261516461342 8.505557274755287 1.6152998334885484 12.090326107711533 5.829687944219493 3.433216220516263 4.864907702730422 8.81844584817243 7.589234136496711 2.4788538692196225 13.987750272761051 3.367466543315813 8.223187114898916 1.1196659814747183 2.230461951616967 7.796502443127528 7.537978975386475 5.235474718156109 14.620510305770045 14.7882606372734 11.854331845422147 2.7785540398631015 4.165546735419975 2.3511677993273734 2.0612953194312187 4.989615266396077 5.431317278085861 5.38574963026918 10.540461091418353 2.0390634011944426 11.15094965067898 5.533314279208138 1.6604576198958496 8.067056916209955 12.122938844561856 13.400408349303369 12.61069816202123 7.865630176036989 4.2000531716406435 11.979633971895396 9.135001147362914 1.6299187829146282 11.060645304598783 4.862678541831052 3.6536150412807404 7.2935850697824645 1.0586255613825994 9.92689927795334 5.44144375788453 5.786352242970578 12.469368817848759 11.075334266914997 2.2963693791913955 10.753418794483965 8.556435104101972 3.1409439909099266 1.4503343143635241 13.899859673763716 6.416847929527976 1.4545306885287284 9.789591219346317 5.220860224299638 7.55305945691514 7.945029601728226 8.474645778023536 4.946644861253117 5.946324131616155 14.759385083852155 13.586601211748597 12.988819734930225 5.3940005688251915 13.77600156264862 4.15094866906587 4.904874198559834 5.950157369771959 13.6143781691179 2.4706561967490512 12.5356043954013 2.7981457338932927 8.96826491674597 5.516940874272437 12.473767926661042 6.889792150732969 13.10832757181161 14.617351875245934 10.264747934897258 4.291847249040752 5.495020949935029 13.4348077331218 14.225363758952922 12.430192248559864 1.5520661601037768 13.940227241196238 12.4248540349432 4.809187641257445 9.022890463971601 5.176667538062137 2.7263172165947047 4.498711173928148 9.418389342512057 6.118457354711865 14.566169609891757 11.015032675978276 8.26740595999133 8.083352106720952 2.8355588186286917 1.126623210171898];
euros_km_B=[28.146544298467592 22.029067077984294 2.215263912410084 27.60322298085821 15.929477970509438 24.91452813545039 18.306052121973153 4.18107707186765 8.378971431592792 10.81735683094961 6.5001958220227545 24.954857973242866 3.199045413836256 7.682889781382061 24.008543100792668 14.709093465607488 17.485102856775633 27.1860582985609 15.109445527297444 23.80082348421935 8.117865881461043 21.280429747491354 19.64417695429339 27.052819674938267 2.1370572375875567 27.411055387401195 10.206778176716528 25.62948253601344 11.175664296197112 10.503459798293534 28.269348009604126 2.1614493277834512 17.596746626303368 20.29100937521396 1.8181380217111265 21.01365107761967 2.681466862178883 2.606546938851106 25.767681219010303 15.81729668581151 4.69021197009465 13.137831199061681 12.37924430968312 7.328608917955654 9.052517759861189 2.882349876235375 3.2550241498731998 14.586370990228643 6.678457006555971 20.44640862692114 25.925405403544918 1.4235439543437203 8.05365890345784 21.04941457780204 2.5684314244014965 6.6669266680192365 21.536756148091634 21.48620659081211 23.581133739022068 5.441343496120382 28.15935039975071 20.030848198311975 11.327431580537283 1.9881595436906867 22.84042222491303 3.4195102094558436 9.474834682129446 8.908484232722952 2.4772475305121184 5.400846235799271 4.205717412195848 7.656136005724486 25.80602389746708 12.694444078119279 12.573505797866307 10.752999205680451 29.248478833282686 26.603778771501386 21.8939184474789 20.729318006782133 15.293339102215068 20.778907808340904 16.78165444871448 1.8495292392656355 3.9841215883125067 27.859179035245734 28.09737563230755 28.272981869271977 5.341171321849801 21.528858007002217 12.488289205144833 6.680987644456666 2.50125097927345 21.576394212961553 4.045430505366506 26.82849088646899 28.314841878806618 22.342253123205637 13.533535809383444 9.948638632061382 14.681393253573278 17.81813169511217 18.945839209504857 27.81705847489279 29.44764577883344 13.623184136376285 25.075750539236395 17.08122825632216 26.17740366688273 25.20419411897549 5.420605773982132 7.015730879016751 27.471031472090278 29.51744996957436 13.569524056269136 19.61440452094687 6.866367166481518 6.060307366557305 12.984039353538028 20.778448019414707 16.48566923521848];


nDrivers=123;
max_D=[169 165 215 156 123 136 190 159 186 212 153 190 198 229 128 180 182 237 143 227 134 209 196 201 223 220 151 228 138 176 138 165 165 156 173 229 223 186 231 123 201 193 169 200 124 176 145 162 155 221 150 154 189 234 131 200 166 227 223 223 181 239 205 132 165 138 172 214 217 217 177 233 206 153 157 164 142 166 127 127 217 198 233 214 164 230 154 153 150 224 174 218 121 226 173 171 232 199 190 208 152 160 174 158 182 168 169 222 233 120 210 191 184 202 201 180 240 171 223 172 214 167 191];
        

nServices=126;
S_starting_time=[165 57 92 312 521 76 442 627 26 96 638 4 264 513 272 127 224 137 107 163 120 674 430 674 304 270 557 569 480 303 402 584 195 85 261 100 447 633 269 715 648 584 682 433 549 188 76 497 184 167 429 523 39 425 585 435 383 291 274 240 694 185 453 553 270 45 244 696 680 38 211 290 158 615 363 7 18 716 173 560 678 451 472 62 27 120 306 550 263 713 607 116 665 210 378 40 496 404 285 679 72 5 680 703 499 471 164 609 665 336 274 543 546 9 114 462 28 0 454 691 272 84 150 161 513 478];
duration_s_min=[85 105 68 62 63 90 116 62 75 94 113 85 61 120 61 86 76 64 82 114 98 82 97 84 106 99 69 110 78 71 91 71 74 102 76 73 86 98 120 70 81 93 96 61 68 117 118 76 115 81 67 113 116 96 61 97 73 89 107 75 119 89 62 111 96 102 91 96 114 112 85 77 76 72 79 62 98 111 70 90 96 69 101 87 63 97 115 86 108 115 116 73 88 118 61 92 73 97 92 103 77 113 112 107 97 81 72 111 71 75 118 62 84 72 86 113 71 60 100 77 97 114 69 86 82 67];
duration_s_km=[45 49 44 32 55 30 59 59 44 54 45 48 48 51 37 48 54 43 49 51 58 43 47 49 36 36 49 31 42 46 54 53 39 53 34 36 37 31 42 38 40 46 57 55 37 40 51 56 32 60 44 55 30 39 52 34 60 58 39 49 48 57 52 34 32 58 33 44 57 33 44 37 37 54 39 50 34 48 30 30 37 53 58 54 39 31 51 43 51 54 31 51 38 30 46 55 60 39 56 38 49 42 42 32 31 36 38 60 42 53 47 55 49 34 50 53 57 60 53 58 52 31 52 39 30 48];
num_passangers=[21 34 82 61 51 26 56 60 46 41 62 43 94 58 23 50 69 52 45 40 38 64 48 70 61 53 94 61 94 21 63 33 36 59 66 79 53 52 41 46 49 74 41 40 79 66 26 68 55 98 98 94 71 43 36 64 58 45 21 88 80 60 86 61 25 51 62 85 39 27 37 67 51 91 43 73 37 36 85 87 76 58 43 87 35 95 82 47 71 64 65 74 58 94 58 49 89 32 97 50 62 56 74 35 83 68 94 33 24 23 36 21 22 39 44 57 27 27 76 20 32 75 30 70 70 92];
BM=250;
CBM=0.500000;
CEM=0.800000;    