nBuses=66;
max_busses=66;
cap_B=[99 59 96 72 81 121 67 41 32 97 72 51 63 86 132 33 100 54 79 58 91 113 90 105 57 34 81 104 76 39 95 116 51 120 81 111 138 57 110 117 70 94 80 74 96 95 38 116 74 49 115 111 75 135 26 37 94 20 104 89 91 109 123 32 137 30];
euros_min_B=[9.754587066371696 10.704457357430936 3.9196882609968466 12.015878097559874 9.260886175021744 12.837452555923877 2.5765380399218643 9.819763883631877 1.8084200666526293 14.03607173974347 12.353355192200945 5.987299472329703 9.650982057886228 12.018374077527096 12.759788697203101 6.146661664371623 11.927771081906524 6.412791563267032 1.9922217480102014 8.122820500096651 10.491232272831212 9.314099710211106 1.8138699377665772 6.709926297315585 12.537047508761033 9.045417390703399 14.75396453721421 2.148642427826667 5.8779613952697956 13.206681553635311 11.954833092531553 3.0554201731395727 13.541312772563252 14.134490262955829 4.217179258808065 2.647613862196919 14.71749166580646 9.953346986169043 11.106577932147514 7.48840719700598 3.7940132133913558 4.547097007273743 13.240865623165876 7.422397831366606 7.808141583868226 14.31378425811261 14.3512534185074 5.25713345580011 5.857560164494687 12.458552284462264 7.53792905425931 2.153032992675433 2.390452595463135 12.226939699998427 5.181315663165959 14.895330027023997 1.9770980939781448 3.4853397715943606 5.124270083825744 4.778014833570703 6.987976727222096 9.054229938404859 11.383756639190404 13.54782899363503 4.024273556864689 7.940371936427389];
euros_km_B=[26.092997901694535 29.726826786754483 12.9012446092501 10.93135901856056 27.322618575213905 19.17908732182289 21.188478513116397 11.92840418175601 4.705327625582228 24.093276665199404 2.529525332547203 7.2307919872500195 19.968979341475336 8.673355771577983 11.125449667102194 9.09260343839323 9.735371395717735 5.621508119676417 5.977144103435483 9.576901608284775 7.252526660088104 17.740803272420905 20.83915505221597 11.207950957657916 21.178827864281015 16.358717779801424 3.4517403522043195 14.235210710786722 27.45534339468997 24.5241891222817 26.544880447132954 11.62754110679044 15.71232931349457 27.506809338271445 10.567654750056018 28.593644302395 28.074381212117395 5.110093265647208 19.98978661516851 5.993763564519062 29.321783659583144 2.055563743813704 8.578663701074655 28.040346792637724 16.132484876708205 28.64785449366052 15.527784148411314 9.612028698501092 15.32936390961862 1.4502488757167218 23.847553634865978 8.289058284647659 1.4674197106422993 9.190693933929463 16.51726383725943 15.670372453963246 11.527268082171478 19.91698178487775 18.926863844207368 16.334859118427126 29.410328146665094 17.677003723996076 22.278052851375968 7.26941930023496 6.835997725729461 6.101057963220166];


nDrivers=67;
max_D=[184 147 145 186 153 132 173 193 198 187 201 215 199 185 240 240 189 209 217 215 230 196 156 194 127 159 231 191 210 212 170 185 166 215 189 185 220 122 143 208 166 127 239 179 152 226 140 137 213 199 138 163 193 165 203 226 189 131 124 143 156 232 139 186 211 195 200];
        

nServices=71;
S_starting_time=[704 50 477 39 126 287 160 295 386 446 297 305 591 585 427 72 183 303 52 157 459 552 493 347 534 49 273 336 180 253 229 551 321 373 476 577 216 718 471 375 661 685 88 425 705 374 380 418 310 219 532 658 161 351 658 529 415 88 442 411 314 549 111 88 412 486 459 240 447 396 9];
duration_s_min=[98 66 107 113 91 107 91 115 67 105 61 103 71 105 86 102 71 62 106 65 71 113 81 66 77 117 105 77 85 79 73 78 67 108 67 85 78 70 102 90 114 72 93 100 72 105 73 64 77 62 91 61 82 119 89 79 113 114 68 65 97 70 111 101 111 99 116 81 73 111 73];
duration_s_km=[57 49 45 57 40 56 34 45 46 44 59 50 33 33 37 49 57 52 46 54 58 35 45 39 31 52 37 43 31 48 55 59 44 55 51 41 33 51 30 50 48 56 32 52 49 45 46 46 39 53 33 50 34 31 59 43 55 56 50 60 31 60 60 44 46 39 49 31 50 42 60];
num_passangers=[65 44 97 43 40 75 97 79 57 20 60 35 86 44 45 21 99 98 88 58 74 21 93 50 37 61 24 24 83 50 99 69 98 78 20 46 83 85 35 41 86 75 75 23 79 37 81 55 39 39 72 53 68 59 76 37 52 74 99 69 24 63 83 32 93 44 31 92 74 34 80];
BM=250;
CBM=0.500000;
CEM=0.800000;    