nBuses=68;
max_busses=66;
cap_B=[52 73 72 70 89 132 54 123 57 73 77 86 26 55 118 70 53 92 136 31 73 128 119 134 108 123 50 23 97 117 55 110 129 107 97 74 70 89 135 43 131 105 60 133 98 97 54 28 27 93 44 135 51 77 42 76 46 105 122 75 82 118 81 99 98 22 123 106];
euros_min_B=[10.616577610728092 8.84675169191756 12.83438487501792 14.13027608713084 9.782333912319238 1.1854439881304555 4.242197901606707 2.505579651375747 9.403008059163158 13.098129454017576 12.800343204561845 11.889199160889218 11.096672115138821 5.3069590274767755 13.480177279779058 14.597008326489977 5.890372996552573 10.850200285689137 7.304649171464699 10.011912433604339 4.352980446352612 12.548398445553193 2.8642338291209453 3.6983090640542864 5.0518203882655435 3.3136372839532884 8.283699807883432 11.352225627758735 2.4272482741489196 1.2058478068647152 4.949218652293978 6.981880207858675 3.695608717666775 1.2960688996664882 11.567644686532665 11.831017753002897 11.095524936946532 1.0633869148889994 3.2801176080927608 9.228982108770694 10.865420541030405 11.667648014921696 3.147072536445557 1.3936749111902593 2.400949461771045 1.7151489506142394 14.00826782397061 9.477113455043458 2.439826479443814 9.336140269279277 7.506278846126474 14.921771874750501 2.2545292659257345 11.755716387828333 12.747592973736388 6.7353410599084 8.529849944223702 10.954352039172319 7.175146127062318 12.423137424428903 13.007628072783248 13.58198494939187 9.35842434360597 12.947101456283855 1.0987516840027605 8.77027467843387 2.978207181319858 7.721896635831129];
euros_km_B=[20.872203423013115 18.98693409493788 7.044202546319362 10.67615880480784 21.837375545712426 7.420768339463398 17.974890773508243 4.136375065827371 18.285993811984515 8.698444328155231 11.216242892648252 14.003153205772028 1.8160502404466174 28.19187687365506 29.52562918124128 27.016450072953646 29.845873216602985 23.8532541392813 5.52600737779054 15.78041078503423 17.199945738020702 7.202307710381149 18.2749347358991 12.455217696103349 10.029900337546401 24.599504149116434 9.541373254722922 10.866025108470897 24.147597178088116 12.971769865363289 19.154029719701136 24.369303689219368 4.789304769687859 2.290010207456266 22.158775612331638 22.01540618426198 15.968640287182906 20.572764019095114 29.835287388548434 16.240883871185886 17.232425113183687 28.225439726983076 14.375782888594303 28.716641925813384 16.644726461590125 23.782468521150363 17.09182215944497 11.639013000186111 23.867820719483248 6.577909097658638 21.330074833713432 19.16152964702025 19.837891837875823 12.005641757815246 18.167418869767335 14.516968643657059 26.99247352772737 19.999517929506105 5.784649075948146 1.927754389000964 25.500196542713333 25.226861651610424 18.26195725077618 26.00748277570598 5.991763150965816 20.752952498665497 8.238168492760263 21.659909346950858];


nDrivers=66;
max_D=[159 234 215 186 190 131 236 214 203 148 191 235 197 145 184 230 140 211 225 128 151 133 148 225 205 134 220 120 174 229 171 156 126 157 167 235 125 138 178 236 209 218 138 165 173 187 232 212 195 122 147 168 239 218 122 187 162 182 205 225 151 152 154 183 173 197];
        

nServices=71;
S_starting_time=[592 182 313 639 306 306 350 573 323 500 663 558 277 586 500 337 245 617 28 41 274 309 689 697 643 93 550 669 14 5 261 685 4 556 259 154 603 410 198 296 441 4 117 584 30 271 534 547 356 47 100 257 265 631 579 493 18 701 43 128 126 21 553 207 510 596 606 259 146 102 30];
duration_s_min=[80 66 106 80 84 67 96 97 96 101 100 113 70 87 109 115 70 114 93 79 116 114 98 107 106 109 61 106 75 66 85 100 66 80 88 84 86 95 119 81 95 118 81 117 60 86 80 88 83 66 97 89 114 79 76 105 119 89 88 64 94 68 69 107 81 69 61 90 71 77 112];
duration_s_km=[38 52 49 38 40 41 32 50 49 32 52 42 53 40 33 32 44 31 47 33 38 33 56 34 48 47 57 30 53 35 47 50 34 51 54 53 36 35 53 30 38 53 31 43 59 55 36 51 51 56 55 44 46 60 34 48 32 48 41 43 34 45 42 39 40 46 52 36 37 57 60];
num_passangers=[98 34 63 95 32 85 86 38 90 67 84 31 45 73 86 48 45 75 32 38 26 74 82 70 32 48 20 57 82 62 27 24 71 68 31 95 79 45 40 92 97 80 74 51 34 98 90 27 82 94 27 95 72 65 96 59 71 49 100 87 39 50 97 74 74 69 25 37 93 74 45];
BM=250;
CBM=0.500000;
CEM=0.800000;    