nBuses=65;
max_busses=60;
cap_B=[126 52 130 104 85 26 62 99 34 94 27 114 47 92 98 93 131 99 64 82 50 135 20 111 131 65 27 78 75 128 23 31 75 85 134 131 86 73 50 45 104 70 116 36 71 84 111 65 20 83 107 69 124 83 122 23 65 114 116 131 59 119 50 35 100];
euros_min_B=[11.939783324774298 4.6724744146531645 12.191053604177974 10.02694645555239 4.58241754026019 4.4131687165874585 9.822843137214063 2.8278638566386918 3.963975818911574 11.582614510126682 1.4268114109517611 4.399601746134163 2.4259858037572934 1.576708750226424 11.026261704154557 3.2878747272048074 5.346901145671179 12.056616956708739 13.595583299852066 14.403134464649012 7.202980335246812 14.192807613625597 8.042586465287975 5.557382944423898 14.290933703187862 5.59099173396136 8.011833396957723 2.5052450836685223 9.482187630205466 4.870578260284946 5.582721671140549 7.33426809542358 9.946773236465138 14.710670270671054 13.260888092503116 10.756279820248011 9.736241881212754 11.847824722454089 10.125588500697082 2.7291633915050917 5.3255123561208295 8.93469798052931 6.264477416907569 12.69633221958607 7.388205355347503 3.672225397642552 11.232918826045196 4.417044338947782 2.2384335965619906 2.457952137536156 14.613847984123659 8.556539877693286 3.849579819682344 7.117573488944907 3.0621309782100288 10.078688947486867 4.487866880989427 8.757017689006542 14.181167770131605 5.67068401161129 6.018090513504317 7.263703993403471 4.108184461913843 13.595494229863945 6.67477696302401];
euros_km_B=[12.923472638733594 24.106463420687355 21.304844457160158 17.339426076657944 13.969234789598383 23.19592992688992 7.915291839610917 26.53753628144334 24.974249982899543 17.34192453372523 12.863010512483928 24.73327236940159 26.14397428762399 2.6548990403128103 12.503286142073536 28.95537203435892 4.37855406024642 18.018901951122132 26.683093797694685 2.9276808092155293 3.7032250522397443 21.50384281684222 17.306849298017653 24.641778374625 23.75296450511244 22.60660425204933 24.30899283852071 5.4072243552507215 22.851820612755194 9.323648518839939 26.818763152389323 14.244665872906058 21.656135675841362 13.9875800247227 19.228128070099284 21.117022923907747 6.608985771476667 1.8131737436503657 1.9492926363302825 14.469054750415491 17.797321031761985 12.011480959543885 1.98220735863221 2.5045156822575976 12.323597302439966 9.39163565848355 11.640453153350045 29.168262320701075 10.560916823299475 27.27180944334313 13.864438080592091 14.640522867418735 18.985498239604155 19.70950852840796 4.650072524132862 11.087353730027676 3.407767010147624 17.639706526566034 5.444798734334627 10.14527465133555 25.31082561218514 22.46645252959732 5.491687721864585 21.18221743847235 1.0237207774503414];


nDrivers=68;
max_D=[160 139 214 134 198 140 194 231 168 154 127 170 207 152 196 232 207 236 152 129 148 171 196 190 148 192 140 233 135 189 155 145 145 238 216 212 217 224 123 133 205 125 179 219 237 184 156 164 172 145 211 217 183 172 212 181 142 124 235 196 131 183 170 163 137 133 199 236];
        

nServices=72;
S_starting_time=[72 380 483 370 623 706 678 263 603 578 607 449 204 293 222 440 514 676 62 302 124 408 637 695 209 720 461 148 626 281 163 397 562 584 105 145 52 219 158 10 166 66 74 694 577 0 103 530 279 228 43 207 226 239 466 608 487 589 344 595 684 490 134 365 249 95 505 428 175 604 181 637];
duration_s_min=[105 96 77 116 92 94 86 105 61 115 70 69 103 95 77 64 118 83 104 114 93 105 71 104 100 109 77 104 60 97 108 106 112 97 111 99 97 100 120 73 111 80 106 79 87 112 74 99 93 84 77 79 101 89 105 66 116 86 71 81 65 87 101 66 83 96 79 106 87 64 67 120];
duration_s_km=[31 50 54 48 32 54 41 35 60 51 32 56 51 51 41 42 60 35 41 34 40 33 57 55 40 41 57 52 49 53 41 33 33 38 59 37 60 60 54 43 37 58 30 35 40 36 32 34 33 30 47 32 55 45 56 40 31 45 33 56 37 35 41 51 55 30 58 57 33 30 60 36];
num_passangers=[55 59 33 38 34 23 94 83 88 74 59 96 33 97 49 29 78 24 26 86 48 63 32 85 30 89 100 23 80 59 71 58 97 50 87 91 35 95 28 76 95 71 75 39 92 89 26 28 42 81 76 39 98 53 85 21 69 80 89 22 70 46 29 78 88 49 92 68 70 63 93 31];
BM=250;
CBM=0.500000;
CEM=0.800000;    