nBuses=118;
max_busses=119;
cap_B=[130 84 41 120 116 82 57 66 109 75 37 133 116 45 125 138 35 76 109 77 41 21 75 120 101 64 139 39 60 57 52 73 37 21 51 29 137 102 36 85 81 111 87 45 126 110 71 26 113 134 49 86 123 104 69 52 129 65 89 66 38 68 79 22 50 81 22 98 94 89 67 57 44 101 128 36 122 68 22 104 89 136 105 30 94 52 127 61 41 78 109 31 75 54 39 65 42 25 87 28 43 59 132 91 65 122 72 59 64 105 130 117 91 22 113 44 30 121];
euros_min_B=[13.049537322903676 5.4768194023936 4.2049200626695775 9.79915644123263 3.3978359625799737 5.832198906415124 9.493727808508932 14.34789799719392 5.008862281304895 12.29078324994998 6.44803698482549 8.628095059580254 11.70007476721604 9.967281679464923 5.275489509773007 7.45139811788904 10.400657552954515 6.13515170600746 9.092556471705745 5.109040242329824 8.339849504669065 9.089390933431236 12.442209954116828 10.057841483868012 9.691967327281658 9.992062599761265 14.158048515169483 5.6375501706027045 9.991120265489588 2.7121809186604553 6.416777860085129 11.1929731804881 12.526244077845337 11.058880113615755 14.39637456767539 1.8558901666074332 2.760860734522721 3.460317488551003 2.5060712805678564 10.494293072514033 8.556783184962729 10.426322190306372 10.17573948328163 14.353827184889465 10.788623551805243 9.649566365460926 8.6089591987264 14.795292890605493 12.46232204185282 5.220415695669617 14.233769237550165 3.44050221216182 13.298045764660538 12.117763137653021 1.2401600703114832 10.96759241124333 9.92621160380606 8.889351824142219 3.459229092165538 12.871119474736254 1.9283383993744536 13.05620550149365 10.899776124003655 5.297094884272961 13.053998503760504 3.496169262310984 1.085173508409877 2.426612263831619 4.0492968142616 4.326471282446694 8.998992465186404 9.642675129655753 3.7922237069269142 12.20820575072364 3.0053579888159945 1.512852843131907 12.405691744397044 2.5902629409334423 6.608428458861413 1.1334930239179022 13.484979107193494 10.216918045079249 8.123365245834549 13.914062109899534 8.11101660062302 4.933353478261489 1.0493708730224933 5.928794988901745 8.577047201898697 4.709748971735158 10.654753406344337 13.772660818282159 2.7321940648830276 7.796451489115871 1.7914165715807435 13.104018352097496 9.386864730624952 2.132705464652071 12.3808657857509 2.829356834479171 14.307084205378814 7.86031533144874 13.94312267324523 1.3697853077409794 2.2861346395203572 2.6452532648914175 11.51227652489735 1.8186381071927928 2.9873661689924793 13.874702242350592 7.470110688500286 2.8501678448998744 10.428227486537173 2.967758043117905 13.316109787859961 4.466884289315248 11.833116087785118 3.7629863238849786];
euros_km_B=[13.762057298633067 24.718761410890085 13.56646660748761 28.386453283237906 29.79300934364421 13.182191587737902 1.5786461672749168 20.20542724257031 1.66008809500818 6.451989070377212 22.29939884365246 16.752567246646947 3.0616208200731236 24.259907857806557 22.397159631115688 12.642363270867763 20.459581986648427 13.58579131573038 14.371070129789121 23.69344917931029 10.574890544220287 6.313282078124876 3.6259568384337686 22.808659997378577 3.954943690851854 2.6167172475798397 10.672723515403487 1.1946664147434545 6.7441468901715185 26.496089095237323 27.224457443433135 12.526840667451708 4.410333913069591 29.9223127008967 15.336680813239044 24.260869703613153 12.380433688811285 13.520617617343031 9.361649871112522 9.206991798822214 14.427018792457446 8.247998004603637 14.973483880435959 26.51979134487377 3.093521565315859 22.24938930837507 14.381172353828248 17.421623510570736 27.8072316849091 16.892517888114057 23.750393805632424 12.761232858348487 2.5273129164738197 15.420993575768945 14.869749944672394 21.274351968564208 9.960339242480716 4.671487274484431 16.539536095085523 11.873709408619003 26.992281186735884 9.683129694507485 11.717916759504241 10.401867329224112 25.77390698289766 27.296202963194645 15.047900663621597 24.619318602633946 21.75081919405743 11.67099124838327 7.0700845606589 7.5625577416920216 19.361303140393616 4.445340634240433 26.14816523995361 12.12643922274755 6.7578777095607006 9.440876960745774 1.509019300136547 6.535351861925192 16.980079296215727 4.2230829295260826 23.74678661199676 7.112851012484327 27.52150206925253 13.544961939201347 11.681073275174942 10.648141378239805 27.17417158571247 9.126514584551552 1.6880238598893267 16.999682868388746 6.901192161641429 13.757059386993516 7.106615187630823 7.807539446979709 8.392037748575573 11.177056843992602 19.899233254002176 1.5314379468642296 23.80338281762687 24.924315761557047 27.602150692477256 6.3543120959775745 2.9115661317071893 13.469589776581396 5.3146055741734255 19.14349457534513 19.429900973691844 24.987362684770837 24.767961946451372 18.35885053665176 20.191848063646784 27.59720395865162 1.2123360210773368 25.88648444567628 12.017041852018886 14.186744133563653];


nDrivers=115;
max_D=[160 140 124 199 161 161 224 183 164 179 205 213 210 231 166 235 213 129 192 138 211 157 120 165 204 129 211 236 123 125 226 197 206 210 166 175 160 232 152 234 173 121 148 237 186 177 194 132 195 176 203 145 135 127 120 157 183 156 221 232 196 127 191 196 184 193 122 130 162 178 166 234 179 132 124 141 214 191 182 135 181 141 188 133 185 149 183 227 229 219 179 174 159 166 207 223 201 229 159 133 210 188 211 136 154 201 203 148 187 172 175 120 219 194 202];
        

nServices=121;
S_starting_time=[488 151 698 533 368 694 159 434 356 48 468 97 49 387 557 706 120 551 624 668 414 181 255 664 185 598 659 45 684 414 155 358 96 172 127 326 397 677 105 567 634 359 629 656 381 648 4 12 535 207 124 642 301 532 594 444 89 82 549 577 357 43 304 347 102 476 650 534 551 139 304 469 526 668 442 44 9 403 484 106 642 463 44 34 619 302 650 297 548 399 246 641 214 384 15 701 49 462 494 50 104 655 232 151 293 685 299 596 46 175 203 706 103 475 599 65 691 28 513 436 444];
duration_s_min=[113 64 97 116 69 81 77 95 82 73 114 83 111 107 79 63 104 110 107 100 69 89 111 70 64 98 63 113 84 83 74 100 74 67 60 92 81 110 65 84 89 61 116 97 109 118 76 87 79 83 97 86 90 113 62 100 77 71 79 114 119 70 61 97 107 107 115 98 80 107 103 114 80 84 118 118 120 93 96 90 100 64 101 70 86 95 101 66 120 64 90 72 93 83 115 111 98 102 86 109 66 77 119 101 111 115 86 101 110 79 62 60 75 106 102 113 79 106 107 117 118];
duration_s_km=[53 41 60 37 50 38 32 55 34 51 54 46 59 50 43 56 51 32 32 55 47 34 46 54 49 60 31 45 48 49 52 34 44 50 39 41 39 45 57 31 33 59 43 39 36 38 38 45 59 54 31 38 49 51 44 49 51 44 52 33 54 51 47 50 50 41 53 53 50 40 43 46 44 39 43 31 33 46 36 33 51 45 30 52 35 43 55 43 34 38 50 42 37 55 47 53 56 51 56 54 39 52 58 52 58 49 50 46 32 38 33 49 60 32 38 55 41 53 30 55 51];
num_passangers=[65 66 100 53 95 45 84 49 97 52 80 28 53 64 22 61 45 89 77 25 61 59 43 61 85 97 70 37 97 71 87 95 81 98 58 97 50 55 63 41 72 44 40 25 78 57 92 47 79 33 100 45 68 37 98 26 90 55 95 39 95 48 24 93 89 87 52 44 67 78 92 42 93 77 92 86 36 74 44 94 57 82 73 66 55 78 92 34 41 51 43 24 76 44 74 96 74 21 34 43 58 92 94 64 27 83 35 77 35 76 23 84 79 73 43 66 53 25 21 22 50];
BM=250;
CBM=0.500000;
CEM=0.800000;    