nBuses=71;
max_busses=74;
cap_B=[102 117 104 29 25 111 36 97 30 73 91 101 109 121 73 116 109 89 37 28 39 52 138 34 113 74 116 89 101 130 84 61 72 61 40 98 55 103 130 121 94 127 127 132 130 105 59 98 94 32 138 93 57 48 110 81 90 40 136 75 35 47 25 72 90 109 37 94 131 32 77];
euros_min_B=[1.427472697553376 13.801109041412143 5.130347575749808 12.523641114357817 10.90181277150807 8.961403634299572 1.1197258701907444 4.585202128670807 5.032277310417216 6.625394375565138 12.80683239976478 2.5658077811670195 9.060525147758906 2.724150368896477 5.446638566465388 12.219550959546073 4.296973866813139 9.118535980390257 14.69315975585497 12.683881566409703 4.153767989706957 8.382136392816129 7.437035039220303 4.233311602239518 10.111718615489089 7.565960433707081 14.836300563502212 11.176602420785795 8.331083670759869 5.380280967472384 6.44351487805123 3.8991635561185847 2.9046923755002787 2.6250392284466977 6.1955284105932416 14.10322201329373 13.461371765606675 10.341214246830853 14.681501661926722 13.216945096028676 4.719787747394491 6.749818564379748 14.89255455431016 12.760844331703254 4.760355464865159 8.902581643761643 12.124595437201092 12.076925846932024 3.67468761558961 7.14429575981 7.7230963530771355 12.100201431339322 11.614307174515995 9.360020999983119 12.762774923332815 10.104129569782708 13.604429769718577 12.360963033877916 9.007489624234806 8.939744587307555 4.57248381981426 7.9394004222411505 7.174791721885355 1.740622333191765 4.747546830486751 12.464171712023083 6.337044310094516 13.00579167157395 8.26573422451698 1.8306589456769191 6.1613735582091955];
euros_km_B=[25.24762831372649 1.374118181477189 4.812994950653096 1.6859978730623757 15.878898018615361 21.974539294301376 12.898755662454795 22.408614851986947 7.694457130173895 5.213448638176034 1.856715962092871 3.6925531370621005 20.81411384895083 18.614406794291433 6.541033668598772 23.741101936562686 7.897998202537167 18.77926779456699 5.047463119851 15.870504291575887 25.389187703994214 1.3439540409064055 10.465712895343287 20.343453495434982 21.57832697427809 5.567329724993141 22.190132249252848 9.643244189785825 20.059805717112095 3.412542834645343 3.7285509637531726 19.72397904231604 26.41040749179469 6.452107568555895 10.487406232728784 7.658056860675032 29.9465074318506 11.422218850856135 28.74123063397437 4.335302292097571 28.927812100899796 15.630512785523539 15.597760445073375 11.648222134048039 21.726045787194362 27.22870404201277 15.289738587734899 28.159179698312705 11.173361987656838 11.63277523419644 1.864162282400157 3.97774418806337 10.90006819322005 22.225517331469298 27.281356002859265 4.9200794180037954 20.952607160240056 18.81812308972099 7.462965472912171 25.220587120198736 6.632898323884911 9.971229856109154 4.827680710235497 12.5859151591745 23.95219905572917 2.2138060147222296 27.41131185432343 3.4775910755181942 14.965027032375186 18.63342393782006 15.866143443765203];


nDrivers=73;
max_D=[129 221 133 220 145 131 177 214 147 166 159 231 222 158 214 188 206 159 163 200 189 126 193 142 122 141 153 184 134 157 227 224 144 227 165 172 174 201 171 123 156 157 210 159 129 144 220 180 189 137 189 135 175 194 159 123 163 142 208 138 185 128 240 131 239 135 180 145 143 194 220 237 133];
        

nServices=75;
S_starting_time=[621 100 3 248 339 437 499 66 203 69 254 555 92 25 425 386 402 383 703 417 638 122 543 447 664 91 653 453 190 71 595 554 55 98 124 138 280 608 676 104 206 278 454 463 124 145 152 16 414 275 516 92 644 211 144 566 390 373 260 227 114 355 338 453 258 716 207 338 683 586 492 427 59 427 663];
duration_s_min=[68 95 84 80 93 78 85 78 79 116 104 75 76 85 78 115 67 115 66 114 112 82 92 108 106 107 118 71 99 93 82 64 90 72 113 61 65 104 63 107 75 62 89 89 115 112 90 94 83 66 65 77 113 112 118 118 61 82 71 119 107 108 111 76 60 76 93 67 100 80 112 113 75 73 91];
duration_s_km=[43 43 57 36 60 33 39 56 59 35 35 49 39 50 46 43 55 46 52 33 42 31 45 45 47 38 35 30 58 51 56 31 43 60 50 59 40 37 52 44 34 34 53 47 50 44 33 35 39 50 32 37 36 55 55 47 53 41 47 54 38 43 58 60 41 35 52 30 30 45 55 32 48 36 59];
num_passangers=[50 64 67 29 59 24 20 34 30 34 83 84 83 31 52 96 68 73 94 67 68 55 71 20 36 74 50 60 45 46 91 74 100 47 27 31 32 33 78 71 58 55 59 64 72 62 93 23 97 92 20 78 40 23 22 63 89 98 48 65 68 41 89 43 28 29 48 43 76 35 92 37 95 40 89];
BM=250;
CBM=0.500000;
CEM=0.800000;    