nBuses=107;
max_busses=102;
cap_B=[66 29 140 57 46 105 92 28 64 78 107 103 95 76 27 79 109 67 72 103 30 33 109 37 40 82 127 24 80 24 77 115 57 57 127 126 73 92 64 115 104 138 99 38 75 33 70 62 53 118 25 39 75 80 109 40 29 100 58 60 138 63 88 48 64 55 34 84 44 58 85 115 83 30 28 88 73 21 122 86 50 35 36 122 37 121 115 62 43 129 98 139 76 20 111 51 132 69 90 122 68 75 111 24 72 90 112];
euros_min_B=[2.5386769946169347 2.825119786822787 10.607326237044722 10.487536490418826 12.592085556400598 10.58044543552391 2.882943949423918 12.919389959088178 8.09071390533437 10.92082347942663 2.5716783064796926 3.3947735123317964 7.884247569305463 13.744602834853762 6.868048431633472 12.659142906122398 11.919905580730642 4.724511036067582 8.623503631997423 13.180418537920737 8.93787056270407 9.414340992568743 5.201686384246006 14.110966482353177 11.493610106925269 14.71989480741207 2.6091131764044153 8.041511261149934 3.020647025775599 4.1827710058523015 11.592101856581735 12.543725101979492 11.845130249865255 1.6150639530929929 4.048278972939128 10.477125637934307 7.069444056855639 12.270293489722171 5.969923999303005 6.756072557965043 10.968156932602998 12.648828026725129 8.028433601734895 14.176110102066051 11.304698846445985 3.6718941210362095 6.3858096349745805 5.04105758953818 7.795250782714423 3.2672644527375585 2.5984398197727616 8.625261350618967 4.800998649007484 12.483381192421199 4.145754172210339 1.5121393673051524 11.377713244256407 4.363830600157103 13.080951868973065 7.595217758897533 4.547590172259199 2.3957029927532973 3.21422931167823 10.922643225668914 9.664885884428669 3.1912745650115935 13.404064082760723 11.486196057165795 2.621104446688141 6.800987205714259 5.016558774721223 7.872948842537245 9.904344330168005 3.3651389593867567 7.165271880410771 5.4844108058008185 2.684187280701396 11.44902863156061 8.806500944010205 4.6074803283550505 10.685432101076824 14.556476915413366 14.946169207495405 1.4460870958603187 2.0581278784071193 12.208201571011786 7.155449762527136 8.82452423156628 8.506726299315433 6.647130492947028 13.469235609800778 14.207807256125113 2.8361005786384164 10.781743788000849 2.851260249686713 5.413145628645381 6.159366080838314 5.124334061805943 11.58817975196192 3.1494789150376183 12.525738970365664 4.612203379965682 12.053608939958242 12.75954744236229 9.777333054614568 4.198281801651986 9.471736426516019];
euros_km_B=[28.833507578835984 11.29711415109781 29.444219169693277 25.473008232961387 20.221131367732422 9.50602143753246 9.199949602642894 22.117476919065876 22.175265992512486 21.336515893534145 16.85854177628981 18.834687484753946 12.20676231326545 20.455904079116063 17.04291908954967 26.84156523726232 1.5886333614658443 4.405669466979829 22.89415824909504 21.711790556001972 5.543428155791081 22.46460221041934 18.38586433532531 18.47773370847424 25.059257207025993 14.826882611848982 3.240608008445159 2.5446408878326707 11.962985199762864 1.7694803486134971 16.436205524890948 29.799988663177096 26.164906714257306 27.852674888517484 5.044824474282262 1.1331592113496398 8.308771070533027 20.552329343715073 23.0986599412606 21.06552618712042 29.333991716575355 21.621269316239463 19.290239115529204 13.916024335532974 5.903821285521146 15.245601487198554 29.22067962370915 14.39719474985657 28.157633930083097 5.104769945397024 8.696697466394731 10.8564310101448 9.634835144726416 24.861648293125793 23.73885395240019 29.923734026452536 14.51714335626104 9.761099416955835 8.394111348370316 1.894660339346017 17.243217058248977 25.31434682769884 19.95539076565135 2.3411884119616593 6.70091981392026 13.76166290653293 18.24394377727478 19.228375897605797 24.565394660080802 20.201819448879547 5.65692347316497 16.711352213265158 15.099739719171879 19.23184858934852 7.7595499141628235 27.62678953317566 20.333425913723158 28.89575786536871 25.439060223627695 18.757016376533823 16.181859602208394 29.867019195378333 29.576923865661062 18.10694904829568 15.284623207179028 11.862832449459567 8.07329350319732 18.830047966519544 20.807912843048484 22.72802298498118 20.449119605761027 12.738254216089071 14.06243333109698 23.339754008999535 9.038804125754535 22.059877539622235 8.482974845157136 15.618589800773265 16.682097542299548 7.963537169156037 26.63437356419325 11.066903828729693 3.7472186273217525 25.59723231542419 10.238489720542745 28.527226436345085 10.793388030392737];


nDrivers=111;
max_D=[132 190 141 167 165 229 240 211 188 217 226 165 216 154 145 198 170 207 156 136 147 122 180 156 230 148 236 180 148 214 202 152 236 164 213 231 178 142 214 237 197 185 141 173 132 173 186 161 200 135 121 129 145 190 164 144 125 141 204 220 193 155 228 226 184 141 231 194 152 128 133 164 219 235 144 225 179 228 160 185 201 130 215 161 237 197 180 147 141 234 211 203 201 160 172 220 193 142 154 166 128 180 121 199 157 186 193 233 144 192 162];
        

nServices=114;
S_starting_time=[506 656 51 678 622 659 530 556 656 96 350 429 623 274 405 78 163 486 96 345 718 172 347 274 255 134 334 628 230 214 244 578 241 304 699 641 481 32 82 603 301 492 393 325 720 401 188 128 553 33 716 261 624 392 650 210 26 69 317 215 270 136 110 10 331 34 120 692 677 377 544 455 280 51 370 462 330 700 573 663 20 292 468 174 25 21 309 366 518 668 361 699 577 66 688 602 342 142 247 670 64 503 410 590 573 97 711 269 403 573 472 321 483 345];
duration_s_min=[105 88 72 119 77 64 104 97 73 70 102 90 86 82 79 93 67 66 90 87 78 77 63 66 60 93 77 106 76 80 84 95 68 100 113 89 88 66 66 101 65 90 113 76 105 103 96 74 96 96 70 105 78 92 64 98 115 102 63 89 119 88 96 103 84 80 60 78 107 102 78 79 119 89 98 84 89 89 107 76 119 61 80 100 66 82 113 105 96 97 106 79 110 114 117 111 85 97 63 91 87 67 69 110 66 91 77 104 64 116 60 61 82 101];
duration_s_km=[34 35 31 53 39 46 46 49 48 38 47 30 49 45 36 51 49 48 38 38 46 34 30 30 56 31 40 58 39 60 54 58 30 57 48 31 60 55 37 58 47 52 48 55 45 30 58 46 52 32 55 49 54 48 40 45 52 42 52 58 32 57 49 31 55 37 30 43 34 54 47 56 45 36 55 54 55 49 51 41 33 47 58 48 58 50 54 33 44 52 31 42 50 57 51 56 34 60 49 53 56 47 48 57 48 31 56 59 43 55 51 52 59 39];
num_passangers=[71 30 39 88 47 71 26 56 72 42 32 61 29 26 38 43 55 20 91 25 53 75 21 72 94 85 35 82 41 69 28 72 91 66 99 24 53 27 68 58 84 90 92 75 47 90 32 61 93 33 56 81 96 66 87 53 58 100 92 41 22 48 90 96 37 47 40 52 65 34 78 90 33 96 23 52 79 90 30 31 38 50 56 99 48 31 26 92 60 63 71 83 82 66 87 46 80 46 57 95 80 22 35 31 85 37 99 95 56 45 47 87 74 94];
BM=250;
CBM=0.500000;
CEM=0.800000;    