nBuses=110;
max_busses=104;
cap_B=[105 87 85 114 101 86 28 39 86 67 88 89 24 126 29 77 100 132 33 77 97 38 101 67 105 67 137 64 20 67 52 110 44 93 113 81 87 48 125 26 81 106 55 132 97 83 39 130 79 127 124 80 23 121 123 54 129 68 105 32 44 33 93 66 78 105 54 125 120 66 117 102 91 79 85 20 138 43 139 88 119 104 82 104 95 129 49 83 127 114 96 140 45 140 106 120 101 22 56 40 52 121 56 81 134 51 31 104 27 134];
euros_min_B=[14.28908977672308 6.192340491233686 12.341878013929726 13.931431661656248 6.847214905145057 14.225652126121243 6.203217803361363 9.772404542284203 2.5696850667235935 3.1109356911314805 13.680928337873944 3.158131086316191 5.470884165141077 8.181606851442258 1.4951751157344912 6.81505432548776 1.4794461336811515 4.8045415836528385 14.913338270557155 5.713417014664028 1.9894499706214461 10.236560196242579 8.539011014884208 9.093575026084245 1.6841839705299468 3.513458872648479 6.8467566973150165 7.27705107408774 6.39486113580394 3.5645354932099567 14.533702295356546 2.826272814717294 11.070283142992894 7.179700468153639 6.951572387693994 3.8704483737469824 13.515422857756786 9.010000959568936 10.494382317480683 13.251186738726433 9.12046830282759 10.39605483326152 4.4845315429369625 4.484584002258581 2.8977865341380076 13.659285766362293 10.389477946300604 8.066280218897754 3.904096082528514 4.320330209357488 9.56738430002262 12.26149023790261 12.952613237397776 2.040067760491876 13.069333349436105 9.125270639727542 3.224072878197582 7.689047568877295 6.652691979600283 12.15250541875033 11.846093257711523 12.670537221513444 3.9126221588663546 2.2611412078683113 12.998002064718802 2.012463235745672 7.782816241953419 2.043791911608279 7.607969272661725 13.858861408938422 14.663689896877127 4.509177867559109 10.248880804702296 1.5901065220978614 10.827360201094319 6.505172516844598 8.445154167595645 9.79344812518126 2.622087444830303 5.637140630055013 10.721167534265394 7.669992366306775 6.608068088705408 3.550295136107371 9.872941811341088 8.656611717819711 8.613702473348813 10.476430437365398 3.8680411503362238 11.232330844001988 4.467200628103463 10.190952289934863 7.6649823483268325 13.268586916995003 13.097619448001769 1.5601192301165356 14.11459200363979 10.897973533929468 1.9614306377248225 13.284999807275746 10.069637915410162 2.117732763165409 11.288842975821721 12.603739939546871 4.034363384896647 2.197555753586628 4.894105002936691 1.4456488852391567 4.947501826279497 14.886858305501798];
euros_km_B=[14.243745523270713 16.142656806226928 28.18315409130018 17.489513844475933 6.821462439248642 2.978603454857846 21.779638534712998 13.25598510550827 21.954119133134185 21.955211605988225 28.95349872309754 14.040946087739806 15.48738246337353 28.74716521481349 1.03891803181168 7.965849946240982 14.156691027359468 8.410091813061078 1.5532069627544391 17.749660121138245 20.241096523506936 13.6469009598367 5.3460350325105335 5.029155965412843 4.529564279008586 28.545875321521514 22.938321325564253 20.750656313492392 4.973370793760249 14.921604067463534 9.225192155102018 24.580665487446076 27.172328144908086 6.371820463078957 17.23630473302179 11.690307324283957 5.3078444152643645 22.63542786642057 23.138206376750652 4.953263436102626 9.255192738773108 1.5514741746597387 13.289630042531602 15.468254209569412 3.647007707298049 15.832514643489699 25.6921713216698 14.674603970903098 3.6558412767942827 27.571611624099642 18.691649934338045 25.96517418384096 20.707375319037567 4.409433684784419 29.6823167285003 8.828139416180424 23.59899931065839 4.51976316843236 4.772267971994343 21.11408486129576 11.476021290255565 18.832941365419348 26.659118299751427 4.872661035454838 12.893048971347165 27.81108373795559 17.146900094447748 5.178374744805042 29.562670554072735 13.923554934820952 21.26928906018175 20.893219373641426 28.683908725113806 15.601871753659458 8.153646080222263 20.57879968918168 10.068670024948906 16.994084821295907 6.429661431929014 13.727570918343847 23.11768450021243 2.614342687391562 12.637676081055812 16.33176355576363 1.075328260180172 12.415920759431474 9.13794715752809 15.275233433579539 18.319009514515862 18.708446517778878 13.646941577444961 24.877049363548494 17.556550862725107 6.004680843193732 6.010528581535029 16.56637969433683 12.463187835150077 23.749369723241674 20.765039381027346 26.731770946974283 12.750392013870147 29.56028245251777 29.143462274513745 2.5293684155026117 25.044832352046004 5.189610894209755 13.120523321738231 3.9638463778967323 4.059648249971175 14.101921398116605];


nDrivers=112;
max_D=[231 209 204 209 165 230 219 126 172 214 207 164 126 226 207 122 124 216 237 151 239 233 199 151 152 218 139 128 134 160 190 181 232 159 182 175 129 207 169 165 176 229 237 155 213 236 156 190 172 162 178 214 139 150 236 158 194 148 149 163 149 167 137 191 164 175 180 229 157 162 201 224 240 144 194 233 151 145 121 223 127 141 215 138 150 193 201 151 131 204 191 189 210 221 187 185 158 190 154 239 154 200 188 168 211 199 200 167 161 143 171 224];
        

nServices=113;
S_starting_time=[622 74 526 208 500 83 399 9 399 230 22 382 482 0 44 479 468 250 606 290 81 414 81 513 349 23 562 309 645 134 680 271 255 322 150 327 571 72 136 454 197 376 243 439 630 156 658 668 492 438 452 506 112 376 365 354 25 209 315 718 276 431 432 710 212 131 266 153 344 248 347 195 266 479 239 629 501 317 327 708 297 460 314 166 663 299 418 7 113 90 499 218 471 35 196 55 713 435 313 506 650 34 150 96 513 17 76 533 552 708 226 181 447];
duration_s_min=[64 106 115 98 116 81 100 66 79 84 87 67 86 85 107 80 84 71 118 72 66 78 63 112 103 62 74 75 72 80 92 97 100 82 65 104 104 67 120 114 70 86 78 109 101 77 82 93 70 66 101 109 86 79 89 112 61 66 100 96 63 86 70 70 104 93 93 97 66 64 94 120 108 102 101 104 68 78 100 100 64 108 95 105 76 78 116 103 112 88 69 99 92 74 116 106 82 100 69 73 120 81 66 78 80 87 65 66 64 86 75 85 76];
duration_s_km=[49 38 35 57 57 35 50 39 55 39 42 58 47 49 41 54 37 37 40 30 50 46 36 57 54 54 34 33 55 57 46 30 46 45 43 41 54 47 44 49 43 50 52 49 42 48 32 32 30 37 58 36 56 60 40 56 54 34 33 32 53 48 48 50 59 43 52 58 34 46 51 50 45 53 41 38 38 39 31 53 40 57 47 51 48 54 59 35 37 60 47 53 36 52 46 37 43 33 40 50 51 50 58 44 32 38 48 57 46 36 47 52 36];
num_passangers=[45 68 50 69 83 34 53 55 90 92 82 81 88 81 54 74 84 95 98 68 93 88 66 69 41 52 66 24 55 48 54 49 44 39 55 65 65 69 51 53 72 26 42 87 26 50 67 65 56 43 48 65 43 39 24 35 55 39 28 91 27 85 51 47 86 75 22 48 64 88 46 47 65 96 53 70 41 84 63 65 82 64 82 21 94 31 40 83 90 89 64 40 22 63 80 55 37 41 74 75 34 92 91 83 25 56 66 26 26 57 37 58 73];
BM=250;
CBM=0.500000;
CEM=0.800000;    