nBuses=125;
max_busses=127;
cap_B=[121 59 117 133 51 80 68 41 78 38 137 122 73 129 138 131 54 129 51 111 65 43 99 40 123 66 44 23 120 138 135 63 115 119 122 131 57 30 98 124 100 132 62 28 130 43 39 139 58 115 48 51 82 39 69 53 137 91 62 29 62 61 81 95 77 60 122 40 52 76 110 43 135 115 91 68 77 88 109 120 103 134 85 64 94 105 56 28 96 34 102 138 87 20 140 29 139 116 37 82 103 117 74 129 88 86 21 123 44 70 89 35 93 85 58 97 91 96 65 45 113 86 122 92 105];
euros_min_B=[1.097653321693971 12.234212812611078 13.7996150331779 4.140540550518918 4.407856544551709 2.9303105835237777 2.701339233038958 4.110710295894256 13.262608089728719 1.0406855474859356 1.0633335524967933 12.284752036263054 12.452340092762078 2.388786130965272 14.077900471598651 4.396079393526287 1.2023731511553866 13.675280974315797 11.14825029133512 1.8228103737712944 3.8482720001253297 6.233439478824883 1.6684781431525983 4.608818789699841 6.581887611575226 8.193561612526885 1.673601945463565 11.98936614864524 6.578232562934325 8.000086698865136 13.27842605817605 2.2543608912282775 8.004415170869457 8.269474309636808 1.741047325962393 2.1026855016226316 5.329579577595774 1.747558279939082 13.12212534591696 14.198887559505891 6.715722326904457 4.101202275914947 12.416964671358434 3.407419187703864 6.633648825949751 1.2635749605633984 2.741200360992809 10.188891882052424 2.2123658549342275 7.49493200936744 12.160398549067194 14.262971905326244 4.680594503004946 10.421310154080102 4.469936703182509 1.8074177186621898 12.048027254551767 4.797014607299692 7.481359228351393 5.622493416215695 5.412321648268725 7.264560960277306 6.255679907996402 3.305768648059456 5.6647464457371415 13.434440192718776 12.708537835828368 13.191519676279313 3.168848765740338 1.6987044447899133 3.8385035827241083 13.787219413221218 12.964457468673858 3.1303875866591166 8.73829500055055 7.839569878069566 14.219453294111059 7.640166581335492 9.849489790412687 5.347515292831083 12.386266440089674 1.114307380906096 8.012907021005056 3.1613121229269385 10.475264526111182 6.7983621582809155 3.1714986985279423 3.8254227240938894 4.792998776119942 9.766924426502523 10.037614856416104 6.099241602356316 3.2505405143275095 13.60283617348649 10.633082234080831 14.143502850333938 13.612138371213996 11.614550963282833 4.311268463934317 14.837966878608558 9.253058828987543 4.381108058371375 8.11807687481199 2.960924010101536 14.728904036791779 9.96178626527976 12.183829012090015 11.354796422393258 9.629572959859177 13.135514638628823 8.011515611775998 7.936793946282042 12.197275448910263 4.038131328335599 12.626992787924122 4.913744824103272 3.759879030087918 9.565321747952432 11.001508348649235 4.613599845630969 3.568128514854118 7.138635888720625 8.075460848928774 13.282140785099179 1.3001126779704058];
euros_km_B=[12.727039218487018 10.681909284730363 9.473527793847127 9.138878353032732 6.479648149634954 20.888899310779692 12.878830184653795 15.622508843032987 19.131071922118352 27.457976032196616 2.6902656923525914 5.989455330714909 19.54801003409581 23.774874111342427 29.04152012370474 20.91882607110417 2.4588196123377193 26.51752729314584 26.850506069360534 12.865076636874543 8.312925619214772 14.376500952482358 29.253162572610155 17.8818054095013 21.97175881617302 9.791905264769218 28.798926777929392 29.317055139377647 4.4941745323354825 16.548165510752405 16.3504738259683 4.759708504002513 27.378966977654343 3.671075274213708 24.100910787413092 10.324955867983421 23.02988828736239 3.223371494049386 2.5947635466400936 24.772707117416463 26.529054651178942 25.542598401034045 23.687601291466155 16.80435033726753 29.34973196499932 28.668462267231494 19.937165012844233 23.645494832777306 16.461447533335495 24.842691878416026 24.067972582671405 1.7824752790150296 18.810592192415328 2.157457515357641 2.5838177003271543 12.934779151085547 7.033632294139772 1.804231522188552 23.92416645240861 20.85135075297665 29.47422036020533 8.492958226801615 28.392806389827996 5.880646328600548 6.06057892404443 17.520307195831094 1.1583789061464045 16.004465896110972 17.37898236630059 24.625976852717955 27.30712897825349 28.26186466046584 21.634052643553815 25.40252360881296 7.919761414912427 17.887713660275764 19.726266400837876 19.558526292226915 25.877199315298462 26.096567037981107 26.41684378227192 17.82187856846998 22.05463637900754 6.827010434178036 29.236479034742363 25.58545015190002 9.107131037016961 13.790700412334902 5.180167872715636 29.005966528044134 5.2275930395306895 9.776659248735214 26.694706743962193 17.68914457649884 8.051518974368744 10.918944613551494 10.494820521297385 21.033202382001235 2.412726567025159 5.049055795968057 1.1262676661188151 16.5786982979436 15.434702789942252 23.406789541223123 2.6214002142463837 6.54340783170848 3.291721543386367 3.0010732229625505 23.69850123994253 28.86895245980461 9.197883623789366 3.5134257376973648 19.598654275356495 22.893692824509003 1.348817965644266 9.16823314856243 5.755952641150971 13.004981378186693 10.825407844148874 27.761393702183053 18.729037917661937 1.7162468111882814 11.125716298991252 11.437124741978774 4.88490943190619];


nDrivers=126;
max_D=[143 120 131 157 159 175 156 229 229 179 200 163 129 146 191 205 205 140 181 221 220 170 226 130 150 186 129 205 231 232 205 122 174 188 143 176 221 233 140 190 151 152 231 212 214 240 126 126 148 239 235 139 200 154 128 132 205 175 155 239 177 154 212 233 134 195 205 133 234 180 128 122 143 146 237 130 175 180 240 192 192 167 196 176 165 235 196 191 123 218 121 154 224 211 196 122 190 128 122 162 156 137 182 199 167 199 121 136 153 208 164 150 159 212 142 216 198 177 176 238 167 216 191 133 211 230];
        

nServices=132;
S_starting_time=[469 37 554 6 5 720 310 521 308 290 545 108 135 13 427 202 707 234 250 91 225 504 229 281 702 414 641 516 634 301 404 708 24 461 326 352 136 307 124 526 624 499 70 193 15 452 595 50 343 618 444 88 141 669 10 329 692 17 482 324 507 475 685 401 544 521 67 678 102 719 671 224 330 641 475 678 26 39 247 420 90 671 705 437 56 552 379 507 520 250 594 540 153 377 58 486 204 632 361 212 647 236 44 144 544 633 500 425 705 34 480 324 391 535 614 381 28 104 709 212 584 164 404 370 99 374 63 421 242 109 693 513];
duration_s_min=[67 60 87 78 120 90 90 81 71 80 62 99 62 85 77 95 77 110 111 94 120 66 101 116 76 102 103 83 70 81 69 101 111 86 97 71 116 113 100 65 87 111 120 88 70 86 96 62 85 117 101 70 85 61 102 92 117 77 88 100 80 82 74 101 87 105 108 88 91 70 76 60 83 61 113 84 88 99 60 86 119 94 66 86 99 113 103 92 70 98 116 90 73 103 79 77 81 110 66 62 81 98 76 63 62 61 90 89 118 109 88 62 105 100 79 86 79 69 117 66 114 119 96 67 73 90 84 117 97 99 97 96];
duration_s_km=[45 50 60 35 34 43 30 37 57 46 31 44 57 36 54 38 56 46 34 47 47 31 56 38 30 45 40 37 50 33 55 32 36 57 30 40 55 53 51 33 53 50 36 52 33 42 51 39 41 45 53 50 35 44 30 37 57 60 54 59 40 33 45 52 30 49 37 44 52 48 39 37 30 33 56 32 60 35 49 30 47 44 56 56 38 46 42 34 41 39 37 45 44 44 56 52 47 53 48 32 33 36 59 32 50 42 52 59 38 36 52 46 48 39 31 56 31 60 42 37 31 60 50 44 35 34 47 44 54 32 41 55];
num_passangers=[46 70 99 59 73 28 71 91 99 100 62 45 95 69 57 95 41 42 38 76 38 61 100 72 69 33 87 85 70 97 26 86 51 51 95 95 93 52 50 39 93 55 44 54 100 95 31 92 48 43 44 54 91 57 56 21 100 52 68 51 25 77 46 46 33 86 56 77 41 21 55 63 69 34 27 22 50 43 52 24 54 28 85 54 48 36 53 37 35 63 82 25 79 76 38 91 27 55 30 23 78 91 43 46 34 22 55 72 93 73 41 97 93 39 81 83 67 76 36 24 81 98 21 26 39 63 37 46 43 46 90 53];
BM=250;
CBM=0.500000;
CEM=0.800000;    