nBuses=91;
max_busses=86;
cap_B=[115 81 40 88 67 44 21 109 110 133 80 43 41 20 88 86 33 79 22 44 139 54 88 77 54 123 31 93 36 77 103 120 87 100 35 33 32 68 88 100 70 59 55 52 134 69 56 127 120 22 108 127 32 115 45 134 115 48 39 75 47 53 56 54 21 139 128 29 123 68 23 56 120 64 84 110 88 99 110 85 66 95 38 36 87 59 39 137 26 24 82];
euros_min_B=[7.534939094397747 3.8266252892266994 9.928086474874664 2.5070571990215242 10.815451220876124 11.107517040510727 8.617336179588232 2.30176997749427 9.384773662645188 1.5723667743927097 5.111146999842461 11.82517228055583 8.518056702350066 3.530230699983724 9.38951414604799 6.859893530627066 7.91101067420764 4.66096106672623 10.163711948379703 7.824258277191604 6.887396811679728 12.47005398899522 5.728318587946008 6.484583299664069 12.742660604759289 5.887492834689659 4.332348277844525 14.317752109035267 6.938911447287294 10.177291258630792 6.788703668705659 6.674892880228912 12.258325786075051 1.0978640659052543 11.844452054330468 10.657355304011787 6.473719185550343 14.356901091535747 14.347263743949206 5.727092132128691 3.3022693949134654 4.831798464790879 6.962295410303129 9.916517448971785 9.857251109705798 6.7843141752334954 11.286043077309193 7.808442030450439 11.92963552525094 14.872917579861625 5.514898180616568 3.6392825974847955 11.326793687862475 11.861778772016695 2.782171123364443 4.058668933816663 8.26750160080678 3.7414171242675653 4.681778558496691 11.05074737995042 2.3359736506272366 7.965498578753428 13.57210987085985 14.593295341021756 5.584219750934295 7.711896200555695 3.0368921456239177 5.150003936689302 10.790137199622885 4.506109294698492 2.1564440435752834 5.730130571999235 8.363552514138672 4.811106292347337 9.429041555345194 13.76344923864952 11.539449520758868 2.110189292697234 14.478641761861596 6.861519976656449 12.520230957901928 8.262271781211513 11.01138906987328 12.46681187364409 1.9675344806018482 5.864052177846755 3.556566376760781 9.131830906879292 1.3862336138274958 13.11744344475009 2.9216602227897654];
euros_km_B=[5.757595480731517 13.530048239640763 6.605211556811314 12.974732465655023 11.044302777242704 4.082422216595751 27.083762966176618 29.937404343221786 16.705943763889216 12.474759675591061 22.872770149692588 11.693118904877696 18.898931454366714 29.10638956733795 17.462780057498712 24.44499713475224 13.330929835040129 19.24137157503676 16.012391363325385 11.42112444059083 29.55051116056359 18.47442015346742 17.841111481948342 12.774391411044832 26.396685220253445 25.78755767920034 21.776227814418494 28.573281734987678 8.043861242059926 24.194370867144357 26.73180007117378 7.615284603043514 22.569656389509976 27.59410368924489 25.45208851923083 11.771891222568996 9.37008172551662 22.006418206854068 7.494323528177055 26.076456449916158 17.426151583567215 20.168644664294163 29.769957053927378 21.192431478440785 29.730693447487724 16.29664715521973 23.30866246094138 1.4462591789831305 24.87185880963562 26.914284952011272 26.956147133925263 22.148266220824986 8.803291540256662 17.079353395602656 8.56078430992186 20.912610194781543 6.819241050823086 6.5639086130363875 21.20924614605648 4.201682335741498 16.336643501919312 5.017299130920705 5.989202580290982 6.903712794694848 5.4537158278692885 7.76921761653375 21.773304060831716 29.90417215962518 6.031543521158223 1.793451191861044 12.099327874419611 29.199669246424012 11.460379942660497 21.622810769343364 25.68067734065179 20.10737064887955 9.42202205099307 17.791294483582988 11.375979515761964 26.169419111078714 6.947588626222416 27.5105889225927 5.782395426547882 5.4233971740559666 13.214089128063344 27.63412735812676 19.259137896033454 8.88468531705133 8.565313296884813 16.396148373309966 15.951010671474855];


nDrivers=88;
max_D=[194 165 214 151 227 168 188 162 214 141 206 138 221 158 162 217 229 120 131 164 233 207 162 170 201 156 123 176 142 146 137 151 181 171 229 131 129 143 124 152 181 185 192 184 189 204 189 199 222 198 127 145 174 240 222 229 141 175 122 185 148 121 211 216 129 157 163 207 143 154 196 222 204 155 145 237 142 214 207 170 190 192 178 123 160 147 189 136];
        

nServices=93;
S_starting_time=[205 616 610 255 363 462 479 306 88 281 526 31 150 144 666 656 433 406 565 93 184 417 180 13 577 379 507 715 115 116 214 90 614 168 591 160 42 83 284 318 266 543 229 695 545 166 613 197 149 207 125 73 545 342 570 650 472 493 53 104 93 489 601 252 493 221 235 109 462 52 410 122 108 595 22 154 458 266 233 168 440 423 263 40 486 492 272 39 611 307 151 62 54];
duration_s_min=[101 116 77 91 92 62 80 116 92 102 94 108 97 90 75 120 101 118 103 76 62 61 73 98 109 64 85 116 65 76 87 90 60 115 101 97 84 73 70 76 98 71 96 116 117 103 118 102 79 113 70 110 113 102 98 86 65 87 62 65 79 119 77 113 94 117 75 64 119 105 64 88 71 88 77 114 120 86 103 75 67 101 64 89 86 118 84 96 70 91 65 62 114];
duration_s_km=[39 41 58 36 30 45 38 54 41 40 31 56 46 55 38 46 32 46 45 57 37 57 34 30 55 32 49 43 55 54 34 30 44 50 36 46 39 49 35 43 55 56 42 46 46 33 38 39 30 35 54 50 58 59 46 45 38 49 43 51 37 60 40 60 30 52 46 36 36 33 39 44 47 41 36 43 51 37 39 53 55 50 50 60 56 58 32 49 40 32 54 43 54];
num_passangers=[21 98 92 56 57 75 50 58 85 81 60 62 67 75 60 98 43 34 75 100 54 39 63 94 57 57 73 86 57 75 88 79 95 53 66 70 41 72 63 96 76 88 70 95 38 32 53 21 56 71 44 41 30 24 88 42 86 53 99 79 29 32 35 90 98 41 49 87 24 51 75 26 76 64 35 80 55 52 31 34 93 20 60 26 86 56 100 29 68 21 38 70 98];
BM=250;
CBM=0.500000;
CEM=0.800000;    