nBuses=132;
max_busses=122;
cap_B=[87 134 139 50 65 92 32 48 74 93 88 105 121 81 135 37 102 97 32 66 23 21 67 31 47 119 114 66 138 44 37 42 89 102 36 30 50 96 81 123 123 99 40 45 137 87 38 108 22 36 31 129 103 105 52 20 48 106 60 43 41 42 51 73 103 50 78 59 86 53 117 97 81 28 49 103 134 100 124 114 138 133 36 48 39 140 79 121 97 39 135 43 43 134 74 25 133 92 122 49 64 30 37 113 55 106 27 38 128 48 123 96 99 41 86 111 33 102 109 119 23 101 82 27 136 133 26 128 137 81 136 116];
euros_min_B=[8.791731084890676 6.971457820809654 1.384195218630251 12.434129593261627 9.565685311336987 10.22710183032983 5.340771862006121 7.675356334459942 6.013435524512861 1.6789412206537302 9.75813855032034 11.368676223908297 12.572935184618723 2.2762897950481995 11.265872732598885 4.504715800141325 11.963353773862234 11.90178557119157 12.231073809159257 5.930939086497351 10.35624620309035 14.715545552654792 10.202735875552085 2.4036361993670288 5.448342705895392 2.949408953784471 11.581456013968822 6.504752622015207 3.999733398116592 4.112006649197259 8.374455746145543 6.921427197149925 13.818554506338085 6.134617532230356 5.7731916226339735 3.090894574348341 3.436778013879116 2.8980380850797767 7.916815206346817 4.47853406511996 1.4155394786345705 14.722412253544913 5.218908539409392 6.529649305672252 2.4608110997001793 12.632966271314189 1.3300152414942488 10.281264204280058 14.985949783803374 9.797789456263937 5.861706128352634 12.718370679715589 6.230641496595707 9.034763514151058 4.8448165794682545 1.1803216130691476 3.0653657597719555 12.963015051202309 4.349476669277943 4.146905124119538 1.9953902253683027 2.9664175327531286 9.204841713119283 11.838048797102406 4.647715199555284 5.3093465310424275 4.3422057636124975 11.43655458709803 10.96390174351853 12.932246033296648 1.6222680535390228 10.94566181765113 8.118570877202695 13.252305615442747 8.349461600403739 13.689682449558923 5.7283879442220975 4.49893810367519 13.261849821851571 9.342749396764766 6.865869438420414 1.970032244190942 3.9144009083733353 5.927698688010558 14.452931976569106 6.776287504069126 9.358940016117874 6.0265292233623775 6.169163107280705 11.37270788238832 4.2551993094853025 5.11543596821964 12.568920582431327 2.129890470037908 11.697677774980098 3.3739691903029905 1.546634368859624 2.578559349201122 5.468098665204977 2.122990478166373 10.550056911619386 2.622108668775771 10.710374337930162 12.468542050333268 5.971162664400885 11.281029740100344 1.0030546674299032 13.675004727880035 8.5086410743715 14.064440507496856 11.37111995837001 5.445265758491299 10.820849496174695 11.652275354347665 3.133084234732001 12.419178852622826 4.271749325553978 7.077304892019659 7.185824090797673 10.783667585667073 12.751512003603255 5.113277796621765 11.769564092769057 4.590596603170833 4.709643024622169 1.7605016895722008 10.520109491487048 6.668055383588623 10.756613656619235 11.530252140639858 5.977493756264435 8.825718385534586];
euros_km_B=[9.302579965087695 3.8761714109304757 3.857597818171582 29.12371064846936 28.224910106420463 7.390736528601942 13.543565155566496 13.947027710795298 15.203899107068635 17.1396370607591 20.195620049457315 20.774825972080947 24.563481639594393 4.980133620537524 17.38763002091978 28.68960662966577 3.751552538146307 12.3399351916248 16.284993408596613 23.640545795023186 17.417828839782857 6.341510175221065 1.8322964841469604 9.481846844887265 19.563602155289978 14.109975425440583 17.19890623427561 13.791340501606115 26.12430644990779 6.430199052925911 26.655107255724378 28.882866416129893 1.437871691438735 6.912246967897067 5.23817501546333 8.590942924571834 13.524366784367967 5.746740655333444 26.751095100446374 5.86061643313773 19.16752397389344 26.320396668339757 27.671628522836052 19.183177429151737 12.233070269857572 12.743411037517534 15.177664793097891 6.7196327249516195 20.381241113398982 12.866650134485388 9.439217590759112 16.791975674254644 13.14079293968874 27.991934149212423 29.94140862341447 8.785230608229774 10.227674382215579 22.029005568294696 6.678763071073373 6.549501799409069 22.815383511532858 20.740028175842504 10.71691088118855 27.351189778469156 28.786412766755145 17.85239829537267 2.0798410348116665 9.078971071726757 12.271888907366131 13.647934611139545 17.089337678141682 15.876229561598326 20.45605833890999 22.003782849260414 23.325523606139466 20.692814156735288 18.686488071311558 8.022923105100208 3.3457227359603854 17.379742420413464 29.83670704751348 10.875243894247442 16.76530665447057 10.014891578124534 22.742611179377924 21.40427896297507 12.573939636762868 12.151689826336492 19.071249884627857 5.2611676015292375 20.211701602672655 12.654250816216084 26.035865949172752 22.34153396005462 20.063665599773945 22.06439729320842 19.701918391089265 20.041273657716143 15.809044034199992 22.91387266152424 2.920770637030099 1.9503860861658375 1.4128384733692 2.9962929242580683 15.714351065434476 14.459588329359722 18.473804188133993 29.93077379402818 20.426718758187466 15.740036382890453 17.262024945939327 1.012192370576407 21.891597557579175 22.529147391490547 8.878440051090367 2.8080577864149796 13.911393679078788 7.917677761730051 6.1108762646167945 4.982926095606318 27.504181523624954 11.554249170350404 17.54240888951042 5.470148232228667 18.309253899477696 21.15896009390762 18.745681080212265 9.963504443495133 28.923300940552306 24.1184404542133 27.800020923899037 2.204949628012021];


nDrivers=134;
max_D=[138 206 136 177 158 185 237 204 187 195 182 206 206 206 169 225 139 122 121 228 187 142 162 206 161 216 232 187 234 213 173 208 176 158 136 168 161 215 127 166 240 152 188 167 216 182 189 188 158 205 161 233 239 147 214 134 240 188 156 224 124 126 130 207 160 191 120 129 204 155 132 150 173 128 129 121 145 196 186 156 152 223 205 216 208 149 221 221 232 183 210 136 184 194 151 199 160 132 227 167 226 203 144 204 153 201 126 169 130 127 147 163 127 207 151 126 150 136 146 152 127 152 124 207 201 217 164 196 215 228 208 129 193 133];
        

nServices=135;
S_starting_time=[621 34 265 293 202 145 217 458 443 178 560 288 682 287 270 554 413 688 293 486 698 261 568 552 553 526 445 276 483 623 338 62 154 633 297 63 259 370 130 412 431 232 300 663 15 225 205 195 642 656 623 221 599 199 340 564 162 343 636 149 83 421 274 415 588 688 184 87 5 344 598 548 396 559 323 542 47 611 189 367 707 645 115 307 296 269 620 371 473 182 612 699 36 80 226 137 144 556 680 714 276 145 77 566 63 632 490 581 587 296 69 436 222 678 696 15 403 113 579 188 486 458 678 131 655 522 696 583 363 334 34 149 405 475 38];
duration_s_min=[103 86 116 106 101 70 78 103 80 71 87 60 80 94 108 109 100 85 79 98 98 92 95 116 61 119 83 88 77 93 65 73 85 85 111 63 109 61 66 74 61 114 96 102 69 75 70 87 118 108 92 98 120 93 115 79 103 109 68 114 117 96 111 83 94 86 111 114 115 60 85 78 72 96 89 95 109 117 75 118 72 86 96 97 116 117 90 89 68 76 112 80 113 73 87 63 92 86 83 77 84 84 105 102 107 89 87 109 90 61 71 118 119 66 97 76 89 67 104 82 86 110 98 99 64 99 107 93 77 94 105 110 96 70 119];
duration_s_km=[41 56 59 57 30 31 59 38 52 35 51 35 37 60 57 33 59 37 30 44 41 31 33 37 30 43 46 34 31 33 51 35 48 53 59 36 49 52 45 35 44 51 37 59 40 44 32 37 31 44 55 31 34 34 38 37 56 37 37 35 42 42 55 37 35 53 34 52 42 43 54 45 35 50 38 46 32 48 59 51 30 36 41 56 56 34 42 60 47 47 30 51 46 30 31 44 41 41 50 46 58 51 38 37 59 55 39 45 47 57 39 57 48 36 60 30 54 55 58 44 53 58 33 33 56 52 36 48 51 49 58 60 32 33 48];
num_passangers=[99 95 34 92 32 78 94 54 97 79 87 40 58 34 35 53 59 20 88 31 75 47 72 94 56 38 22 24 32 62 48 66 28 34 50 42 46 51 51 57 27 77 69 72 49 22 46 57 96 38 34 96 96 41 94 43 72 77 73 88 52 67 80 49 57 77 85 48 22 79 59 60 82 82 43 86 31 85 31 64 55 74 41 77 68 72 98 72 78 27 82 35 52 77 87 68 84 77 90 55 31 79 51 27 32 73 52 20 44 49 95 88 50 88 100 53 93 48 84 64 46 45 96 85 71 99 96 25 75 24 22 80 24 58 76];
BM=250;
CBM=0.500000;
CEM=0.800000;    