nBuses=65;
max_busses=58;
cap_B=[107 85 114 62 71 64 122 92 104 102 135 21 33 29 77 30 124 117 55 116 128 69 78 80 63 69 55 56 68 131 45 62 73 98 25 74 128 124 76 67 46 94 73 96 100 88 128 119 68 53 30 124 107 95 25 33 117 52 39 37 101 107 134 137 30];
euros_min_B=[4.751449507619362 1.9916868764827125 8.676793831099861 5.926619581392937 1.2144965345572196 14.33995366520556 14.18792406262832 13.757150728913418 4.753321779269147 4.702968718134214 4.388568183832813 10.339197116700555 6.141567955239529 1.1527135033665863 4.811475537755854 1.809284771015661 7.432976116434094 10.400787212521266 5.429619142359289 8.907150405595456 14.688810368462146 11.638681464105822 5.390410361055457 5.045886813162853 7.346313397254399 7.551539136549557 6.0508212625748765 1.4595786560278428 10.743080987068957 13.426213598397998 14.57669813065408 1.8676605732039018 4.3695156247746 7.230020887861658 13.735243677674264 9.633646115971757 7.991731666012303 10.28175980309243 7.072712466252995 12.326616775287352 9.61405545681184 13.70505214610353 3.6383819105366513 10.984184076219659 6.063552109071503 13.243987688635249 1.3627366710942945 3.5808055994248162 14.931363834343706 1.824780873988384 3.1960335440766245 2.6509975336989147 2.2147159081653824 13.730736894071232 14.668182128112221 11.311461951192653 4.384875761326703 11.638298175798285 9.164341040579364 7.621589736726618 2.5529975813124595 14.757186861637738 11.333103457706862 4.747693159144321 12.304734847152439];
euros_km_B=[21.08124242527457 28.488860025994306 28.968794852278386 20.702052713906763 13.481300326011322 26.888561680476773 17.60565873183215 14.85770215839504 13.710593983377368 10.364346913905408 18.430346191043345 21.91123575478001 26.560163304593193 10.246120101538 9.679018356812641 2.7401570280957896 6.3397913643761745 16.17454541744666 29.743072684736823 24.17072475942581 25.20765628212561 3.999663458103804 10.546498020135818 7.5854552377863405 11.58352200847622 24.566878185033 4.903547288034772 24.50626036580827 12.58995957244022 26.860068382733647 15.60320495067911 29.869429730058027 4.0637267840886375 5.108077064245335 14.980893718778422 1.1721991029958732 12.576691781923376 20.713202876861867 18.463330787054936 10.919589986201501 5.413351990428131 9.028769898011122 5.69530401517816 27.439057752671033 23.323874379421248 2.227721210885478 17.667264809800756 14.567029565512676 18.821168682261234 28.299531077403362 11.663149728900418 16.10203328363093 15.118743586798328 19.921548428535733 4.306744996063964 17.891270814106893 7.093223297293163 23.029087192306275 10.8903745679502 10.986489205077952 24.904239267632523 23.164294084462814 14.181215873279434 1.2752852265468833 26.367185869626518];


nDrivers=68;
max_D=[177 121 182 204 204 147 193 240 234 183 145 188 189 239 235 156 236 230 147 145 210 167 144 134 155 185 210 121 210 219 231 188 175 239 149 206 168 158 200 180 152 130 156 157 217 225 174 138 151 199 234 132 166 174 169 179 146 154 201 177 151 127 239 239 209 128 181 168];
        

nServices=70;
S_starting_time=[211 595 623 176 144 680 363 618 108 644 299 236 490 105 618 299 386 393 571 636 685 585 396 521 137 381 674 286 242 91 598 229 663 183 55 97 19 12 700 558 593 297 22 445 601 271 129 553 227 668 240 673 352 275 581 496 412 398 571 688 589 458 27 492 396 471 336 629 326 256];
duration_s_min=[116 100 66 117 119 100 94 107 69 106 62 116 71 73 107 108 114 111 90 109 76 108 98 97 68 75 107 64 69 88 70 69 97 79 98 114 77 85 67 94 61 85 79 111 117 69 89 101 109 76 89 109 97 72 90 76 113 73 65 105 75 102 98 96 68 102 109 112 97 100];
duration_s_km=[39 35 32 54 44 44 57 41 55 40 39 46 38 44 37 30 58 34 38 36 54 52 55 56 60 41 60 60 50 30 36 32 48 59 37 52 48 30 46 33 52 35 35 39 47 31 48 57 38 42 38 44 48 59 39 46 44 58 40 49 32 51 30 54 47 42 59 53 49 43];
num_passangers=[48 54 67 22 66 49 42 90 86 43 88 47 94 62 83 91 35 90 29 52 69 81 23 48 82 63 82 34 83 56 41 89 31 87 52 39 55 93 43 45 98 44 25 92 78 60 78 97 83 56 35 62 51 72 79 63 24 78 82 55 52 66 35 74 69 26 35 29 50 34];
BM=250;
CBM=0.500000;
CEM=0.800000;    