nBuses=128;
max_busses=127;
cap_B=[42 103 123 32 104 57 84 77 29 61 46 138 138 63 118 123 68 30 22 76 137 79 107 111 62 132 139 80 135 120 68 134 52 48 40 84 50 126 68 130 34 117 58 60 38 111 90 74 69 41 53 91 70 113 88 92 22 71 136 63 70 25 57 134 111 138 81 119 31 31 20 23 40 99 59 94 53 89 96 129 36 129 37 85 124 35 32 96 77 68 20 119 56 89 125 129 93 25 136 68 120 125 52 38 50 64 69 29 55 93 76 72 68 68 105 57 37 116 29 108 121 39 122 133 99 26 51 101];
euros_min_B=[12.328284205698088 2.96248220876819 8.51964221695048 4.586053399085497 10.45156740060377 6.760038927510465 13.96729862873653 5.2817902333529645 4.926072793730869 11.298595212720578 5.167498671902344 14.605222665689102 12.803777527761191 8.077113359582384 4.313103318148622 7.654840156582995 2.984538266990659 6.8542633040321554 13.821772577036484 7.652995215317885 7.571566557249632 11.574875990508396 8.691634676389524 11.560581817132372 13.771284943486526 7.319566379870025 12.46413926900599 12.869090373090353 3.186976046997996 1.6506323291475586 14.596801147106646 7.846148839500364 6.925749329820629 7.848054024681198 2.8004139934955417 11.853557943567774 9.835963224649888 10.638499830269112 6.481832849424674 10.084655109377966 6.372670459851801 10.313073046301604 1.1464719319154313 14.407337854431372 6.91587941256782 8.468746473477513 10.62573720564539 13.213707251332108 9.384382965742931 7.087532971952241 8.556518788668143 1.5613900094161441 8.37747562590293 7.826952705503973 13.506762316594045 12.829081354372706 8.131789032818865 1.505241452497595 7.710810971914793 11.868174304505926 14.216665989914809 4.502635800805071 3.3317114321957484 4.285262722712767 8.961178907487554 1.7144596633478288 10.074853133242314 6.811022968536863 9.338904176344252 11.695103069305237 5.767059485864759 11.56248891462193 14.915427683771352 13.960513954637337 1.9915001347823846 3.532125001988838 11.941834457854387 8.979041820954158 14.157316999393004 14.553946729057744 14.579847553423336 11.198079314299209 12.73121167864153 14.840937969493975 11.785520368377318 11.245241059865325 8.12686971447155 8.362848012628824 9.833183350591357 13.077814947453058 5.655917672403107 1.6647400376158419 11.929313058348558 3.8562257195791503 11.410672597863464 14.464206405553941 8.19448615678892 4.39899457746656 8.883615902283205 6.811745777254803 1.7475241073179433 10.093246589026565 11.165519301542677 3.9025622841029626 5.517822253002176 8.773769962399852 7.695290105490888 2.6659578321759545 13.411660572462983 2.0772718976168516 2.8762973051213434 14.701028301062882 14.823731740526604 2.1059233734096727 6.601240187169872 1.6908185717590227 9.38904046346476 14.764370323402776 10.210126333579371 11.149816984572542 1.2861840238473308 8.024821946570668 13.896131944882224 2.3905859033568317 5.187301820380263 3.1647757925679323 3.4356819164235293 1.1997769555554287];
euros_km_B=[9.494930298924492 4.670604266497408 12.690174170674306 28.349325584818747 21.365456353452792 20.9234882225542 29.621979909675826 3.528649924822143 3.2456042550887743 29.652719675001457 26.79230591290603 29.366711355353665 18.866125705002197 16.967737511001822 29.36471818292169 14.20638419620313 17.482813915905226 13.630220383217862 20.853995983662887 3.9628589759259962 4.376247835496983 15.53997487363377 24.86859301240605 1.477853859980057 15.990097542936594 14.238528780733894 22.37825613627392 4.358923184075246 25.310062776248937 10.759571600933265 9.504249782802745 3.7832322201208832 25.506521209520823 15.985044543933583 28.316634393381495 28.182928842812217 29.561188427136894 17.260023712189806 7.072113564368709 26.22841347729614 14.9220485484113 3.2587300870695968 28.822145032828203 12.352956970117372 20.72306056595204 11.081659869785618 1.5983795082642946 13.785864916784506 16.00520797836399 5.628968834574868 2.824239751718197 26.09901989899682 24.099575842702876 24.221208460783494 7.714542057756439 14.23620667026075 17.370176276887953 7.0242233011464315 5.762503274504792 9.098110670926914 26.954588388163433 19.752012342321667 26.775783629059024 7.310012595054118 28.150964193341856 15.493270307596806 22.12403092746274 1.649808248226726 22.28964344090086 16.125173795329765 11.206675723809465 17.299473359933366 21.82136621226678 20.058434759755237 16.572625551331043 22.959282472398886 12.418358762172716 5.32995879886287 27.31754986937878 8.087704454259708 25.243791030812655 14.863190042415889 4.914549864388853 25.91616844765851 21.59670479992374 29.042487477931363 21.460447218262676 16.768419847633833 5.07890714231772 23.801142360227743 6.592834694036884 27.375949504505105 25.899990622529376 8.455910799438987 22.695694848748943 23.126130448343236 29.533962701961336 29.038467801355615 9.596160716538439 18.88077429263288 5.578424200016339 7.582713258653289 27.78549983063304 12.626097474092862 3.4964759682850803 5.627466082244328 28.832522028411752 12.198125969111484 16.509299675260017 15.870421405231589 12.00228676602745 28.697382607235955 13.163869927704866 7.36035713696519 27.67676754805968 28.585426226639264 2.3011329517324284 12.809959554722083 4.24025782700127 26.60841350349195 19.690875639154232 17.388001004506723 5.7208054542764915 2.9364314660502138 8.440483870487363 2.39833943892561 16.978621475426436 9.40164825747484];


nDrivers=127;
max_D=[140 192 194 141 210 216 142 145 165 149 122 156 149 202 204 166 127 144 200 139 203 219 154 213 208 226 126 148 228 208 139 168 192 134 231 182 191 184 123 230 171 176 158 183 139 227 143 226 228 150 160 227 185 205 229 154 135 128 178 225 185 195 122 214 209 141 184 201 239 133 235 195 222 161 137 197 209 154 136 231 126 178 190 201 181 157 184 228 238 208 203 218 235 187 192 225 173 185 156 219 215 219 185 226 176 180 227 138 140 164 147 225 181 164 233 140 169 213 218 226 182 191 210 206 236 228 160];
        

nServices=134;
S_starting_time=[125 10 276 568 322 412 507 713 39 528 670 290 387 170 647 264 80 521 142 543 7 221 63 39 148 56 323 595 584 241 409 198 670 289 427 505 360 454 709 332 267 292 489 282 181 17 587 247 373 626 231 382 647 184 710 581 39 261 135 411 633 241 116 442 182 328 140 352 393 478 647 542 177 208 714 483 529 146 411 599 110 252 588 113 444 189 225 591 616 405 65 63 632 665 176 374 75 97 487 354 37 506 719 55 356 331 207 388 14 314 648 451 142 490 164 46 369 197 467 624 184 71 642 95 445 260 448 608 23 672 383 135 634 165];
duration_s_min=[97 84 102 95 115 79 92 84 103 97 96 83 84 106 107 115 116 103 65 114 115 94 105 87 111 76 79 88 94 64 94 106 90 90 81 105 82 105 72 118 98 87 66 64 101 77 68 114 87 105 79 97 120 110 83 115 106 97 100 94 93 71 114 104 77 115 101 108 87 100 119 74 82 61 116 103 104 65 93 116 111 114 72 79 84 109 86 117 93 107 86 118 102 61 90 120 107 115 120 88 89 91 82 73 81 107 99 97 67 115 111 120 64 96 104 115 96 79 70 106 88 89 65 79 69 93 68 92 83 73 64 71 63 120];
duration_s_km=[35 54 43 38 45 32 31 40 47 59 46 35 45 43 44 39 46 41 32 52 54 49 51 33 48 46 46 55 57 46 41 30 57 45 30 34 50 35 39 41 36 53 46 55 38 55 48 42 54 45 35 44 36 35 31 34 53 48 49 56 30 36 54 43 37 54 47 47 48 39 37 35 33 59 31 33 47 36 54 30 41 43 47 58 35 53 54 58 59 59 35 55 41 34 49 48 45 53 35 41 54 31 38 31 34 58 48 44 48 41 55 37 52 42 51 55 59 47 32 36 42 40 60 36 37 38 39 34 47 56 58 53 46 38];
num_passangers=[41 49 79 74 40 89 48 45 98 71 95 86 74 28 28 40 42 30 26 76 26 24 94 46 32 41 94 70 27 20 26 91 91 39 45 83 61 95 92 54 37 56 88 86 45 47 74 67 58 85 49 46 45 58 74 74 79 72 82 79 66 43 85 70 75 97 40 96 26 38 61 61 35 84 50 29 80 100 65 86 87 71 53 65 60 58 25 68 37 72 74 71 83 63 96 84 78 90 84 92 50 80 78 55 75 59 32 94 35 68 45 64 23 27 44 97 35 88 56 67 93 59 85 72 71 30 22 60 100 83 99 42 58 68];
BM=250;
CBM=0.500000;
CEM=0.800000;    