nBuses=113;
max_busses=105;
cap_B=[101 133 91 56 52 43 136 64 24 115 76 96 123 108 66 44 60 87 24 75 78 107 38 68 114 22 90 52 85 66 82 96 111 65 73 97 52 118 30 26 20 46 87 25 117 47 72 89 51 115 126 110 22 24 76 119 36 86 126 51 140 44 130 131 62 69 100 77 87 137 67 95 91 46 24 122 112 65 21 96 23 56 73 68 115 117 47 48 55 76 104 55 81 120 45 56 114 107 137 85 102 136 80 50 110 91 86 51 124 38 81 126 93];
euros_min_B=[7.620480076771996 7.865761698008526 5.15707273256379 2.1971700139707036 7.104874110570797 14.704608824899609 9.323216780749153 12.594595920432663 13.92089552611191 13.734355871494266 1.9732984597972936 9.991569787008668 2.929563041834613 11.008927713084052 12.580114366311754 1.7855471086302566 11.208083876272791 8.122663260490876 14.917959967189343 14.317561649847205 4.118379282004275 1.909684787877125 2.0195376782044048 14.435313854295535 3.5362892251803 9.2076545749255 6.546772016099702 12.716180538450548 10.891169177918318 5.4289040429277104 7.137167792116901 3.2356939852447937 8.994002575323972 11.648005489907202 1.9517727514115677 1.1999311880919226 10.048384836210058 11.509725229137239 8.48356072039229 8.728630577716359 2.388753068014006 2.3581128281332173 13.042440434144007 7.368982844656444 14.582063217304611 3.1303909978398115 1.982483846635114 12.98012736904439 9.239870287877807 9.020778393378391 3.554894676056896 1.7492945325639662 1.7467889119178417 5.164700742129557 11.247616522819873 5.8901624923639835 2.9499933500092643 13.253514257705648 11.398617726907709 8.315990317098166 2.7627339832142668 4.886737187242599 11.551427956469468 9.407229195147913 8.12309612550763 8.525081534573738 9.184459524287508 4.951338631192195 9.981521440072813 6.820892758994669 12.679464629297794 12.523088548379638 11.400737915640795 13.645605284958204 7.166598531336609 4.274349611219047 6.825764536001498 1.8245150295831631 2.315673557116232 5.2905682328656605 2.5521038540487724 4.039654907541681 11.352554765159935 13.749418430920144 1.7573070822762604 8.59862154126731 1.7831347910327817 8.029333926688217 14.56929607090029 12.611912188268573 6.399277193144007 4.587054093574747 1.2612274963736743 10.99616203385886 1.5848389720061167 7.573543531592059 2.2374513288665847 2.0164029055428054 6.241277318516975 2.478027752204206 11.243032746939514 7.871032508043022 12.580788279175998 10.50932447829127 6.843643028625701 11.957753881037956 10.172849268918883 11.565443375684413 10.086685107980419 8.183555634612528 9.545699879833228 8.966805051714656 5.502675505159899];
euros_km_B=[4.587537471396136 6.539000439553935 7.0702819312327625 19.562778561805946 15.04734164651925 23.538759949116276 15.89147333314436 13.708593827438396 12.197031054201204 1.115924217758443 27.543614792289254 28.406024902728525 20.644037416248967 12.507967508236234 16.529195300374578 2.6844276247497056 20.73557282860347 29.15361053813213 22.549291568332453 14.294687242910486 15.877982775582097 22.535412400237544 27.265773054320977 29.54592106727885 5.7805506230668655 12.561119413753419 6.272720647678301 1.8734180757472156 1.6522260041170655 16.314321499194687 15.427144574610208 24.962538290470356 11.79157146418495 12.084041186033938 21.482845036560363 2.3249019654010192 28.179669335993 13.472470902991882 14.023797804943463 2.911917602989373 23.220945113749977 3.7779075949730236 22.428717369634846 11.040879626059429 11.94502795464582 16.83755727613654 2.6834796701718635 5.3019952879324475 28.179537283894653 1.6409545979598288 5.3147858983112615 4.973241334539038 25.233176097660763 17.17023748982374 6.288218411178964 14.5175574529118 13.406251580777337 13.372306843558357 26.812808093612194 21.166681565633567 5.700114256998395 29.457389566829466 9.916319689713495 13.021498482890703 14.158511488091758 16.07289532468411 23.80417978031796 25.28381538392043 15.50559431065616 3.370098150292956 11.181146143627139 19.945215110741533 4.600061281300157 28.679629210036993 24.247914812681998 27.99696323709834 22.95253056958522 7.8526766731533755 23.781219236253715 26.1884046644617 7.490834983275918 9.040113115924198 2.5685948843441126 27.630032173219355 2.20095079994084 21.37593516751718 2.3221095933053926 28.863527329532328 22.909554349430326 5.837591059403434 6.214035152214185 10.323360777297028 25.855558322612303 13.332086523854608 2.392534070344147 25.689907554786956 6.858303853641808 27.232571650120956 12.000602776551546 3.077065429812092 1.576531507907034 16.989382022357486 21.004816229172977 11.999677490809267 17.587137053901596 10.845076153051734 12.908312619258943 14.982018903787736 12.23973249078058 16.986581088606183 28.725995947247654 25.585923641215345 2.683475695389602];


nDrivers=109;
max_D=[237 133 139 218 174 142 155 146 169 152 139 133 143 125 150 140 164 125 236 129 238 168 129 172 147 222 160 169 237 224 219 210 237 203 239 225 156 185 191 158 232 121 161 240 207 126 142 230 193 190 156 216 177 150 240 186 186 152 194 160 129 216 133 214 124 196 120 169 209 202 217 142 163 211 127 189 214 153 132 175 129 177 211 212 231 175 205 120 210 139 196 127 177 195 168 186 209 180 185 186 187 185 227 188 184 213 137 140 170];
        

nServices=114;
S_starting_time=[660 46 124 339 415 704 602 288 95 163 212 154 128 367 276 511 645 236 358 223 594 154 129 179 95 605 488 581 425 378 27 496 7 1 106 666 260 644 642 340 711 287 81 378 29 134 538 533 605 427 694 483 345 512 595 137 705 11 429 246 509 84 463 70 298 263 331 310 47 534 610 325 696 648 134 711 124 436 71 340 555 451 79 293 51 9 494 556 627 203 720 270 263 35 236 418 74 147 8 69 327 314 23 73 588 80 235 680 380 220 11 560 463 493];
duration_s_min=[115 87 118 95 94 87 102 80 80 94 110 86 84 98 100 84 112 86 115 73 112 106 85 87 82 105 97 78 104 82 73 107 79 101 97 114 97 118 94 83 66 119 88 86 70 78 81 99 70 99 109 113 73 67 111 102 99 86 108 111 79 87 94 104 101 75 115 89 69 65 84 76 88 77 85 67 96 62 72 73 64 91 93 93 65 104 119 70 61 119 108 76 97 89 92 107 92 96 101 97 108 65 86 78 66 107 61 93 118 70 93 102 72 74];
duration_s_km=[48 31 49 39 46 43 34 37 33 39 59 45 59 59 41 37 59 49 57 56 49 32 46 55 37 39 37 52 59 44 48 39 54 31 34 36 59 34 49 48 38 51 38 48 30 40 53 33 43 54 30 56 30 53 49 39 47 35 58 48 47 41 50 49 55 56 43 37 32 38 59 54 38 51 48 54 52 39 58 44 57 47 44 60 53 51 37 53 50 42 33 35 34 34 38 49 58 56 54 49 36 45 58 34 43 38 55 33 30 46 41 44 43 41];
num_passangers=[65 79 36 100 71 56 40 41 87 47 90 89 45 21 100 24 86 46 54 78 98 24 50 76 54 55 89 86 31 26 100 37 22 40 86 77 24 41 50 30 21 87 29 58 96 30 22 26 34 51 22 53 86 94 65 27 42 25 89 61 23 85 53 73 61 48 64 36 96 56 96 76 24 87 25 56 68 97 76 31 42 72 77 95 91 85 22 35 59 70 54 55 21 27 93 59 30 55 53 60 71 22 23 90 69 35 43 46 75 40 56 37 21 48];
BM=250;
CBM=0.500000;
CEM=0.800000;    