nBuses=90;
max_busses=86;
cap_B=[62 26 123 134 138 103 136 44 100 95 129 55 21 63 42 58 135 92 32 28 104 139 133 89 124 116 118 99 111 47 24 65 127 110 69 29 45 27 113 79 48 104 132 101 135 63 72 89 135 89 128 98 103 34 39 126 21 133 20 61 79 135 122 23 21 100 99 125 36 39 95 37 80 79 69 65 30 43 106 37 57 78 136 38 123 79 30 57 32 41];
euros_min_B=[8.46450918181624 8.044391863932177 14.8619997918174 7.206517187738245 10.488810378191337 13.823570889654494 7.785396147637832 4.731704589036942 14.991629953227218 10.57539657529784 5.0072231199513215 2.8401531367517934 4.879730169367915 12.83997041553617 12.7003227302649 8.896462730741982 7.589377613941743 2.939529024133777 1.8406512217087898 7.025756160807699 3.6713256819086597 13.293211652475636 1.6133293562957192 10.712104007257697 4.304638921089419 3.6029796873269673 1.2073465761734763 8.245794380349459 7.909402530725561 14.271334558476262 11.180506059054869 12.777704022380762 9.0112974858835 12.433817474727967 11.170795672790154 7.893624192174451 2.928295852317272 10.202335150728052 10.441575858415876 4.78653473063171 7.83515748218189 10.29085420328423 6.57155720732784 9.444288695391036 6.407568120991676 11.24116638052567 11.528691720900403 3.56325611831251 11.638116990490454 13.508210877341046 10.913703671137457 1.459854562288381 8.90087896084325 14.667067853835174 11.312220099754978 1.9435982877170324 5.061972646902162 4.817103648086421 8.81992325589234 12.769826214882233 8.004233589878789 3.3751650041571413 2.524464481104909 2.483383379458338 7.865265721995893 14.47249068663056 11.60682755888419 13.32314346302072 10.117445328269262 11.92039976784036 12.564864523492474 1.2160597806329416 4.248856762707077 4.419685442543828 8.586785250879851 8.090013346700106 6.556941884289598 10.033397228872863 8.663483258401719 6.407779279927478 12.130980466469413 4.003214661474071 10.352198299393521 13.260985370546532 2.055318391034888 4.07819303714664 1.5209555006428588 5.688228649891296 4.26368018761816 7.307353898999054];
euros_km_B=[27.9791879541539 20.73892513613542 24.933305779441778 9.99273107035151 29.514257071036862 22.587431762798392 11.967998976505795 24.994976686756964 2.7187466939716813 26.644697387718722 6.838677538650852 7.994374130131143 15.659663474988278 23.96713542603759 8.441187699967278 17.847659330921505 15.71893331240914 21.312053442482096 19.46050279492171 27.838536048660156 27.91895497772882 13.075271726620446 18.969262980683748 9.57136039518314 7.798608015207177 8.164544635457174 27.631513964161034 15.835455900789267 18.250887848823922 3.5129219905130116 8.130553310418989 12.781593844652459 12.049120259084452 7.257101461277431 26.774976999174534 5.769364865736247 4.697671538271276 19.862685812078784 1.8896298806026475 4.003885105941052 23.05733672374596 8.008470143987346 15.454643661478972 15.747819761498612 17.356609436742502 27.594306573995556 10.782308614967638 18.409989754673205 22.52566594132289 8.693239906073766 26.560832231082983 8.642152177510265 10.282660109468033 13.826583474837868 7.7306533704258955 19.794653263683227 20.88533545780278 1.0841355426230233 20.426516929305695 2.3947121462378123 21.66634172138979 1.8456656715945263 12.91080874496618 26.98110841636066 3.018469910197823 28.470754154600705 6.761884759103868 5.884851587394537 24.182619496967284 29.639219789382395 19.128505158022122 2.861020662613174 22.26430077163301 28.679895762960054 16.97979384497266 1.6785344938757598 24.691348386221517 3.59328877552698 23.25586240671358 14.629890375445932 26.322729155101364 14.78325025401555 4.097645954521159 6.29146102975943 2.3753944875000137 22.80435091003347 6.90036195726015 25.481878729479693 7.079768224872115 16.700177625091328];


nDrivers=87;
max_D=[148 209 191 173 219 218 224 145 169 230 238 238 170 178 150 234 212 129 144 210 141 140 191 212 164 210 127 173 210 238 191 220 141 158 158 207 170 180 194 233 221 170 129 218 161 227 140 207 153 167 140 186 168 134 228 238 224 233 129 137 163 236 179 173 125 214 167 127 178 217 234 197 219 149 128 142 140 172 120 174 191 146 199 235 144 240 143];
        

nServices=91;
S_starting_time=[100 509 540 475 318 251 169 80 714 531 92 2 269 168 51 6 354 92 590 452 374 582 473 59 516 134 91 422 487 525 508 491 500 274 569 241 157 162 522 587 598 152 611 614 75 282 448 347 716 65 33 159 538 479 596 496 350 592 658 715 59 349 715 173 523 154 106 450 180 357 297 521 170 466 291 274 125 8 301 462 261 278 336 43 103 424 402 490 165 587 378];
duration_s_min=[67 77 83 111 112 94 115 86 91 86 64 91 87 63 87 85 109 70 90 76 102 77 72 77 115 99 111 65 120 86 108 111 99 91 74 118 92 71 70 88 101 75 94 110 61 99 109 100 69 63 77 72 74 120 88 60 96 115 96 90 111 78 118 72 118 111 114 72 105 119 99 99 95 107 105 81 89 60 65 90 73 105 113 77 62 112 100 106 106 107 69];
duration_s_km=[46 32 53 31 40 42 31 58 34 45 55 60 42 56 31 51 54 60 35 56 37 51 39 39 54 56 47 34 55 44 34 46 40 35 58 58 52 35 50 49 57 30 52 39 50 37 32 39 44 41 60 51 54 56 48 43 44 31 56 50 53 40 47 54 34 58 46 56 34 44 43 42 35 54 40 52 40 43 49 42 57 33 51 39 45 51 31 56 34 48 57];
num_passangers=[96 37 78 56 36 46 31 24 49 60 32 65 51 90 21 84 23 39 85 95 62 31 22 72 63 92 43 65 65 87 81 68 35 20 27 28 72 57 22 77 99 85 80 89 94 91 52 91 62 23 47 83 78 20 44 23 39 38 79 90 59 29 43 81 98 100 69 57 100 86 72 35 36 57 39 21 67 20 78 33 37 23 64 82 89 63 76 71 96 94 46];
BM=250;
CBM=0.500000;
CEM=0.800000;    