nBuses=125;
max_busses=129;
cap_B=[49 71 23 42 81 39 46 67 117 86 110 57 128 55 124 49 74 70 73 125 83 75 116 104 96 74 41 37 84 20 137 76 63 45 115 84 115 119 121 35 122 104 49 135 137 44 90 101 44 22 34 134 104 91 29 75 77 61 32 50 49 98 101 30 26 75 33 32 32 123 20 98 136 139 89 90 59 33 66 39 26 29 44 72 51 78 88 115 133 53 34 56 49 80 80 68 104 127 46 73 139 81 130 32 104 109 119 36 101 65 33 99 79 57 79 107 129 105 29 45 25 43 36 40 87];
euros_min_B=[11.318212551540562 6.189354957383629 7.9414523960319325 7.580088331638052 11.192244714763914 6.774615788625782 10.645803331588091 3.212580311383306 14.010167733062136 6.519099199649032 1.8372303187597465 6.610774838430621 12.355861704131033 8.122940984423327 10.11894802265761 5.6464197197914325 6.7834557596479375 9.9107520220487 1.8607372417474743 3.7525106830418657 1.2753291241269957 14.08541844690665 5.215453451727771 13.47054212480974 7.05485093828043 3.5968849618809866 10.33850543231123 11.532533128390206 14.673298736279355 14.809653764140823 5.8535380497990275 2.416914740387506 1.550763936786639 12.246907540412007 10.631440959597619 8.226290912607922 8.212785234823706 1.0472574609701693 13.384003117757736 14.83212052350021 9.971930162535841 6.872474373323631 6.5598384819171685 14.75266129890994 7.512338945956835 9.214266047103056 3.243150680149011 2.8226034006859546 14.76940187512019 11.214018223543519 11.822483004092755 7.902396425444348 9.219572587066706 14.288765821764803 2.767358880261141 12.933855292611534 14.1428784827839 6.844974199932281 9.570582843741763 1.479201960429514 2.9737966258302104 7.756643414930569 1.8635873461738748 8.516238150985524 10.024457432941244 12.290116850514703 10.166902823668126 13.124966803871596 13.979198026440917 14.07469866949543 13.093548654341806 13.485677166812454 11.971322592494747 8.71201933989844 10.212479018313783 13.39196150692418 3.3888667537714774 12.017325631117993 11.351023217876014 4.031137898442231 7.519531958142396 2.761478795303339 14.130772557472309 5.1647489361555445 8.860262406028939 10.485808692835448 8.830079943286824 5.832414880346548 9.563923459569518 7.256028911100309 13.320985576859844 11.309135083377331 3.2939603073667056 13.545498218851465 7.891332358769945 13.747034035582182 12.206700298078212 12.588505786587715 9.002744213229546 8.626639322807879 11.380401982461056 8.779939909705185 11.770173268727834 14.597236487537055 7.755874520112809 12.984752710642299 11.012200340283492 10.391915534742628 1.1910901374260672 5.223411423891074 8.659229679229249 5.183194640857074 12.121712712911433 7.435695035552052 12.19159854359732 13.942029314773123 5.9045280456163445 6.13935447449682 7.864272038869858 6.679881601663974 14.539052226021669 1.4396865556931882 13.540074260966483 3.6070147076587045 14.541530296714216];
euros_km_B=[17.536758504993138 29.835866530675517 27.64344227519606 16.740312427170075 24.34620259888928 15.765272478957707 13.444226429424896 3.6960968484035943 7.650131913976932 3.465559128729603 11.220507408960021 3.6392032082207724 26.53459788963266 19.135792296303727 6.990344756414926 15.779320363345656 18.452648951915346 6.919431458666002 7.065477483829596 5.622500552447569 15.274299672055214 25.43194824194152 13.694189040645988 10.827114083521085 3.6371391541787803 8.978389780447191 9.290518326286376 10.660966558085851 21.151845305186303 10.524525204068514 28.50085803457999 23.912652007446805 13.644884388968146 20.215049041191516 2.287912020605572 21.90476536187515 18.24389789788062 26.440879540384834 13.797372859377006 1.4037866564165673 29.688410697238027 11.419346132392484 28.623000289597066 11.94864374463239 24.669550247951207 18.67028066110083 5.679001198946857 11.526049814043057 17.285770140710632 13.96273124653949 28.414092741443874 4.5405332324240755 18.740185510742553 1.3021067933022112 3.495268282696011 4.573785866275015 8.603457918640299 23.561716687251472 18.6345341113108 9.15139647881625 22.939183608294993 26.95507372969578 14.989965363788187 12.393592155753062 27.039000142266996 3.4029305443079836 18.109181007253824 5.054652357720231 12.59683024318853 9.00449871653583 18.602784077307074 5.847946673421188 19.53285901816741 2.6806556626682485 7.489124099742856 20.32610323552904 5.86644485634843 16.088427306039833 13.648772565057046 11.689181716797803 3.9925946676516055 14.37013600987989 19.210421074174565 7.775133043396099 5.494943424096641 23.967975970848926 14.637476053029063 17.665130693034353 6.914101158466823 10.32871223390546 19.621176318293216 21.33193538915262 19.3175409435941 8.624323229293987 19.13518563730543 12.976092587493158 5.07044546044308 9.280428199423637 22.348872187010983 6.001626534364595 1.8056663148096037 3.6728816929048165 18.65170083123671 13.773545349270876 11.566628775197847 24.48659922744182 12.439013925336932 7.0136378048029755 25.550489410053537 21.11919763673355 11.140990054962302 25.252581959426976 10.427626836518904 25.289259640956562 19.4478771597261 2.7670645120342896 12.954992786444521 6.171110784091234 6.332175475215626 6.303887407844174 8.343089028202098 10.78535594407181 14.56512124608495 20.236441649260325 14.484142644289413];


nDrivers=125;
max_D=[227 140 125 152 163 193 205 178 173 216 158 212 145 178 191 194 182 177 120 234 212 122 240 129 234 167 213 144 168 158 228 127 135 134 221 145 237 130 188 211 188 134 194 122 212 213 210 164 227 190 216 147 218 215 151 223 129 213 194 224 126 131 214 209 202 184 220 171 203 235 171 188 210 128 213 152 186 233 187 148 140 161 162 196 145 142 187 205 156 168 164 203 212 191 166 143 153 209 193 214 137 143 225 212 154 218 138 215 154 143 123 202 195 224 192 215 229 183 132 216 224 160 123 229 140];
        

nServices=130;
S_starting_time=[307 376 369 711 578 332 376 512 141 287 431 468 633 120 37 605 469 716 344 131 199 45 624 517 126 294 287 644 206 699 578 143 49 249 537 165 391 656 564 510 28 581 275 473 336 296 19 254 592 198 549 295 610 267 155 455 519 506 264 130 214 251 605 291 318 96 451 513 7 206 523 453 67 399 422 276 442 311 387 204 33 41 245 30 11 641 118 483 371 689 628 95 375 526 536 609 123 378 466 700 477 143 254 189 329 671 701 213 89 575 295 468 76 456 715 161 166 121 66 155 617 208 275 183 218 209 320 58 626 316];
duration_s_min=[109 117 108 62 67 98 89 114 91 95 106 109 103 69 93 116 120 72 62 79 65 68 89 69 65 96 82 84 109 64 104 98 62 111 60 61 99 62 119 111 69 114 84 108 90 92 110 116 83 105 76 67 100 82 73 67 112 86 66 70 86 87 82 107 83 90 98 118 96 117 102 110 69 114 93 76 80 106 79 79 85 105 114 78 78 103 65 79 96 74 108 92 113 120 62 61 85 86 61 86 64 108 83 94 108 99 110 107 78 115 101 101 106 78 60 96 90 119 108 91 109 114 111 64 105 61 84 81 73 96];
duration_s_km=[35 57 49 50 52 47 45 50 46 59 42 34 47 56 31 37 41 44 58 40 32 52 51 43 33 48 56 56 36 37 52 55 32 35 43 57 60 59 34 54 55 52 38 34 40 52 43 36 44 47 50 51 39 47 33 54 41 35 34 39 41 47 60 38 32 45 57 53 40 33 58 32 53 47 48 47 44 53 53 52 56 48 57 60 34 56 42 52 57 43 40 30 34 49 60 58 30 38 30 33 55 52 57 41 30 39 59 46 55 37 58 48 57 35 40 52 54 33 49 57 41 39 54 51 60 39 44 45 34 51];
num_passangers=[65 36 96 76 52 22 56 31 86 43 90 38 47 87 96 56 68 79 31 61 99 56 63 32 44 78 99 96 75 44 64 59 32 21 96 54 92 68 56 60 25 29 73 86 73 50 73 64 98 98 22 46 80 47 48 63 55 86 99 57 20 67 22 58 23 50 38 36 57 20 97 79 63 100 35 30 91 82 29 55 98 88 92 43 85 22 68 47 51 45 94 27 42 27 90 54 46 84 27 45 91 58 94 38 39 62 36 58 20 57 96 100 51 61 99 66 33 58 38 78 38 64 88 94 63 96 67 25 73 82];
BM=250;
CBM=0.500000;
CEM=0.800000;    