nBuses=120;
max_busses=115;
cap_B=[55 41 90 47 84 74 92 137 70 35 102 23 131 81 112 20 29 127 53 30 40 61 98 65 83 126 49 105 134 119 104 36 108 46 121 60 77 96 30 53 107 129 131 89 117 20 29 104 133 46 31 80 86 78 100 69 129 58 95 56 85 98 20 65 63 99 122 54 137 69 140 22 81 140 79 75 129 34 136 42 127 106 132 91 95 49 124 117 39 81 139 78 34 135 96 39 31 24 129 108 78 100 55 74 59 138 55 40 59 35 52 59 88 59 46 136 45 119 24 129];
euros_min_B=[14.58112472359819 9.330508170056076 12.46172945529657 9.514889320284764 4.817989052666134 9.862576185801336 9.802841525375998 5.9677308088522185 10.426596497476247 11.339457506354021 1.7899834061398507 4.058900478648962 10.146672911691502 1.8682962072718734 11.141648734186273 14.468902101985602 11.866942595938015 3.821806780284965 9.609742136383513 9.553335367334025 9.309981905779281 8.364966654180977 5.384468051228814 10.824254702433233 14.585833923174386 7.374905604792755 5.380487949245742 4.219999777358186 5.9171590168356945 11.086617607561069 13.888549160719137 6.9827355303112775 13.839501100307153 2.536922900400138 10.883338853823204 14.628750565370547 14.650312058965191 4.506340933182594 8.800393268828373 14.781617489251754 4.0822767409008485 9.667796729205808 8.772426375442649 2.3284036814489566 5.5429523701608066 10.090960352687288 14.199340700717782 4.802627337829179 1.8777336906116397 6.446143391766207 8.479344416789752 6.403233654505463 9.208917902033907 10.070453556038967 8.124317913850511 14.862890866668074 13.41275807665032 4.878334188053816 13.065184803478084 7.473455039530504 4.345853540821393 8.369973672551064 4.959003417060936 5.496011883830497 13.189693800227232 12.620649635219355 11.439909187618293 1.7692405354668626 9.876243705579814 8.619180186946743 6.1077941729558045 7.610187378511636 4.3903255442463855 4.425214601465082 7.460470729242319 14.04146235492832 4.7396536565855 1.3330021252139208 9.158729993914765 14.499331433979185 9.636715703764605 10.501211927108159 2.554954460172672 5.752938780747497 3.6745192002876825 10.114117598665022 11.679904915981183 4.93997232323103 9.969775070861505 14.144525148886126 4.559120580508799 14.02622331797348 5.433763076037132 8.327446957731333 2.849113269676339 10.16779411887537 14.496961785992884 12.25517680284139 3.5498166180032182 13.830336237016338 6.554615315723231 5.433735874814574 5.720928790247966 10.947616773275124 7.050864005044589 8.039300978260334 7.9383479196798366 8.15148929674567 11.6554522748031 3.746846460468734 6.742474144205251 14.084167240575768 11.940464002867088 2.8792236795639305 7.821110741981156 4.373732777868412 5.74707256305039 12.065464137177146 2.8005657018204353 8.416071324440269];
euros_km_B=[8.383462144659013 21.517364473095775 1.940679101393277 27.706034008628702 4.127271402618236 10.406468331242163 11.923846161470513 26.19059683809298 21.387913943244122 17.614108343984118 5.672703497464114 27.14531237654217 6.236881507269144 6.414972723814332 28.91339785712881 16.204223862853404 20.39570845324804 16.47566008074141 5.176369597659452 13.508778086367355 22.389727733886637 13.108330574908313 20.041022439085985 2.176612577508056 8.960869385619738 5.836843133243256 11.986215562379952 20.301482626831593 13.184479481313797 12.3560096275801 26.062353872284397 13.804854856380203 18.312512265305017 5.111694985926891 9.427642426894801 2.7466676786120505 17.7743471091988 5.255280863883879 24.301492887688195 7.4095313612312275 15.503291608803245 16.593332806819244 26.638357090961797 26.68245201090929 15.73590976322276 26.94485819337569 17.070018527330305 9.358236306203631 11.945078553592632 28.738282630169248 14.72546273631491 7.443249941430858 14.289475638479036 5.286014242923987 15.20498400688189 18.402610410001927 7.1042357134823915 29.95600980815643 19.149350959776598 28.54773962529728 5.887366861471184 22.651913961164023 29.60851950131551 22.464480698612086 5.2673496515921485 23.8724278682765 4.708580013484476 6.686349086228781 14.042816927357961 3.07918672008706 28.604444207512483 2.821356257195738 25.679350990728892 29.233330787737263 25.969612777343723 2.295330136889187 17.95586178820104 12.268970622616541 15.772474068028226 22.0106644409998 9.39568066913056 13.660066569627537 6.522805486245932 1.3056506837162307 3.939494485613381 2.3810480458955046 22.389403258386533 16.537450512980577 23.42251706019669 6.925041237961957 11.238537685579173 1.3204732738831284 14.403796672303653 3.759347034492935 25.110418508135968 15.218706366218631 22.78843420454693 15.21304672899035 29.8759665509045 14.007884068934912 15.537333970685783 20.83020661497323 2.081545265016055 19.65185325725268 7.407982592965308 28.992152886684206 18.58411556247692 16.17536558721394 5.079414583515939 27.72357113618613 20.84258107981022 7.024003560597915 12.777200742834994 29.90570148254978 13.858742738717776 7.885498499015041 28.850719800582848 5.663682690130555 7.787271926859556 25.33993666165443];


nDrivers=118;
max_D=[156 208 137 152 162 146 137 120 204 120 232 194 161 221 129 195 120 186 144 215 160 198 161 215 229 172 156 138 133 188 158 149 121 163 186 130 210 160 190 144 194 232 215 220 122 211 176 211 224 220 125 233 224 156 182 167 152 170 227 235 238 229 149 237 216 170 135 192 167 216 214 195 180 221 182 161 220 185 224 172 179 131 220 194 142 152 240 201 175 160 189 155 151 122 217 192 195 153 205 227 217 176 205 182 141 218 199 234 181 162 240 127 233 148 172 179 140 219];
        

nServices=122;
S_starting_time=[490 157 704 168 9 569 42 170 248 310 146 321 218 322 407 460 12 466 501 668 94 273 106 107 12 151 80 533 136 465 608 159 692 416 29 494 423 412 61 272 561 27 510 709 204 316 422 570 181 644 99 122 464 103 255 147 389 288 644 149 530 61 104 642 182 707 478 91 659 73 602 97 686 697 226 418 714 45 210 391 522 679 446 616 224 254 453 483 305 36 55 108 140 302 619 261 53 369 658 630 16 652 624 374 435 472 495 622 157 423 287 390 206 323 113 273 549 252 136 282 219 356];
duration_s_min=[95 76 115 63 116 63 77 88 105 116 100 84 86 89 94 92 71 114 84 74 63 104 87 78 114 68 77 71 65 64 87 93 77 83 118 67 118 85 69 65 104 105 61 77 61 76 101 85 115 100 85 62 115 115 91 112 106 74 84 120 103 94 75 78 94 100 71 77 90 115 116 64 71 76 116 99 61 120 89 61 78 104 108 80 71 60 64 64 103 71 74 69 76 83 95 108 118 65 83 97 107 73 84 91 85 70 109 99 109 76 93 114 88 109 61 63 102 119 108 99 94 65];
duration_s_km=[35 57 49 38 31 57 42 59 44 46 52 54 44 59 33 52 42 42 38 43 38 57 50 33 60 35 53 46 40 35 48 52 30 31 31 33 42 32 43 49 44 47 60 47 30 33 60 54 57 55 38 51 42 31 60 60 56 36 40 54 33 36 36 50 43 40 50 45 35 53 36 44 56 58 37 52 55 49 59 46 40 59 51 30 54 38 51 38 33 31 45 41 31 31 60 53 59 36 59 32 50 60 55 35 34 60 38 36 38 30 35 41 42 33 32 33 31 49 44 49 48 57];
num_passangers=[100 88 70 77 65 58 73 41 27 37 80 82 79 61 96 97 95 35 32 73 73 30 100 21 49 35 60 66 41 41 69 20 49 66 22 56 51 74 74 85 72 54 64 44 58 38 50 42 47 40 24 40 27 34 38 63 99 67 94 56 50 89 89 38 20 92 97 87 63 67 65 64 35 45 59 67 97 69 91 78 30 63 85 54 75 51 92 100 83 37 88 79 68 51 66 46 75 39 35 41 23 24 22 55 88 58 51 70 22 97 95 58 80 57 79 51 51 34 21 43 97 20];
BM=250;
CBM=0.500000;
CEM=0.800000;    