nBuses=120;
max_busses=121;
cap_B=[44 98 52 108 104 74 23 68 55 44 115 67 66 37 55 46 29 114 78 83 116 124 134 55 37 114 106 68 86 25 93 55 35 105 121 124 100 112 140 79 101 140 21 54 81 53 83 103 69 130 43 93 23 104 57 27 43 119 93 21 86 137 130 25 50 94 65 77 74 124 114 108 124 122 137 118 20 89 68 138 107 117 122 104 119 111 138 92 93 30 115 89 118 58 33 21 54 44 120 84 83 125 90 58 62 110 45 134 24 89 90 96 42 105 44 65 135 29 49 73];
euros_min_B=[7.4280610787029495 3.3147429057427216 14.34996811453689 7.054456812830751 9.990128568969839 14.53559880549637 9.8769745893598 1.4260331992690352 8.938509630482162 7.476661407985115 4.9479534780334635 7.228347448137577 10.786292963983653 8.926679469489411 2.3326489003832207 9.21089633687447 2.953364157803468 13.582167295782975 11.029435666866965 7.452865518589192 10.710483946732516 9.726864322629968 14.179200126191942 10.021645719293 11.893821215593455 2.015644508962081 10.520631755553277 5.166978905890207 12.858745987532311 7.233936940981858 9.33438866108127 14.456712523594085 2.4588881175458885 3.9263999067244484 12.896362645788923 2.319839105547238 8.327185201463891 11.49976218488819 6.405330060984602 6.716772189436022 1.5189826397371713 6.933714188915321 7.02085908021956 10.995970195933157 8.669006560819241 13.73327361832332 3.5126688331100495 1.708735178701549 3.8409620755672695 3.3458508493224848 11.019289402963352 14.165671337671286 13.448537276072432 2.453591331887976 9.846992428239847 11.600731588507475 14.943536133838942 10.742038307832601 7.858248604035189 13.815985227598935 10.075513210988877 14.24887935376717 10.290501736306688 2.4672202729741266 9.119859221196466 13.843057346868177 1.1091985966108482 9.59963695577595 11.785332256713703 12.64717139761264 1.9046704663557752 9.790491154773896 7.290252353788823 5.7339555829488615 9.657437605500089 14.315949591742037 4.583548850803973 11.135083330021594 14.30222759662855 1.0893353998394477 5.711789771673746 1.7632385211238752 3.471606331545844 1.266478546722894 1.1176908581695166 2.6631615178024997 1.669767813784288 1.764793169609653 6.080674809019649 11.38103551253818 8.955993995101732 5.114061647408647 9.225153257938608 13.689633527009775 12.185365140148692 6.977363462499186 11.468576065715501 3.3447095024592493 12.929243398707257 6.55772603624791 5.634714954745823 1.2164946692563618 11.642701252102441 7.255908067834146 6.3490090444734975 10.125516548411174 3.0457315450475844 7.796565784640098 2.895343630955881 14.80527680868488 9.015302863742937 5.015631081529049 7.541175561549572 3.138082905484427 6.566840124505468 7.106102542022689 12.033412752824432 12.130212240600134 11.33087359336947 13.142759117116896];
euros_km_B=[13.165769426158397 10.07328469995659 23.03259036937349 19.36017108700113 11.400005057903005 17.50874981163105 13.054103129366489 23.441617233274616 3.698887872676938 16.286590769657487 10.878458030896816 17.44932060161884 17.207333452518228 14.057280026246914 1.5235410745118405 23.288977068595877 16.28642481727741 28.26400980220061 12.654123245078774 12.792249340806224 5.6589664622344795 25.394441126892055 21.039235459061246 18.02353569799779 6.739827601243776 12.853374002797372 7.445554660899544 20.055463609569976 27.133293033312984 16.50581092489589 16.64882339555946 6.04155214414594 28.664724079297734 14.896870110404132 28.796576425234694 23.18268529914059 11.473278678713413 11.662832163436907 26.95711688519681 3.953975360511725 18.899820774112204 18.17168861935184 12.758119808555609 27.419616757592397 26.43061878911463 14.409214270714056 22.390674234840752 13.452988482839174 20.861754019521975 26.950929581186905 7.4677141168561665 16.061617163392505 11.251928378438967 10.27064997869253 23.610990000443476 8.21445905672031 4.87798174872006 13.131534881158105 15.857628719741694 14.678106521220197 4.016755697773973 19.423838243823056 24.733823870023866 27.981921145607064 20.910489648756382 16.61278512784788 10.684517097968621 24.774934347011435 25.039393562784127 3.06538004045742 12.684332102494192 10.305875724559286 24.102749113165487 17.666709567934546 18.927539627896685 29.031999581674953 10.568116217058924 3.0045052393943594 26.14763745737805 1.7377955144769488 17.910949650695024 13.876313544549795 12.59324376581917 1.6380873865645618 22.518893822240706 21.19018466795004 26.74552371385551 11.593298540564037 26.07406109444035 27.643954840434304 1.9081570496898432 2.0383913520354158 18.631122309994694 28.837894659698666 6.710960382782961 6.595917561951315 21.875683190671587 10.163250248051751 12.997162970715436 19.681348540882958 21.235465230047783 9.42882532911707 27.933530842025753 4.719248081104075 24.743178461429213 18.546661386131714 3.3233402541831882 14.091371227113344 12.49076700300694 7.4708423679573235 28.677029571636297 18.629054277840932 25.66884181220004 9.767651831986614 12.292213964919638 15.460900118896893 8.432675967516811 25.781331491344375 17.376795736803125 16.748483195215332];


nDrivers=122;
max_D=[192 224 139 227 211 226 131 157 145 150 205 199 156 132 232 203 135 196 208 135 186 207 228 238 168 214 175 155 150 130 168 155 123 186 188 199 230 215 168 169 239 197 184 187 237 195 216 192 145 139 231 214 172 176 160 208 226 172 141 157 226 138 121 222 158 156 216 211 226 138 156 224 148 220 217 174 123 228 150 170 171 213 128 120 142 180 222 129 166 158 235 207 187 201 162 219 128 210 160 158 200 187 175 126 174 208 194 202 186 194 172 229 125 148 145 225 178 144 130 217 212 192];
        

nServices=126;
S_starting_time=[221 249 310 664 104 356 520 12 82 642 292 10 370 299 437 390 437 36 608 531 144 184 720 291 173 654 336 319 354 291 286 58 702 439 522 230 333 305 509 52 243 10 55 438 173 231 366 368 260 272 579 383 317 16 571 263 242 334 467 122 436 347 719 6 48 76 294 334 304 678 560 305 118 501 506 15 64 334 300 432 423 358 301 113 641 102 195 290 134 445 557 69 38 583 426 378 151 134 449 44 401 119 524 570 99 659 707 579 489 237 359 162 616 20 142 317 210 269 181 590 563 22 251 536 233 533];
duration_s_min=[103 106 64 107 75 77 66 103 67 113 104 115 91 89 109 113 87 69 85 72 105 89 118 111 63 112 90 88 106 78 117 115 110 90 120 69 118 112 87 89 63 112 69 61 66 115 73 60 105 102 63 113 116 97 79 115 69 68 119 65 103 65 72 69 117 109 62 117 69 120 111 64 86 92 78 102 63 101 74 93 85 103 107 103 76 98 120 90 84 76 73 82 89 62 61 119 81 80 113 96 108 65 106 120 111 77 93 65 88 76 95 92 95 81 115 101 104 60 80 89 102 99 110 97 105 108];
duration_s_km=[33 40 56 52 37 37 37 43 47 48 44 52 45 41 35 35 45 45 50 37 49 55 32 53 39 30 38 36 36 36 59 42 60 45 33 47 39 43 57 46 59 50 58 47 31 47 52 30 39 53 38 51 57 47 45 41 40 59 30 45 59 40 57 40 47 34 45 53 46 49 44 47 32 41 44 58 55 31 60 56 52 42 40 57 38 59 47 40 51 46 54 39 50 41 55 42 57 52 37 32 60 44 50 52 32 51 34 53 32 36 43 54 34 53 56 40 51 32 36 35 37 59 31 40 38 32];
num_passangers=[87 64 92 24 32 84 93 74 53 87 73 93 29 73 62 81 83 20 55 87 60 45 30 50 84 67 62 32 24 27 22 94 34 68 20 93 82 52 37 66 85 73 69 100 62 75 61 60 95 66 85 45 46 40 53 66 45 95 32 21 83 33 68 93 91 48 73 66 86 35 78 43 21 22 96 21 84 99 28 45 72 83 36 90 20 65 81 52 37 32 46 84 38 51 97 62 47 38 55 37 80 67 92 45 95 97 78 27 79 20 80 85 56 40 72 81 47 26 78 63 54 48 34 71 24 77];
BM=250;
CBM=0.500000;
CEM=0.800000;    