nBuses=79;
max_busses=73;
cap_B=[82 54 76 31 115 97 29 41 71 119 59 128 25 137 105 79 108 60 123 56 87 65 32 59 139 22 48 111 82 40 97 37 66 77 96 32 139 88 134 93 133 96 72 47 115 40 44 126 82 111 103 59 59 100 33 69 124 125 61 20 99 127 58 140 49 130 31 26 81 103 61 69 31 132 73 71 129 94 105];
euros_min_B=[5.565164159163949 4.1933595516813105 6.666937005710906 11.714054285583217 7.8000840821259025 6.408626604977106 9.583337914584357 11.581843804088262 12.733791429113515 5.119988809904646 9.52280772743972 9.165065658865922 8.88750342027172 14.486320872480393 1.8576939454339487 6.0992085361516795 7.882186684796619 2.3156587155769612 12.310597486481667 7.73200264217686 13.389327225615366 14.896799715603747 6.326396075850882 14.853332661358648 13.831888414379803 5.00763884464949 7.104384420787439 13.9591303296609 6.916921512625998 8.168397296012188 10.093107849482617 12.26986651912819 11.604137467029764 4.508942408058089 12.035409059122882 1.8020255173176662 5.053702468106238 2.1396722662308387 4.720096441883996 5.707068373116009 6.2467621804452635 4.051947327503454 5.909897834903382 8.872347373859633 4.406381395817682 11.96318354306247 8.453665499133407 8.466455162445362 11.210613064556306 3.639125689074093 10.774019300869499 11.567180901975238 11.368737907165075 10.962254524006875 12.801870860077033 7.1145548166850245 9.577693437931941 6.161029177900553 2.401420960340714 3.1636687469096993 10.224966979249896 14.831147029313478 11.272144989594917 11.734138926038794 1.999742325615612 10.470993168737332 4.554831306485463 4.7948034873943985 2.1327994189431947 9.520258057407846 8.700803146293584 3.5427311862951454 12.69499463125769 11.083168939456623 8.831245443338002 8.38609386507284 13.757109039982307 1.3633743773336326 5.061935494840739];
euros_km_B=[10.841842990073362 14.192135019022135 24.927386994576665 26.208923710578734 22.590010983909444 10.973574806701654 4.348293486640554 17.873751147164366 10.093750060803465 29.763200164908657 1.5124440256906602 24.189411704141158 10.616234495654151 4.189358826211013 10.827220559198318 2.469273939844432 11.947471261465985 18.90917492254127 15.63327337953318 21.845246124048348 23.8921131935699 2.8895605543696217 29.179248773293043 16.106798519927246 3.2458974882017753 27.031484270146137 19.52471413538822 9.335553669742973 23.775158266910534 7.861766585802569 22.51448678098466 11.700669003134955 11.86990133919445 25.111362625759227 9.028874668611806 3.769176752580907 4.722894950380985 7.666486448866099 29.73793516320062 11.989036004232865 5.558555009465725 7.5211195601113925 20.467984568561914 16.693057564072635 11.235121332699142 11.830171550858747 25.59640285939642 12.845891611030389 21.16813578839028 28.416741721510803 20.998261514503767 17.034874623264358 8.934822309064442 11.970180481538812 15.066731760677131 5.705180035826229 25.631629464388684 19.386380111239014 11.844504549228233 19.15084644914523 8.682237869233514 12.05751846192167 27.034143051564048 2.4999759291694676 21.76592787463438 20.682673426063637 7.0162991938434045 20.790604997950254 2.7839284178795745 23.44089469360192 24.92733577861549 15.369586671945552 22.170973091492563 13.749046982439467 27.29677839949218 5.0837025203073045 12.738577955033325 4.615462323138005 25.815864224792975];


nDrivers=82;
max_D=[137 195 185 180 134 154 160 139 228 140 211 181 193 141 126 162 181 179 176 221 167 154 131 199 234 183 179 181 225 237 216 151 183 174 222 203 134 199 207 154 206 122 206 149 172 146 194 165 140 234 195 236 208 140 144 149 218 193 210 169 132 190 120 166 202 147 175 192 172 128 195 147 213 165 208 231 206 140 219 165 233 168];
        

nServices=85;
S_starting_time=[473 523 651 590 446 459 702 542 340 374 502 423 526 717 488 32 149 624 45 212 373 95 526 602 397 458 418 40 49 445 169 8 456 569 468 641 636 233 137 219 53 59 604 338 165 380 157 47 360 708 636 449 526 688 175 522 146 55 397 424 114 28 116 434 422 216 315 296 93 98 36 210 460 235 618 102 107 439 49 622 434 36 13 621 169];
duration_s_min=[96 114 94 84 83 65 115 86 99 83 97 117 78 102 76 108 69 84 114 67 103 75 110 88 114 80 108 65 109 79 81 69 96 110 79 119 101 118 61 118 117 76 69 67 91 66 114 77 88 106 88 78 113 116 82 116 105 94 80 93 85 101 74 85 101 86 119 109 66 106 98 115 98 68 116 109 66 106 109 108 109 72 85 90 106];
duration_s_km=[54 54 43 45 32 46 35 59 43 52 40 38 35 49 54 39 49 48 39 47 54 36 48 49 49 51 51 49 32 44 32 52 57 54 53 41 35 47 57 36 35 54 56 37 40 58 45 32 59 38 35 32 31 52 36 41 47 46 42 57 44 56 54 52 46 60 56 35 31 33 50 60 40 56 34 44 35 51 35 53 49 32 55 50 60];
num_passangers=[83 60 100 26 26 69 97 88 23 73 25 89 43 100 87 47 46 83 69 94 71 95 32 60 66 47 69 47 33 78 96 91 92 55 29 81 24 68 62 42 97 97 64 85 98 35 24 99 46 74 62 58 20 68 66 74 45 45 23 82 85 98 56 73 99 80 27 90 50 40 33 34 65 73 20 61 27 21 31 30 51 86 65 21 29];
BM=250;
CBM=0.500000;
CEM=0.800000;    