nBuses=87;
max_busses=88;
cap_B=[23 38 82 86 113 27 95 65 32 51 113 75 99 34 104 73 127 104 132 125 27 136 120 26 126 33 136 25 88 32 66 21 31 126 72 26 49 85 70 69 93 54 62 68 61 109 28 139 87 54 71 70 27 119 118 81 63 26 38 24 34 114 56 124 74 97 72 70 47 46 24 106 65 96 54 59 28 107 51 94 117 49 106 114 55 94 94];
euros_min_B=[10.609286670176257 11.503799851771214 14.675674603739257 14.235492497086224 1.3713099053033961 9.575747781600937 5.229809565882771 8.213578562393428 6.433684830668305 5.335272154914272 14.434945325807936 12.002952365006346 9.002610308746696 5.826210626396838 1.9518459323268629 2.6697007382501434 7.957687712105385 5.063451891057668 13.306523015222602 12.022126044312719 8.555150010641697 3.627817511557781 6.220496785113594 14.445070163665715 1.4033368566183475 7.69405144353369 10.642894398014333 6.1203353614350124 7.08196257830139 9.270143777382822 3.2105154378959977 13.550820021484252 12.270424847857996 1.874453514766152 12.234321575438134 11.321490612092564 8.949661019833393 4.618073925572627 8.1173684819624 12.44614077398084 8.586279964584786 11.68770998614329 14.790833905415505 4.711609332119179 12.019353995333029 10.800388068203 1.3051894690121875 8.090979307535122 14.788309987984116 1.406732664488623 1.896041359354913 9.708888993636533 7.292535307301139 8.854206819305668 7.078885639554915 10.648633269254038 2.340245084723358 9.24962212571299 7.044444685903515 8.69667496369924 4.560546198408586 1.4259199090158938 8.429067864341004 5.635928202200088 6.825630971168627 11.08278215413845 7.631047011547317 1.281830819551868 3.0696150763482395 4.2924743065999165 12.57235988796867 9.71084574300654 11.059470497600735 1.0485978700825502 12.104147473034104 4.314225005796957 8.352763283714594 1.7892352744425 6.892139865350364 4.697133445165028 8.471636091180745 6.633221636629054 2.1416677510068878 12.49823897843087 13.068329409644996 1.9130975329661248 14.56715567019395];
euros_km_B=[6.558077324893431 22.300206293736874 13.937803920462692 2.8037668445597426 1.311250548563234 1.9787511094126597 27.24906268824353 8.993223361045427 4.809894558238906 26.530789334098007 19.59121480683387 16.4872359701252 15.461670236586018 4.7005574673635415 18.358793486939266 12.855676046723278 23.064719048336187 29.156362596803703 9.25652817598602 1.933360900291555 13.670119824846916 29.461334524470793 8.656212795384665 25.045943985797162 18.70009983376436 28.608651434959988 6.048124366730391 26.155864899207458 11.350444131195042 4.87344102414054 21.59444394060311 27.620551911751324 24.273171987380092 19.555958781923213 18.486953603490004 5.852592753387242 15.431673500498736 7.5602039086156765 29.98829843859137 23.518147144204338 12.503901225568976 23.529348374691462 20.09779022795968 21.085864556924136 15.974741005968394 26.586731304637446 11.034588186687879 1.5821169983360193 20.544756354243994 20.819036616481608 15.186476955251617 12.938418253222407 22.288628391038635 23.874104538193837 20.946394026249955 24.63325946354624 18.527243335294344 28.43332452424378 2.2904729435021443 9.222057232776493 23.893497685482036 3.8818940975100054 17.483576550957157 28.6777348599022 19.287718596979794 3.846784498967644 23.59500014413684 21.38519031281145 18.989465313775128 9.36609160797622 25.928593955599304 24.416692517089807 15.510559658632205 11.900391958173131 15.591681862690772 22.90721312924428 16.129118132721366 11.896251965524453 10.37679208881394 17.96745827619815 14.981555401300565 26.708138694268417 10.516568902155583 23.6542413681404 24.237062532646632 18.66171727188125 25.09204412170502];


nDrivers=88;
max_D=[154 231 157 196 220 200 145 224 146 122 228 131 235 219 124 159 144 229 134 213 195 208 125 200 176 195 141 151 181 149 153 201 120 218 216 216 204 232 178 208 212 135 217 171 220 133 137 160 186 130 176 151 211 164 235 201 174 215 197 139 181 230 136 167 172 140 231 141 231 235 169 212 147 135 151 231 128 128 188 211 176 221 183 182 180 168 184 223];
        

nServices=94;
S_starting_time=[302 366 710 47 407 255 402 678 591 394 505 178 490 178 199 142 25 589 248 695 201 55 499 555 226 594 389 8 672 66 422 573 259 369 217 265 534 487 607 225 224 474 73 128 708 362 72 185 278 719 586 463 249 446 502 117 538 488 167 138 466 160 373 21 516 189 633 643 633 160 172 13 220 77 687 475 17 525 595 319 650 298 461 219 465 502 208 132 483 327 441 136 257 495];
duration_s_min=[105 98 69 77 66 92 79 104 100 101 108 97 80 75 98 96 107 102 98 99 92 67 66 63 100 93 94 73 118 95 119 80 101 81 76 90 61 103 94 77 61 68 102 107 109 87 110 120 73 67 98 105 104 95 62 61 106 65 94 92 98 107 86 99 87 83 79 77 91 63 104 105 118 100 76 92 107 87 98 116 70 96 109 75 76 87 83 74 95 84 78 69 118 105];
duration_s_km=[40 42 48 30 43 49 41 53 43 32 36 41 53 46 39 56 48 45 50 59 34 35 60 33 56 46 44 31 45 59 58 53 53 53 46 57 49 41 47 49 54 56 53 56 41 47 56 30 48 43 39 49 36 45 53 37 47 37 54 42 53 49 58 35 43 39 35 31 36 47 53 36 54 31 31 39 52 59 60 38 37 50 32 36 40 38 36 41 41 59 31 31 44 41];
num_passangers=[47 35 65 43 78 93 32 90 52 35 88 85 45 82 72 29 27 81 64 64 69 58 25 85 20 57 79 52 87 30 72 67 62 48 20 54 91 21 60 98 53 71 30 56 70 63 51 59 83 91 28 29 28 96 46 83 38 82 43 32 43 68 50 36 64 37 96 23 92 20 56 33 95 27 41 65 58 30 38 25 62 73 36 93 40 81 51 89 28 49 30 26 49 86];
BM=250;
CBM=0.500000;
CEM=0.800000;    