nBuses=82;
max_busses=87;
cap_B=[94 116 30 46 27 61 26 121 106 79 123 60 20 20 130 108 21 61 46 77 76 130 137 79 25 104 106 66 40 75 96 31 23 38 108 123 125 116 66 116 87 140 105 52 105 34 97 94 103 65 124 69 78 65 61 139 66 22 121 50 34 70 88 107 52 95 123 67 58 96 94 44 85 83 112 62 53 22 69 63 71 137];
euros_min_B=[8.908731666906078 14.540089245739646 14.758983456808274 7.744390597692837 7.25425113701597 12.78570804234349 14.614336993374419 13.548859628459978 13.480689037639443 3.0644533870771213 10.643175717550431 7.461491272057912 2.980425887781237 10.67162698907663 8.052474686412435 12.454040523341256 13.611700028386753 10.26583287880791 5.305871323292568 13.135782035487852 4.539097518929944 13.096115534284763 9.365703979054713 12.364698513869563 8.827895089134822 6.755149512809133 10.120413111613132 13.331126159038064 1.3764012241606811 4.093354256603892 3.370728871372919 12.632012388074644 12.675675098153139 2.840898984649536 3.043757945114481 2.1289902700730168 10.241228066447924 5.742811081290785 2.9217367496950724 1.904845602436159 6.813623027513986 9.00320653621119 13.811796794995239 5.478913953767735 3.7243517307284213 2.2209051467411287 13.290227208874372 13.215360242254189 2.035889010778254 6.3851723070378 5.3176182433129995 7.262983396547563 3.00336459930099 1.8676794471370988 9.136698902616189 9.049363773045304 4.544982550962846 13.252699280880282 7.952917496032898 12.571120043345921 14.806360848257345 12.706029378804104 5.817853701468271 2.7096818901198043 5.7738850295855135 5.087466734351576 10.607094109952191 4.071481077324797 4.434144955283607 14.322476070983704 6.773603574735885 4.901824865636562 4.685416983410084 5.330093816466135 10.455052666550445 14.986636504932164 11.553256223499615 10.291705619111958 4.755531960044407 7.512507102445388 13.31130057652943 7.442714572814733];
euros_km_B=[2.4355640340606106 14.161708360530303 13.31566487199809 11.191379255132134 7.505561245738342 5.277153154349695 13.43572005090945 8.401473820578824 10.86061951185763 29.779783395599033 18.465308198239157 27.61543991994436 5.716422581884341 13.37785856204528 19.671500497287443 11.509778656677064 7.2162904942199795 18.34515182961033 7.5205885194738356 1.2725788681039227 12.480557630506151 6.379728294327291 5.156411914267053 5.29882508895098 18.793882953738663 3.8926233508810886 27.7149136274361 25.702421647295647 17.200485493524358 7.510182173174135 29.7442261579787 9.538088057833079 24.163328033918482 27.857366662896105 6.443697662212187 15.419865481350778 12.087532917587247 23.70401585468637 20.119331935086514 5.681597556657153 8.687195588986802 22.79094942534172 21.854334421240676 4.00258116062102 19.32389334833196 15.585113480073783 20.072862402059734 6.66775426908261 2.0330638609094596 4.782896993761114 26.193086265584085 6.406382266654271 23.08098451206291 9.249380049757018 28.29763191854427 10.991755938848243 17.402406661090684 7.196658501714795 9.927582555382788 2.0208460812254954 28.708373569835736 12.496370894165869 16.336029202001846 20.54213933591993 28.87892692512386 27.5519197887213 18.714938809143558 6.235776031434952 3.8996253976701407 27.108539987680913 5.686813180376499 19.857468377366313 1.6768634538723175 1.722567939182397 11.206828911870254 21.582248435143292 26.731067640522593 25.224652691393146 9.403531012083517 1.6375006164732628 21.041288558345727 23.61867287518248];


nDrivers=87;
max_D=[158 200 215 154 189 128 223 179 198 182 232 148 177 228 142 199 183 213 232 157 154 232 218 221 152 163 172 150 183 156 142 125 138 135 203 128 205 216 175 161 227 175 197 194 173 168 195 159 180 237 143 173 168 142 204 121 228 192 217 120 140 179 172 153 163 164 137 160 127 130 192 167 120 169 174 177 192 137 140 211 150 240 205 219 227 213 124];
        

nServices=88;
S_starting_time=[469 610 78 176 4 662 556 126 615 332 36 333 362 604 375 68 665 600 171 716 694 455 534 547 349 471 55 188 444 223 504 698 63 527 254 19 192 294 424 275 686 380 462 460 397 242 519 634 152 581 268 193 609 214 668 719 425 281 261 674 217 652 145 192 536 194 361 266 529 324 467 520 684 161 400 672 438 421 41 429 574 505 640 608 475 280 561 557];
duration_s_min=[76 69 98 70 66 99 62 115 96 93 88 88 67 109 60 102 89 100 72 112 89 81 69 109 88 118 96 95 74 94 110 82 67 99 107 94 94 67 67 70 77 100 110 108 94 84 77 72 115 113 95 119 84 114 93 65 103 71 97 63 78 97 88 79 92 68 100 74 95 111 80 81 65 110 64 101 96 93 115 68 110 113 96 63 72 79 102 111];
duration_s_km=[58 46 44 31 31 56 38 56 39 48 33 38 32 59 46 54 46 43 56 53 31 51 34 51 41 47 42 54 55 52 38 48 30 38 60 34 40 36 60 57 52 57 56 42 58 35 45 33 51 38 58 32 60 38 46 56 38 50 41 47 31 48 35 53 46 51 50 39 46 57 33 49 60 32 39 53 57 57 51 40 42 60 50 55 32 47 38 47];
num_passangers=[80 100 22 31 82 25 33 49 31 51 65 80 41 36 60 60 50 91 39 39 55 36 37 48 71 94 94 66 40 65 69 51 22 81 70 23 53 90 82 97 36 47 94 68 24 36 73 83 65 62 97 23 28 68 49 100 68 33 38 82 33 42 44 46 94 85 77 45 60 89 92 100 76 31 43 47 59 38 33 66 36 29 89 69 57 87 66 22];
BM=250;
CBM=0.500000;
CEM=0.800000;    