nBuses=133;
max_busses=128;
cap_B=[47 76 68 84 76 43 61 116 130 75 104 88 93 139 35 131 45 140 71 83 101 26 71 70 87 80 30 81 32 50 94 93 99 140 138 129 50 98 100 32 92 109 46 90 35 41 71 90 59 127 120 29 39 136 95 48 32 27 74 43 72 137 73 86 75 42 80 86 86 67 107 117 84 42 71 135 35 124 45 73 34 69 71 99 32 85 123 80 61 96 70 112 71 122 132 30 123 30 96 67 44 82 140 133 118 95 81 48 130 43 74 106 110 30 52 104 129 124 61 71 24 27 77 27 91 136 37 53 58 123 46 88 31];
euros_min_B=[4.664354919929629 8.357633252201456 1.0994491090568606 5.511721184997086 9.19035511542715 8.394605579443445 12.82743785869674 1.2840213154490163 13.77030300680353 3.9577326724202235 11.724745099460616 11.482493554855287 4.52464373182692 3.048750390795258 13.910889075567237 10.640632107910818 10.16646006041465 1.4793096111363448 2.299203174851935 3.3500828484605156 10.896991795125954 4.852524940396685 14.340247087342663 14.333145003374966 12.924424304515943 12.484002442966661 5.9683265319561185 13.929466150523503 5.1197448805182 4.194152483814133 10.240358076830141 9.598407002077842 6.169454708005119 11.721601783336965 7.0978321878635215 9.758047062403453 10.381716931217596 1.7869895621088427 5.506649290136995 11.966087087159604 2.34278337515095 5.590946452487196 8.746021410397578 6.422833024066955 5.951427766293247 5.788730892945968 5.927857359746116 8.295380431783178 4.715352993187798 1.450063926084003 7.569669433662791 9.074337447792313 12.280494344883357 1.966572920797251 6.661564263512961 10.739268290402602 5.546606785774393 14.99317330917267 10.491293452502543 13.88499400469241 6.461786636935061 2.243119785829573 14.028683498540644 13.647175126750849 9.263249865889959 11.073656491840655 6.980362072497446 8.747848706495473 4.824204265320369 5.653051389357018 4.120589746398283 2.9083807628087457 4.528524824098752 14.449810361295524 10.138440474550174 2.2580233551737656 9.46449121898451 10.951280299241127 10.970176122868518 8.596411764139958 2.1930673440137802 2.342822235425495 4.287492647747678 7.229662308133275 10.2025035037891 11.039212318936446 1.9431568303123607 11.948459601652614 5.017761123228187 8.513310372127332 12.402672541700822 5.6399427496930095 13.603639437600938 12.066554624631408 7.260024483332758 7.018772961286083 8.180338558337066 4.230059149333572 12.547111868032847 10.914118869195727 13.57164378273688 1.726777250575504 5.510634719551577 13.630436864438163 8.44772796400979 11.989134466448641 6.928162685163926 5.567038214160837 2.8330889007021964 4.133201942877783 14.030701776334407 4.099531912666196 8.372292763674274 9.874541106861342 11.936600987653831 9.602120855484994 5.308167449497581 11.98953623526167 13.250087819356692 14.387672025139464 2.423363451225605 14.811283671987544 5.94930949872317 8.983448322479909 7.743295073395182 4.873649708453615 9.709853668214613 12.56833293347442 1.871991854835829 6.907971874429441 6.747696516837957 1.1911343712111016 11.539229017240704];
euros_km_B=[4.427269142399368 14.889979100731841 28.25098729122922 18.86329506093731 22.73512227920655 2.3126908931388854 4.488293048475967 24.694870158129667 25.890820266393437 21.174530362018995 17.559250470857403 10.488662859686332 10.488267632923137 27.21061139870916 13.690775256485697 28.063907812939906 28.82474553555447 5.661243359300344 10.453255630677443 7.315895318820488 9.47113705889645 16.18152692765945 5.433594694144976 18.261215885745507 18.01461139491525 8.017434480374094 28.937297712108087 14.774673786828997 14.8840398643023 18.20383108816336 17.872393882839056 23.00761567838117 17.72197677587473 17.82913944401542 19.455056130131073 27.017647413109263 26.01076434717867 15.944232926126938 23.610437425853465 16.187756205246277 5.899614103433871 1.3325605496531265 29.11486560264854 1.2544451272995412 7.276879349881418 18.761205635652583 7.858395433430639 14.779415519487724 19.208969427597044 4.2484186432175175 16.966708398639973 22.415851798847818 19.99591981825853 21.260823717967607 1.167658386414982 29.020236272128706 6.47147891757666 18.99808661603397 28.64659216101007 9.993574550786242 26.57527166168999 1.530922713444527 10.617146012989629 2.7105512829322236 9.065537638858828 3.326468750097608 14.054330531442627 3.1111337461394655 28.938340036560966 5.776238528149814 25.167962179151782 23.462587733808046 24.562990562350414 8.835364442234134 1.3101413825519534 6.811545489115983 9.86157846815478 14.416295194652239 19.23117322624692 26.80014071536449 28.41734176415003 7.704889338059289 5.306040710996154 23.905939602994177 16.271930581409695 20.97653477111335 1.8779020803515691 6.1799438985307775 20.631306018633474 8.700588592729556 18.79700938953489 7.890929155176651 26.637056481233763 13.173941396796193 29.39397312853975 1.6176789205533602 23.328751005163486 24.75795487367405 13.369775948472304 15.104321856511572 12.326081383818954 22.647665357151464 21.91257985341056 23.16849607182948 18.436035654078083 29.989995356854656 14.594953533136914 4.699627400243907 23.161213400090553 23.447446010282896 4.119342089564444 10.870931550150255 3.364211705462078 26.01914615774721 8.924755460913168 1.870248385131363 27.711289186133854 21.575068295038534 1.9682415630694743 15.156402616336404 1.214935787084813 16.155081360268696 17.381171354843126 7.641183935991226 1.2746048434882522 22.875752525345128 24.800008349491225 17.851682381856904 21.905879928771775 19.609182626877388 20.59687822953296 23.70520586811675 3.9508805436104106];


nDrivers=130;
max_D=[140 160 158 191 136 216 226 197 169 189 231 191 180 214 233 189 144 192 169 219 224 123 201 235 185 229 196 196 210 167 183 199 216 147 133 209 156 172 231 212 161 227 214 137 231 125 173 199 224 129 231 129 129 123 188 222 236 222 196 191 144 179 200 149 188 163 178 186 204 156 172 151 163 127 135 181 240 220 120 222 218 160 186 134 207 125 209 187 154 187 178 139 209 168 134 192 229 216 228 131 132 172 174 184 216 229 180 193 146 227 130 181 182 154 181 213 150 186 163 206 214 220 156 190 126 161 187 181 127 166];
        

nServices=135;
S_starting_time=[406 669 397 343 537 84 451 612 665 160 268 364 238 487 405 454 164 154 507 316 572 478 669 394 398 340 383 460 630 50 641 668 258 383 611 449 184 613 307 611 338 648 401 581 240 423 720 598 178 666 604 53 391 278 76 452 452 680 50 130 323 2 353 528 41 198 453 145 140 198 376 622 110 669 120 124 244 374 716 405 701 174 211 169 574 437 432 650 150 352 427 115 3 97 590 426 479 673 419 145 298 97 700 609 644 315 327 493 715 664 143 246 696 461 307 407 129 545 712 689 434 70 421 75 401 664 693 479 431 571 701 643 121 161 325];
duration_s_min=[109 84 82 111 82 67 110 109 83 111 91 95 88 87 113 107 107 96 65 94 81 115 103 63 93 83 108 90 81 72 66 70 117 75 90 70 116 74 118 107 96 114 104 105 98 102 73 96 79 67 73 81 83 110 112 115 67 63 101 114 104 120 107 77 67 80 80 82 99 71 106 61 81 60 84 66 91 109 90 106 86 100 62 106 109 105 77 86 97 89 103 89 116 83 69 114 66 97 95 93 113 79 84 91 111 86 79 68 96 64 119 120 62 114 61 84 105 84 102 119 94 101 112 86 120 88 117 104 117 118 108 75 97 118 113];
duration_s_km=[57 36 48 53 46 55 43 39 41 46 34 44 43 50 47 53 51 49 52 41 60 49 53 32 52 51 44 56 38 30 34 47 35 59 31 35 36 33 47 53 39 33 41 37 51 47 38 34 52 37 42 42 55 33 35 57 57 31 54 56 40 50 43 44 59 38 35 37 37 45 46 60 39 57 56 52 43 48 51 33 41 57 33 58 41 40 58 33 43 33 53 44 54 41 45 56 44 36 58 39 55 52 39 33 56 48 37 53 30 40 38 39 30 49 55 60 57 36 47 49 53 42 53 51 34 59 54 48 49 53 50 37 46 37 52];
num_passangers=[70 81 100 47 44 25 41 98 54 51 65 54 36 61 27 75 56 28 34 88 67 35 87 79 68 72 37 73 30 89 98 48 71 97 57 99 83 22 50 54 93 76 54 31 25 27 87 76 54 53 49 54 95 44 54 38 74 94 39 96 95 51 95 24 99 60 25 63 70 28 56 28 73 24 50 78 61 90 48 54 47 43 84 92 37 99 85 43 60 70 89 55 54 35 79 69 39 51 98 90 53 31 42 27 76 76 35 59 66 42 100 48 90 48 67 20 96 88 62 59 100 34 48 65 92 28 95 48 77 83 71 82 37 86 32];
BM=250;
CBM=0.500000;
CEM=0.800000;    