nBuses=82;
max_busses=84;
cap_B=[131 75 74 66 75 27 85 21 89 82 36 101 104 65 30 26 80 52 62 95 116 122 124 125 92 90 32 46 74 26 81 116 98 106 66 50 54 66 56 136 136 54 31 137 87 119 94 25 97 100 106 90 28 127 49 76 79 64 96 52 120 88 130 22 116 31 75 109 76 24 50 98 111 125 62 136 58 44 107 74 109 76];
euros_min_B=[1.1639204218636874 13.965866229038824 13.71712407976493 8.692370383268429 8.853587616120269 8.809899695540262 9.870391088144494 13.96903205923339 7.857125342803432 11.541350129393134 14.163198598695697 3.0309545526722976 2.0642751997804836 10.404631831049329 2.703511840845561 12.702914614638809 11.803259314225109 3.663973764071872 4.0786508574094285 6.5376113643031815 6.618979508121955 10.672535036575686 5.585763392245631 7.842960935716462 7.2611338081526275 10.639701491470895 11.902641016711382 6.788051247182036 13.189963854894515 13.139189022538938 5.327180715127709 8.577140138974356 5.628024576381738 10.368254939415893 9.8050808765613 4.97069835109672 7.857447005173804 8.287880074809038 1.2386504640770393 6.35287126549938 2.9154076435417973 5.822214415523798 10.942165428694912 2.0107370112245477 6.452026622167132 12.1136267897425 14.901135782437395 4.840711618710585 12.717497293522417 4.705800931387403 11.206939156567442 3.8773575185477176 8.033263309222438 1.2071970520091826 4.003540798728054 10.869288759812665 8.001061112454789 12.669728496608954 1.6534870353214823 6.804336342133136 7.395542879716493 2.0841932311087845 12.733482517227515 9.015537736977931 4.604447873447519 12.603760617457796 7.21292827647189 14.321666621958663 2.081203659656202 1.4441026621260373 9.895289454536268 7.573142451500076 6.134040140004023 9.262885316154474 12.318210160422671 13.451602960066797 12.381988896354033 1.5954953447618758 11.847760476417777 6.0809005858666625 4.427155534890467 7.980580012656896];
euros_km_B=[11.515299738925032 23.097070826771702 21.91443186468364 13.100601316675998 8.505960784065847 21.916589250443288 18.268349086668923 21.160522629874748 1.1758840085419568 21.43481906844515 9.584447943217947 16.218178289923905 15.819656021500007 22.292990197787848 10.262271566813704 13.662563372007662 9.531142340136977 11.64894778265342 9.743895753297341 1.154316709639843 18.124622801190057 3.9818486896911347 12.709287457569692 7.728148678937939 24.107489195916653 22.100901375112603 19.126355764254516 7.875112312176193 3.9413593811324072 8.812631271315116 24.019889918959645 25.67315579355377 8.12583371026334 1.835975381033896 3.5045158151795994 19.752535370865353 5.358733728539012 6.9922140465928635 15.512148431940961 22.193591095847875 14.842176233890823 9.67987478470732 4.401630540873024 10.209910763194834 4.150010094797151 22.429809952808007 14.567322811410262 5.688449204101501 1.6100201247468384 27.62628245643978 3.4770955090995503 19.08467306567806 20.03704983065582 10.426301046931922 14.210258619801706 27.032366493900476 2.5098341816637766 23.225858645258214 8.43634538539587 16.286023378822065 12.173768052066196 7.634668524561011 14.508487086499873 10.075232668067004 18.670180263498036 20.170577691018234 1.5748989981255677 24.754237508633036 7.2157342700051 16.416979987000865 29.484952685190752 14.006114657638015 3.964143139928278 15.696632578752062 28.997295883980843 26.418054171631848 22.403422418693474 5.978800818968228 6.190573850124258 21.20958451042534 2.099480747322987 8.771226342520581];


nDrivers=82;
max_D=[238 187 185 159 140 208 155 156 127 228 237 188 171 126 200 196 208 225 133 145 163 189 228 130 232 236 166 156 202 152 240 225 193 207 181 130 190 160 159 157 209 129 134 213 127 215 171 207 211 129 169 174 221 123 152 221 216 179 138 182 223 235 128 137 126 138 127 226 151 211 166 152 148 159 232 198 169 234 154 130 218 202];
        

nServices=86;
S_starting_time=[535 396 40 165 350 14 612 43 173 585 690 188 257 1 218 630 463 278 75 163 34 691 363 445 539 144 182 170 191 405 534 2 499 398 481 414 428 476 639 256 561 703 609 586 598 491 530 349 531 333 625 492 424 565 647 612 577 720 113 271 335 50 398 239 166 527 260 638 249 396 39 137 694 226 283 399 185 492 52 406 600 505 400 313 169 419];
duration_s_min=[108 74 109 81 83 117 66 60 93 70 84 91 80 65 112 73 120 86 81 115 86 97 73 115 74 99 61 112 88 64 63 110 73 62 68 92 60 67 78 114 89 60 89 64 80 70 115 66 83 91 83 79 63 91 112 99 64 80 75 76 81 60 71 119 89 111 66 79 81 90 68 94 93 79 83 89 104 89 65 86 92 69 114 74 66 115];
duration_s_km=[48 48 31 58 41 49 56 50 60 46 51 55 43 41 34 33 58 52 52 43 44 31 43 52 42 43 58 54 51 40 48 50 53 40 58 30 37 31 55 51 50 41 46 57 50 59 59 54 45 53 57 45 46 36 45 30 34 49 42 50 50 34 59 59 56 35 49 42 39 43 49 45 59 49 37 42 40 60 59 39 46 58 47 58 38 40];
num_passangers=[97 24 84 44 89 37 79 71 70 85 91 30 87 31 56 84 30 64 59 76 26 26 40 86 93 97 44 41 31 90 53 47 54 56 28 44 97 76 84 74 66 35 91 75 31 67 62 73 57 88 71 33 36 65 36 34 82 24 26 98 28 27 94 63 95 44 100 93 75 34 35 30 45 83 54 69 61 62 36 61 89 61 44 30 58 45];
BM=250;
CBM=0.500000;
CEM=0.800000;    