nBuses=103;
max_busses=102;
cap_B=[22 98 25 57 134 57 109 123 128 93 98 70 67 107 114 127 69 125 129 77 33 129 73 83 33 78 20 28 126 113 124 34 78 32 116 139 28 94 65 37 112 23 90 95 119 24 134 82 88 39 70 101 113 70 120 61 68 90 22 132 80 70 46 105 134 133 57 117 90 62 84 132 96 94 123 129 97 106 98 71 38 76 27 70 129 102 102 110 111 43 75 112 71 70 78 23 106 29 37 137 124 109 76];
euros_min_B=[14.200283417614553 9.751736964639182 5.102420343419867 5.051137515362922 7.634004333019511 6.585598341902366 2.9584337904491655 14.603437286702652 14.494100518412063 3.542150200200802 9.051521132522668 8.69650872165567 12.439758391411917 2.46870780328981 11.470043348800484 11.74816723617001 12.223051952719818 9.042082697049542 8.97987442931639 2.136759277360612 4.293063489034467 8.340869421201717 4.764431496569738 6.071770434483267 6.678727320663373 6.258088343970215 4.653284860932988 4.90634442037446 3.3900345384502337 5.757889172557171 3.1319975781328155 7.370892170635586 5.929319863588045 5.491887906483454 5.072318830781305 10.423790508547091 12.99089187436282 2.581521276861051 14.474619087364687 5.781570905319606 14.750120320594608 9.123227409272305 3.2944287524415063 6.206651099152305 10.778300334093519 3.781060003164728 11.174084308128672 3.976789543982701 4.123406926798076 1.5854358653211509 5.963810505962296 4.143834629115002 12.29867344320129 2.069084552116834 9.120621988980165 7.451130736856366 14.20033471284356 12.027307853498701 10.595973780968285 7.7180134401528955 13.706191624137896 14.11632293701139 7.892016995115149 13.261356488427827 9.407965801035278 2.6304629428506345 1.1684300201852382 4.235479248256637 4.754083417107963 3.0304795559265765 6.080063575572481 2.1504264074803885 9.221383115267914 9.769961991746463 1.1670886209510591 1.1269235673786548 1.930388223141277 14.382794422936012 14.13090058526082 1.0361100212362395 2.541758828584956 11.34336423704999 6.817295802479295 6.485681885216939 14.799074600647987 10.133306826669722 13.528449887671018 9.66221664847813 7.86990696886398 13.825976196964628 9.529063121018092 4.538089913905871 7.193806344667257 2.5957048288336777 2.670641313219546 14.956759554735996 1.4206686755993656 2.62851092515548 4.386864157630535 1.926276237597053 13.162201107057983 9.837738598377852 4.360564634076404];
euros_km_B=[29.822063891467778 14.141451455802125 14.248143273825127 20.00223521411045 22.478949689265754 4.819429680048658 12.075442902443186 29.552949058179752 18.324439564826086 15.261434903489821 5.183726952071161 23.614714614853536 24.804338581227924 2.3968869079359734 15.381062624368969 3.2273951145526967 17.794872468270125 5.513155349385799 8.672249116628334 21.93529089701649 17.428627305880642 14.669203752352072 8.355144898398102 3.1617078802098173 18.757462314890518 10.089913043859545 22.03422638304074 7.307311302738531 23.875433943801834 15.329014963655158 3.054130555772127 28.635883959079273 26.92121521004178 1.1912421513320233 11.600440960479041 9.852753246590975 7.55084384582149 6.885034515491648 1.8356937276751963 26.180717389367157 11.921926693595353 14.81991493315582 23.318747084941368 22.730127841108786 17.95966791140521 2.8620853296161375 4.40165529592481 11.063677183428547 29.349481716008 25.486809069292857 17.973879969358187 29.855878571809466 16.437194198878863 9.738429318100444 17.11667838488066 2.4146744547739183 28.422779929643447 19.166230494340784 21.249549821708186 10.72530393097754 28.418735764252006 4.168450777729134 27.597209612561148 11.748970805605305 24.2291852027929 17.21419264965883 19.059345220406104 7.42434179535192 8.586716658932527 2.400351940086437 25.62867139238164 6.669369546947309 20.03014956749786 27.16172985188821 27.635879769528604 6.585427429067865 27.974785981340524 26.768977391333852 10.393720808787467 7.771591661053194 9.307892663198627 1.652179810333563 20.048195870730545 23.39200894485539 20.561172686698832 18.645722426877953 2.3025919240578006 12.502446734600904 4.8851110026381805 18.790933505310655 21.846011981593133 20.474499368705505 29.570877857090945 29.172260578486586 4.627506607092343 12.717569417408843 20.911073293820447 10.431444238188774 6.328446286421202 1.6186788518516046 3.4303640103056963 12.31479656313611 21.33332851079732];


nDrivers=103;
max_D=[148 221 139 150 208 148 156 184 132 130 211 228 154 125 223 214 240 215 166 181 192 178 227 120 133 171 151 195 161 171 224 153 143 186 130 238 164 221 185 154 135 183 226 192 153 194 181 145 178 136 217 138 161 124 166 155 156 150 210 156 160 180 151 136 165 204 134 210 157 154 175 147 133 163 131 136 148 193 222 199 133 205 120 239 149 173 132 230 183 202 195 213 129 192 120 207 159 125 132 236 122 189 236];
        

nServices=106;
S_starting_time=[696 284 585 62 115 471 17 207 682 275 76 660 593 209 603 428 416 100 323 120 47 706 121 562 46 610 513 209 411 455 125 451 599 516 138 327 575 24 194 118 497 40 413 385 464 297 642 254 256 553 161 622 659 319 272 655 501 414 655 1 442 125 563 81 470 246 278 205 390 180 72 138 379 445 74 246 35 454 566 112 651 663 313 183 243 319 36 99 676 70 88 197 186 563 308 283 329 322 525 59 72 536 641 643 229 680];
duration_s_min=[103 98 86 92 78 83 106 81 85 60 74 70 78 94 62 82 73 109 65 84 73 89 103 65 61 84 82 98 100 95 77 65 119 74 87 77 113 109 77 69 100 82 93 92 74 96 101 115 90 113 71 84 77 111 70 72 80 99 62 107 63 71 71 114 109 98 109 66 98 94 101 107 89 87 97 104 77 116 97 100 89 119 89 84 112 77 116 97 93 118 102 66 71 106 110 113 104 84 98 118 112 89 96 67 88 115];
duration_s_km=[57 40 35 30 42 53 37 55 54 33 39 37 45 32 47 32 46 33 52 38 37 46 60 30 43 44 56 58 58 57 59 39 52 37 36 34 48 41 31 30 33 40 49 43 44 35 42 57 59 58 60 39 55 57 58 38 49 45 60 37 53 52 53 56 45 41 30 49 60 60 45 44 54 30 45 46 49 47 47 45 51 60 60 32 39 56 33 49 53 43 39 43 40 52 38 37 54 36 60 33 52 52 44 52 56 47];
num_passangers=[69 38 26 77 71 22 37 65 77 67 91 23 53 87 54 67 73 26 55 45 38 26 77 87 98 67 90 69 44 55 68 50 67 55 67 60 60 65 22 80 29 83 45 30 95 46 31 63 90 42 85 97 85 47 34 46 26 62 90 51 71 28 92 26 63 62 26 81 83 70 84 32 98 62 60 29 25 65 96 57 79 83 29 80 51 29 93 53 60 50 42 64 33 61 99 76 70 41 44 23 23 53 63 44 57 49];
BM=250;
CBM=0.500000;
CEM=0.800000;    