nBuses=94;
max_busses=91;
cap_B=[126 95 100 92 37 81 86 76 43 29 56 33 128 25 69 44 139 126 29 36 60 124 100 103 82 45 36 109 108 45 26 107 98 41 95 131 84 55 39 22 100 27 121 116 97 90 103 23 113 26 38 128 49 67 52 133 114 89 58 52 73 51 39 75 36 85 68 40 116 61 90 110 22 86 56 131 105 95 21 75 50 51 114 70 34 32 37 115 24 132 98 38 134 107];
euros_min_B=[1.0607352553821927 8.146643123223706 2.2847333804717733 14.764624936735594 4.627913456204433 10.289643857160948 14.997954569079878 10.342670482843383 13.166571964204582 7.591027548440522 3.2167792923838534 14.19685543890193 5.395726837235351 2.061129994172564 7.938570503757572 3.0239784545805453 4.221391554486414 11.467139530930282 8.596783166403547 4.7565900507060865 2.686954234970713 8.778830600646195 5.955332157306033 2.1238634893754567 5.057762177348116 5.388347438523844 10.77244135959588 7.036130099827236 10.65876612882541 2.5416191471604943 10.700014826532318 5.426253881741063 6.49821697495039 11.265895888696821 11.993184870253891 3.2552260833570332 12.074263000343384 10.97538324113566 11.56444210301494 11.996959079208413 7.371276478729823 3.6936602274616925 7.31877708399145 5.037641012959815 13.697621885312977 12.2988214155483 1.8067031494394559 14.84111713617554 4.408996227232478 11.030519618930725 6.273402256965978 4.740402469551763 13.315669524026843 8.363828970890586 7.335627409886707 5.6166767091730385 8.32539603803265 10.428010611103861 4.526023716249007 8.93089405676368 5.259929412745883 13.479922970412407 11.360421881534378 4.274403647197738 13.223177293776594 4.683738247291409 4.547624314829405 10.75252758122352 10.744775232671648 13.806629042492627 9.940121419225648 14.72972301529203 9.069976603718565 4.1158979661972115 2.618590762975045 11.351422795254217 3.450404363877068 11.290092950382894 6.640222345770027 13.081846604031252 7.7552293026702666 13.28451514788699 9.751316273766955 11.632237334756741 12.388893707426401 2.295800368917612 6.232068158679057 14.770599835107728 1.6147740274423268 12.247119910724066 4.94380899353079 3.4238792811361183 2.4562404286499557 2.279576379297533];
euros_km_B=[12.28434743875073 29.16544709847003 21.90971452584778 20.33451614014002 2.9227599563221953 13.845825606727596 17.9995279897457 1.0036833338483544 21.66902369845387 3.705076778729188 27.465608564706997 12.176970460102911 15.72741975457858 12.119466373290175 15.345218643432792 19.26677833249257 26.020604184765073 4.652717463715408 10.585024800036337 17.958942357463997 26.64545066222027 6.249086321853692 27.824902816303144 20.758153987152866 18.932511385907794 21.766571431940626 7.545256404349185 20.897988729241085 22.929388071483967 22.986620175293936 11.190772111260689 11.196309338660047 13.265677458092373 15.161060790028579 4.015457391112399 24.38451754320051 15.992857645512688 19.643947883189345 8.028276846563088 9.823680222674009 28.145424840919844 12.068227435739205 19.067510183409457 18.98181185316002 27.96758059095258 8.20083761256446 26.87393425216557 12.25400443150609 27.273499754950343 20.850880590153647 15.330302125375058 29.33765551776991 1.7693160571511157 7.914758700991335 14.808983453549821 18.120524938318532 9.903091710431578 19.671929909977113 17.19491164211432 24.52217523023276 2.0856836187567263 27.376808806806718 8.764132607247191 18.315847019405417 12.65527469913475 14.419153235325643 22.46012412281291 28.90442003557568 10.397721463102963 29.554124754448697 23.72293072349136 2.9903784795912802 28.987726531564853 2.109242224738505 19.536902488503195 18.31866986875323 27.387997052156432 19.032051100395208 22.221069930200503 29.198685180790694 3.2285862669934287 5.7830474206509415 25.370187153342826 16.52086513512758 7.413384231574717 21.098707798081826 28.330724724844973 15.86052754863088 20.657005355546676 2.5904635605928217 27.575455070702123 29.43298875381898 22.471454106790173 11.583995460774787];


nDrivers=96;
max_D=[136 225 152 147 138 208 215 218 145 139 195 196 157 122 173 152 212 120 220 129 173 153 193 182 221 131 123 178 196 161 122 128 237 221 170 129 224 127 240 120 193 144 192 223 162 183 210 202 203 130 192 167 177 230 171 229 219 149 132 152 184 230 212 209 193 230 219 172 235 214 167 184 144 216 209 156 224 126 237 236 138 151 213 221 214 207 164 187 233 187 183 208 127 211 197 137];
        

nServices=101;
S_starting_time=[484 171 42 210 54 206 213 202 358 635 488 98 666 200 507 539 586 462 710 412 384 522 140 492 542 674 463 54 442 700 662 208 564 75 219 104 233 360 598 163 396 469 597 482 386 543 671 307 543 171 590 716 411 513 148 116 607 682 88 616 492 490 407 203 293 712 587 416 313 543 342 651 297 284 74 183 130 216 334 189 231 708 14 260 376 206 80 434 179 503 203 385 122 529 289 393 624 149 105 143 591];
duration_s_min=[107 72 62 104 113 65 94 110 119 68 87 93 77 91 99 71 114 65 102 111 85 94 116 75 67 112 120 99 89 111 90 99 108 120 110 93 89 97 82 61 101 119 94 77 108 80 113 116 94 65 75 66 74 82 118 63 115 120 61 105 104 115 74 78 83 99 75 76 64 96 68 77 95 72 84 109 75 62 96 117 97 107 101 109 76 66 78 96 113 78 101 86 67 71 85 119 113 82 61 64 95];
duration_s_km=[60 45 46 35 52 34 51 35 40 34 40 53 34 43 36 38 55 60 41 48 54 54 39 55 60 49 46 39 52 39 60 53 36 60 53 36 55 50 51 49 60 42 54 33 52 53 43 32 59 46 54 32 46 30 46 36 35 32 41 31 55 34 56 42 58 46 51 50 46 34 32 50 45 38 42 59 45 50 45 31 31 58 41 42 36 50 57 56 36 49 36 38 34 50 34 48 31 55 54 33 48];
num_passangers=[32 57 61 97 79 52 41 71 72 76 53 47 46 98 77 25 38 83 58 73 71 66 30 40 72 74 75 89 66 36 42 93 93 60 55 28 51 82 48 88 64 59 75 74 75 88 85 56 85 42 59 66 67 58 44 77 58 38 86 86 57 99 63 43 94 35 75 34 64 81 24 53 98 21 53 79 51 24 87 44 89 63 33 28 51 94 39 52 75 32 80 37 79 32 38 89 97 62 24 63 28];
BM=250;
CBM=0.500000;
CEM=0.800000;    