nBuses=99;
max_busses=96;
cap_B=[124 115 44 136 27 117 73 31 64 135 33 73 105 57 102 90 37 106 124 134 31 30 40 80 103 28 76 105 125 20 73 72 39 33 68 33 53 20 127 135 93 81 91 137 78 77 130 140 121 101 62 54 48 57 35 30 118 39 56 95 102 77 49 36 116 98 120 93 31 70 121 24 82 131 26 130 89 105 105 120 123 135 66 107 72 133 82 38 134 112 60 102 68 117 121 126 96 67 127];
euros_min_B=[8.019889181929974 7.536856106330074 2.694145717458963 6.769531452320169 3.807068229634842 2.5092523484305227 9.023385964260397 7.692062552525724 3.8732078200191875 12.860326601251417 5.902686627873118 9.855414832930432 3.102524800486124 5.9684582030815 12.231033994035158 7.384462617626431 1.4789337252405297 13.870616316486963 13.802269443131724 11.622657643270841 6.498388527697635 6.228741095386159 13.244498575497188 8.571468110265622 13.943770322738722 14.842790942286756 13.455113647947032 10.868958811154597 1.2436705833677615 12.532108642571064 6.650731913511196 3.6149562711028294 10.845719704282809 14.321721613448824 1.3722598088903444 12.373095480135191 3.954559311664042 13.288358478802206 12.878098767654066 9.774608863495594 11.831265792511148 8.44502240553414 11.293354079294591 2.4538557364223736 11.701914050183076 2.397196418723752 13.888133503859924 14.722112283887009 10.987028620373396 8.90836736402132 11.863477318115724 11.729801403217152 4.442881529255856 6.087609428847238 3.2689783350795705 11.720094526827678 13.081422528333963 10.516763186237535 6.214459525298654 13.92358428443473 7.390288788903028 2.7845923130404158 12.969003430556016 5.374015742821925 7.170440241530692 10.191936450314959 12.845479432344877 8.561476808415687 9.59324715167003 8.54944473199744 7.494719268472615 9.510504142204468 13.462346372066975 10.709028471818543 3.388321288473862 7.850837338383284 10.268223500889262 2.119872157641298 9.740019252122712 8.050519983635612 10.573674707011813 9.868400529771826 4.864544375635125 9.287050029048967 9.297669056844802 14.174973227441052 7.172265141620758 2.4749067874629707 8.48051451426386 5.479516164506973 1.1381415453762975 13.030219398697072 7.356416123067202 14.832100026782706 14.775863450724874 12.075880727660035 9.412870426858582 14.349617780888302 5.66756120514905];
euros_km_B=[13.141575757759078 24.725785602280997 8.773137943053097 8.438135203802991 14.547430808597673 14.251620904036233 13.788210903227437 20.004912343420227 19.339929299995514 16.511260168984627 6.90519335007206 21.861869709609437 4.0488485111543415 7.2436071443274415 25.101550926358318 5.498691728109228 1.0306668127285832 28.45630683600307 28.528194610345373 20.573954918498814 11.521373847789697 1.1269044942836863 7.695891391877754 10.683340585845832 14.060693820989393 4.639239911028849 15.499267608288362 28.679280311226435 12.076738575744233 17.716026803972415 12.555980192871612 13.061025938068365 21.621370171814974 11.228313975124651 17.896929196112815 18.70407105060763 18.919527428441324 24.37556659906217 2.847246311504036 4.110564854787674 29.531440387473936 17.833349690516314 3.1868630888502802 23.65903558821396 20.8089137287687 23.03947042492504 21.536501886981227 23.828383792220777 3.5175847643595075 10.579024847955113 15.81562099102022 26.284386153802178 15.843133061939982 29.765724241189396 14.968333793714535 14.051706021743968 10.661906041399828 1.002637674650345 6.975242100163119 21.671054754788887 18.819442512221364 17.39414313568054 4.920619269574821 14.989238343920281 20.759234710412088 20.685745284007414 6.333276293809876 6.551638317927646 21.594008564554006 27.472054967456017 23.86315348543792 1.2256754207276312 5.077552264511914 12.938077092351293 19.54281069779365 15.497756427866976 18.768139277043208 23.294132194084934 10.478704141896534 9.241889756892517 24.7932966957047 8.10659126835088 28.866138051752674 21.47686114486227 22.48287185959558 8.097429090649943 16.222795946742085 1.1664059125267343 19.99813757986224 10.059681212230771 16.769125476908584 18.414789613487887 9.213309742513008 11.790563286301479 25.881122604235564 11.956569016345588 19.141547479300378 22.992199503758904 19.656047880992737];


nDrivers=97;
max_D=[170 238 176 146 216 217 200 137 197 194 162 125 180 187 187 166 230 145 120 190 233 239 149 124 238 221 226 238 222 153 173 174 142 201 163 156 187 180 177 165 187 121 177 123 218 146 152 232 210 239 159 126 128 153 228 130 182 233 217 191 140 200 129 145 178 136 220 169 150 171 127 194 198 235 232 183 234 157 210 156 240 187 215 209 130 188 139 186 224 171 192 163 216 202 167 180 158];
        

nServices=102;
S_starting_time=[372 682 331 178 507 13 296 595 481 413 296 583 159 192 136 412 84 53 479 288 438 539 157 366 73 631 462 32 401 401 515 127 14 536 581 59 688 32 376 558 452 713 462 37 273 313 632 552 453 667 186 193 227 646 497 307 181 5 526 118 694 521 600 690 86 100 588 278 29 700 56 498 628 625 560 19 425 126 369 328 225 678 685 44 584 480 525 5 610 225 48 667 159 30 322 568 680 571 469 579 151 506];
duration_s_min=[116 112 90 79 78 86 120 116 111 93 98 104 97 112 66 63 60 87 119 110 62 97 90 86 85 88 99 114 106 102 78 116 90 105 90 105 112 71 85 66 119 100 107 67 88 113 102 106 92 86 71 120 119 97 94 117 110 76 88 112 71 64 73 84 87 84 90 87 99 90 89 95 111 64 61 101 107 116 88 111 111 109 64 72 61 100 118 69 102 65 112 70 105 106 60 116 100 113 78 119 103 111];
duration_s_km=[30 37 36 35 33 40 58 48 31 50 46 44 54 56 49 56 38 32 42 40 47 59 43 33 47 56 45 52 44 41 39 47 60 30 45 42 39 32 37 38 47 31 35 59 35 43 46 34 36 55 50 40 54 30 44 30 49 34 42 50 47 53 59 48 52 47 39 52 31 52 32 33 36 42 56 44 43 50 48 60 55 42 47 55 57 55 54 54 43 33 54 39 42 49 56 54 40 30 32 39 39 36];
num_passangers=[69 54 47 41 97 50 58 79 33 99 27 35 32 87 53 24 23 86 20 61 44 64 33 29 96 26 71 84 95 48 55 96 89 99 29 48 68 71 89 70 52 23 99 69 78 78 49 32 47 70 70 90 97 35 72 80 55 82 53 82 63 71 96 94 52 95 95 90 31 31 50 42 24 59 26 35 46 78 99 26 24 22 93 29 43 95 72 41 80 64 74 30 50 95 89 83 89 20 73 32 92 91];
BM=250;
CBM=0.500000;
CEM=0.800000;    