nBuses=116;
max_busses=109;
cap_B=[126 137 60 30 100 121 52 63 117 71 73 44 109 36 61 101 88 63 113 49 88 130 85 48 30 40 86 100 38 137 40 129 99 109 62 123 59 128 69 95 36 69 23 125 27 81 105 136 138 121 113 35 114 35 43 118 54 23 130 128 121 134 28 90 133 105 38 53 139 115 20 31 109 126 33 23 123 100 100 83 75 112 136 88 134 40 115 30 44 121 28 140 52 49 68 106 137 124 39 37 81 33 110 69 22 44 46 55 55 54 102 20 27 64 30 102];
euros_min_B=[14.52524527190786 14.28325374370885 12.797907975189814 4.904119548864758 7.437778814297303 13.47916532252744 13.208725346202424 8.724565404630358 9.240621154144282 6.467422201220784 3.5607637566318724 7.752827665747047 2.722859450798923 7.910470409493254 12.806598552595045 7.85587026189356 1.095377006175942 6.8908742691656055 8.745772538644907 3.0723270934843416 6.239268808054037 14.374496139360796 1.1209898904209015 11.994587501378462 10.551020830744998 3.0721507157100953 10.8763542907744 12.20672354045039 10.095333057370793 10.2881750269805 7.89425726069747 3.981184000546593 1.8921717566341554 12.065298717979068 4.812032582177739 5.752358713157825 4.628887981088148 4.776921865496201 3.084216225511535 1.5095926511094022 12.216233699560728 11.873221654808678 6.6957168270657865 6.731737947980831 2.850862749176316 12.110647780903221 14.314845986166393 13.986702222907338 13.179462048569956 10.622100644472823 2.635669473263131 13.371075666560824 3.029271619988093 4.367550298839676 3.7192064694969877 2.52265621427659 8.0304649242892 14.87292217440472 6.14156351997028 10.683361055441482 7.8787940095145474 12.210804166937072 10.743060955524243 1.3646229510417405 9.095044942425467 14.394432574297731 8.847773024040592 6.561198846184229 3.557429369399702 9.593967618037968 4.952668188085623 6.749850648558639 6.999365327129306 9.871123596717261 5.831754572479168 6.655240928206214 10.56979810593341 11.716648241727627 4.630376541883292 11.989854501472006 14.23439865489626 9.505623307414462 13.167282663285503 12.983556664699837 9.206769756414836 11.221912138171962 8.970996182404864 2.8740730640296057 9.042251683745393 13.928547810155523 11.476432069523437 4.243457941110145 12.03330122587736 5.5729022559100905 5.701701387673608 13.949789139122304 3.667599178339091 3.35702740544186 2.7256710161776514 4.118649991681511 8.547202425219947 7.333998896909214 2.992325128402906 2.2500802102525093 2.2366352309924125 12.442511307564653 5.984029844365433 6.993794009274021 11.976924909125128 2.347537257599569 4.990602980121892 3.613484329042107 11.160722856933003 14.958599953435796 2.3043053408986047 7.722574757983263];
euros_km_B=[4.155351836921302 2.0617157362867427 27.86853859193424 28.573486239222273 21.935262125444137 25.142198541331684 28.77656729032962 12.90697475403289 18.236432422044732 13.159732452489312 19.23286214263547 6.20780649610465 26.041161823256733 23.69596376420653 14.418136694267977 8.945035097262227 22.316288904399887 14.849255727228519 18.80619491437989 14.058259026164942 4.424923230605305 5.723693096498153 3.4081612806354022 2.2653914969389044 24.375196660094733 17.373897070122325 19.925401430296734 10.253567162091777 11.89304610446078 2.2824796959534472 22.73318762149258 26.760729567343432 21.327497318976235 17.66992113383008 11.5898173902268 18.60984860040979 2.968096784237479 29.913919064202737 16.866383896885175 22.259596458640985 6.060605917559625 17.659658058536067 26.144219918274814 4.057074528584621 23.74768760877941 14.550796377128373 14.087582846360826 7.536794108764906 13.052482529779995 21.43251565302267 15.403916971346268 15.80697680785628 2.117295015568933 4.5867737434992915 2.1135710799988905 12.349366057258559 21.879842423279168 24.972724560433697 14.988651598701713 29.57996811733031 23.730390132830074 7.446111514948173 25.092207005312932 23.119545692451574 10.20166414079299 29.462302878531514 22.82329245189875 25.821755324179456 20.108950063465706 29.757565496374585 1.1237339040662229 18.792889077230218 8.915856183919491 17.274429263410514 28.06031723183504 10.11413652429211 8.269807920311294 22.71335755171338 24.76397836393268 20.83488002675759 20.90476703133668 24.048378724065604 9.181413854624584 4.7711817989033545 3.40546495534541 1.0692593944812265 27.876442835555938 24.586808600668807 5.5589801430209596 20.475719239069107 24.463384191604263 18.46769240112754 13.112922940816679 4.855328500018825 25.210639325571353 6.285264284735157 7.148853983008621 14.8050313838754 3.712652528724451 15.800726061907985 11.428543126824437 9.68082580565909 15.094231955394669 2.5845979112278177 11.975887460924197 7.182435615300967 8.052678739244307 23.286830203808538 16.405990650693937 12.6851453290968 2.0766425266155 5.750876166759022 9.116795657494361 25.90072721470342 22.864446386497608 19.053657770542458];


nDrivers=114;
max_D=[129 139 141 220 155 185 190 152 177 202 208 228 149 211 152 187 175 209 121 223 144 144 209 125 212 130 164 190 234 222 175 168 175 172 142 209 219 232 228 212 229 222 218 229 231 233 135 215 165 196 199 181 186 152 169 236 203 136 210 144 204 236 128 225 160 124 232 122 212 165 235 125 147 216 141 226 185 179 159 219 198 184 203 147 155 215 167 130 197 202 156 197 165 172 187 132 131 227 210 178 127 177 131 228 131 234 237 179 140 209 159 235 136 173];
        

nServices=119;
S_starting_time=[166 656 399 221 470 351 30 40 34 214 303 80 625 126 577 140 395 318 92 107 306 384 19 406 653 164 321 245 522 582 155 223 45 108 43 33 577 368 325 225 196 472 684 122 691 222 385 351 118 330 382 470 195 448 17 342 682 223 487 626 598 332 333 717 658 85 630 487 341 594 159 688 426 512 661 526 646 364 398 170 393 461 534 26 320 426 234 56 577 197 368 560 549 90 119 81 64 655 31 40 676 556 471 666 499 436 325 235 676 227 332 102 158 166 14 432 570 563 655];
duration_s_min=[110 77 69 113 118 96 94 78 73 87 66 81 98 118 68 60 99 76 119 77 68 114 65 90 108 116 88 68 98 72 86 77 113 118 65 104 64 98 66 94 107 107 85 82 114 112 93 83 100 93 111 111 120 92 96 99 81 120 76 72 79 95 108 119 97 119 72 62 84 70 62 120 78 72 102 81 102 106 105 110 112 109 68 120 78 72 93 91 95 103 120 114 99 72 70 95 83 93 118 87 94 85 115 112 61 96 112 69 115 94 84 94 94 112 85 98 84 88 67];
duration_s_km=[36 47 47 34 34 50 37 59 47 60 60 56 46 45 32 46 40 40 54 45 54 48 56 42 37 53 45 53 31 47 60 33 59 41 39 30 40 42 54 34 53 58 45 31 48 39 43 46 50 33 30 33 35 41 56 49 43 46 59 48 30 39 31 60 47 48 42 48 45 39 51 54 32 40 48 48 50 37 33 58 45 41 43 51 50 52 51 46 42 30 55 59 30 52 54 32 44 52 54 48 60 47 41 36 58 56 30 46 46 45 47 40 50 59 55 49 51 43 31];
num_passangers=[87 26 63 80 85 99 43 44 69 63 69 36 80 41 65 41 29 23 34 47 61 51 54 22 69 27 45 63 100 76 57 37 50 53 87 83 38 74 42 71 32 68 30 20 88 95 53 88 65 23 46 36 20 28 49 45 79 95 92 26 43 40 41 29 48 34 63 62 24 25 53 54 65 98 35 88 79 78 85 38 47 44 80 29 40 93 40 49 45 89 84 89 79 100 34 90 72 88 41 69 39 94 69 98 91 32 65 43 32 50 26 45 61 30 91 31 91 91 43];
BM=250;
CBM=0.500000;
CEM=0.800000;    