nBuses=131;
max_busses=125;
cap_B=[109 96 50 78 85 65 119 49 75 72 135 41 108 114 53 44 73 117 57 71 119 74 124 84 129 71 77 75 56 136 23 126 123 41 124 122 41 104 77 102 115 84 83 80 49 115 120 65 66 95 55 87 66 67 101 71 79 44 116 84 135 39 20 65 136 79 35 40 119 76 114 32 49 48 96 33 98 112 101 46 65 65 131 91 69 36 111 132 88 64 89 20 85 24 77 97 98 63 106 52 24 33 139 75 73 117 33 61 59 34 57 127 28 23 41 46 66 116 54 63 71 96 110 45 23 53 84 56 35 130 134];
euros_min_B=[1.3264038007593948 4.923832067132868 8.26729199221047 8.230422070175267 10.80816219550701 5.064531403593682 4.314464639601372 11.610227087290507 1.2335094278008714 7.271181680768694 14.970361505276127 7.946084530983111 9.309530805499893 11.337793309409271 11.445490531759276 10.895719145009933 4.191461553645763 7.074022478604171 6.875274540287806 3.973784710797781 7.396145717443153 11.430741856713947 6.416510048677689 3.933894870959239 8.723794062457838 1.5432542191689382 12.084244323470612 2.399713210149295 9.828632726545674 14.04868268278945 9.758690619343307 4.610979289796623 12.270696192094597 8.809380572945903 6.458957582562697 7.820345799131787 13.684236214253673 13.40905669386985 13.482635668150838 13.656464625175179 7.521282485401801 3.506523090421852 6.820408305429201 6.514870517524159 1.3427390930790293 11.398210161974227 11.223315513653525 12.105813726918077 4.389588195085929 5.234491431242541 12.63517648278275 3.8403691402858167 12.597074638758635 4.727006597999514 5.270120423183062 3.3531735667912206 7.224303993850655 12.481249475182 7.898898362013711 1.2494905687261093 2.7153809874102675 1.7543814175377301 13.407642875463736 12.460691771272856 5.5457875312851215 5.837092946687743 10.71075705872924 10.091376577609289 1.7608296201467044 6.906636492400976 13.70188725231529 9.203874401127782 6.522267354900016 8.024714090757065 6.812586122600974 12.134862262636643 2.8251481324629353 4.056594531776753 8.77382594277785 13.57727568221805 6.636248774191063 7.148455853664126 2.757439506043934 4.484318318358682 13.855979064014976 13.24780606544367 8.514144315315963 8.223516282070117 5.666012304255164 13.83384171693721 6.226023451261709 13.28643619404808 13.448254855337003 6.385734454683954 13.830998733306625 9.778522587844847 7.9838256447094285 1.3458986614932738 14.396197066166756 4.8442511921757845 7.4642496268581375 1.9694978829436716 8.690507708651424 1.5815880391968709 11.994414275353845 13.729980646250539 10.180812051689713 14.870448031056794 10.7473734595781 12.800426586930499 5.497459570261993 10.80991280806925 11.079517847619513 4.888338780409694 4.359720647161984 9.099263984143853 9.401944996639976 9.479943215579977 9.663438198258808 4.784418100418784 9.899521002182198 9.548848009065454 14.686632783438764 8.245386145494251 13.567276066231912 4.220581821966384 7.48512764362978 4.588892832348255 10.75017569921683 12.531335581953307 7.494979278822996];
euros_km_B=[27.902693508045576 27.67148825303363 11.924708380861677 4.495522618382942 3.7415688167494245 23.442299469589436 10.495493429603428 11.672636131097072 25.29289137967268 18.592515659953413 5.735928455968437 21.955888648776007 26.688924595256108 3.209450085771673 11.085525449823477 20.365626401177956 19.34336535172316 12.673467422225439 27.879974425215707 20.39750500093999 16.29253709054919 4.060726645449453 21.583822204982535 7.637786347657356 21.07120612472142 19.83933186580101 20.99719036020281 20.05174499816072 22.875337341557522 9.737615151804654 13.455980014636962 22.391888574045222 25.952763359695027 8.145247142703877 14.67737746276249 7.136001482925464 20.360260110637302 13.647887183109379 16.39066500183724 12.853586649594238 10.971825228658773 9.631824408686327 7.986607101347471 25.460278800389247 23.196073608105632 2.4428915763538077 7.459698771413361 21.147906756365796 20.446085372143965 27.03856056496211 4.229563141270924 9.861023172243463 5.7291492901156005 8.476649173495371 22.79517295779455 3.080645360869915 17.023549134275054 24.227211901595155 16.038409474971132 14.137179710463462 4.159460723976538 10.933085955662502 10.43567918968136 14.82269926487454 8.689391376601098 12.669131671465218 27.782092677569658 10.99028199761727 25.657779277832987 20.532506051663873 3.7474012459143013 10.24133194600396 16.93803980957196 19.120853627483456 20.10328879592465 21.410556486905776 15.324605559313163 23.386226502231548 12.767214521918259 5.501223534175421 3.98071733719304 6.778116394903752 9.409538230815414 7.875536767975192 15.160635242217296 23.397120053597824 14.78799666641979 3.0540582243814964 6.615908290336968 3.0695712842391827 6.003108221499457 6.325783325669499 21.970130110480703 4.3105626413287705 1.4781627220626765 22.010547365106824 12.367425071435633 6.377361690969442 6.9350321983660965 25.90202605771772 25.40280580943922 14.505442931540408 2.1585691862500305 10.429739738509936 26.56098826598575 12.40674405693311 25.116901496670174 10.875667442195796 29.100574874837175 6.329514564441073 20.04284801887472 13.888570391677717 6.713923503045216 17.836074107433202 13.416048321537229 3.880192892364101 13.73243623637407 16.275806928111646 12.520655918689336 10.367240187702205 20.36670634870213 5.568129371232775 9.547404168177113 10.037207543696402 22.14145694446379 1.2042303127567062 29.731343845915088 26.723286668061117 11.283963241500434 27.979454912639397 2.1387212432507656];


nDrivers=131;
max_D=[198 162 175 167 195 195 137 155 205 142 239 121 178 227 219 148 223 205 161 181 157 198 161 233 135 230 191 130 158 176 150 165 139 170 179 207 178 128 162 209 132 210 237 188 216 169 216 132 192 148 229 160 221 210 153 168 147 121 175 180 159 196 240 185 130 163 189 217 223 194 163 176 145 149 196 208 192 168 162 190 182 230 142 199 128 178 140 154 153 139 196 204 199 121 182 225 199 226 146 191 154 180 233 186 201 158 165 147 158 133 185 182 159 156 239 186 199 227 157 229 235 192 156 221 138 155 192 158 199 145 162];
        

nServices=133;
S_starting_time=[458 679 526 150 294 328 249 28 556 120 433 291 710 340 321 457 305 386 147 114 603 96 78 65 615 482 564 596 531 210 401 413 264 161 106 16 649 185 77 633 95 443 376 282 496 720 183 330 612 717 53 561 70 482 24 128 288 256 467 461 598 430 302 425 659 582 583 32 414 335 455 381 705 104 358 81 611 245 662 489 605 304 718 273 348 645 197 88 629 348 379 226 215 339 315 563 699 508 271 526 81 295 29 167 384 176 122 664 88 320 687 591 78 534 263 22 261 688 297 393 493 552 340 212 173 587 152 75 143 23 296 274 155];
duration_s_min=[65 93 89 60 89 80 117 96 86 109 113 114 92 110 116 78 66 103 113 73 118 102 92 80 104 99 115 115 79 60 85 107 115 106 74 67 63 105 94 81 76 72 119 79 60 94 60 84 80 85 82 90 87 100 86 60 97 60 101 111 64 84 75 111 79 93 117 84 105 96 82 73 83 86 95 118 72 70 86 89 78 103 109 65 70 111 120 91 75 64 69 63 80 62 63 96 66 91 63 67 91 116 99 94 80 107 99 64 77 118 118 119 76 103 95 110 109 90 103 114 100 69 71 87 107 110 95 71 85 62 102 86 79];
duration_s_km=[60 51 36 54 46 43 31 57 57 55 37 38 55 34 59 48 30 58 47 47 49 53 40 47 34 46 58 30 35 35 46 54 43 41 48 59 55 58 44 60 51 60 46 56 53 46 31 56 41 58 50 53 34 42 49 46 48 51 33 39 56 57 49 35 54 48 49 42 51 41 32 59 54 40 34 57 57 58 37 38 46 30 38 36 42 56 59 38 40 52 40 47 41 52 33 40 48 31 54 53 31 45 32 37 46 39 54 34 35 55 58 45 34 50 60 45 50 57 43 33 42 30 56 59 37 54 31 48 46 44 52 50 57];
num_passangers=[39 85 53 26 22 27 41 33 53 86 73 51 82 21 31 93 76 31 47 52 25 70 59 20 44 99 31 40 20 95 50 36 91 43 76 22 80 69 95 60 79 23 90 91 36 96 28 59 26 98 61 24 71 75 37 52 59 29 22 72 88 64 53 24 92 33 86 100 76 43 47 51 21 79 70 25 38 81 54 48 35 92 67 63 91 82 88 72 57 94 86 58 91 43 56 28 44 100 46 60 82 74 97 54 73 47 82 63 85 56 69 31 80 38 73 31 27 58 61 48 25 66 43 20 61 22 50 21 100 58 40 22 60];
BM=250;
CBM=0.500000;
CEM=0.800000;    