nBuses=77;
max_busses=71;
cap_B=[27 57 140 86 70 122 130 115 127 40 30 26 105 48 103 98 73 121 72 57 86 53 123 61 43 46 107 132 129 54 27 109 78 35 140 44 21 87 140 138 102 104 57 64 38 111 71 110 135 103 127 37 134 45 53 82 97 105 57 107 41 105 28 134 34 59 108 37 75 113 80 102 135 37 135 83 124];
euros_min_B=[1.216830712837423 2.631288820400178 10.635487396740274 7.804287299064349 5.138070574023912 13.448368806127844 13.53804984860656 13.527153331017495 2.2597566542481613 3.923843387389899 10.896752784527264 9.913950515135722 8.799682642676611 14.36409904085728 1.0544714963271495 14.962235330374982 7.516275496656987 1.1159375634081383 11.413191156532784 2.529072641893176 8.822263208523939 13.107670728409957 2.5446073717800184 6.796201470097341 14.396028299110744 12.697440030126618 7.255683191263794 6.360695647141572 14.971161616289296 8.47719920507739 11.206671339579357 6.877177692401339 10.03867989866325 4.673297518710278 3.7353111336395575 6.805863140010216 6.317504917130452 7.580117164239333 9.772696160409009 13.554180906811496 4.040118668174005 11.195957901308836 14.699147135738723 14.244260409850058 9.994955136478799 14.046189832672175 12.42888839337349 5.60920924496613 9.831736920021518 10.379757501448637 2.310543723893609 9.632849095517377 6.1145366408448085 5.405867121454996 13.346743740889046 9.604875746741957 7.527767003399682 2.796279694141286 7.0728560920817 1.3243432152176877 13.564840318860389 10.615626226654097 12.289495351501493 1.4324649967890863 5.820503172160884 7.929275797547044 1.3418932914262909 8.085185583085392 10.550251681362269 10.513421627498586 4.725537789749518 12.47496584600946 12.611419865522187 7.484657627225726 13.696934485012843 10.348788619503992 2.870487300353793];
euros_km_B=[6.151818166253705 4.136156300125929 7.190308792031234 26.749140443689097 28.334922800116182 3.261549339818912 3.9529705823508885 23.114458516050263 3.1432688174673196 13.363493230755303 23.84611700966881 7.572906645966728 29.35112881010904 13.44873282357147 20.0520576139521 27.97356082956588 15.281625638861874 25.201096146582284 11.656098394098453 16.8645545917791 7.901790499509852 4.583544791386566 25.101320268096675 16.101242278612197 23.26571348785605 4.548102328081351 6.99304724171864 16.8861767528529 17.944890082574044 15.701581875025743 26.19303640245986 12.91947637112954 1.817831986816664 22.382689440682533 22.383195679374538 9.235039288133974 2.1590418931406914 7.097505200052473 15.708171026331673 2.4094343864216103 28.57227222315859 10.132498668183946 3.634404479337767 12.370846401211024 8.598863313617624 3.6532900354236926 5.355311827633981 24.653784096171375 27.93044025596073 29.451462026695722 14.550570207843977 19.773490769071202 21.918098087667047 7.12506686783457 5.138117750599657 12.270758754463216 24.01827845816525 4.5684264814584505 24.644023350466888 6.200225791710393 24.21911833405843 15.340990235551326 23.702502424086212 26.50517271171216 21.29762483957038 3.2160334477273596 26.99773202732667 4.541712198704091 4.337414538692183 28.46351936266838 11.298413571887274 16.68516449124678 15.936788547067842 15.791278916151786 24.230159866213466 7.912291462925465 29.157910299393258];


nDrivers=78;
max_D=[186 209 138 138 240 152 178 191 198 239 233 123 132 126 136 230 120 187 162 224 221 184 160 138 214 159 125 168 168 145 157 198 154 139 181 145 130 135 223 224 229 208 212 222 210 214 158 223 131 219 158 235 171 182 126 175 211 207 138 134 213 189 199 136 177 223 124 211 200 189 136 207 177 151 205 200 182 181];
        

nServices=83;
S_starting_time=[520 588 321 442 615 411 32 81 574 425 282 486 527 578 600 238 491 323 493 542 531 235 613 119 551 176 131 621 363 263 616 566 110 508 308 184 135 696 300 86 387 212 420 160 349 507 534 410 514 271 65 526 6 312 47 343 134 491 56 195 305 427 236 532 505 604 599 281 338 15 198 318 712 663 86 41 716 531 129 405 399 712 15];
duration_s_min=[73 116 96 100 89 87 106 86 113 85 84 112 66 77 120 88 112 111 111 113 106 101 61 99 87 65 98 83 80 70 89 117 91 61 86 60 107 95 97 119 94 75 92 95 87 119 112 79 108 61 102 87 82 100 109 90 76 90 120 66 113 77 69 68 87 71 80 101 90 72 77 116 103 85 104 62 110 75 67 115 117 68 120];
duration_s_km=[50 52 42 54 49 36 33 47 57 53 56 58 40 44 58 32 43 48 51 55 33 47 36 57 44 40 49 50 59 50 50 53 37 47 51 58 52 51 48 31 39 47 48 45 45 55 58 44 55 40 45 38 38 55 35 59 41 43 47 45 50 43 48 30 49 30 42 60 41 56 58 53 53 54 35 45 33 55 38 44 40 39 40];
num_passangers=[52 75 49 80 28 65 75 60 55 50 96 65 75 98 96 99 77 96 40 45 45 45 97 29 34 49 63 26 91 78 20 67 50 47 89 50 80 38 52 42 81 40 68 78 83 32 92 100 34 60 70 95 44 80 88 54 71 20 76 73 50 87 90 99 100 94 99 68 58 47 55 66 64 100 30 42 92 87 98 21 93 74 33];
BM=250;
CBM=0.500000;
CEM=0.800000;    