nBuses=114;
max_busses=105;
cap_B=[112 81 81 129 108 59 109 64 86 87 135 31 61 76 71 62 121 131 29 127 82 133 55 92 80 68 54 27 110 137 50 51 25 83 59 119 66 41 90 121 115 92 25 68 128 40 125 94 64 96 76 58 57 57 55 87 83 59 46 95 87 67 97 136 102 49 116 43 54 109 125 88 107 34 135 91 49 69 78 48 27 124 136 30 100 43 85 60 35 115 37 109 43 137 61 22 39 85 57 136 64 77 89 123 111 87 88 57 48 119 35 122 94 125];
euros_min_B=[7.007196239930391 3.1724107358967393 4.084168604845729 9.322875097979356 6.221870493453489 10.78834796155452 1.2730763577765793 11.51843248625051 11.101469762700024 5.515236844568124 2.8319049838409835 6.3692719540386085 8.827072377589936 9.566208879007814 4.662806524285542 12.389921488477816 6.82627179841815 7.961761706656315 11.876860277725061 7.639815787645241 14.57879868890652 14.178307019090703 13.096925783493283 14.74525830995817 10.273254857135193 7.274877750079946 4.597287235150037 11.156159487174762 5.8894456688598185 9.386047659168824 5.998297576794837 3.860734745772984 2.0500627796131843 3.6453867869887207 12.738789232361965 10.548075500956841 6.793277218671399 5.9944102084872295 8.923085367392414 9.773038841741581 3.5266416814069563 10.25129025163962 5.843877170163027 11.047029918235449 1.0065713099937756 5.295990087535266 6.123694409021761 11.505186124923533 6.1896323868839955 1.258263239148248 12.253664643833904 13.975841373196891 8.316076969496443 2.03963384545939 9.215453055281266 7.9791475420214635 7.705348960886182 1.9279415957828536 13.938236043224471 8.038844989952466 4.468859449297021 2.3336572343556323 8.448914634446382 4.428766477752977 12.702037113140452 4.630885468994403 5.983562688410161 8.719160225852466 4.646033869437025 8.575772302992656 14.538349304615755 8.541645573334794 9.063982169915036 12.808403465187242 13.428530062409335 14.777025275737262 14.882603752149466 12.744802987132779 10.357710455954319 6.242209209231616 2.414365383142668 10.114369279349917 5.361982876534902 11.382586449588434 4.253830870799036 12.178134913713674 10.871050189638636 1.761909120199882 4.639626654190512 13.731394965728706 3.1362808154164306 8.995167644582189 7.282282977017652 4.142596853874265 4.709533381670809 14.4464804207073 12.317576511409005 10.443438999005046 9.014742547214947 5.869995427919153 7.503473049278722 3.160788992165549 4.270920630413319 13.718308733663688 2.859060942957104 10.584797946975161 4.7021978209883075 1.6793849824749283 11.413231644378463 4.525035682759208 2.4203647637137515 8.864084962847867 3.344131947521016 13.746487147942284];
euros_km_B=[16.565219055791076 20.66103683422893 16.040820636456843 13.462120623581981 15.219775749204974 6.01121660822961 1.080011670682834 22.527957368639605 23.586832938190437 12.223761613505587 20.51941041464443 15.93834212230702 13.27985413877193 1.846133231314138 20.708807656608347 2.2897631183806015 22.09639089853652 8.759959695745867 17.055069905455742 20.73395173935783 3.5577161818244916 24.198169591352215 19.308748891594 5.240700610249513 29.38379596910462 15.536647034502366 25.252024453578297 4.324197695855759 7.811559410764556 19.433636896046323 17.080380564441317 25.28021169124706 4.225157092660626 5.210647143509118 27.50263149033693 24.61934456240211 15.259004675098115 18.21312410283559 9.466002105383277 2.0161281921820957 24.01059835431291 15.331716113289456 22.623160889769405 12.39585731117322 26.504095586559007 24.094932628860406 29.371790350501193 2.313904642501055 13.25228307826866 17.976122281856124 15.982116886015222 14.199693293838958 16.08399214121468 2.8682971752459197 2.153947559772151 24.980162482423044 10.056528858819377 5.413184371642429 14.401215636315632 10.592509934803825 25.770092190889663 23.532423614067294 6.956248095400292 25.925519754870592 17.299934231637454 13.173143085537093 17.58353356957369 26.673555995125252 23.783850182823723 9.393109919445255 5.809868936487108 17.66653993189946 28.84540199670021 8.674315686451012 9.394214670612202 17.32701207952355 17.869611398375277 5.341167763265907 4.839536424291332 9.671750047884645 14.261858448092893 12.881714108004147 1.4663982584533883 25.791515722548592 15.40287897996461 20.01723427416206 11.212030970046229 10.659162987044738 6.07471216856727 14.868977207334716 11.088829896051712 2.254425110183199 5.828754763891572 12.142636839884299 24.876199839139044 15.229722448413012 15.43512370860989 6.495711950552372 27.623573108952815 14.923277978363984 20.109817161117114 6.001987160855242 11.471391480743893 16.923068729149612 6.308299449743995 25.892265184205876 4.338918425905456 28.516151195416548 26.387562054689106 9.439509866324876 26.93550197111845 6.383209273522082 6.554731565413455 3.587661840894433];


nDrivers=112;
max_D=[149 181 181 162 157 208 160 145 220 209 151 174 166 167 125 144 160 196 131 187 202 190 162 214 185 209 129 145 160 194 231 130 185 201 126 218 121 122 188 125 163 209 121 183 152 136 126 214 123 200 166 202 169 206 209 149 136 212 152 191 125 199 219 221 127 170 228 130 228 229 164 131 129 142 137 123 236 229 175 131 141 120 190 206 225 128 184 137 182 125 212 181 169 193 208 134 125 239 135 122 227 137 190 211 136 146 152 172 177 214 222 200];
        

nServices=119;
S_starting_time=[325 102 154 642 92 489 616 628 607 135 286 195 225 713 391 169 266 200 473 712 169 184 490 433 528 138 316 651 52 390 231 401 414 96 179 9 428 367 239 599 615 506 624 617 584 610 481 193 393 322 483 660 205 690 380 449 260 18 280 45 500 700 100 151 550 267 47 692 450 565 595 112 714 200 259 641 454 67 598 614 333 458 663 386 608 149 402 445 152 466 650 494 403 558 621 278 657 471 605 536 391 200 350 160 112 658 413 466 75 292 122 8 644 558 6 283 9 125 321];
duration_s_min=[74 86 119 115 81 101 120 81 114 104 82 108 86 113 62 69 108 99 78 112 94 60 114 99 117 78 71 108 89 116 101 73 110 80 83 93 78 115 105 81 103 119 118 107 100 60 118 102 116 107 75 109 76 95 84 120 86 100 85 72 61 88 96 93 60 87 103 62 90 117 66 98 74 93 64 71 78 101 101 111 76 69 115 66 73 98 92 85 89 69 69 112 73 118 85 108 76 73 109 67 120 90 102 76 67 70 66 66 64 86 70 92 113 94 63 113 112 90 111];
duration_s_km=[49 35 36 34 53 41 39 52 43 36 43 44 30 35 49 33 44 57 33 56 57 47 33 58 56 60 49 58 30 35 58 48 53 37 40 57 36 32 59 53 44 57 42 45 31 31 37 44 50 47 53 34 40 32 47 31 37 33 43 51 53 55 39 58 56 51 32 42 33 45 39 32 50 47 42 44 40 52 32 49 47 59 60 47 58 39 59 51 42 60 38 46 38 30 38 31 53 48 41 52 51 56 37 56 37 34 56 38 35 55 37 38 50 45 60 46 40 46 42];
num_passangers=[21 26 66 31 39 76 22 99 75 100 58 33 63 90 67 60 71 57 27 56 72 79 67 54 43 71 91 91 66 48 52 40 39 73 59 20 98 57 45 67 24 23 88 47 64 77 92 89 86 82 46 88 21 37 51 56 92 31 97 54 27 31 69 34 49 70 92 68 43 86 63 51 45 39 67 64 53 30 99 59 51 26 98 98 61 32 29 87 96 94 78 55 97 51 53 51 23 65 61 60 41 85 41 45 66 32 70 70 69 69 74 69 20 74 31 63 24 100 57];
BM=250;
CBM=0.500000;
CEM=0.800000;    