nBuses=78;
max_busses=79;
cap_B=[34 73 80 27 134 38 88 55 135 78 48 140 56 88 58 124 68 77 129 35 137 138 49 97 86 28 119 133 85 51 122 25 113 112 134 20 121 129 91 36 93 20 131 133 74 46 67 122 103 134 109 101 113 100 107 47 102 22 136 85 53 126 42 77 33 138 46 105 135 83 105 111 113 101 105 35 28 44];
euros_min_B=[12.453361480436222 1.4393461588044119 5.850788776097107 7.6215571836183145 2.1098614382767016 14.330164188744694 11.397351751678565 7.551903357459527 11.00908639184907 2.9052627464334475 9.48591912942339 11.876048510775243 1.4481070135412615 3.9809805321689593 13.391258687310135 7.602834498502672 7.890688248485168 10.444229143819475 10.009966670693121 10.65646654199264 3.6534196582473237 4.2179511739838595 9.677391105963759 14.066607921270057 1.674680055150994 4.000496977405743 2.0185613836784704 2.2026137467514513 2.3852430935028406 9.593207461147571 9.249683643964595 10.277250361886342 10.602175910624068 6.4994323770467926 14.343849546778927 8.803748058198988 3.1660246378833055 14.667677643510327 9.575024399525347 7.2825146140414265 1.357607075823913 11.18098951476258 4.15257123379324 1.6524841571932358 13.46288655354171 2.025358133855726 4.987774589434149 8.924368090892983 12.554734037464565 13.112933787950599 14.483565240837745 2.1099148541879003 11.582932451591905 10.238614610830092 8.010511119109523 1.9023309860796054 4.750602731416149 6.15378790803788 4.373738858716299 11.966457767881883 6.266135465335951 13.545384899953953 6.103846056170397 3.376028577823316 7.792658471135578 5.349079336250833 7.259758977962857 6.8844118938016186 8.44049874350505 2.9971491037634737 14.04686916817928 1.7443933589524556 5.337241665086161 9.230926580277462 8.914920766853644 4.97167932728885 2.98568086428907 4.549676929711793];
euros_km_B=[5.3553003393008645 5.710807352821579 13.12139432428135 4.720576404591759 28.744024716175165 18.467758609070454 7.755307982482605 11.585367726454901 2.242180645687748 6.597087785441408 11.709262308359486 13.810407143646927 28.865582602843148 22.313462885971454 9.28478267896838 16.146968357697844 15.059788738570372 2.666909099496335 17.06686650661303 2.079210379850049 25.39816212774894 18.207054540950697 20.882574925145033 9.269438135723473 6.228157778256683 1.648637354428204 7.646955505472107 8.303438332408998 24.592511580432813 2.7428350089976057 19.297517030281767 28.95706966699986 14.79228146997239 22.43829787438977 20.11376918366537 16.132739794549458 12.045317070467588 6.557279364199392 19.120274432566116 9.176787101079258 14.200583822757471 18.232003678563064 1.0802114858734997 14.261755410918125 26.74367797008823 12.646518236798514 13.080303495614897 1.4318548792015444 21.153908124224326 4.782960107399429 8.504771212526181 4.598424153154356 21.97147816847058 3.4531383590015343 2.189734990735876 28.727884265991136 4.673660888053037 24.334853990237217 15.59523088914217 16.5478785314112 21.97394353678896 14.628732601597472 8.910232616503809 1.7496724444081782 19.43862283983884 19.803630210909915 26.5185612394651 24.854805797658294 24.0680156863527 6.259716946531806 14.360102632693268 21.94549669785835 24.525626660542297 25.29362235211913 7.415833363720086 13.910901194443765 24.743981429947738 25.049776653046468];


nDrivers=77;
max_D=[206 211 147 136 125 182 214 127 126 223 168 161 121 172 132 239 192 193 168 160 129 226 223 223 212 199 237 194 237 190 149 192 166 195 149 225 189 208 189 171 121 217 208 199 188 237 217 203 177 121 167 133 231 138 227 213 196 133 148 129 197 133 152 208 219 148 230 220 155 152 168 207 164 171 177 158 149];
        

nServices=81;
S_starting_time=[246 359 263 268 376 100 634 501 326 455 269 84 118 326 594 441 665 221 391 207 311 655 296 593 705 197 353 205 223 478 170 506 637 340 33 321 474 197 494 522 232 676 126 68 589 382 75 556 168 605 380 704 191 251 565 174 244 432 224 189 59 261 494 539 400 576 64 482 224 352 460 307 70 294 386 594 114 89 200 655 80];
duration_s_min=[108 84 97 81 96 71 109 81 82 87 62 64 110 98 69 100 72 74 119 68 68 103 93 82 92 117 107 118 70 88 105 107 116 98 118 61 94 101 107 81 86 76 83 114 66 74 99 107 80 104 85 97 78 88 82 61 106 65 120 71 68 82 95 108 107 94 105 70 103 119 89 110 104 110 112 67 68 118 62 101 61];
duration_s_km=[42 60 35 35 38 43 57 43 53 57 44 58 38 54 56 41 51 53 47 45 33 42 37 46 56 54 60 31 54 32 49 54 54 36 39 30 49 48 57 39 46 46 53 48 41 56 36 36 58 39 58 38 45 50 57 35 56 49 49 50 40 42 48 58 54 57 30 45 30 59 31 58 35 48 55 60 46 31 48 57 39];
num_passangers=[57 85 35 59 67 81 71 88 76 62 99 26 93 41 98 56 58 59 61 73 72 68 42 84 87 93 67 57 48 86 74 32 69 24 50 25 83 74 100 95 20 96 49 26 46 34 67 96 100 48 54 58 34 76 58 53 41 83 64 24 30 79 22 48 39 25 50 27 35 97 89 52 82 56 63 41 23 29 98 21 52];
BM=250;
CBM=0.500000;
CEM=0.800000;    