nBuses=100;
max_busses=94;
cap_B=[80 82 105 102 38 21 33 57 59 49 69 115 61 25 76 75 36 132 22 47 117 51 56 32 124 99 73 57 79 116 91 35 99 96 121 51 120 54 79 122 104 28 98 27 115 123 38 104 89 30 76 90 51 70 140 82 136 126 44 37 122 37 110 135 47 134 68 91 49 137 30 139 77 58 132 68 68 70 22 114 121 115 79 70 31 44 38 39 36 109 101 105 28 34 71 65 138 112 85 94];
euros_min_B=[12.770090970845448 11.455748055781099 1.7098516459223558 4.8950812777333805 5.742074851265858 8.519115388840145 6.095531281967338 13.90039535151974 2.3552282113438485 8.972485976920558 14.930855462903702 2.620467346921389 12.243290207421067 12.580778014606473 1.5566509916910174 5.855328754555881 12.53363861118609 9.529046017474082 7.142196550941149 3.680756815432333 10.22941590911798 10.37596037256966 8.554183131559498 4.64295525051076 12.738156475186965 1.9626744321277019 7.9695690026272 2.3087344658837834 9.743936125011306 11.257312394823158 10.007287734087909 11.456255581696354 2.3061408934557703 6.534779380335175 7.901001079608374 7.429895994044195 6.410284978252638 12.527383580375673 9.072212048019333 11.828111855928231 12.049783268619821 9.895280150865895 1.074973587153637 4.066563254808732 1.5809214228519437 1.516190732907284 11.430630855797448 7.931424056992243 12.15547966673533 3.5473416113831493 10.796508393284263 14.925894431677698 4.001620870067734 8.210735784303544 11.896234557286409 14.45667566905144 8.021765137992835 2.958412305908558 8.247605465049135 10.94539887678828 3.013361699029854 7.229130061366094 11.1195824121868 1.257654384093797 3.8527754040212976 7.197694436503703 5.79548942343302 3.384922300165962 10.734272719998831 10.116572143513785 7.260095514033482 3.4075351637827342 11.758411020600349 13.718980338224668 9.198539934149503 12.88069095876801 4.525029122483258 9.01835075009929 13.420385069164974 5.980000463122208 2.5106546185808756 7.373002740557136 6.872136155219714 10.448720249219255 8.188680385056013 6.477502774234382 11.713262264182701 3.4074431462789776 10.40979127831811 11.1554508202237 4.94826487743867 1.4329533260500107 11.709993695821154 3.84822272196326 7.524347055054134 1.7505470785395512 4.711973071449901 5.687242428461198 2.665732593367073 9.344312580284523];
euros_km_B=[9.760309869071428 6.3565518627557624 6.061717638725261 27.50343579752401 10.69366143866065 21.72132472895375 13.715570110446468 24.638310761992734 21.19502474375127 23.864017429182336 14.470031519653535 24.07019500400342 21.341035519260654 28.798376093594467 22.76365736372675 1.6619635215025799 19.100513583242524 20.298252895542667 21.037340926353693 13.467466211885466 26.395020451732996 23.012722984255564 8.864805968488215 11.26413204446473 23.80663184768975 1.009492606660217 1.5155619634930906 1.119793256940715 14.69262787889036 17.772666970128526 8.655261597279061 2.3290521031002593 2.1247200672698003 15.190284464072338 20.195163772065357 21.8389801985538 2.6275073885824827 25.649560105162255 17.26213060913055 7.590363012255933 13.097065290646594 23.98564550283151 15.151131272004728 18.90045359044821 5.052088546885214 5.480351909279764 8.81278978548288 21.75148597126428 18.909403757409926 12.088364502579834 27.430472742202582 7.686638409771539 26.233153175414795 10.150181977270414 12.162851640229578 27.38496289858749 21.398919514863014 16.48978903741442 26.39032608435537 27.92823224417371 3.6190614961852368 16.490319395180002 29.6636264261835 20.795728067921644 3.0075204738396186 11.954072291049364 25.810184583546544 7.891902586796456 16.24041691986558 15.181640682034473 19.078547681815756 3.500259883407555 23.40841057306406 15.284240440593228 11.646261665991833 17.543014212786304 27.880215901673996 15.801951383834254 13.637857546763712 27.791824973842743 23.954705930615393 25.217355562802354 5.58568343580856 19.619279246433585 15.68469959442888 21.176562724510916 12.317522867933329 14.347513560659714 20.159521257879696 17.292573223265016 2.852773605901938 8.29194846095798 3.862441927956265 8.326506107634982 18.066443484748028 18.85240022338944 11.317057299622814 6.604064549998319 3.9269385449275394 16.747949784504414];


nDrivers=101;
max_D=[233 204 212 148 222 184 219 164 129 128 124 205 236 129 198 138 181 120 151 126 135 134 208 120 220 229 153 232 177 202 212 189 234 240 145 178 141 169 175 129 193 192 160 206 194 210 141 192 219 226 211 226 239 131 204 223 169 121 148 180 214 133 220 216 151 212 231 202 148 178 152 168 194 165 208 188 131 224 173 220 225 224 195 120 179 141 168 154 218 206 205 216 184 218 172 145 216 171 227 200 237];
        

nServices=103;
S_starting_time=[344 107 305 608 285 639 635 611 376 345 720 40 288 425 435 36 48 602 470 321 67 68 312 2 240 269 558 662 195 285 481 124 229 533 112 297 569 188 302 439 410 317 63 335 194 536 86 373 226 557 603 175 611 288 93 197 522 608 600 465 678 245 392 127 665 58 500 560 227 420 449 526 383 266 387 680 163 187 630 458 29 99 22 383 306 541 653 592 239 718 630 281 608 381 385 337 588 170 17 3 289 358 580];
duration_s_min=[103 82 109 95 66 90 63 66 102 77 85 69 98 95 70 87 96 117 74 80 88 81 66 120 113 81 68 97 61 65 118 120 118 60 110 64 71 69 105 111 103 82 61 61 64 111 66 116 89 103 91 81 110 64 89 82 73 117 96 77 108 94 62 110 61 115 109 67 103 103 120 120 112 113 103 98 67 120 113 107 116 63 70 71 67 112 114 113 60 94 60 61 70 79 82 95 97 91 100 85 92 95 112];
duration_s_km=[50 50 39 45 46 49 57 32 37 47 48 45 46 56 33 52 31 36 44 32 60 36 59 36 44 43 33 40 32 55 55 47 37 42 46 34 58 59 31 54 59 51 32 56 49 34 53 39 56 50 34 51 57 30 50 51 52 49 60 51 44 55 54 58 53 43 42 31 58 32 35 50 46 41 54 45 45 50 56 32 43 46 59 34 51 50 52 54 59 31 53 42 37 38 47 47 48 58 31 56 50 39 56];
num_passangers=[86 100 27 50 69 21 41 88 30 63 89 69 28 45 56 51 82 61 52 97 56 24 83 47 60 43 35 43 82 34 86 44 47 35 27 50 95 96 50 90 42 40 29 33 89 51 55 64 55 24 38 97 47 94 58 65 74 37 93 90 76 95 22 71 22 45 85 90 77 68 33 63 76 61 39 61 31 76 51 31 66 55 46 52 83 48 89 81 66 38 32 66 21 37 69 92 57 38 75 24 59 51 47];
BM=250;
CBM=0.500000;
CEM=0.800000;    