nBuses=103;
max_busses=92;
cap_B=[35 77 111 93 93 38 107 30 64 117 119 36 69 21 84 94 46 49 90 96 123 139 38 24 139 99 59 46 108 99 31 106 113 28 96 50 71 36 41 35 115 81 64 30 67 49 103 107 65 121 112 45 24 66 38 62 43 113 72 33 58 97 34 52 42 122 126 105 67 121 28 89 109 57 107 101 116 81 30 32 134 121 106 45 110 23 126 52 36 72 50 70 27 104 139 102 51 127 85 110 85 28 113];
euros_min_B=[13.975533425740618 4.454239847678956 3.95946436435848 8.150505007343323 10.892118273095402 1.1631641311659782 2.727690687534956 8.151255420323682 4.128460193025592 13.279576547703394 7.5097330226070005 6.056548593964742 10.07916149989927 9.799035803439073 3.6337176180214934 9.184205103567173 12.05193427078103 12.403318425365615 11.049812935065534 5.174790367535614 4.377784471903823 12.657434148490502 8.2683065406446 5.692005138125248 11.786979618563807 8.130919584464902 12.661920458743149 3.5043604729937954 10.36006259654704 3.3637247251920304 11.71469944012379 4.173999936990203 11.668347428245383 12.38878945415214 3.0857438200071723 11.332657135671415 11.483388072290804 14.020209388426867 2.72309227006774 9.504137988698934 6.469067583604705 13.078360244279597 10.758028395930321 3.7583968294234635 7.538496997705705 3.8524606729054724 9.52943582957808 6.546210543803244 9.357128805574266 5.831738335222218 4.05034657707494 10.74542468139376 7.711779308654338 4.111909353783917 8.210137591174574 4.155872016557722 6.389504408585726 2.640755696740486 10.877877861419295 3.8074103003706066 3.197285891641985 13.995654119003515 2.280801511574963 7.026738254821913 4.844662635958387 13.066252503763911 2.0308137085392195 4.861078004797484 3.423777629472327 2.9329647197600583 8.795038389050458 1.2531635181433696 14.869444828923056 1.5951757872723593 5.576345986248766 13.699539447396468 11.458582687519327 4.253557659331656 14.26904336667052 3.6774904466169582 6.616588998551155 3.6551015859980236 8.733961507815739 1.9627818144317586 3.3286682571032404 13.33038881288011 12.669992494614375 7.431018890516435 10.953616179077718 1.2908159079466326 12.692125318168252 2.2841440451423294 8.249769097526809 7.883697229707539 6.635838894688705 6.89822633410781 8.434013117774027 14.555314016045724 5.086232282923697 5.820253865137681 6.161138470496947 5.8012048168882675 12.545225854138671];
euros_km_B=[28.20922078256971 6.3438064068734 26.82132269942348 19.928950268251914 11.602210697381157 6.575904030610367 1.4414069965590084 6.170910893835116 13.621947434459146 5.139401583368015 16.828310235234486 12.751063993911224 29.821522673526793 7.596188680851449 8.119780903978597 19.202539356534466 9.466981142283883 5.120196207514614 2.287359422168332 12.792231571699972 19.314502726024752 14.15018609435732 24.932208970754335 11.00308474591696 26.77047187685437 21.527194369292616 13.45941562555388 27.828072532056254 3.5715800543679497 12.90741369904339 3.2337782928886956 22.272890653071354 23.16130410744562 11.739807809324335 16.5668021655189 15.265830129989412 7.943978372190457 6.051177981324386 29.58213546323128 25.77697270624078 15.089341427752284 6.482118952465662 19.942036840122565 5.798397989291403 14.33216912472478 21.54938709960366 12.645501045549645 28.068456518329743 10.36752187027106 18.02915472653179 11.718073528178232 14.311732357769806 6.7827964408210555 1.7434896416044414 28.159481785504365 2.657611260112998 29.655576090969546 11.114726343166664 18.575979600847536 9.384308101009857 2.0535057700194552 24.76450517939333 2.4629889268875034 15.045445984529369 6.6067084023983425 27.0939583043277 27.116390715443085 18.274133338749884 26.458153754995426 25.607576042495307 10.931789917339954 28.926821009995834 9.6582397249525 28.522893041095838 22.68046081123683 27.6745633945409 8.46214457688729 3.9400779365485015 22.182452816481398 14.623502930089822 22.550068935063816 25.9734760110888 15.795640512372715 4.830310786997602 29.353413849870623 25.029733785105897 3.8238012481884045 7.4618554202291145 21.73802195326656 7.707509189692157 19.09589656793787 24.323157427828043 17.23821690614384 15.419151785544841 16.124217591077862 11.51750966008478 9.248697910653378 8.290384231090702 17.193508009944708 25.47147390295824 4.378326075391413 13.440576999545002 15.194833447496935];


nDrivers=103;
max_D=[213 180 185 130 229 207 198 199 177 157 138 239 166 163 129 141 191 147 193 236 141 227 120 238 185 206 194 191 136 216 174 136 126 184 136 136 180 212 199 208 182 198 168 142 214 147 215 141 189 196 205 191 193 164 217 143 232 235 167 171 237 122 171 133 176 219 142 172 152 212 194 214 192 149 162 153 172 157 124 177 239 159 127 181 124 209 185 185 181 232 127 147 151 201 212 190 148 165 237 174 148 209 162];
        

nServices=106;
S_starting_time=[212 302 592 718 287 263 274 44 416 167 332 709 228 269 434 465 79 119 56 93 587 280 320 464 155 537 222 508 223 668 498 91 634 577 392 634 235 142 135 684 675 430 83 26 382 625 316 331 674 63 261 280 353 264 102 75 291 437 157 261 643 415 616 72 118 425 516 137 146 280 673 96 441 355 176 88 399 572 511 34 547 401 711 669 490 504 175 333 669 273 110 528 367 594 387 132 607 617 716 461 252 355 572 433 466 328];
duration_s_min=[74 120 99 68 79 73 96 77 111 66 85 101 78 83 116 80 74 99 85 116 83 83 112 60 68 82 103 77 72 118 113 106 94 90 72 81 64 81 97 81 116 119 117 74 105 71 113 108 88 94 61 63 64 60 100 74 82 74 63 68 109 70 67 106 81 77 111 75 89 97 88 74 65 86 73 115 94 68 63 87 76 69 85 62 111 60 73 101 93 111 72 60 109 75 104 81 61 67 92 105 84 114 65 106 98 80];
duration_s_km=[55 32 32 35 59 59 43 38 60 40 50 59 35 39 60 41 51 47 48 41 35 30 35 50 53 46 44 35 48 38 44 41 43 53 33 39 52 38 53 57 42 51 59 60 45 53 42 59 55 40 43 40 60 53 58 54 50 52 41 43 57 55 48 33 41 51 46 42 57 31 34 45 37 44 37 50 34 52 52 54 40 52 53 51 35 53 41 46 36 31 53 53 47 41 41 60 54 45 32 40 38 39 52 45 32 33];
num_passangers=[87 86 73 23 49 97 53 42 95 92 35 28 84 23 83 23 97 23 42 83 89 54 90 71 90 22 48 86 41 87 43 47 48 38 70 68 71 34 27 67 45 70 54 95 20 44 84 95 73 38 48 63 95 100 33 86 72 100 64 88 36 76 81 47 67 54 36 89 77 97 44 85 56 53 79 84 63 47 92 72 30 26 96 66 76 81 20 90 49 70 31 30 23 74 49 45 57 70 38 89 21 67 48 46 98 71];
BM=250;
CBM=0.500000;
CEM=0.800000;    