nBuses=88;
max_busses=85;
cap_B=[32 111 116 105 30 126 136 70 92 41 106 103 50 101 107 115 96 45 91 97 108 134 119 59 111 37 49 128 61 70 109 34 127 74 82 33 69 63 95 57 122 47 114 76 134 44 106 121 32 137 140 35 33 43 94 126 68 64 24 73 131 37 69 21 42 79 39 20 80 73 123 79 125 49 73 86 26 135 134 64 74 43 124 93 123 101 51 21];
euros_min_B=[2.2669501817214344 9.645002740908545 11.539001116969938 8.525624955264824 6.023786718781858 2.0260022401077746 8.167756217341557 4.742707198227654 6.676803343228852 14.98841480485989 3.274906445401708 1.1450271791216988 8.969109214385115 5.462602635994405 12.235004080903801 8.291836151688313 7.68091061015652 14.234812570986595 8.119336231080622 5.196121071962075 13.453454757862925 9.04723765224248 2.3183689774001763 1.0853268632588677 3.4017959917762637 2.045535294012292 10.374068978251268 10.944629067422841 11.187557410370507 7.193677313172524 5.584270178020874 1.0897207735079335 2.9209725195970764 10.412748133152979 3.182872142362736 3.6706005852879477 2.476576534006672 10.902829373804561 7.849463385864555 5.181162925347035 4.224044563817825 1.2225462089216503 2.8910340416869866 8.991523929144623 5.165015763862832 8.005568451432094 3.1869732881450257 6.547332018516935 7.0069854919686385 6.537914228449026 4.14490567410623 11.093581642252085 3.607236341406968 4.013486165810297 14.956566511883755 13.192480767008387 7.450461549375053 14.714371385012656 10.519452768985843 5.491783062302124 2.702866494068219 9.209550799347442 7.260157782035808 14.576467950802218 14.516305120418435 4.624356535221544 12.33953522629389 11.781880783774454 9.97855731605089 6.5714740425189095 6.089611646220391 12.0222392575412 13.044685470599065 1.5251739538228848 6.764779363006506 9.883093927973716 1.053502588061946 13.380655352142913 2.7423986003189373 2.8902725782035947 2.5837670662377272 9.525379728166001 10.975577098011954 10.44826452429328 6.909119577351968 6.038285765648617 11.58895980589121 14.02630996863295];
euros_km_B=[3.3743315366580076 8.284546353983547 17.16405731500084 22.964238637646883 13.123065538885925 29.401075831558973 2.156322938016149 1.9753023814893438 10.005641683153936 15.945653448155177 7.720992761773125 11.514101629050904 23.811377803975454 4.505583854913299 3.910295480717081 27.21406451672451 2.56011160832428 9.905715817507032 6.822771726590992 1.4308578282586268 15.886615151401541 25.69642537140044 9.339462251906577 6.366688168024579 6.66233455323086 26.773650075210988 21.515349383211017 3.7918462906676136 12.022410000965161 6.003979590897368 22.549468585663394 17.446505619398824 27.42432952570171 11.743277236706687 8.003592002100003 14.211302452571005 4.900892635760497 22.82557143409039 27.94261519761921 11.192252711294822 2.3293890305393674 8.636739514614504 20.43930685920385 21.880018174547477 21.303348077959292 9.900676584406334 16.089332381024718 22.428666505869543 22.241167889746645 26.192184689729377 17.970478040634955 7.711439104566965 17.860593036203188 25.311510114793673 22.195509909864057 16.241036775398978 19.264901418924648 20.10842305405578 26.734300209494688 3.15414930288925 6.850745133404282 23.163020000182314 13.751689335745098 15.464050751046074 19.38221202196709 12.832527617432712 24.43338193415118 18.18758946741153 23.802582559261594 22.29467035567338 17.483057980781744 20.38187175001294 10.357697243030252 3.6977558957404675 22.903299095123494 18.623178309088264 27.52906830338287 21.900452377482704 4.65166222923305 24.056709529707973 13.762966948006726 6.892036837281755 17.78664268657482 11.813781904980724 16.150194170897038 27.889252400277982 13.639814921207867 6.9098999610734815];


nDrivers=86;
max_D=[238 193 231 149 181 123 187 238 207 153 121 171 129 152 235 214 239 143 135 174 153 155 224 218 225 202 169 163 206 176 224 141 200 121 203 125 192 164 158 179 190 224 148 203 200 150 192 131 153 149 164 136 145 121 202 133 193 172 129 201 238 169 136 165 189 236 224 185 215 216 182 235 177 170 140 136 184 234 186 189 220 158 144 198 212 236];
        

nServices=91;
S_starting_time=[361 18 471 271 613 602 317 569 377 6 147 426 82 107 553 631 461 205 301 604 37 199 332 619 667 696 262 147 22 644 210 114 616 266 7 527 687 551 124 394 659 77 300 467 570 541 596 116 438 521 298 487 549 437 408 347 442 75 298 584 230 32 175 705 376 323 17 659 436 421 422 570 40 224 102 401 288 593 631 520 459 298 684 473 429 252 670 669 657 428 662];
duration_s_min=[83 73 92 78 102 106 67 99 60 110 119 92 110 120 118 102 66 76 114 103 117 111 95 108 97 70 72 68 93 73 85 82 119 69 107 95 96 82 109 79 74 78 85 79 62 60 96 117 83 74 86 79 92 103 112 86 117 84 77 98 93 112 65 62 105 106 79 86 76 66 112 88 82 85 102 110 95 118 68 65 94 107 78 75 61 72 102 82 103 79 62];
duration_s_km=[44 48 44 52 50 32 46 46 49 53 50 37 40 51 34 60 44 52 41 30 52 50 60 34 53 58 41 39 40 54 58 48 34 50 39 33 48 44 38 35 34 50 58 51 39 46 56 47 37 57 45 49 53 53 41 44 47 40 56 56 46 38 56 52 53 57 32 49 54 53 52 43 57 41 44 37 34 33 60 43 58 36 56 36 30 43 33 56 42 46 30];
num_passangers=[97 35 27 89 68 84 40 20 29 55 60 74 24 86 99 67 92 27 59 91 25 65 87 67 96 47 84 50 66 70 72 99 57 67 42 90 68 60 68 44 100 85 87 62 92 99 82 34 27 98 34 44 80 49 25 62 31 89 80 29 21 25 69 64 56 42 27 97 36 79 97 38 46 100 48 54 92 80 96 68 96 42 24 78 89 61 83 22 23 58 90];
BM=250;
CBM=0.500000;
CEM=0.800000;    