nBuses=101;
max_busses=97;
cap_B=[37 51 81 39 126 100 67 101 118 54 81 47 112 89 114 74 98 77 52 73 130 26 84 36 22 119 43 43 44 55 130 123 77 128 76 68 89 51 99 63 36 137 134 88 95 69 115 42 95 111 65 87 132 33 128 51 85 100 96 67 30 122 85 30 55 71 95 79 62 63 108 117 122 38 79 51 28 54 26 139 32 69 24 38 57 42 91 73 99 38 22 77 130 52 31 104 122 132 24 51 83];
euros_min_B=[3.3931177856857655 1.8075788646915565 13.019736265837597 6.748356227301597 4.490629066163777 1.5386962146674426 5.272103783244349 8.986793587618106 4.617800708342934 4.119170503198591 14.932980229913502 12.386164439385903 10.40666652487564 8.050214975481863 5.7342610137587755 4.2426930817296915 5.757825412347 10.323842877922159 13.441346945909059 4.45257354799215 8.272785809482908 14.287069105819228 3.5962501217168854 8.593267843794015 8.314614530371458 7.877268391045985 10.941641635282258 7.165958834993278 11.334795851911014 5.042932330339797 11.681442316496556 14.368687203212486 6.223238243898151 4.518323288826066 1.4733690158618002 4.625788527413613 13.736317543888967 6.738535231505712 6.246756326556169 3.0883638485410154 1.0792561055382974 7.117414187356689 7.700824622781781 4.280444449781394 4.677786446208739 7.560248299168628 3.425786130703557 2.766505120255398 3.9394077947740325 11.4143739281808 10.692331323400586 10.213875677293869 8.50967342313587 3.963168438001701 13.503289475713093 6.480371695942004 2.3785982405231043 10.743530798920538 3.1812319981628834 7.839232060329637 5.566756939219276 7.3170806675473266 2.8628313355110344 14.236606210336017 9.653727849563724 1.2802772172530668 10.944930567451108 13.773300946139294 11.001815336912761 8.623593572632522 9.90619616784068 5.183876689313828 8.840718959078348 14.373767421408926 5.975514449338791 7.733993482834519 11.358817924154579 14.900446973234626 13.687057938562887 8.597564609153281 9.286326425944157 5.705056052274704 1.9963305996915457 2.9869672414193107 5.24583606778798 11.610849242057185 2.475857710420412 11.936887643271422 13.76852108670652 1.072760930777909 14.200923342677171 11.763575173508764 4.846397001771699 10.165834898584057 2.4130738064675077 1.7159738821277881 7.607754241329035 7.643853994083534 7.510691915517414 8.059283599794561 7.0897033748596385];
euros_km_B=[10.38176178830965 29.24690523446781 14.08194367040601 12.895036116447042 5.725513542023999 7.96007816730696 9.70560544871989 27.241059256108873 10.191642253253322 23.866641787117373 5.114834117678333 18.028031458735377 14.584078028499347 2.3202530045322174 17.342454435099143 8.209611495544696 3.9395029974080327 10.769219939040086 6.357515386231762 22.84108537492808 21.394244289022208 18.808562943890173 24.162968534020628 29.078380738549583 14.503568840849585 8.63043934781231 18.92235640729704 19.044194609206404 15.06725254475893 12.898585890084506 22.71544554275314 20.75261532991427 22.163130201938984 29.589327564918893 4.209595974939544 14.763194655576228 11.331916897085712 20.74541409067775 4.364841580321293 17.25372388919941 19.16505412337294 24.707471962432574 17.16156562621982 23.796017013814502 17.04169537037533 18.996816987327612 24.38638557273614 10.717454295009475 25.174113663346986 4.056383227473628 7.403120952363688 8.615595497491578 11.973563963490715 25.40746557766539 29.177124907452278 2.162722360539718 10.68589177194298 29.44437978678168 20.219757429279085 7.196899014204784 19.603272663482645 28.674725359605038 17.62233277056589 6.3348627704449285 7.575563140984846 12.345224199413048 2.24514784286133 18.0868506753658 10.949165046685003 10.330761028051764 19.73429258596674 19.47102426008426 23.02236272345093 6.833016903129786 26.73896253815347 1.4570180068025742 10.115767898863092 7.100961035385533 10.592528695650577 25.881216918618485 23.107360676677295 18.279934793962347 24.62278023536655 9.548340216637742 18.50404981081305 27.765317509259717 7.682750034175918 24.378111037712944 3.895056906440412 12.351209931661543 20.97616963875279 21.620227318264657 16.848334307961284 4.500406307033719 10.677927897299872 25.999395615542703 26.588053056507746 9.409989304286256 19.96735758572364 25.13791026753482 7.412432074641638];


nDrivers=103;
max_D=[205 179 240 210 174 153 143 211 127 145 234 182 210 168 160 194 221 137 156 205 165 189 195 166 192 226 215 139 194 223 136 134 223 189 195 165 228 190 137 175 123 169 230 172 120 215 172 194 144 213 202 169 169 227 140 199 143 167 136 177 177 229 155 176 166 169 132 173 146 170 240 161 183 137 124 176 192 209 213 172 156 204 215 208 149 237 125 135 200 182 221 155 234 182 154 195 126 184 201 188 190 171 232];
        

nServices=107;
S_starting_time=[301 573 140 152 645 404 2 166 184 521 716 658 393 410 635 504 90 314 573 45 603 11 157 569 64 625 576 505 594 599 57 567 393 491 367 369 389 126 19 132 594 274 228 532 83 560 606 555 7 396 7 703 425 688 8 485 316 352 371 402 570 113 12 125 235 574 133 209 156 460 611 102 332 186 320 356 588 370 667 427 376 301 179 340 146 182 65 414 514 491 416 258 202 18 125 523 419 165 703 145 409 248 555 203 493 642 300];
duration_s_min=[88 97 74 102 118 120 105 89 113 114 120 96 71 72 120 63 96 80 107 110 83 99 79 100 90 64 77 65 72 79 102 107 85 63 65 87 65 109 73 68 62 100 92 77 120 100 99 116 94 93 81 100 77 70 65 64 78 66 112 92 74 70 83 116 112 102 91 63 83 97 82 66 85 75 108 100 101 112 103 82 114 109 82 117 81 103 116 61 100 96 110 81 66 118 115 103 71 88 91 106 75 67 113 117 63 92 96];
duration_s_km=[58 34 55 37 33 60 37 43 51 37 36 51 46 49 39 58 34 44 52 40 41 50 59 41 33 55 52 30 45 58 31 43 51 54 60 59 44 53 33 40 51 59 45 56 40 36 54 35 45 34 59 48 44 50 48 37 36 39 32 57 40 50 31 59 54 55 44 33 58 34 48 38 39 60 54 54 46 48 48 54 34 31 50 53 38 30 32 50 57 35 52 30 31 58 60 51 37 48 34 57 41 47 33 30 51 53 47];
num_passangers=[24 54 49 34 53 62 83 25 58 29 38 83 85 50 93 36 78 67 46 53 47 70 67 66 99 98 22 65 63 67 86 31 72 24 66 33 74 50 29 89 71 94 56 83 88 31 31 94 43 44 59 34 75 63 26 41 52 39 37 59 56 41 98 82 86 71 32 31 89 55 39 71 26 85 75 99 43 85 74 43 29 60 90 83 30 27 34 75 53 78 79 95 41 93 29 21 61 62 66 82 29 71 84 60 75 46 39];
BM=250;
CBM=0.500000;
CEM=0.800000;    