nBuses=129;
max_busses=119;
cap_B=[101 116 140 32 80 43 128 110 71 137 73 140 119 133 51 115 41 82 80 43 103 99 95 41 43 64 24 90 100 22 39 97 67 114 109 34 76 41 73 28 122 122 49 127 39 50 48 25 113 110 51 87 49 55 109 129 58 26 129 140 113 70 106 98 20 100 85 53 86 132 64 94 124 114 133 126 113 116 117 47 101 28 140 73 52 39 137 67 92 54 44 65 84 133 88 49 99 90 71 21 98 61 24 108 61 80 22 62 90 75 100 87 107 140 77 55 119 97 114 57 139 42 32 31 123 47 140 24 34];
euros_min_B=[11.179661458698193 10.35117547093418 3.415558590325954 12.686841040554663 9.727315606638626 11.148675796296494 10.085884865636162 8.743468197993074 13.943752543604734 7.963692185990031 1.242059148786123 1.125050597373277 2.919796600219316 2.2630703807519956 3.2158428571413094 8.602805239361466 9.533826220840606 5.685446241692881 4.366140513364336 13.031617642695746 11.773103884209194 3.340969396375236 13.442515274161536 13.996040614561126 5.956935209310837 5.183784518420462 10.690877717125803 3.6729990390450595 1.4348582808042658 1.4346812499217976 7.780826747801989 10.880092636664953 14.315537214858042 1.1146178483821347 9.679029231589393 9.45396020968103 10.16351051173454 3.2390913046929715 5.182325721963817 2.8089575805811324 9.569097533697727 5.4451287732701665 13.9384252666786 3.0870761326014104 13.17933237237892 14.649032670715593 2.218200430861777 2.5670269171131594 4.228913364662249 5.253836507683978 9.195194683155542 5.802859522755469 10.175421628520727 11.294877796838641 2.3534044012415163 13.033973119881999 10.192299464609599 8.644584610485706 3.365990989994005 4.1556229823463715 12.032186461537028 12.451708563565633 14.664918164579273 9.702337098900081 14.565069496122462 1.1665641331587084 9.233055005669648 14.918530767126326 9.440004380335614 14.679318414148028 4.157186826414639 12.642700483974693 9.132851154227545 10.434250151397384 13.471001224877792 3.7613821158154654 12.623623497855323 7.723218513335931 4.980491217952958 4.378224909631452 1.4096508233100733 7.86220842884399 2.3613199964912557 8.155537367279571 10.929250639566 14.42500743991272 11.988314547576323 14.411826435088926 2.965766745272864 2.714341924104493 5.522964054988098 13.5351755950867 3.3312035223914336 2.83894937264576 9.141236359748689 14.638019981487494 4.069326383777072 14.311190953850218 4.443755985943522 10.235826269700505 4.598143236055105 4.540835164802788 6.514261058470479 11.746966553087525 9.387121711993647 13.382315307880503 9.268001981317418 8.863533339611836 4.5296849653724065 6.113112249626373 2.992137265617857 8.257654936128953 1.7810272515784793 14.82024121473863 14.076743176124921 5.413280494860382 11.02601199236309 10.142878645792106 14.22159165811364 9.195305488216198 12.347026682583884 3.21418329506805 4.966824907182313 2.5608159948875713 9.833619109321026 1.7451168957171974 9.91703844927044 10.22089196261852 14.29291538359625];
euros_km_B=[1.2820600635997033 1.805904721003037 18.510444602123734 6.0056320498973 22.698835753653913 25.925592559961487 29.904396408586205 10.156349656193434 12.76575285235454 17.866943566032838 24.487150459342732 11.251094781149668 13.89497983483945 25.447586554838313 1.7929795317286246 20.24498582478213 28.37916127931153 7.760725835557232 7.3663167486158265 15.314221170415676 14.452875381082748 3.045210592569613 22.893502578826283 27.614646333865576 17.837904557731378 9.175153651219158 21.84999020687068 1.2368547102996552 13.964431906202092 27.703951304971188 7.996188135004435 16.762003786639937 24.16515207722786 6.726994663835605 7.792725306576064 2.8579870619379353 21.889362054335848 17.351305523503296 7.9738246760312 1.4447842775433721 10.856812546947088 3.5770540626170684 19.358545327366674 27.120915435057416 26.573013908226418 19.615426238645153 21.762875662554872 4.085806910973783 21.916443764882388 5.689025558000272 5.046527244419278 28.37456164921538 17.584108428804505 22.793735557245142 5.639600291971138 10.0069488199159 7.9137150447173275 26.30356400010501 28.168162168713113 25.97770287184711 8.661801061978855 27.248892270274236 4.861245582670847 29.12989900351311 14.52653504360653 19.12864603865326 6.634068318959073 5.477006242030923 17.42716231776779 17.69773766464952 15.505091510698293 14.805756525304371 20.79639834545741 17.705356659552898 22.583751784813636 9.685947327738546 28.004894829661517 29.846760298975028 8.575676309554156 16.61516840698286 23.545729240739323 10.749741174545013 9.845283359245782 6.428936992859238 20.577787858970147 6.477516732049317 23.65621628664118 18.882675227378073 9.788254621428754 18.398090212872003 16.839205740515872 1.6846498538478862 5.892594913724992 22.02568589007205 1.0445829757039131 1.275501934134421 27.083245247361024 11.66443520056753 12.87999989340434 2.057114261619784 16.39023571584184 15.831862608490727 27.389497544968478 9.350882095478713 28.681265779405464 9.854620785515875 7.809212555621682 25.09870450075414 11.53562421770637 10.4496756199015 28.71194644409193 19.043257766517115 26.775309529876807 11.068145092544858 2.97274879529093 18.730133055083687 22.234024508110604 1.5026034667179125 26.694172967566022 7.615847348619739 27.616690326929795 18.285531578386077 25.76070625007271 13.99412582345465 28.594429491321684 9.951967269173776 6.814377516915014 20.283960350238058 15.732717981497814];


nDrivers=128;
max_D=[133 150 180 145 209 129 193 221 210 217 143 136 144 140 170 233 192 194 149 213 141 171 153 240 187 184 175 197 190 139 125 202 179 198 169 181 129 187 155 122 174 227 142 200 147 240 145 181 159 177 176 185 173 227 227 159 236 158 225 124 194 219 239 149 122 162 164 212 233 226 150 171 195 142 202 208 129 210 158 160 220 199 189 145 154 171 159 158 153 213 138 147 220 189 235 216 134 200 195 169 211 174 202 219 210 217 182 121 139 182 200 235 127 180 195 199 181 125 154 231 131 176 211 137 134 154 143 233];
        

nServices=133;
S_starting_time=[55 619 269 510 575 190 544 340 182 253 490 215 336 100 621 285 601 267 132 552 514 531 430 582 396 412 205 284 444 86 307 628 596 554 715 187 698 542 267 234 245 313 475 234 325 211 499 569 555 259 107 25 277 299 365 23 120 369 231 692 501 432 523 203 44 220 230 520 0 233 274 512 661 478 589 655 527 550 647 581 7 191 409 102 719 521 147 44 271 492 350 118 448 216 342 543 380 1 663 218 138 228 306 655 301 83 508 61 69 438 79 96 191 602 256 650 270 180 371 713 174 633 210 367 174 234 312 197 345 340 670 554 275];
duration_s_min=[96 64 106 111 119 88 92 78 81 88 107 70 94 65 62 114 73 70 73 67 116 111 75 81 60 70 66 115 65 94 81 89 104 65 95 61 98 61 97 93 71 116 63 93 118 93 70 106 96 76 88 60 118 101 96 91 94 103 74 65 90 111 74 85 119 93 86 97 78 68 82 64 116 97 112 109 71 61 97 68 99 100 80 68 118 86 80 62 120 115 60 93 84 74 99 109 98 80 90 89 107 105 118 83 88 95 100 96 67 94 96 68 84 111 105 73 84 90 73 91 116 110 87 103 98 94 90 70 103 62 79 76 94];
duration_s_km=[60 51 59 60 39 43 52 54 35 37 56 53 38 38 39 50 58 47 58 41 42 43 37 40 51 43 37 60 43 59 41 56 33 36 42 57 43 45 55 47 35 45 41 48 50 52 47 50 44 47 43 48 52 60 56 35 45 36 54 40 35 59 60 52 43 36 38 58 56 53 53 51 46 47 46 38 37 44 56 54 47 34 32 60 54 39 37 45 55 54 36 34 48 49 45 38 45 38 54 34 46 39 51 53 38 57 32 35 39 56 43 52 39 34 52 48 38 48 55 39 34 46 58 48 41 56 43 55 59 58 39 55 49];
num_passangers=[78 68 27 61 99 79 61 20 84 60 57 77 88 93 32 74 52 67 63 93 60 22 92 74 98 94 69 96 79 76 26 33 59 88 97 76 25 87 25 25 80 60 76 54 91 98 77 73 22 85 81 87 42 30 54 32 90 88 44 98 40 96 86 85 70 89 62 28 32 35 55 52 55 71 87 37 90 31 54 63 95 50 99 55 69 33 76 90 98 28 96 86 50 70 34 26 54 24 100 29 50 70 50 36 43 100 41 95 48 86 76 29 34 97 87 95 75 80 61 88 68 52 80 47 41 94 86 21 85 43 71 66 52];
BM=250;
CBM=0.500000;
CEM=0.800000;    