nBuses=76;
max_busses=65;
cap_B=[117 45 114 126 96 127 120 68 49 20 115 110 117 105 129 116 34 66 46 93 56 109 33 76 64 49 138 82 124 28 82 39 72 23 67 25 133 136 22 116 75 25 61 87 48 78 29 36 86 131 105 90 107 43 84 113 114 41 108 109 82 100 77 21 58 89 22 138 85 24 65 86 43 81 81 88];
euros_min_B=[8.196501900460513 10.205872184221432 1.4648929929122019 13.27855595580061 12.927903162025203 10.38737290954095 8.306362632204907 9.938244657423926 2.9187993766815463 7.371426288400724 14.747995646006672 2.2628800742165276 7.61239412674085 4.7803498443591845 11.619612161024445 9.66657230049866 6.525957613466384 11.774112589473857 4.197734491242807 11.341204893363791 14.027487678055785 10.908257863407936 1.238585732571417 5.0062472813899115 4.390046003034577 6.669161666979966 11.05008264780007 7.315103276192944 12.08608613199911 8.406675547257176 2.620574176324727 11.406483053012966 8.51119368402339 3.244721046359494 11.991763067064063 14.221031861339588 1.240556529226325 13.881989699445425 9.802523062246433 6.898550223904751 2.2356647168949624 14.598770469975397 14.420579265782674 2.41266534148661 10.417076509989416 9.36225672145282 5.806224235539206 8.149289867001745 9.030150260255725 12.351537097295191 12.489969672015294 8.30882370975753 8.554757927733597 7.538943018567908 9.22705391755182 2.4772370598856392 11.585464232085888 1.8563960983125136 9.819353506384925 2.1362719613729104 10.144874349129694 10.721890065056197 1.3721225901348464 9.135457807142458 11.828514781677569 2.66313970865078 2.248475757443437 9.58836800819476 3.394874976412045 7.966565985873009 14.909075137346811 13.460742752652992 5.349488189825881 6.139226438305023 7.794160953203194 3.6008900720906065];
euros_km_B=[29.311277927734885 22.92482595050922 9.279339118925334 24.510648089219686 22.443285389079172 20.5405120664304 1.9711079716764122 2.9323834823033406 22.371565941689912 3.5513174289371765 17.59054626662486 16.52891699321666 3.4736290763532813 14.834896053012386 10.515051549760045 5.026377876458036 22.44990746841431 17.128310756351937 1.9340107962286424 16.359128560348594 15.155650374721121 20.93191302077942 1.8905147811243634 6.836643052160283 15.379857181335874 13.433930720751748 7.713443321773929 26.522837215210746 21.41282323176824 7.781677987605413 15.39089302128566 10.538066007781081 11.421039363986438 26.322465196526718 19.51171606123672 4.061512519139555 29.104688354999134 22.66864872112902 5.097079258651362 2.2042032126629554 11.997429843400678 15.532450826400142 24.01923693576936 24.289036408220714 23.747172827623952 17.58427620191155 4.917292909301581 20.799709921666437 16.750360443631404 2.1402162516026073 7.914801817998797 11.511423959635607 19.54956563693623 26.398220660549214 8.76102562363528 1.9159808099950144 18.893533490054914 28.470720754480382 4.957663685343655 10.653070169171277 21.993885096432695 12.820985378636582 1.678489175432329 21.839379581543653 23.648944246706602 9.877195278844326 7.526212563944565 20.839868011409028 11.995191294048826 10.298361190720932 21.55538875042306 23.799366795909986 13.868354645903572 14.50421254276034 18.29922905198402 27.020186334969154];


nDrivers=74;
max_D=[172 149 210 130 173 161 120 210 208 236 140 122 216 225 239 169 226 239 237 196 144 198 163 206 234 144 178 135 134 165 156 184 150 123 132 185 237 234 145 140 208 179 211 131 206 209 184 123 224 171 150 176 232 218 239 236 164 192 164 216 126 216 194 232 203 166 236 214 201 146 177 240 227 169];
        

nServices=80;
S_starting_time=[316 111 33 597 79 613 659 324 503 228 360 362 485 60 447 7 324 238 333 35 4 174 143 480 467 718 207 262 489 130 505 368 6 667 497 649 219 221 70 375 297 687 683 316 101 122 336 599 541 710 12 216 290 206 43 187 194 566 139 44 33 193 95 223 11 305 503 443 607 289 289 187 611 719 681 297 431 109 224 397];
duration_s_min=[83 116 67 70 60 107 115 67 107 119 107 63 94 104 67 109 77 101 113 96 99 80 78 91 71 73 99 93 104 77 83 88 119 85 86 106 102 79 84 111 91 74 107 84 61 114 76 99 113 105 117 79 74 67 80 93 76 120 71 88 81 105 67 95 96 79 78 79 62 98 87 83 99 64 104 92 74 88 96 96];
duration_s_km=[38 47 52 41 38 59 41 41 38 59 36 38 37 56 43 43 53 51 42 32 53 49 41 59 36 60 50 56 49 59 41 38 41 60 59 44 52 40 58 52 52 35 53 42 57 58 43 37 55 52 40 33 39 45 50 48 35 51 39 52 55 40 56 58 33 36 57 33 30 33 53 46 52 58 53 30 58 40 34 41];
num_passangers=[91 73 53 70 22 94 28 66 97 55 77 82 63 85 39 29 24 87 41 66 29 89 57 27 91 71 25 89 36 43 20 33 70 44 44 75 88 94 21 30 56 72 54 21 94 65 30 98 32 49 89 20 63 67 66 77 97 42 65 77 26 38 89 29 43 35 31 56 65 45 46 39 75 97 47 100 55 71 74 62];
BM=250;
CBM=0.500000;
CEM=0.800000;    