nBuses=127;
max_busses=127;
cap_B=[99 104 92 140 127 136 72 114 90 64 108 67 128 101 47 85 134 42 54 27 113 137 100 81 79 29 59 121 136 77 99 101 120 58 79 30 119 64 138 38 64 49 104 85 80 23 106 91 83 53 104 65 86 49 116 72 133 92 116 109 122 126 29 55 28 101 136 22 137 103 32 101 86 134 71 112 113 128 137 88 44 36 111 44 54 44 32 96 98 81 120 22 68 77 122 114 34 70 74 110 112 94 118 41 105 92 71 104 90 44 112 65 77 81 57 61 65 23 123 119 105 79 69 133 77 52 57];
euros_min_B=[5.293679138341122 7.7235803946851 10.15987383720976 1.5303522088570949 3.5658339118036784 13.552441046730102 1.1983609423219577 6.3974353573273 5.265754205450692 2.190868112410705 6.523591660082271 7.753329812132501 3.621598031398567 8.849357996221983 10.525865153783318 9.994705053285257 11.452820416402002 8.308741002752132 10.461900509218228 1.7074488861902348 3.549725047347096 11.305841825990525 9.690361358855967 13.628776805444911 4.329044502324372 9.193268933443925 3.922651101021945 11.299065372463494 14.015146120946126 8.539305246874921 6.61839469226779 10.972432728254057 7.890290035934165 8.147659463047088 3.160400273850816 1.0623590726752392 11.298486663511962 2.8065369398217044 6.337814039748587 12.823967144875342 10.375440402563287 11.646756859740364 5.295779816357169 11.597277957500868 12.678984361841973 13.29635829322096 11.602310587236577 14.895664645949857 9.358843406745178 3.512669931574364 3.731152690934657 12.993875626009613 5.042582496575935 7.35232849509581 13.148713829406294 12.494731752467784 7.025093988764616 1.4544475272485333 9.569366734446993 2.8540069808246935 13.487007798905603 13.971692090404602 4.461885588688203 2.844390935688014 12.036802554849976 7.329623009408003 8.420194024551492 4.218673212379339 8.377113307387749 14.795946934514584 2.638476249055682 8.726574814844081 2.6887273224149935 8.506789654952044 7.241090487079786 1.388951417488701 2.6167819794352436 13.991150675004434 14.85941912230495 13.371634876598012 9.234940797373595 9.919114165092779 13.876027592045459 12.901712160358285 3.198078987509439 9.585496556847675 10.517418431810587 7.375748987690763 13.616648576354212 5.487273310135614 2.1973684615621227 7.576577562391993 12.42768474208265 10.116743106887169 8.951048461159784 1.8601240157334737 2.267715385262064 9.915486491588698 3.50844335534202 14.500957410441739 11.754658274435672 1.070317358955231 5.91760985260853 2.9325884372901587 3.2575844132293943 13.700317934046817 3.739443692520816 9.608815585645889 5.467780093794675 5.226019100681267 12.820485353576458 1.6932671457736248 4.801121897362747 6.811766453296883 4.987724850232704 4.928989318383466 7.46690917257844 14.340707142542009 6.4939427270771155 1.6676433661673193 12.933589963547039 7.663958930097722 5.438128936838419 3.1553313233458105 8.645032662111706 8.267559348560862 2.5851381159595657];
euros_km_B=[13.988609431873801 9.60412317734642 16.929403672571976 29.018100297755637 24.16487021520375 27.881026414777487 3.9129068909372395 28.087991319024113 14.11900709301862 4.327308993061265 15.586795865358583 27.14698952255277 8.129140354225024 14.61947246887424 1.22148405706961 23.845805541521646 22.269993605458332 24.461444271089853 1.9800928725614955 29.823516009073685 13.46337652190662 9.501960059995914 21.075430391912843 1.0723973083673546 14.943823729301808 16.683845027892545 29.77348609521086 6.521983552990106 17.707020270000857 4.560659605041178 3.7751112012043095 4.357010490110286 20.632368374860935 8.519291946021294 2.6156584478675295 29.63337375689116 21.334817584351104 27.784178626995057 20.486953773039716 5.829112526387994 18.145807081019314 25.546768730104592 24.346479677539623 24.60716157317858 20.868141588118206 21.125424621744006 2.189677036631656 7.633865419272177 10.656344968935871 15.599366158701095 18.914228258994367 26.237644685489922 24.604393134449495 11.546704421724055 26.69162114362568 16.758738672935664 5.216135761590259 27.160260444596837 2.7015160990122276 17.692851755929013 6.368160403512871 17.322991538904237 7.235227282733344 28.864272444354786 19.39308197697131 25.479741640897835 20.005029046330755 19.672980971333217 26.3556235262351 2.602135069000805 5.451445198686247 26.99207196354807 14.9998181401575 1.5020317608384044 24.855668229798606 1.3131931132936052 16.508815743100392 7.989739695045609 4.887193627345658 18.518146168225705 29.050141764320326 2.6048372331135172 28.1745399975381 7.741584856488348 25.717778317804306 11.747918595100117 13.97504336521416 22.166511577113425 13.498304360122644 23.55331580651322 18.395625858242546 6.9170054689564955 1.061659562859334 26.001216595972874 22.611727216946303 25.610666294292045 22.451945885861008 27.22749206142018 12.66638947174158 28.017267581438002 11.06230616222713 23.696671952612522 18.500329963664853 27.89248426159558 13.366107329482336 3.164423703056738 16.01025396337019 19.9140697571117 29.994014470300762 10.555861398885614 28.108091930067513 17.59629659879131 26.73202901830939 3.6927660192263683 27.71526002555174 13.910261855993554 11.125019516108479 23.304363180828492 4.498135221777275 25.362238387842563 27.56295899193573 4.009991736775357 16.26165750965765 20.829965163159745 7.20260144300805 8.232698823174859 8.949864923548011];


nDrivers=129;
max_D=[169 148 196 137 154 158 164 226 191 217 190 139 196 189 168 225 209 206 135 213 120 235 220 239 224 211 237 209 171 201 226 206 122 173 218 239 239 176 120 175 232 147 205 176 240 217 164 174 145 122 203 213 234 202 144 208 166 133 173 219 129 230 240 212 152 171 184 174 126 239 236 147 144 166 190 141 172 219 240 221 223 199 223 158 183 132 140 183 150 229 157 179 123 194 125 237 151 166 189 125 195 220 184 124 122 174 154 191 128 141 217 195 188 123 197 203 226 136 201 223 179 139 226 233 187 152 157 206 128];
        

nServices=134;
S_starting_time=[614 311 624 443 104 453 110 294 421 42 599 705 561 525 75 36 223 461 383 250 167 599 710 26 421 625 164 697 222 234 530 586 32 260 16 101 190 377 130 433 68 63 659 19 564 646 582 44 100 262 702 166 720 624 459 719 123 17 698 416 336 166 369 234 286 507 451 654 694 218 273 126 325 336 555 23 221 652 382 172 105 411 294 205 526 590 514 286 432 531 94 678 317 520 93 535 71 558 483 172 239 581 316 303 161 372 405 69 462 375 124 508 564 301 253 455 21 378 489 206 330 60 99 526 374 425 349 503 246 583 204 531 463 320];
duration_s_min=[119 62 81 96 65 89 120 65 60 112 84 108 68 93 102 60 114 74 110 95 69 69 64 96 119 87 94 98 82 108 87 86 82 86 84 78 96 73 108 84 103 101 65 72 70 79 88 106 78 117 116 118 87 70 88 90 97 81 114 82 114 104 84 92 115 104 114 81 116 98 120 93 80 69 68 112 107 88 101 75 67 69 72 67 105 116 70 88 100 88 77 90 68 115 96 92 106 106 73 79 87 61 118 69 84 93 88 69 81 100 81 82 66 102 103 97 117 114 70 78 73 67 77 106 101 71 107 64 107 85 110 73 115 70];
duration_s_km=[56 42 59 48 42 47 58 32 35 52 56 48 34 38 34 44 60 32 51 37 58 60 39 42 44 30 36 44 56 39 32 53 54 43 38 59 45 52 55 45 40 41 34 53 55 32 44 56 36 37 37 54 46 31 56 37 43 51 39 47 59 48 32 59 54 39 59 42 45 47 31 32 55 37 41 35 45 53 43 49 43 40 37 57 53 41 51 54 59 60 38 56 56 36 54 39 35 43 35 30 52 52 54 37 54 35 32 31 50 49 56 37 42 43 46 40 59 41 48 49 44 55 30 37 53 44 48 59 48 48 58 34 33 37];
num_passangers=[98 77 24 78 91 80 81 98 37 75 30 62 60 75 61 20 73 52 80 93 47 68 56 26 31 21 86 22 31 72 58 57 28 86 21 100 46 37 58 60 96 67 73 47 30 79 64 61 70 67 36 42 74 22 59 94 43 71 76 90 93 100 83 68 57 49 61 39 78 80 71 28 73 77 81 72 57 75 57 88 59 95 64 100 83 59 37 86 88 75 81 71 50 64 96 54 30 60 46 81 93 92 63 63 65 46 74 62 48 86 43 62 58 57 29 24 24 48 25 70 65 39 31 54 86 55 91 99 36 79 44 22 26 64];
BM=250;
CBM=0.500000;
CEM=0.800000;    