nBuses=131;
max_busses=124;
cap_B=[69 75 97 79 25 99 26 73 45 68 27 87 118 43 71 55 30 55 112 22 94 127 57 64 52 94 68 112 71 128 101 78 61 31 28 63 115 140 133 61 82 69 61 43 103 125 119 45 79 123 77 97 108 75 37 132 55 102 111 39 129 125 23 117 121 48 44 78 122 130 134 64 50 121 37 72 113 69 20 43 112 89 127 83 106 75 121 107 60 54 43 95 60 40 73 123 25 79 68 88 104 87 82 23 64 67 124 95 41 51 48 27 80 26 55 104 39 55 109 49 69 60 85 97 25 94 24 72 87 50 134];
euros_min_B=[6.919243989811349 10.81877117843038 12.198878019296837 11.223590945471257 5.442956548465654 10.474210070631187 7.214442287332949 8.230458667661432 3.51870588515561 2.3393745985137775 5.908894370084009 5.860672208711618 12.846499174299302 11.167000981649082 10.064839717964821 9.991169027152093 2.695362573896513 1.0748149763950696 4.975952121759818 1.2731295465605923 9.63290453299418 5.174771916528877 14.918857403164264 12.433177951247222 6.052859157571326 10.98642587005172 3.681287695964084 10.508058950862095 11.39987354651188 9.326335651950005 7.291361144581378 2.703281956722359 6.9787386594884175 13.647686623031795 7.377026425073937 13.117329030936666 13.593616095549244 8.953332979629064 5.864430678826801 6.369831166963687 1.392928530102109 11.919094611367989 14.512503357600613 6.9749018254156905 6.714572610255446 6.34816557177198 6.1440546018539965 13.173801876347165 10.495759706796543 13.848314424370043 14.671653622812261 10.207353444250613 14.10322054786093 10.68534441103233 10.815843018410717 3.211987551294904 1.3970598083286185 2.1254129756860625 14.091315051117075 8.013739991291516 7.956762452160448 3.0556075895333303 4.005686360225184 13.109898585737497 6.274544944530167 13.81835049678815 1.4128162020045654 13.361071309985167 7.882172214262004 8.10375934313973 12.1172762052944 10.848508571659389 6.391994178544914 7.778856632762843 4.100601137947053 5.522962085847627 8.969871368234578 6.788910993401562 10.083774158042019 1.2911313899292964 2.3386436540065505 6.854054845433317 5.844588707091568 10.986764204556426 9.070758741451451 13.851990404199396 5.606903192610838 7.713167280447136 8.099825993990859 7.469668392607341 14.45995243731995 7.672394563395376 14.49007554281857 3.5688719627961847 3.50001892225586 14.464182986572746 14.420711249669436 13.681978424522175 8.255574487913037 10.31088188868648 6.203596219759695 14.884563583284589 3.016992044863984 11.140661998835808 1.2493588312717434 2.9566472805883453 7.69054877014464 5.295643144199062 3.3352103022896253 7.7975398926264194 9.919678333481649 14.129084573239846 10.151958586067446 10.969275369657725 14.857789876577717 14.101426312797736 2.0160188823855556 2.831338048086396 11.993969732555156 14.692974426102131 8.160886884128882 8.196286935126356 2.3498404238037556 5.841248006223905 14.516380147348746 3.958566953839062 1.4730912724823066 7.047561998288021 1.7932253627214831 12.473813932250941 11.782330332910371];
euros_km_B=[21.905900630612916 27.137373899410758 19.68808007695837 20.235991060315527 9.126955823729393 16.08338373539692 5.536160841319053 2.8615101011854156 10.208754580594093 17.02503210946221 2.765658496366803 25.08579265627618 15.841420010590623 16.903441544403567 9.899847737324167 25.59403926902913 18.610838285796 16.355097527041238 15.488285777510473 14.419287471113197 13.66255902747378 24.966967005508486 11.929533970297927 27.22258480353061 23.02862144727934 3.7083956976444084 3.3471437371928587 9.796499453601738 2.218535212385391 17.81717185903805 18.300165796712307 16.30508813698563 27.058716755665678 28.69495301361888 12.344008060356641 11.028721305852304 16.56525913910507 12.776578227971893 7.0758733124914475 26.96587348145193 6.345041821080593 23.640860762098338 18.48000699673893 18.21266176254431 6.002253163853945 3.3352844173081557 10.884796656738441 27.48320289619095 20.228828892508286 1.101992870203295 1.2541483404947809 15.950223763206766 22.352610319721144 19.063195612672637 24.69290415048922 29.615326111314957 10.043006655596052 21.810596188624142 15.833232347246259 20.058176256070553 22.88651249880361 15.374040997370457 20.34764305749101 14.862682070515739 24.414556108928874 24.07066678832281 13.419208989778252 16.610001074395555 18.622121992326527 20.5588529248047 17.67987515940597 16.520790108767443 18.966541672739904 1.792102239415096 6.014469209806672 29.630336890978228 22.84395292616121 16.35631033059886 18.283871363549387 26.23616358977107 16.163509195715108 27.3542120215488 6.22545934686528 1.121413546390429 21.03000225063071 27.91772419155445 6.013862896953928 15.726831847651274 16.09085277634921 1.4362727527421093 2.900313439955789 3.841885478819815 29.601066198230253 22.379287563798115 18.91558376532967 28.72321917142478 24.750972371444607 9.71587893297447 27.35398673545767 18.220054630913832 13.16399111703389 11.953458769888458 19.160361359201488 23.05882149547796 16.21082265895156 15.989161372168827 19.42753679245767 9.971655948004317 4.203889400043981 21.33341428772523 25.860924502444906 2.5828995003296065 2.3487256124739275 22.888226372248848 9.939111285649034 28.211716779685716 16.4218542454713 6.613646734177483 17.834437716121183 23.60642652528189 16.23563606547157 21.655811153732486 4.773799375565276 18.094930410724007 6.214061761677399 22.94183776334333 19.911955414706956 19.188983900568772 1.2952952269958622 26.582413447154032 11.975959953822349];


nDrivers=132;
max_D=[219 164 138 212 218 239 136 136 216 196 127 210 205 226 219 145 141 226 185 225 193 188 165 144 166 154 222 146 120 194 164 133 165 196 234 219 223 159 174 231 226 231 230 178 160 195 225 197 147 145 225 147 131 146 177 234 133 239 137 144 139 134 136 228 203 174 196 173 211 188 141 202 163 120 210 219 194 194 212 179 123 195 181 206 148 197 171 218 172 200 151 138 150 138 183 196 120 224 191 176 152 139 170 239 167 148 156 208 146 135 217 193 120 121 235 217 199 153 169 236 239 225 180 163 145 137 156 213 179 217 149 210];
        

nServices=135;
S_starting_time=[359 368 36 706 155 72 224 340 667 447 247 233 652 719 309 265 325 448 631 579 216 438 240 159 160 594 642 588 468 6 180 520 591 572 411 355 584 515 705 82 537 308 139 618 619 699 234 396 233 188 433 109 521 109 53 607 290 99 435 531 509 482 584 154 430 262 78 688 150 631 680 249 562 289 168 150 396 362 23 489 342 572 55 669 34 577 99 285 590 33 543 277 216 253 269 144 323 298 476 26 475 417 604 597 593 270 584 629 31 436 208 587 18 646 219 260 1 16 137 654 201 291 380 601 648 578 410 619 49 244 426 525 429 676 205];
duration_s_min=[80 75 106 84 60 84 80 80 64 62 69 111 108 116 61 105 78 102 104 87 87 74 106 84 120 118 115 68 116 93 81 63 85 74 118 109 65 116 107 93 75 63 115 115 104 115 62 83 80 73 98 83 66 105 110 103 73 73 79 74 78 71 118 65 103 117 94 117 89 92 113 87 112 82 60 74 97 101 72 104 101 69 111 118 101 94 84 68 91 112 89 65 74 98 89 72 74 92 107 60 108 115 120 78 90 110 91 76 108 92 97 66 86 100 68 78 115 109 82 63 79 110 98 97 114 81 83 115 120 75 106 67 114 73 110];
duration_s_km=[33 51 56 42 46 48 38 39 36 34 39 60 35 51 39 51 49 45 60 43 40 47 34 41 35 58 60 51 45 43 31 59 34 43 59 58 51 50 31 31 52 57 39 36 40 32 60 57 55 33 43 35 51 48 34 57 35 59 36 43 54 42 54 47 45 57 41 39 42 30 30 32 40 52 57 49 41 47 51 41 57 45 54 60 47 48 55 31 60 50 31 41 33 42 45 45 55 40 44 53 45 42 56 59 46 32 54 30 43 43 54 48 50 50 44 51 31 59 59 35 46 56 56 34 56 40 46 58 41 32 51 51 59 58 53];
num_passangers=[50 97 34 99 67 73 77 42 100 29 86 65 100 96 37 53 83 43 86 63 98 92 94 56 63 49 49 100 89 30 28 87 40 35 72 70 91 72 64 34 77 45 32 76 66 91 57 37 94 99 64 80 83 24 94 88 29 43 52 91 86 85 33 36 37 68 70 56 45 26 96 81 36 37 39 62 37 53 23 90 79 89 50 33 68 36 67 77 75 35 50 68 76 84 73 85 92 86 78 42 81 31 77 70 53 68 75 92 51 46 49 42 62 63 28 47 64 28 71 89 50 69 97 25 68 32 45 66 71 83 92 20 27 58 83];
BM=250;
CBM=0.500000;
CEM=0.800000;    