nBuses=67;
max_busses=59;
cap_B=[66 102 54 66 20 33 42 64 118 71 55 125 125 90 49 40 57 71 46 47 119 114 66 76 56 29 53 104 68 105 37 28 26 117 138 95 33 92 111 21 114 90 130 135 86 40 124 92 96 64 127 98 30 86 33 131 132 30 102 33 109 47 95 133 64 135 74];
euros_min_B=[11.762215280274624 1.355076359037466 3.7444713162259493 13.407929820292985 8.153600940412334 10.711942707068799 14.14781243860745 10.55141630178926 10.404869523673497 14.637375992226486 10.795383515521724 8.461197421342513 6.282924083856821 12.914890577076116 12.453569791002172 2.5428778784878165 7.2801569418643535 4.5626629102783465 12.032515866911949 5.652900398843761 10.476033027785599 2.064857684879493 8.440148254428093 2.2904627478473825 6.248220456763952 9.217980582117866 2.381580481978536 10.786515390984666 1.3116271486866864 13.456816681002667 14.085871165317768 13.987925241040523 7.1902661893561275 5.571878755328254 12.06481124008661 5.823088502508837 5.902071413037368 6.0332572707931424 4.948056491653095 11.684414163753424 4.796773103539597 13.953849706376575 2.185281683982054 3.590009934887447 2.8976803465513292 13.905070807106814 2.942921823154612 11.816671991379756 9.749464024127477 13.840842244491292 14.755780696465196 10.89845544552154 5.01815506397037 13.856888437046447 1.508395593399008 11.52088083785833 8.717162003852273 8.464444984695685 4.035999694449098 10.356143902999252 11.020956186680122 12.100205085448096 5.445656177151411 10.502776933656996 8.590615858708727 14.8101085773441 8.37890330275022];
euros_km_B=[23.98029781146932 20.76753058103283 19.088698943427797 16.519907821178492 14.365899020833975 29.418788579183705 22.90517337521791 5.195282932825779 25.04650783078373 20.32725277856018 5.193740929629368 27.508136234593074 20.321475778081222 13.278623695210635 24.646347491024972 26.525537571632956 8.16352915189584 7.8464658192108745 8.099148685950935 5.31368551088866 26.709709034706677 10.176823392006359 15.959393092439694 29.144210807700492 4.28293494202455 26.777224777855974 11.757127933038644 26.96342653793293 27.664265353783012 25.94281217615329 16.482758767683336 12.130289505082256 17.636191015755173 14.712237307875727 21.453660279740827 9.272490863576131 17.519724775889056 21.609305314523656 10.167070167718325 12.30682012519425 22.50632432615695 4.64103354669554 19.100917692268645 12.339221124878721 29.871016288775753 27.297472375263528 8.54023871718007 13.83761171796633 1.0237005865785056 27.28991733871087 6.2392059149732235 16.606113277319942 18.685114161772113 29.156033993651178 2.79489944345188 28.91282697619 18.359132610334132 4.565236438680502 2.644962911948008 6.504855757604028 9.54972091888393 23.463686706039702 17.149163373979523 26.768993902348566 28.65991014800744 5.608667620624479 26.975146183137642];


nDrivers=67;
max_D=[215 142 176 205 200 122 148 212 221 136 167 222 156 172 184 181 177 161 161 211 141 167 217 213 189 190 216 131 183 201 200 161 158 216 121 238 160 214 179 234 221 147 219 150 179 123 238 188 177 176 169 170 191 198 208 157 192 139 193 145 232 226 170 224 216 141 230];
        

nServices=68;
S_starting_time=[329 646 399 124 626 210 128 298 143 602 516 397 668 487 104 679 499 250 296 13 569 350 377 421 653 223 101 694 588 89 528 623 376 366 570 250 606 414 651 658 89 371 286 626 201 401 198 197 613 606 498 689 711 143 282 449 149 179 348 438 386 652 271 313 376 227 88 594];
duration_s_min=[101 61 62 99 62 67 68 78 96 66 85 107 71 109 85 90 120 64 120 68 98 117 104 116 88 63 109 67 88 78 114 112 67 100 85 67 101 107 103 64 77 77 60 106 109 91 116 63 82 96 67 98 83 75 64 71 86 84 68 107 98 83 80 110 91 65 69 95];
duration_s_km=[57 47 53 48 32 60 45 60 58 31 59 43 51 58 42 35 40 60 35 46 32 50 48 49 43 39 58 56 38 50 56 33 31 51 53 57 54 32 57 53 40 54 33 39 52 59 33 51 35 48 53 37 37 53 34 59 51 31 43 34 31 41 47 44 39 50 43 54];
num_passangers=[46 52 20 77 82 43 48 63 62 41 71 53 58 73 98 30 43 78 37 75 80 44 24 92 88 77 77 97 40 72 70 79 36 24 25 53 93 72 22 30 34 27 57 39 98 65 69 84 88 51 56 91 88 46 41 82 61 66 65 50 24 45 82 61 23 51 93 95];
BM=250;
CBM=0.500000;
CEM=0.800000;    