nBuses=129;
max_busses=120;
cap_B=[119 30 72 83 55 104 39 129 55 54 134 41 107 66 65 46 98 66 62 39 88 35 28 67 24 109 38 124 25 135 82 95 83 121 96 110 39 61 93 90 86 68 98 137 55 82 123 20 88 32 90 104 88 32 55 30 20 80 131 35 89 74 125 78 137 91 58 122 41 47 89 104 60 28 46 65 21 106 78 93 47 133 116 61 109 74 64 59 101 115 131 74 108 81 50 39 114 122 64 54 115 85 85 41 29 49 29 116 129 94 81 98 124 112 70 80 28 68 49 51 72 37 24 95 40 85 43 116 21];
euros_min_B=[7.900807460002263 7.324244436040401 5.821665958984961 9.269254461276049 9.937332704288917 10.732906612794924 8.066441793064286 7.480992570299218 8.3230073204182 3.1842004102294656 13.833646117288025 14.273250780550109 1.0767151990799793 3.713543276078278 14.772378737773426 1.8757697290499027 7.440591819014816 8.990046880540106 6.3988863828776665 12.649864193482633 9.694748281783044 8.882712289727642 10.903539309458463 11.687652493143709 5.51661071915185 14.379487024556216 12.73136601567557 7.841419566711329 9.197169683158286 5.241202264654513 13.812962617339107 4.906294776241241 8.721588926202442 13.398813370821657 4.06869777680541 7.465813809831852 12.574573820849192 10.529105551495121 6.435941846672821 2.2302105218732615 10.173268295006045 8.224163414974072 13.846009570398369 14.224138149554468 3.2089869202783206 13.117157633757166 13.93253354873015 14.410870407589707 6.369923114763138 8.032121127673662 2.0566769171734265 1.180095698263475 3.7701163073381876 8.17820594913493 1.3603741130436462 11.527771158057192 12.65216773323322 12.854272968699778 6.057515986958643 8.696630339259102 1.1949204828635804 7.20107528945103 8.740825303488695 11.611722549843204 8.054302369637782 7.9095514420912565 1.6904444184335592 12.824116737078237 13.027034210745253 12.475935170096665 8.768295429463956 3.296134594217162 12.293828238378417 14.417746302225035 10.668581747500449 6.137487798579658 3.72689249668427 1.981531238398219 4.295047471561708 13.363406017376995 10.610016465553722 7.217827095041551 4.811530421273126 9.580339315478406 5.300259435013533 14.134590663147069 9.145747863210268 2.8142490339610333 2.043269815453547 5.555366909546517 2.29906944344661 8.979971831436156 1.890172033873795 9.792499198093077 2.782459630032884 10.383036711252462 5.9201064444193445 10.70679075538076 6.934964633256579 13.891313757464562 3.3693323172476655 8.994720799171848 3.402589067529062 8.369981215641545 3.190792423249693 3.526675389273091 5.343027551225607 6.398029126546998 5.129685032135311 7.202567677798375 4.853259781869973 7.565418094444862 2.118030437070772 8.021729170814115 4.270130243441763 5.116027380253203 3.582985267235453 9.579504583765157 13.354071721769374 8.023469523037413 12.285086885145219 11.025987499369188 7.958611034018553 2.9554084160717347 5.861047658934891 12.457573049033504 14.671863400784618 7.942529603532876 8.495071585191708];
euros_km_B=[2.5373387371369116 15.295594266845077 18.341736387837766 21.477187347297637 15.591107479067642 2.8637814126909884 13.46525763831555 18.07755450810306 15.312046617425821 15.186090671492542 11.514568406553144 5.571907069631336 14.431691635171033 13.568325543490493 19.699057064035088 15.817484617167713 25.254044570784103 28.377431864059808 10.926499500290042 1.6615431182930782 28.24915111824542 3.450871887455529 19.12082269644818 23.494374222254724 20.78584999741866 26.893602258049267 24.857568745255012 24.13923688141597 13.288737707694409 9.189475377996994 19.065139975414255 12.786347748268 27.225142225550783 10.321104843100514 14.648093474846412 2.433592863027799 11.25972880623103 2.4140088009110734 20.59188998126932 16.645943496582653 5.0192884929755115 26.14232376967327 5.685492214622086 25.266510828134468 29.40772947217252 16.481938880967387 24.210694264928634 17.898492918820683 17.36256265506337 23.976847159690497 18.47370636629492 10.945752144205356 6.758389521539347 25.092053771192173 29.045086525424296 28.61325148830243 9.687249321158525 25.32470658373975 3.6311490947287615 9.195596305201624 10.720516390157943 22.690882918219256 11.706309922994633 1.9354192741396266 15.722899856889358 25.145646555909575 18.800296188036892 19.7471177301235 28.712838165221 8.763990710175015 8.752008633675011 2.230789885398134 22.61872921939866 15.051931302245167 3.138250275548455 6.200794411912976 22.867538416315803 24.199054087172176 15.377551317905832 15.547717784301318 14.22347196172503 20.852430160047216 23.696538114926234 9.542100733242286 26.021968298131423 5.802390375277344 4.703041881689787 29.29687749777459 8.636779173555452 22.34240673552139 13.242786457263781 6.599150631117033 2.504816402684214 24.77320485627542 19.760431927875782 4.708189376129561 8.455263195883086 22.418653559539994 16.110208097403323 11.529038518678858 23.34625337966321 26.09130794029353 3.1192917806907023 21.393952814971033 21.863609047960384 25.336245441440152 19.38989768289569 11.572289117063331 9.734888151092772 3.1851151056661653 20.428614018119614 8.061134881068288 6.021648947177033 6.37388412306436 20.40462183771942 8.228168223609064 24.37696109148641 7.141240230329897 26.33016689842348 27.404179384468037 12.278264965227732 8.830598898390349 21.448295072010687 4.703330533895922 22.336949822204488 10.906088667890558 23.649197957214998 4.421682037164117 16.47217606502754];


nDrivers=131;
max_D=[192 224 140 132 136 180 218 176 220 178 235 219 209 239 224 131 218 145 239 191 161 223 131 143 185 120 236 179 128 187 130 233 190 151 120 211 224 122 173 163 175 194 134 168 166 160 181 137 158 163 202 126 177 218 209 144 159 145 204 224 133 215 120 146 204 147 161 189 185 151 137 174 146 152 149 131 195 164 218 178 121 133 187 122 207 137 232 220 171 170 154 142 232 182 223 140 169 159 179 171 198 197 189 224 162 239 189 182 142 208 150 223 127 201 179 144 146 234 237 142 178 235 234 185 176 203 140 184 134 207 147];
        

nServices=132;
S_starting_time=[22 514 437 619 76 172 363 598 307 203 712 609 539 361 284 702 96 448 135 683 113 251 526 664 358 148 450 192 105 677 662 599 407 572 202 681 128 28 403 459 366 476 250 429 644 94 113 368 606 101 327 416 257 447 151 367 168 27 702 206 450 426 353 125 64 311 10 431 574 526 46 257 316 507 633 211 186 533 499 656 385 115 551 442 178 710 226 306 522 464 84 522 652 364 139 503 173 593 647 576 650 219 394 88 43 2 568 660 68 34 288 575 487 533 549 528 410 506 609 90 23 505 402 280 2 40 123 274 355 350 381 142];
duration_s_min=[71 103 62 66 67 86 65 116 73 62 116 85 80 108 113 110 96 100 92 67 87 81 88 93 114 63 90 103 74 61 65 101 76 102 115 109 112 78 120 75 66 93 75 100 100 81 95 69 111 111 103 107 79 65 67 112 62 79 71 101 76 119 90 63 68 108 101 81 70 98 79 80 83 81 73 83 111 89 92 61 96 65 71 97 82 93 104 100 81 76 68 70 73 112 99 91 110 62 91 91 78 117 71 94 80 89 108 94 120 86 89 115 61 67 106 108 81 96 111 64 110 89 83 93 76 98 65 100 100 79 69 106];
duration_s_km=[57 44 33 47 51 59 38 32 44 41 55 32 31 54 48 42 45 34 54 33 30 33 32 57 36 47 34 33 59 47 38 40 31 31 53 48 48 46 37 53 53 33 34 43 60 56 41 38 58 32 49 39 39 45 32 47 57 54 37 52 59 55 53 42 40 53 53 35 57 44 37 54 54 60 50 54 40 49 49 39 58 48 35 36 35 39 32 41 46 49 39 52 54 35 60 60 44 31 51 37 51 38 49 44 41 50 51 31 34 36 35 37 30 36 57 54 42 50 44 55 31 40 44 40 53 38 42 59 59 59 55 46];
num_passangers=[32 92 53 84 24 100 34 97 80 49 68 41 62 93 73 34 49 59 23 26 51 72 82 96 28 99 48 85 25 78 41 71 51 88 85 59 68 45 95 86 47 85 99 46 32 51 21 26 76 79 35 91 63 77 92 20 100 34 36 55 63 74 79 77 99 82 67 26 41 83 26 79 37 49 23 36 93 74 64 95 95 57 64 23 50 24 58 67 82 68 96 92 60 71 20 67 41 45 96 74 68 55 41 89 23 35 36 30 91 77 55 70 99 83 82 99 45 81 32 95 63 55 84 24 89 41 68 22 85 76 51 26];
BM=250;
CBM=0.500000;
CEM=0.800000;    