nBuses=82;
max_busses=70;
cap_B=[54 76 57 80 31 84 20 38 75 25 20 112 106 54 128 119 106 46 101 55 106 131 33 53 72 73 23 60 79 60 58 30 65 77 99 68 99 119 133 96 23 63 36 103 38 101 74 36 110 140 102 63 71 54 87 59 79 137 125 62 55 66 139 68 46 77 44 71 52 43 21 26 118 32 61 21 102 86 136 75 138 90];
euros_min_B=[4.0312222480998505 3.8742363927985606 11.2490255586338 5.6393304872597305 11.568692361770212 8.771835770667224 4.810570832583709 9.67486885929759 9.216935521244148 2.490688737011549 6.025216798766141 7.460384351234423 1.157583420067535 4.6302363362888475 6.6966983462904 13.372794914302983 9.686294289377264 5.009502917906313 12.815876339353732 14.118506013921616 8.951589959774946 11.116407900436679 7.238143603132675 13.026905092472587 12.382004966768388 6.670380117901376 12.76581184799209 8.546797979859527 4.428907704095663 9.088165079656717 13.26499214351038 10.885962325928903 5.874523450332114 14.925612807808982 7.300036391745678 8.934906978610016 7.885127387742253 11.322365675487168 2.7147232940420754 5.338095535744014 14.486763196063269 6.661449463642549 6.865809581133861 2.9700145911484976 7.384500092106913 3.9380230597542005 9.906540043399529 14.276570948233188 1.8735276622621182 13.941001216489077 14.496957639761135 5.100397947548862 14.176087796928629 8.119968277876094 7.902076530992483 12.302037991306955 6.686620813187188 11.208354197307585 7.5127930916421 7.908687808073075 10.995491923705249 6.5035311442496315 12.254686675720343 10.936844493720926 5.598826312758492 4.446749627206544 7.504426739971137 13.479277658306959 9.082247564173837 4.202261246691031 1.2792595839911138 2.295945533902498 6.33476963825654 5.511035571075167 13.035186779282169 8.7671793981943 12.69367411798561 9.024644775648701 3.4323601084733775 9.069303924236541 3.6602540168824382 9.047188581947715];
euros_km_B=[26.90553598207849 8.331348195247966 18.081162176294498 3.855111511803617 21.486283824490872 16.259341111781808 2.515702032749575 13.956839884579233 13.030171762942173 6.252940531281714 22.619405859276778 11.889244640969956 4.618765785428114 24.020468119914472 13.089126061854163 22.292203585569467 8.319224070220727 24.314993558451217 16.11449630474645 24.382102411321082 4.896685971849607 27.441345997165385 25.285707818940416 24.484186051261105 25.705295893929083 14.481646475283295 13.418204186894993 10.792652199800914 15.756139479403535 1.3215048084466456 9.847733303283016 19.7086727042576 13.175041025823361 8.30070142734132 23.03340473526005 26.461962406285657 27.270658594031175 12.45596245003099 16.77622396743677 8.19486075903751 16.199426659470248 29.115473428620497 5.702978846240194 16.570545147461218 22.850173077535295 13.26156736506571 3.1460348254530075 24.829823956713366 6.465160328472271 2.8514633658236774 6.133348697705178 8.332841247184183 3.969965551992037 10.271647047984622 29.900907432432145 18.27953900045061 24.580112966985823 23.14831180760428 17.404663760112257 24.39967698922952 16.613566887983367 21.991841405714922 15.557618866992723 15.807007264935503 23.485496941816905 15.112363896999442 24.329157730407033 12.116777544827652 16.26594021963821 17.94011853290745 26.591855959554664 27.44352721497906 12.625026868804419 24.817075504811434 19.545269471504064 28.272986011133135 12.196213058108713 27.001518719430393 13.784126104622784 13.552625969915995 9.936567333396393 27.289957437810095];


nDrivers=81;
max_D=[163 136 195 186 234 183 205 215 157 227 217 174 125 233 133 125 182 223 225 204 194 140 174 217 132 232 202 155 161 122 227 218 193 150 234 199 176 178 208 165 135 216 123 181 222 150 205 147 174 233 225 192 233 231 192 141 222 226 229 201 172 168 225 160 240 225 207 190 136 152 180 120 184 223 144 218 143 126 126 185 166];
        

nServices=85;
S_starting_time=[10 521 364 462 582 597 194 275 274 218 47 209 181 662 218 232 223 136 320 156 442 208 345 32 643 638 145 63 45 596 93 654 715 348 438 281 494 687 409 377 495 636 609 319 37 560 9 523 569 635 273 229 417 206 321 284 317 114 472 261 9 363 119 0 402 500 705 706 259 28 215 391 416 459 130 387 596 19 308 341 495 28 2 391 176];
duration_s_min=[73 98 102 120 98 117 76 93 118 62 88 111 70 80 90 91 101 109 67 120 71 107 61 61 98 113 97 79 111 61 83 67 104 67 110 88 61 79 101 67 117 70 105 61 99 60 74 63 69 107 68 87 108 90 80 80 84 111 98 98 108 63 70 105 84 61 92 120 119 60 96 86 83 111 82 79 90 73 87 113 71 76 78 103 94];
duration_s_km=[51 53 34 36 44 42 55 38 48 57 31 50 52 31 51 31 48 60 60 44 60 56 51 30 32 32 42 39 37 53 50 38 40 33 30 51 39 41 60 36 56 53 36 47 53 46 44 44 38 55 56 41 45 36 55 45 37 30 58 37 49 37 58 45 37 38 38 31 57 50 52 38 51 47 30 42 58 43 37 55 32 34 59 47 56];
num_passangers=[61 37 42 41 99 27 42 40 93 94 90 71 51 29 52 33 31 20 58 36 36 64 61 66 45 89 92 73 57 29 98 47 30 43 39 61 70 25 82 32 88 61 29 49 83 98 56 53 44 94 94 89 100 99 96 57 21 86 25 46 93 21 100 76 68 55 43 32 64 70 22 59 81 62 86 64 100 59 65 20 92 44 62 70 34];
BM=250;
CBM=0.500000;
CEM=0.800000;    