nBuses=95;
max_busses=92;
cap_B=[74 78 81 114 114 117 101 72 123 107 130 114 78 30 127 137 39 112 95 41 111 45 21 41 140 133 65 30 102 139 50 63 133 56 44 133 47 30 123 69 22 115 137 23 126 51 91 72 110 133 111 103 31 32 134 117 130 77 114 45 57 71 43 59 43 116 104 61 138 129 71 131 82 75 85 52 42 114 64 107 109 81 123 50 118 119 48 46 115 82 86 38 96 79 65];
euros_min_B=[8.155420097923866 3.4615669814629713 2.876119592588095 8.92899210333668 10.692208093737813 5.236357019863419 1.4836435917192832 8.210012785186535 14.973896188831395 13.452182138311885 7.813137276105307 11.819190168410966 9.024188571227363 12.680830510679767 7.242958152341909 13.441949339841969 9.550134088683263 8.798002226537992 7.812953123365846 1.8833839617735166 14.266057404163536 12.805772150613894 6.990851059386308 11.262019978677168 12.30293850235072 9.696189425456888 13.595807361283512 9.70301330157625 6.554015421654807 6.648472006568659 8.304518262030927 10.480340705219419 9.522230457828439 9.799224431761504 9.830382557564816 3.2099498106679807 11.599815261102828 8.816850088294855 4.965493103313854 7.034742038736342 13.746063717222235 11.93611975083106 10.533663872452982 4.997206925456047 6.959840796657832 7.3360860774973435 4.676993996271446 9.038838543556432 3.6446419473970337 2.3741032646776983 5.3352223938161805 7.857665989541965 2.3213850429892036 12.83135588445824 3.0092166907899616 13.835464966451068 13.303656004046626 14.35503049941336 8.071000368540751 7.180549398962863 9.560228126546003 11.527903638387995 9.153789834847867 11.644931268700358 6.783924530610248 4.939897584040672 11.434996982859948 13.5285836880594 11.931194386851505 2.932541648249515 1.4483816516227397 11.438880726424173 11.688504622726827 14.147322669980278 10.163228985077502 11.20671581895565 12.033403270800864 14.058306326516185 6.804093006454537 14.328810637197558 4.7408675676480305 4.485164779129508 14.908700310630746 3.917784821583167 4.099173459488209 6.63797610194146 4.361382629855804 10.728249107287349 9.063968064571469 4.7871822386087 12.041988664446148 13.811125094834374 12.390664586688747 3.8249943116303404 4.43660194680423];
euros_km_B=[21.693525664203854 14.859843295774466 21.509079292275715 19.67148183006346 13.962315983094006 23.231652891417905 7.848989215644583 6.801244642879769 19.5568413054155 15.802841920870943 11.991056452831309 22.387639782045024 25.706314418514353 16.017389065692193 19.824674606178174 14.022890416303849 17.041768580087297 5.886199285762986 24.998163950686237 29.510743735324905 9.782362058138506 7.977846189180291 13.858686690258457 25.248238791116314 20.001508932847422 16.967594617913015 20.32426377703406 12.244700761976173 5.483801045401637 4.135306497479221 18.898906211412374 24.1753983412614 11.760938518236284 29.69229513514188 15.270879046279752 3.519307658697196 19.5500613917399 24.622092694337404 26.3072906840016 13.1326234261973 9.586238482453176 3.7477914096163 16.370262221904536 25.92629463222897 3.833786830758788 29.542518390187286 28.149523449778172 23.084942418077784 5.289503953205642 7.733161599210134 24.115957226834464 27.433425106989695 4.936781819843542 5.945519369508512 8.8139402810832 27.924667679375894 18.619803217198506 20.942185595096987 4.939862424728533 10.748980336851387 1.8316609584098444 24.794430431082674 21.676515478219585 10.074606961542294 1.1444863378821646 27.083386259008723 18.460021442360855 21.905861176152307 4.52263290765509 4.72688057517189 12.064507985888385 1.5314510101015864 16.72010005516325 26.45535761913648 28.12913644157773 14.964111046670777 13.346704592366445 14.910779959668892 5.132094837254484 20.64818765661876 23.59256781206558 6.110527507851429 4.821765479163642 12.576323481726684 20.89767419368975 7.149751540926186 5.4102313283470105 2.545231276761592 9.401000661280943 26.38059842684651 8.854522185163654 15.104627184007423 12.462546838055342 11.511830618090146 23.958133219971508];


nDrivers=95;
max_D=[226 151 145 183 159 174 127 228 206 130 181 191 196 212 138 157 177 171 138 186 135 150 136 123 228 136 173 185 190 146 141 164 179 145 214 207 219 128 182 167 135 142 239 137 170 192 191 225 169 201 202 235 172 142 158 230 190 123 198 166 191 212 129 185 135 154 181 181 217 131 157 152 149 191 148 233 219 208 125 168 171 233 160 215 171 198 155 146 190 194 236 140 155 138 126];
        

nServices=101;
S_starting_time=[135 219 498 285 195 496 275 296 262 122 192 83 672 601 450 377 173 174 63 522 627 447 35 404 578 700 297 186 119 592 487 329 246 154 5 551 707 336 590 514 18 634 523 431 113 149 30 570 353 120 278 399 428 487 261 58 25 124 136 35 199 313 344 585 425 614 189 555 588 178 441 514 709 681 340 135 453 296 418 289 181 574 187 273 715 646 130 713 189 564 142 618 534 184 288 693 366 573 158 428 619];
duration_s_min=[103 117 92 86 106 114 66 99 101 79 65 107 67 68 92 108 66 80 104 99 95 68 61 116 69 61 112 88 71 98 106 117 88 109 95 107 62 89 119 104 116 99 112 96 85 68 73 61 68 68 84 84 65 114 116 63 63 60 71 100 117 113 94 114 110 64 119 110 116 79 117 75 102 99 87 107 107 117 65 104 109 71 60 79 71 69 71 90 99 95 96 66 80 103 96 106 106 74 71 83 71];
duration_s_km=[47 43 32 32 38 52 50 47 36 47 43 51 60 35 56 48 37 31 52 36 60 46 52 37 48 42 52 47 36 58 33 39 58 38 59 38 30 46 36 51 32 45 51 38 49 51 39 48 60 35 48 32 49 43 43 53 52 40 37 35 30 58 49 59 48 52 40 43 36 58 56 43 59 31 38 35 39 58 48 54 37 57 50 48 47 44 52 45 31 42 35 33 41 54 53 54 47 51 49 35 42];
num_passangers=[96 97 42 27 72 46 20 47 55 68 77 93 32 38 48 41 74 71 64 74 31 22 95 39 27 68 42 21 40 56 72 26 36 82 48 92 89 20 64 57 90 87 90 91 26 96 67 33 75 78 50 88 27 65 81 21 88 25 50 55 66 26 79 55 51 94 22 89 53 80 79 98 25 84 66 23 39 54 59 71 78 72 25 26 38 78 34 100 47 55 72 36 37 74 46 60 77 32 87 74 42];
BM=250;
CBM=0.500000;
CEM=0.800000;    