nBuses=117;
max_busses=113;
cap_B=[60 35 66 57 69 56 140 74 103 105 50 26 52 134 103 112 58 108 66 32 126 112 77 75 106 21 86 127 87 101 53 26 92 70 70 39 105 122 86 41 106 96 120 87 133 98 50 130 129 86 76 37 86 69 122 36 129 72 87 20 39 39 75 57 29 117 61 110 85 88 20 71 140 136 33 62 38 68 107 41 31 136 103 72 98 112 62 50 135 22 21 48 47 50 45 127 112 67 74 90 58 52 85 88 134 101 72 91 115 131 61 29 91 35 113 45 99];
euros_min_B=[9.234250869511044 8.83748143322093 11.774682349794526 3.9095772212272797 10.75127154264215 13.732668041637712 5.652775906077114 7.927803068245639 1.332267270854034 13.176866406615957 4.5704694261831404 11.34147054500838 12.150666296455446 1.2636717027132682 3.9441517385169798 5.682124065999567 5.057920070391459 3.9505747991738422 10.843602388199931 12.47570172626894 7.986584279169495 14.243370333172884 10.781193401885588 10.400329452127576 14.471247435474845 9.140397072877047 8.250598227285524 12.517680594117763 7.015898762161447 1.4780476752686142 5.140165851855944 1.9997028148424265 5.98768137724528 10.780918841231363 2.6447413130758406 2.0896104172626 11.01399693261611 10.664670764212667 11.320485355396576 10.856347596554553 12.238047059821543 7.6927091502459195 8.78547738396938 13.756083771213206 9.000330372583056 11.00065920848268 13.449222230020975 9.32087341922019 6.916070968464483 5.9657169935573595 9.419706922834346 4.2395689170941155 3.568107340234625 8.164444396780997 5.85122500180218 8.657339907890893 5.844170265023779 7.775906819626581 12.501011176477373 2.7127846109780958 3.235748945130398 6.567799817345793 14.215854744242996 9.773639996932172 2.6091547510121993 5.791657254309602 5.894267407650856 10.748460703541923 4.293738564517734 11.384833565362506 5.052039059254188 2.984909309166823 7.928028264518463 2.471467870918767 3.530623349145359 6.9956705231703715 4.060397932547123 6.239582243438422 1.7352136776628235 5.5521622308807 4.484487554161486 7.9648998262792965 5.227722030548488 2.4371324828750414 4.424241790729326 14.94224398803544 2.708948584023588 4.785945161157112 6.001166428279514 13.192144172782129 14.695097390401953 3.6151893226135936 4.443339509987924 4.658904181703005 8.43363560872852 2.3448864748764953 10.162782183287 8.336149729518755 1.1065188994588067 4.747179742055704 5.042011222184819 13.99374637397559 4.761970771279577 5.517863183194301 14.368845555401489 12.157241108350608 1.4540661501016998 8.810998541913982 11.840309456294909 1.426920099832859 4.138208521043829 11.33999587448459 10.124975952569692 1.5810103957137482 8.649507917235544 1.0117821851873874 2.464530282966461];
euros_km_B=[4.466004653054409 6.499975306989618 5.951566388610472 15.639453077056368 4.373363956973867 28.4377690996195 10.819163518137264 9.544640032367715 5.82856960353518 23.82892463243097 29.681210424951335 23.56476963141011 7.936228743553956 24.690711138252492 12.553443116558093 14.246032693164004 13.200635543450069 28.728627963866824 23.95051438288102 23.298487203132215 15.180331216022475 18.81168467649541 19.169140052153764 8.902760211565786 24.65090797941152 26.765674098020686 21.03483562459841 16.325090356900724 22.43912304560388 22.478659346541324 9.701683493061985 26.840135889803115 23.03498488920921 25.24608230071003 13.028222007499966 12.07837773446824 12.874201794050705 22.547167986028054 19.376155985490026 29.560649537607716 5.680968972088877 27.18853772730089 22.090259701849664 4.680697126818723 13.60102127524234 4.643069894474564 13.728101496542784 23.79596809924186 21.798014793411713 1.0875385227949246 15.337977696756488 12.483014171141226 25.351501382298107 21.602259484538582 1.5284815505906688 25.54266840960806 12.750400351504457 10.145981887560477 24.59038181364268 3.3224089608700282 14.876064142545943 28.05230334351708 12.9051050352874 22.3988783261508 4.379555435754446 13.370313316319152 28.024419353878137 18.170396378501884 20.89299659449924 10.264923019805154 21.344199149344014 16.1916949477624 14.290185443918215 20.13269427957839 12.831702035223195 21.446696821335003 5.086829392314625 16.425485784070123 6.782927015480983 15.364608107430936 24.067394780391265 11.033751353394369 17.36071576676654 21.66432687005436 24.70216457065961 9.27371071535887 24.275399502262925 8.540006291716306 13.250773682039211 25.785424437598977 3.0402276625263767 23.905248699029844 11.887293715947772 20.150663779109642 5.05602357876348 11.14250466509249 27.82983694584883 20.72567845103827 17.246369883145054 12.864713314473962 16.919095568021817 6.5923209178016755 26.97471978317569 28.09922492180658 27.97896140475474 18.98497358574421 12.584053001854251 22.377191026204013 28.043481476098187 13.146040200639387 24.68129014940338 29.69136541920007 5.983183153156103 17.31154530571084 10.407141402393039 12.002214838902164 22.47593487290595];


nDrivers=121;
max_D=[165 217 214 177 175 186 176 146 168 191 213 161 123 196 195 147 189 162 154 231 170 145 146 240 209 217 198 124 137 168 129 197 213 222 174 167 197 126 183 192 224 201 225 165 180 222 146 224 196 204 138 150 136 145 150 150 150 217 213 157 149 143 227 159 189 135 183 222 165 188 139 183 204 125 209 154 182 177 176 204 208 186 139 169 221 154 157 199 148 141 142 179 198 207 208 237 174 177 126 137 135 157 123 133 188 196 120 219 122 151 131 177 143 223 140 177 163 176 220 240 170];
        

nServices=122;
S_starting_time=[413 83 96 704 469 409 254 180 514 492 663 703 413 544 176 575 578 70 415 566 657 189 298 117 20 659 447 482 189 659 399 149 297 591 63 453 246 298 522 108 295 481 185 502 573 386 175 404 91 18 207 250 669 143 634 107 372 432 630 475 208 190 634 589 206 73 161 566 475 271 713 171 208 717 377 413 718 243 566 109 679 184 677 25 261 167 38 652 394 426 579 210 313 646 277 46 699 140 126 333 25 290 65 413 588 101 696 401 581 594 146 613 460 178 210 430 435 271 529 177 64 414];
duration_s_min=[109 98 81 60 65 83 91 87 101 62 118 93 78 62 107 113 88 120 119 103 95 116 116 92 98 81 120 112 75 67 90 95 92 100 64 103 102 92 81 64 73 120 114 94 84 101 84 107 110 83 109 102 98 86 111 60 72 92 69 99 114 89 92 68 92 64 73 78 93 106 76 107 73 72 106 94 80 115 94 112 98 76 104 93 118 95 68 110 107 83 108 74 113 64 62 104 68 110 83 75 111 96 77 86 68 75 117 73 101 76 106 104 79 119 77 92 75 99 81 107 74 75];
duration_s_km=[56 59 54 46 37 56 55 60 60 50 41 42 42 38 52 57 59 38 42 59 48 58 45 52 41 50 60 31 37 36 57 41 58 57 37 41 55 41 52 47 50 36 48 58 37 60 35 59 46 56 38 47 56 54 36 57 60 57 49 59 57 35 54 57 55 57 44 32 60 43 36 60 50 57 55 53 55 52 33 48 59 50 34 46 39 60 56 38 34 60 38 31 43 41 39 60 51 50 37 50 36 30 43 45 32 34 50 51 36 48 51 31 37 57 41 31 40 48 46 40 31 37];
num_passangers=[91 90 83 29 63 26 75 32 71 53 35 53 78 70 77 65 42 95 48 61 81 64 64 22 78 57 35 79 27 61 81 93 85 78 87 75 84 94 26 38 32 81 35 34 74 97 38 25 59 34 80 77 84 92 41 69 58 96 23 30 47 83 34 92 64 26 66 73 28 83 79 25 42 76 30 99 90 62 62 46 33 99 62 85 72 95 63 97 95 34 56 53 80 81 61 92 87 77 98 45 70 58 25 72 75 61 20 86 48 87 99 31 95 100 89 50 76 26 98 82 71 87];
BM=250;
CBM=0.500000;
CEM=0.800000;    