nBuses=92;
max_busses=83;
cap_B=[41 140 131 45 36 95 107 121 136 69 58 66 54 41 128 35 87 121 22 81 95 133 97 111 138 70 103 125 21 96 42 29 38 124 84 79 113 24 34 65 64 27 124 127 22 54 108 60 101 50 72 117 23 46 77 20 109 97 95 73 37 30 106 111 80 48 23 68 40 127 70 72 72 22 80 94 35 102 113 138 102 49 34 128 114 55 81 41 35 99 128 82];
euros_min_B=[11.284923604613434 14.223459912941278 12.3776490399686 14.701249152803943 4.623033676118325 9.034636416829759 6.272192401337193 5.048292363661625 8.802345576121578 13.613135196414687 8.246595343226282 6.575102051697143 14.492466204843357 12.787630011774935 14.057857946416863 9.13066451836552 13.01154929035521 1.3872245978387356 14.0204689735569 14.938387351015436 3.285328018705517 14.101093763620288 5.2411993472579885 5.575892269832708 10.071388487358137 11.275891400996175 3.6136766237876476 13.153141498041144 8.817516694724917 13.553545219672849 12.348803891397798 2.9640033156386907 7.750774034096859 9.16484076304506 12.714501523592224 1.9214913053879652 8.018943305511499 13.757818243512645 13.573807595811523 12.24400221920599 10.360611242908098 6.455262951814332 10.105053562801915 9.113343078660083 13.816764062982443 13.905684527137133 14.06990203667425 2.7809070226567845 3.3637401969582754 10.5139288253132 8.060524264296129 14.52566934848496 14.542854096314597 4.745754438871069 4.716958422756074 7.541785560932226 8.18147075700623 9.023975217760531 3.385416326159783 9.570512560939221 9.886443368572452 4.298931759022688 11.622489682572695 6.774031628824041 2.390719024733972 3.8238164865286732 8.265165458994186 4.435355800046157 9.81974011237897 2.943190553911071 9.95794697650353 1.936989589187038 14.751408632932153 11.096072641073956 4.191474782607014 2.1911552781096635 4.642799142669437 11.603819689099627 9.844581705121636 12.661111011923113 7.173092005241198 4.436307092683492 11.19798099659379 5.65545340607261 8.813285586741083 12.95976085890301 12.586228713229874 12.299278878612391 13.36271879718328 4.999985044583752 3.1624211906691837 10.896503218759337];
euros_km_B=[14.169264264753954 6.442966029048111 23.19205374845533 3.5621966426995746 12.734455733630336 17.494003298266392 13.777969051225773 5.8124468634782085 18.76159082520647 5.208887954895113 12.915043064586603 3.8561797591672766 3.7019852379393323 5.006247263913803 16.904669722842407 1.4139950302618314 15.919526780506889 23.821433225963094 2.7573238669897684 21.64681626701891 10.479315260049228 29.68448310566379 11.859013245335262 22.45592138147916 1.2565741996976032 7.2405064119366624 19.18226654641444 29.850412307303465 5.27957442510446 6.545096217659067 26.72540152306356 25.583324679077293 9.885425681111684 17.401593448549615 12.887226131079128 28.903290121911215 7.250499229197595 3.556619201056676 10.529365764985505 13.925852034357211 19.789641480453184 27.159988653709462 21.73047846110361 10.750047070375832 16.5691506912041 11.655922938085785 9.201820499642258 1.4843575564559615 28.405849032606906 1.0756102339600693 4.500171695583667 4.87378223466709 24.446525494481957 10.221459614019345 13.617053441759579 10.674216652848717 13.306520993955441 20.44483775736749 23.04844816284098 28.773716026730366 27.81899459644375 10.992210460659601 14.570492453655358 28.69743556139893 4.676888138227965 5.051479060999834 20.72014352632732 28.188855251636394 23.354446053987886 28.797823370355683 1.676108276514514 2.643810116887905 27.043667154290493 27.738702141717187 1.8916305315420376 8.502003050072918 17.467684724686176 16.051396953885973 13.46947747391483 24.37884774514236 26.87132252014506 3.4139727561261397 17.916569992432322 2.2646776082583084 18.783143345150258 29.97155228922697 16.49660717551466 20.09471404083133 26.443381414235297 9.83488370351933 7.190598612732656 2.430941566310917];


nDrivers=94;
max_D=[199 145 228 189 230 149 203 144 182 194 181 205 213 184 188 208 213 172 153 228 192 228 187 232 153 204 234 126 168 121 121 128 227 134 221 158 207 141 215 218 179 174 205 205 193 237 154 153 235 193 184 215 153 198 163 126 199 211 168 138 228 226 237 171 238 139 197 156 225 183 179 141 148 199 204 208 189 229 132 193 137 136 176 165 161 231 165 213 209 136 218 185 199 154];
        

nServices=95;
S_starting_time=[643 676 529 318 716 168 645 304 281 621 358 548 121 590 185 268 531 478 404 603 387 148 653 147 235 633 616 639 465 86 551 299 524 239 54 17 242 279 303 316 694 356 66 523 269 434 73 667 510 81 267 609 354 145 21 683 216 664 667 613 242 19 363 213 89 667 300 70 277 420 638 164 188 112 559 575 597 266 245 309 216 40 515 208 245 601 240 175 566 572 698 515 79 483 321];
duration_s_min=[110 113 70 86 84 76 97 86 66 116 118 117 73 106 120 86 91 100 93 79 82 109 72 118 111 105 87 90 68 80 95 109 90 109 111 104 81 74 67 109 63 79 63 91 89 85 107 113 79 70 83 75 76 74 72 93 120 119 90 86 116 99 101 118 96 85 76 119 117 88 113 102 95 113 111 99 69 60 111 89 68 113 79 103 94 94 70 95 110 73 81 79 116 79 62];
duration_s_km=[38 50 56 30 49 40 51 47 60 50 48 59 33 53 47 37 31 45 57 32 31 54 47 55 48 53 51 59 53 50 35 57 30 36 54 59 41 53 55 42 57 51 45 34 34 30 47 42 37 46 47 51 50 55 33 58 33 32 46 38 48 39 50 58 54 56 42 49 44 31 30 58 50 56 55 40 48 32 33 40 56 51 55 30 50 36 54 56 33 50 36 39 36 41 34];
num_passangers=[74 92 60 37 77 37 56 96 99 65 58 69 41 44 33 61 58 81 31 77 48 42 94 66 91 64 94 79 43 67 100 47 25 53 43 23 24 48 71 20 55 66 33 53 50 27 88 96 64 25 92 64 50 73 54 86 78 64 28 43 39 69 22 91 35 36 99 79 32 61 64 36 30 88 27 70 28 74 86 86 70 33 43 65 87 33 39 75 62 62 56 43 72 55 94];
BM=250;
CBM=0.500000;
CEM=0.800000;    