nBuses=89;
max_busses=80;
cap_B=[32 43 30 22 91 26 70 75 62 26 139 48 135 116 129 42 107 63 122 97 31 96 91 66 88 40 34 77 136 40 34 81 32 79 134 106 113 52 43 43 24 70 51 25 32 34 45 80 48 100 29 139 76 24 29 83 32 52 56 103 94 71 87 137 91 122 104 74 32 134 59 95 109 86 24 73 81 106 120 53 33 67 139 95 65 81 27 109 99];
euros_min_B=[5.162687928357036 11.937752603369633 12.893273453863973 11.13639826086949 11.349949902656375 9.904964323909162 4.728248008689335 11.03706431530105 9.437907676759053 6.487234890141645 2.5968006184192447 14.613658618349886 6.667479072992449 11.643591007564048 13.532102477916172 7.386111542656516 12.095371123009347 2.175308842499261 13.862458658988436 9.095278272773866 9.61092309598933 8.251253747504272 1.1490361111129852 11.727310134825895 10.957230716315452 11.159465000007124 12.744420444063808 12.673231499123995 9.031213496203595 3.257374899067318 8.612393839802726 12.478149434158569 3.4385617933748245 10.49078078558216 2.5722370046798444 6.592071889637953 3.9895346695029543 6.451666671525503 6.4039644199132315 3.7884639265340567 3.609785503710258 7.00905855757646 13.092322336504353 11.141871698889277 14.274495945326803 2.5574276148614277 2.085882836548821 3.4467196510962372 2.2988619638503724 12.55258210783906 4.782884336421144 8.784609966555083 13.775613509617443 6.0013433303467965 2.280832891806083 14.521794273983954 3.148776971255784 6.687882630152421 7.934605982083207 3.0030314534393776 5.384709966163929 11.654770690454606 6.279518468771015 13.04287408500345 6.274906371624406 7.073117833622704 2.327448911034372 11.772267248187308 5.218473537109775 5.828921285209425 3.368125015852746 7.854735856134721 1.9773807255940063 11.764513009866862 11.400653507799348 12.613203094740804 4.449331941362375 11.992732327696329 6.231924247654636 9.835886236278885 7.134116353035978 1.305508673361498 11.31122357656815 8.688917491511646 14.003090807216092 1.286897378346563 9.365854744007494 9.4702236587517 6.453475304058383];
euros_km_B=[4.519948710885435 22.90283714252097 15.023987534235905 14.51602824222658 19.237179977390614 20.87367722804279 22.434100740241483 17.64905010470741 12.372432223928266 14.264691025050384 9.433641099889318 17.701293411980078 13.984941988006673 3.1649863465156205 28.9615350195776 1.155768782234537 2.404731149327092 28.909509262702112 3.559735091007076 9.197839650965715 27.505049182169216 22.812090001155802 21.75278944411186 20.9101234848015 22.58963355321687 3.7079968100528315 1.293950061900059 9.315994670214659 18.054636759896518 10.968753512634327 9.879211136561791 13.636434307439552 2.3649998296147023 5.606099328907319 13.544705197915754 22.08780351652908 4.721207495470987 9.98758116059523 11.90803368490195 5.754054963580416 21.3211628756101 18.591847573056786 19.66597836395807 3.1789448271137 15.571989366948106 19.066278028341465 7.391285262188443 4.065445946668492 24.79497932137889 28.39255760984545 15.952353439761023 11.07350709413419 20.906083094403712 9.763405890825219 13.886001057737925 22.41887531512351 7.008581402677041 7.0667484865954595 7.5470818093699314 14.548376829511888 11.49117476821462 24.577141036253778 11.46125062726142 3.9454007779028064 1.8552249435580206 20.700928225026335 29.179652657099528 25.075944701742134 16.11381705095627 21.198747983163212 28.044377423598934 4.453869185919418 20.639295347766023 17.6821803188081 6.6250583634016555 5.4057540532077955 13.816479071149566 18.351765989268046 13.670469361888532 15.841019401996858 12.17995490063669 10.055187414465777 25.498289697371295 8.12189364902494 8.30341967423631 26.364610106562996 6.8862435489606995 6.30415143316565 26.617897271246292];


nDrivers=89;
max_D=[136 167 204 182 195 153 188 184 209 127 234 133 176 161 199 197 132 174 164 159 131 220 212 205 163 197 232 123 134 171 167 220 198 205 216 159 141 194 176 149 204 196 198 208 196 215 121 181 179 128 205 177 187 136 183 148 123 191 159 140 201 239 214 207 196 123 160 168 161 130 154 162 154 200 223 135 171 214 146 189 173 198 225 220 219 149 208 171 236];
        

nServices=92;
S_starting_time=[594 269 683 275 77 186 143 397 648 147 674 637 316 359 335 502 213 511 480 443 149 291 436 672 41 583 242 34 261 362 529 450 90 194 415 544 283 134 247 694 255 132 226 344 265 420 50 503 516 294 442 695 247 460 131 191 707 333 555 206 352 11 495 280 171 534 444 455 132 339 271 562 687 596 673 91 655 234 444 289 15 293 629 309 59 127 654 472 669 138 467 603];
duration_s_min=[81 102 92 94 77 68 91 115 79 82 105 71 98 78 115 101 103 114 115 94 62 72 64 111 90 108 100 93 60 83 103 118 96 114 106 70 111 112 119 93 111 117 104 111 102 78 72 71 66 88 81 99 62 115 118 120 70 106 79 95 96 106 101 80 73 65 106 106 64 81 95 60 71 114 85 60 117 67 79 109 117 111 67 102 77 90 106 102 73 109 63 111];
duration_s_km=[34 43 37 50 37 42 44 52 42 35 42 54 51 52 53 36 31 30 56 47 50 34 48 60 50 54 41 48 47 49 60 45 50 47 58 45 33 46 57 39 47 45 36 32 57 33 42 56 52 35 46 31 51 48 38 32 36 44 46 33 46 42 46 37 33 54 50 53 43 45 40 48 44 47 51 35 37 50 50 58 33 50 44 42 42 54 34 51 57 57 44 56];
num_passangers=[65 50 31 32 40 95 97 70 99 56 65 64 34 52 28 64 26 94 71 91 89 66 54 86 22 28 39 25 29 84 88 95 66 65 37 53 68 67 33 37 33 79 46 23 86 35 80 94 71 49 100 27 42 86 87 51 32 47 34 95 56 37 30 54 88 37 41 97 44 95 87 20 40 52 70 83 27 32 68 42 79 53 56 32 97 47 90 66 71 59 60 67];
BM=250;
CBM=0.500000;
CEM=0.800000;    