nBuses=68;
max_busses=61;
cap_B=[135 135 88 67 34 130 55 58 42 49 103 109 25 136 30 59 138 75 74 45 21 48 127 126 28 81 43 96 90 43 87 42 21 75 131 81 93 38 84 50 57 29 110 100 56 118 47 131 112 88 138 108 43 107 117 97 125 108 86 22 134 59 50 92 132 126 67 45];
euros_min_B=[9.848078521773399 12.277236982772077 12.937454951209208 4.204107324658814 11.009230321256677 2.220286406173485 13.514884906399192 7.518394613070216 9.947523617912317 14.10498313330178 10.076525956727515 7.122123751061558 12.725911163581433 4.069732170369957 5.565914889162613 14.724774974956219 13.519521195630993 1.7459816052125106 2.781647312357868 5.9030657422802 4.82098106784442 3.5673728129505964 6.968628542521064 3.511375129369073 12.215532656855526 8.392757897549245 3.3151633366927316 12.196572877694326 2.7140768304244016 2.9300314540249692 2.1558535288089575 4.643340048348845 1.1191825130087778 3.452201614669412 2.3104633941743717 11.748648639563243 13.251341418769949 6.474718611127838 3.8373669440083784 2.1064249788672487 6.636072810029296 7.94343909195761 4.835638808288822 2.5651382834290892 14.908060027444435 14.940591731658142 4.726044470443238 6.817736973923482 9.332143224504275 1.8909874532321538 1.6579390826875489 5.495168325690856 2.5843869496342817 2.8636123567440253 2.8646192914176996 4.7223670549220955 2.374443092628738 11.313828345670988 5.292405088910171 14.048330482056873 4.445949997471368 5.05711150344009 4.88748465238121 5.883780536321737 1.3753170011334586 14.430223611843006 10.100032058086981 13.360199896217509];
euros_km_B=[23.24447156481145 23.022674853053985 21.289782338197675 12.05394720865148 3.321899539416993 4.074580390388675 29.052828178901695 17.753868558205767 4.639614608379692 21.264483430811516 9.095226327014142 3.771199095954362 17.81856407038833 23.67615003268076 1.7925108911615921 22.984721071161104 20.783943206996554 1.3886991374501254 12.992898014201096 3.9440325380957124 18.950192152685194 10.603226205550072 9.758398073375206 16.712789626506215 27.256363063001654 11.931786723751861 15.71800115907459 13.587300730167051 6.212876839957333 1.9674947402466008 15.314145597743485 19.98981343521794 19.448242545098527 16.216197108062786 1.3146586486566432 24.61939566575602 2.7289678671752178 17.747371485313483 2.74573011782399 12.414784953231672 2.632555183415156 19.945242909491817 7.1125789045943275 16.504699583107747 23.31971614456964 15.81513442187754 1.3849445372265916 7.685391541173894 6.569274650425015 2.5544801786044147 20.482289372995336 14.044254476201315 8.220923387982664 13.87241936066175 4.0912521391873105 2.6522999231292923 28.744125394395795 2.3791964932568797 20.85796711976117 20.910557880720823 4.4664991791564415 6.105554823657601 17.40432022897401 9.50763479938725 23.93032868291662 6.0583067191343005 18.473546653489066 26.493497602270974];


nDrivers=66;
max_D=[184 162 197 228 238 220 152 181 149 238 222 208 183 223 172 146 226 127 184 190 206 131 129 194 120 126 181 153 195 212 131 203 236 202 137 234 120 140 177 200 144 129 148 125 144 144 155 160 160 179 207 205 229 126 183 164 234 186 167 234 233 152 173 240 136 201];
        

nServices=70;
S_starting_time=[223 223 651 565 87 487 629 344 287 402 93 525 538 591 165 190 451 429 580 281 317 76 525 611 251 219 687 436 37 73 502 349 13 671 311 136 385 153 676 477 216 160 720 462 334 466 114 48 116 238 608 597 87 16 454 658 54 87 709 121 612 545 719 182 618 501 666 314 436 101];
duration_s_min=[69 101 61 78 118 118 79 90 93 72 60 83 91 62 97 68 77 76 98 102 112 88 84 66 81 70 69 65 114 81 65 62 63 68 95 115 101 98 106 65 118 101 62 81 94 87 107 85 95 60 119 103 73 103 118 112 91 66 83 78 112 82 71 69 61 95 95 74 88 63];
duration_s_km=[59 38 32 32 48 35 37 57 40 58 31 60 51 60 57 60 32 56 51 35 58 35 56 32 38 49 47 49 30 51 39 57 51 55 44 48 38 32 35 46 54 30 56 41 33 52 31 48 51 31 58 48 42 31 32 40 59 51 33 45 55 33 43 46 52 30 50 56 48 56];
num_passangers=[89 68 23 54 98 97 72 35 94 20 27 69 43 65 90 23 40 28 90 35 38 20 24 98 62 54 22 68 51 45 56 75 41 74 96 55 34 41 94 65 71 81 72 64 100 70 24 94 51 32 77 82 96 90 85 20 46 21 22 64 71 21 79 47 23 54 95 93 83 20];
BM=250;
CBM=0.500000;
CEM=0.800000;    