nBuses=113;
max_busses=102;
cap_B=[76 71 104 135 106 36 122 136 79 108 31 113 138 76 74 31 132 72 88 100 134 129 71 56 135 57 38 84 21 39 87 103 105 49 57 79 138 63 26 56 76 22 139 95 39 43 46 43 135 88 137 129 132 77 76 83 78 45 98 140 61 100 112 53 46 45 58 78 135 122 115 119 68 26 140 83 119 80 24 56 52 86 44 92 21 70 122 45 122 47 102 140 120 72 114 40 132 20 102 88 103 66 62 57 48 43 60 79 118 45 119 86 127];
euros_min_B=[12.263238137593175 11.756625058892316 14.484008148593059 11.119580025340523 4.8660202594738635 12.030689103160132 4.495892371333728 3.6742052338967923 8.8718242463972 10.237106839483207 1.8776086997489678 14.16764448142359 1.3916163606644127 1.993031256846512 1.994041451085152 1.5853983160249046 8.597307638027448 10.013966006081423 9.434987909479377 6.954845466680252 11.913978112882806 1.2514457234960552 10.342734481629375 4.3320229794960445 6.852921665060571 6.942564249424661 1.1555361162903617 6.360138245868772 13.887311285845522 6.808132705959864 5.625193637162792 3.037941054485864 3.473924197182417 14.3342117138398 3.32702913309128 11.710521544312153 8.481430218498549 14.593920544116997 6.38787869236224 11.73810221247111 12.131336657510145 11.460244185267067 10.414808621802173 2.9735673466001695 6.6956326508303246 5.577185246721804 14.054868099386237 1.8473205950996723 3.70905319041013 6.111807947121461 5.359969957136394 1.2041925494450196 14.416687736999645 6.478188685867442 9.845205381561925 1.718846553649825 3.519969766706888 10.588471432347065 14.611387430660596 8.97565629726056 11.487620279540357 3.729863261104728 2.293792320614412 4.219742738229526 4.541561851258876 10.224091916653704 2.8021824945557032 8.30499730890137 14.517377247769923 12.997764970831128 6.71600099232668 12.873289038918765 5.666410725161817 4.186662342432965 7.086486764198641 14.489807980565143 7.120546989190752 6.67588219644259 3.9118425777146006 8.394571733362243 1.1811047514215118 4.096515680302068 3.8004570695250495 5.2038605571553225 9.067622633304877 14.461695098835355 8.63069401624684 12.106873606743735 3.2058985196830143 11.362479462807316 9.270744348219143 3.862246135009119 10.29999149518703 2.759207773641393 8.024205560188468 12.903698781938544 1.3180296679596317 9.493242381797028 7.676121250937843 11.690802448550574 4.3455279240435525 8.731939200262163 4.706747007742489 5.976771859144814 1.7637842152159993 11.92526909011144 4.692449256869932 4.729215875879002 5.206350347831746 5.971029152066347 8.547260384224288 1.5131365286543488 3.1688211391077346];
euros_km_B=[25.43945890943753 9.40681442642547 26.03385005725423 18.99908421371901 5.49965671579608 19.048876482730748 23.66476533632123 12.588645548024905 18.847133336650433 24.27801960625913 5.6622638733313115 15.252818772713708 10.60743774026096 2.939120721616692 5.571313419199305 21.904342711193554 23.204481703964117 1.7506677687182943 8.425521572102802 9.47654235134685 12.468588678122996 24.154955148058413 4.105493012093196 4.547536933744599 26.717603230997106 11.207137942132478 3.4791650603470896 17.299116488449826 11.194465181195538 8.655645320268427 7.851767185381939 21.065759520370072 1.4641252076373013 28.970163990321748 25.628951407074556 29.349626721777025 24.613592899866433 12.575673699688327 19.400025298389274 14.279222166460501 12.613730839093494 11.780541285237065 4.3679131225175585 18.575785233165092 2.301654633654363 12.766858330946842 27.735367912387748 28.892804529293127 21.714757925693984 12.491867232226777 18.783393523813672 1.994292827649836 19.586738660305684 27.738259020741523 1.3862639744064449 27.44444224939624 4.359588162264497 2.0946612769082584 17.579292358759766 15.16557602473059 26.102237474211556 7.288461623410396 5.7425822192701075 8.137361828288764 24.511640776544695 3.572114506459798 14.458770679479255 2.9120752648422954 26.85047201078138 25.92745044280499 24.38580001178716 16.736548775305625 19.55242255544681 2.5655096270356377 9.211990420150485 3.129129806131732 6.814878181350164 17.729531071397332 13.836497416804043 19.415315414164155 3.9829845617891126 11.844207082896842 20.85975065269831 29.77615251832311 26.35010649522707 18.05991314079745 4.93758767976901 4.871569786007987 18.30389482964902 22.27894828598663 21.46494824546616 7.079432759645496 11.048512484903535 5.076618786104084 27.846971130230077 7.045300004098948 28.419039533700527 26.885807618681092 29.035919984951054 23.10595422472515 6.425512936385806 11.500145409609766 8.892000660407488 1.1879414578475755 1.1812942701990798 6.1607192980112675 13.175188254576664 3.703720767684491 14.029838324004928 3.4348438662723426 8.760340538852217 14.139820387481203 1.9415831244144317];


nDrivers=114;
max_D=[144 154 142 177 216 154 195 150 219 177 229 142 124 135 172 162 194 181 218 210 236 222 152 145 149 207 153 196 230 229 138 224 185 191 233 181 231 193 137 144 204 184 217 229 135 156 138 194 203 125 221 203 168 157 177 147 145 163 238 123 165 223 183 196 228 175 202 122 134 188 214 149 154 177 143 216 178 148 148 220 238 153 210 188 165 161 141 124 144 157 187 230 153 120 207 205 143 129 213 135 192 169 228 132 187 140 186 183 234 185 215 231 146 148];
        

nServices=115;
S_starting_time=[6 200 243 419 690 186 39 496 262 119 533 410 123 479 182 177 162 356 355 708 289 335 594 129 492 455 227 566 700 657 334 524 289 486 360 34 232 533 94 267 200 313 151 473 701 77 632 19 362 51 92 677 223 157 326 132 402 285 278 263 587 186 137 704 86 389 571 4 385 347 396 669 621 311 361 466 390 71 221 79 5 228 310 492 224 376 656 472 280 51 189 200 583 547 36 574 204 122 455 678 49 204 113 32 207 573 244 219 501 696 182 288 60 93 686];
duration_s_min=[106 101 79 83 73 100 69 107 111 82 92 119 92 85 97 85 85 60 100 67 115 84 70 60 63 104 87 112 102 68 86 103 60 101 85 71 67 116 73 62 75 88 85 98 102 95 90 102 95 95 115 106 79 100 116 78 100 75 109 69 98 84 104 85 60 72 64 79 99 101 117 73 67 104 118 64 101 63 119 105 92 78 110 91 68 68 118 61 75 94 119 115 105 107 112 91 110 113 67 80 88 92 97 81 101 99 86 72 116 108 70 117 62 112 87];
duration_s_km=[49 38 59 54 48 53 41 52 45 41 36 30 45 51 38 39 40 40 37 41 56 33 49 48 55 33 39 54 58 51 55 52 41 60 42 30 53 60 53 38 39 54 30 41 56 59 60 35 53 59 38 50 53 33 35 43 48 56 47 39 39 55 49 40 54 56 50 58 51 34 38 60 57 53 39 33 49 50 49 30 60 55 45 42 36 57 31 54 55 56 47 37 42 32 57 59 56 31 41 55 32 31 60 45 48 35 33 48 46 53 60 39 35 41 32];
num_passangers=[50 31 94 39 73 93 80 35 27 24 83 60 65 87 70 45 29 43 50 47 95 41 41 23 88 64 62 31 94 91 40 66 39 74 56 90 90 60 81 50 55 28 78 49 100 92 26 74 46 78 42 62 41 60 72 87 81 62 76 45 95 24 22 69 53 91 28 76 100 87 48 46 47 50 57 90 31 41 88 62 80 53 45 26 30 32 62 67 65 24 52 43 60 93 95 52 29 27 48 81 52 39 34 53 20 26 70 32 23 95 44 27 54 71 53];
BM=250;
CBM=0.500000;
CEM=0.800000;    