nBuses=124;
max_busses=122;
cap_B=[38 104 111 89 59 30 62 97 106 102 112 120 100 30 138 125 97 99 50 49 24 48 139 68 131 115 28 102 33 84 41 108 98 43 123 92 101 87 49 44 124 47 37 64 81 86 90 63 80 119 123 65 73 25 128 99 29 46 63 70 135 112 28 113 57 124 24 58 69 24 113 94 56 113 112 95 89 98 20 68 115 32 85 41 74 70 22 115 47 78 41 96 128 24 118 67 82 68 80 45 88 72 81 117 48 127 120 113 126 89 22 69 71 53 138 67 78 42 53 126 114 117 95 134];
euros_min_B=[6.140312297667212 14.169839771177504 1.0170975359076786 14.708688063054895 6.319591493467084 12.42718074769744 10.672980177378978 8.795291101389815 2.893630518878936 12.89017972546966 6.600393136610611 1.149877525208028 7.352868193995515 4.277206982505347 3.199161849318958 7.553857926936326 6.974732287777618 10.634040065360852 6.903680388723783 6.8413452854657315 6.948759147797918 13.784475592542574 2.6746414563662793 2.6407817231449426 11.488339248472908 14.858774917876007 4.429748288967045 5.919126365971966 5.659603408494629 14.62075630602757 8.264062933023595 11.775353952726736 13.68164563064456 12.64389308302086 2.2523615353380784 12.715266575172933 7.167704136869535 13.77728841231411 6.315651900552258 14.553463785023562 1.385672486495306 4.259540948729815 9.320243188637248 7.731089253365298 7.20287419601531 8.625321999327506 2.848441860687693 13.344008411559226 6.600672699431163 2.589765672539146 8.562203625241278 13.233155059228606 6.299207513393618 12.799684195751897 10.915341095418867 2.299878201153981 1.563708677299809 8.794012531414014 9.845241164544614 14.502526618480125 5.070052999373794 9.328069188163596 4.974110718101079 13.64442017485628 11.12562687496217 2.676193175995261 9.996303798703872 9.231362059374067 4.754150932955924 10.972008349304533 7.74387027398164 5.336699455662233 10.07747346867743 3.308493290875404 5.909923343189508 12.162753342315668 4.854302536187786 11.84195039633398 14.580225803259381 11.321758301442264 9.48476410531867 8.495692214272967 9.97945785657382 7.072664441131569 8.73761006282186 6.451679875385682 8.900461348358945 6.013355642578023 10.45709615136889 6.813879807503696 3.4698151822539574 7.399621782391986 10.212754264340369 7.801401814930426 2.735548509505161 5.238525293905566 6.91702602901517 11.304976960270357 4.407754610548275 3.7317711820602897 9.085155637302334 5.871403444969308 2.1547033447920425 3.598460962940517 8.952513314910151 13.049973550185099 13.788112464225163 1.264326408243887 5.618521933309144 3.16889466800132 2.6578123551288377 7.442414139072254 1.1144533715414262 2.857318025054008 11.352723118461325 7.743507953049384 9.491137396243651 6.1089118314206 6.641895683559984 3.3714274908901136 10.202013379490209 9.738782772226624 2.0291254278311923 4.94729536965774];
euros_km_B=[17.923942247130732 9.553909422660674 9.831634940069485 12.86843869586009 8.782958536270154 3.7463487281831256 26.094530799006044 22.92027979796037 29.35491251275529 28.717762177159752 3.0726222956893277 29.78410530378141 11.95216348369371 24.10224216759757 24.566824313368905 29.351885462238936 6.754475317272306 15.561689711235424 5.722751055125919 20.026682292424805 18.764178229727523 23.361069179318175 15.319054142131636 23.80171483384757 26.94043259820496 2.6370830875088216 16.51333182713654 14.302878905473724 7.048373666768511 14.400950727620028 21.203054900037625 8.080386820598747 24.261324170947933 7.540323898165479 3.654580967443598 13.788611410877898 18.87547237172422 12.1755822724592 24.26812630634708 22.39530764994441 21.423566526105663 27.221956073955994 26.588884685514326 28.75016910425383 13.714713310648378 24.588911915322896 15.862693464644863 13.968283374814272 29.16995409496258 17.93910942856116 6.808415925721665 12.144141437413031 17.655118385679557 1.7993498045486633 10.355765943486723 23.14836487645962 11.54905617393102 9.892742807372823 6.119084284178706 17.876637879088314 8.813134428363908 8.0729868688051 2.026247223635388 15.93859669897173 18.538971083789892 16.376594627496647 27.916206675233674 29.77066011124754 9.281144608911415 12.202232170026944 25.10963048515386 29.530297367334793 29.576330465456792 20.978029688617916 12.26813996649464 18.370882954097258 12.639661786461843 4.472868851043425 14.782214959381157 29.779255094181877 18.3844009017239 26.461872248302445 15.840764937488446 12.956977470160155 5.3788058204999105 7.069976239179978 12.04525700936665 23.64323386267641 19.84080665004138 13.298830583797173 28.25737758986438 12.67727972607893 1.537859395761859 3.269389772457284 14.108483397971694 25.051905914301976 18.896316050184478 16.618277507675806 7.983951932885936 20.277449990274288 21.08474896165055 21.0046969775015 25.912923330452784 12.11835181455825 23.88873887959021 23.84533103105777 2.676502319013466 18.555071499459864 5.217885477314863 4.744302731928227 15.563616596508416 18.173007980340266 19.14431884987725 27.015724360880185 21.318662933166774 6.472850226721355 5.891784177290855 26.19882312023237 18.1163073178439 16.078506571965534 12.355487267054016 15.815407068594107 6.994427087629876 6.6412905533886555];


nDrivers=121;
max_D=[123 213 142 124 228 172 183 161 199 154 237 130 145 233 165 173 158 238 219 142 142 126 188 229 153 225 136 206 195 121 155 122 133 222 158 146 130 174 228 164 135 163 129 151 164 147 186 206 202 132 166 213 178 214 142 205 142 239 229 200 233 130 124 192 200 238 211 210 120 240 144 201 200 201 217 207 144 180 138 175 165 141 137 239 226 152 240 169 181 217 136 171 223 205 188 173 236 178 191 146 210 171 137 130 204 187 219 176 239 220 188 196 152 172 204 237 132 196 131 234 236];
        

nServices=125;
S_starting_time=[126 330 336 443 222 197 671 437 215 635 699 15 115 178 38 643 290 111 353 364 444 46 168 204 421 167 34 66 472 150 706 292 285 137 555 168 29 405 418 522 251 26 285 472 306 714 554 133 479 455 507 645 647 671 207 106 481 110 140 241 616 130 496 356 698 402 302 148 186 572 100 320 154 671 543 292 181 126 157 298 650 171 300 710 255 701 53 481 103 348 589 335 635 312 75 192 159 172 527 41 168 655 414 13 516 459 360 614 662 630 350 477 598 214 331 337 357 107 328 323 180 472 605 215 495];
duration_s_min=[70 73 77 113 89 73 116 68 108 68 74 94 114 93 62 94 74 111 63 109 80 109 89 112 90 106 88 89 86 75 119 106 65 106 89 75 66 108 77 119 114 104 60 105 113 111 86 68 89 94 109 72 71 72 97 85 76 90 105 92 75 74 83 105 87 114 83 82 77 102 120 104 94 98 83 83 120 107 65 65 110 77 81 86 72 119 75 90 74 78 77 105 64 118 91 102 72 61 68 64 64 105 87 106 103 64 65 110 90 61 86 76 115 79 104 100 96 91 87 86 108 100 87 116 111];
duration_s_km=[52 54 53 30 58 41 38 36 59 60 45 53 59 40 51 52 45 44 38 38 40 38 34 31 38 60 35 43 59 42 43 35 47 36 60 31 43 53 56 43 43 39 38 52 30 41 30 43 30 53 57 56 56 35 31 51 30 30 38 30 37 50 34 43 37 36 44 54 30 33 30 37 31 31 53 59 30 59 37 34 53 39 53 45 53 44 46 36 37 50 52 59 48 48 40 34 31 33 56 44 60 49 50 49 56 48 60 41 58 41 55 58 53 58 51 52 50 38 53 41 32 55 44 52 41];
num_passangers=[90 42 79 100 91 82 29 84 23 66 51 45 29 91 30 37 81 82 52 71 33 56 90 63 33 84 41 80 42 67 33 40 38 24 91 54 56 86 94 55 88 83 96 63 35 29 29 55 67 98 70 69 79 72 46 93 42 99 74 69 35 37 32 53 30 24 84 67 45 71 34 61 91 56 22 39 24 62 43 54 84 66 27 83 100 69 43 73 84 75 49 75 60 81 81 30 55 48 88 40 74 47 60 28 22 48 61 66 90 21 28 90 64 76 44 45 24 52 89 91 40 97 28 57 57];
BM=250;
CBM=0.500000;
CEM=0.800000;    