nBuses=118;
max_busses=115;
cap_B=[103 43 26 24 25 97 88 114 64 63 92 129 73 119 107 91 22 62 81 117 48 84 130 105 81 108 24 24 49 62 95 106 99 99 131 23 20 125 49 98 64 32 70 102 54 46 50 23 139 92 139 32 67 60 84 100 109 65 77 42 54 107 126 125 71 90 139 34 136 131 71 95 25 84 58 68 32 114 76 30 22 26 60 128 121 95 91 24 33 104 103 43 101 46 117 37 36 108 114 42 94 133 27 23 79 85 70 64 42 74 27 125 79 118 37 43 121 47];
euros_min_B=[8.343910387470338 14.431312921718298 1.654327213607236 5.315254114525898 2.9034913771301736 11.232666668976123 7.429447004375934 10.160687025717127 2.2605151463032422 13.114321974723469 12.043467337848595 12.848567371675712 13.992527586991844 8.055847975891924 11.672275502033001 14.098009444101674 14.718717518461549 14.913884257822795 4.909800784055548 5.7188019564092 11.761557587576622 13.941478209765663 5.504644978483756 1.22347069810861 14.632789808432666 9.757034871767534 12.574784124076107 1.1908256920950164 7.892617054174938 8.401420240048218 2.3084706609965195 4.228289888595182 6.422285929395647 11.776299832024907 4.001716397983499 11.371208841515644 6.970140379115585 1.6570254532743058 12.906426513438541 9.570725973165125 7.144554839747477 5.147629359888954 7.869953893510937 9.184613467042594 8.648800811570972 2.9222473098096846 4.370898058095156 6.394059767678717 1.7393406599773948 13.454991325671859 12.685862963080517 14.859531875484592 1.1176599988077467 5.926360224436711 8.221236612638787 13.697433026642472 9.19713653462985 2.7684438452916003 6.902400144405302 7.880966448410042 3.3070364835073844 4.159466109690008 2.8105236144973516 8.427801654518575 3.8580817119176425 10.113853641248287 7.392996016716675 7.226499335642079 12.80096392194176 5.480974962673251 14.57758727837903 5.641215087364091 1.625736499148824 5.137109950956538 3.003723059083139 14.172657190509506 8.865016738308864 13.326673330447205 1.046470677329011 11.596189440931136 10.379793723499633 3.8302873798819164 3.957457653310887 13.82002930780259 11.413969985009148 14.451155956830114 11.553374436839029 1.4272210877651976 8.232832534232536 14.340980050137807 12.629064667227638 2.9440623376166517 12.362441795983125 3.9773366040044307 11.44869039103679 3.0982942426436035 1.622415910585154 13.867671584195433 11.954712149316006 3.552239132123912 13.239603116900843 6.430903388243627 4.713656874730797 8.435434051909345 7.041945261743397 2.3528519555267096 11.218809370166047 6.289137360986792 2.9115845924089374 9.305789391688283 4.982772572926357 2.9423542990793203 8.543738255520328 13.740251837361226 13.886557000498192 10.280822860697759 4.983143582452892 8.861070772107654];
euros_km_B=[21.338193838592876 10.962015766012906 22.91024502799439 1.6447209558020397 29.456110101686267 12.146018120809785 27.721752038746466 12.78759579429762 19.482360309965287 1.3338756921605435 3.1572135373656733 22.36666292241272 6.632278767324303 6.800403043430248 1.5388502064813239 24.0497305863682 25.556233869534655 12.019442651037801 28.37466602656397 7.998103943088734 22.437375494347528 19.814896360466967 17.2760082103417 12.057292406924814 23.537052156408386 9.15997974506269 10.80033211884915 12.943068214656126 21.227836878298923 13.284312703674658 14.03302904597438 14.037850523436568 26.93656133331664 1.4201176793519845 14.394728765804413 27.234159159774524 17.157260102100782 16.003039822442933 4.951328054517398 5.2390564230689645 8.881377233744498 24.49356991699663 7.292022046611718 8.949727363904099 15.492775366628878 20.724897896858675 3.2304603410364923 27.260588677629077 16.195743198169467 12.525198919205671 27.63762218966673 29.0126357095041 29.4312594904047 7.092664264930262 14.379101889532217 23.079118016676393 15.986146126141271 19.370040962760733 28.26769576994936 3.1921937117666523 11.387160379168126 24.666070586881034 19.88740378413021 26.710110069131037 16.646995723698385 3.9187285839109354 2.6495087803367774 13.819253012249469 15.999617369529677 13.669893960313376 3.4868235568498935 20.46579827944667 24.20441512762058 10.557842578923719 17.237045417962204 13.820363286979687 28.68263424630335 1.8188585408725335 17.924709126507988 24.206095545954426 25.474580092774485 12.050865196811895 11.539322477386841 12.203038727732997 19.430523618538302 19.69583038433553 26.484124635097363 13.590700811259259 26.649994079467675 13.706323007709907 14.264229209501503 12.222085460644905 13.285452306485288 21.91614841492369 29.182821010354235 15.233882475521103 28.610594988866467 25.902300840842997 22.682481969450446 5.305506732290174 15.378554827644471 12.29515493471079 10.399611785865783 23.637644968522206 8.812231533999537 23.830805392524745 5.687068091873995 13.970810986958279 28.40443247480403 28.461105256830326 4.84374156815983 15.198860745793278 12.469878646742847 28.792983124334466 18.36952425657155 13.32529839023406 24.883875965345887 20.11454327452811];


nDrivers=114;
max_D=[166 177 178 183 139 219 156 173 131 229 198 198 198 196 194 216 195 196 143 204 140 212 179 124 176 173 192 208 200 236 236 211 163 178 225 143 131 233 210 222 157 217 130 179 196 168 152 167 226 203 120 237 226 134 131 148 194 169 146 180 211 225 120 211 137 227 238 163 196 214 203 203 145 170 133 218 190 187 212 127 207 217 154 191 168 139 194 182 155 153 230 195 185 222 161 158 156 231 185 216 139 132 237 172 128 224 233 182 181 149 214 133 223 213];
        

nServices=121;
S_starting_time=[398 441 2 636 315 319 434 381 185 341 633 35 163 670 402 701 405 672 34 54 22 679 463 439 126 267 624 606 671 127 501 569 342 121 371 26 388 712 427 274 556 215 313 565 91 459 105 142 642 529 373 254 378 616 581 486 164 542 323 200 491 597 257 384 538 423 632 38 177 689 587 111 128 679 501 562 240 98 109 173 700 649 365 226 212 35 245 564 415 119 164 438 238 700 564 565 717 458 55 608 46 644 153 533 301 388 595 686 308 564 42 314 638 45 405 233 16 7 0 252 277];
duration_s_min=[118 66 91 104 77 64 69 84 108 98 83 92 100 118 85 82 106 106 72 104 85 113 95 71 89 94 119 107 119 114 113 94 118 70 120 112 91 70 113 87 63 119 96 114 114 104 97 62 119 60 82 116 79 95 107 91 81 97 71 119 84 74 89 76 120 102 105 65 95 104 113 63 107 116 75 73 120 98 101 64 114 119 120 104 105 95 86 79 80 63 98 102 92 104 79 116 108 78 103 102 105 61 69 112 75 102 72 63 116 102 101 112 93 70 77 95 61 86 72 66 70];
duration_s_km=[44 58 45 45 46 47 60 41 52 53 49 42 50 43 52 46 59 51 55 52 30 48 34 46 35 37 39 40 33 34 44 42 32 44 53 49 33 58 42 57 51 55 54 51 31 46 49 56 53 58 49 31 51 45 50 42 40 34 59 60 45 55 58 59 38 44 58 47 60 30 30 58 55 48 57 55 35 32 56 36 32 58 41 46 58 32 54 52 51 57 32 58 55 60 42 34 30 52 34 56 33 30 56 47 39 56 52 55 59 54 39 30 35 40 53 58 54 39 30 58 35];
num_passangers=[58 49 58 83 24 55 42 48 41 49 95 31 76 61 39 34 93 89 99 29 25 61 83 27 20 78 22 54 68 52 73 45 75 53 80 92 92 54 75 63 21 79 38 67 67 50 37 24 82 79 55 41 80 84 39 36 94 96 77 84 59 63 62 34 94 37 44 73 46 33 43 33 88 20 42 65 68 50 20 76 49 95 52 77 46 24 80 83 79 75 75 32 33 87 65 27 63 60 77 41 96 69 29 87 32 74 44 42 64 56 24 70 96 36 20 73 97 44 97 87 68];
BM=250;
CBM=0.500000;
CEM=0.800000;    