nBuses=111;
max_busses=103;
cap_B=[138 118 101 100 110 41 107 101 96 135 119 31 129 119 42 121 109 28 72 59 76 69 51 86 32 77 42 107 29 133 119 136 76 121 76 48 67 127 50 59 51 64 38 88 26 110 51 138 38 107 128 84 80 90 37 90 136 127 74 22 54 77 45 69 22 92 115 115 105 41 26 73 117 124 128 93 112 125 37 137 116 121 82 126 119 37 37 102 134 130 83 102 131 138 49 80 67 137 105 58 34 50 33 89 105 109 20 112 109 72 23];
euros_min_B=[3.7467756231741016 5.0963790669753095 5.727903887130098 5.493646319446206 8.663992831341242 6.945161340889184 10.496467651175664 7.264268197682652 5.175230323929041 12.962709355228787 3.1287721154101034 7.125328611787584 13.250599808429916 10.820290989031628 6.313311362232285 10.164045757461237 1.93147549322958 13.192889113369771 7.325443783004645 11.135843040310524 8.505588679214156 9.44546826451592 8.75844986276033 14.423674300703599 5.912045345080314 14.182117839825803 13.89858277545 12.393940980942826 6.259545532358205 8.08990342741158 11.049742453497725 10.107426923559869 12.365266009181106 14.223961554483026 9.367297667548803 9.919812746841584 2.4507995595945387 8.319204190822354 8.485937485260683 2.666487307734154 11.774015381846198 13.062348243524212 3.505133963831849 6.9047218571698785 7.440323824249948 3.6862553011436425 4.7470622572358 2.3559476319773562 6.303684054384886 10.010716923385427 8.619064961919632 6.5639487282766655 4.56796763518796 10.472496248629191 9.804598967622365 1.1798077731214098 10.236161931246972 4.492074684698661 1.9473779902661332 2.3921020295621584 13.416987232349538 8.414091666630853 1.8895835432675885 7.238425048136954 13.654835222419548 7.5297569299565765 10.390596278427031 6.061422331577855 6.5083650372815 5.29759179540549 12.752653629649767 6.66252173750562 5.3272538564585465 6.830648867825939 6.958543463387973 14.029049013989592 12.117886207625368 2.1669825553810025 6.868214126861583 11.625400264303236 5.274337551309537 14.22383535009222 9.260391057909526 3.2412739603488 7.563490268871004 7.640301477857148 3.6355010159432455 2.1544218875846113 14.973814200346617 3.2869512473498554 1.0356018398623714 4.06051747996162 5.878743244588085 6.73625070018979 8.806126855254284 4.218306279146815 12.524212136568142 13.720205361208555 4.154685217070835 2.303748813586681 11.392253420521422 13.250763898380558 2.6232818557719546 13.354031140815133 10.854414237641242 10.093170681681944 13.09780460833726 1.9729005895923948 7.433372358934519 14.32730068997426 6.936399801269163];
euros_km_B=[17.702556332506 7.1802311697269525 26.182800338997477 7.522500329867532 26.10834964040861 3.851349065007202 11.133255298368814 7.511778890245234 7.4182398853922935 23.392201502690472 4.980206083656928 3.1267094529468427 10.278674234418018 8.901480231587636 20.128735977179108 7.895017104362233 27.039004820384726 24.508102252878505 11.477053361018614 5.007703206608197 27.455603323175673 5.603019486694519 12.718560355680763 22.763823360045482 11.44813465773453 17.072451231737602 11.058161557758707 5.084516922378144 24.026624790022957 10.626416599768348 2.1166318970543085 22.15584613698675 5.105189507390916 23.923729858817975 5.789149467262084 27.42168975481865 24.328891098242963 26.263928928843093 28.126369099176372 26.547874185788622 27.970203346022938 4.768663101270578 26.44407691732904 18.766621208818346 4.68867068430983 8.753380337230354 1.7988941521986805 21.194161502378087 25.087957324394583 8.599516431732212 17.21882854073096 18.07159196523087 23.97399235257423 4.342704204435371 21.972247711177005 1.4561368378881996 11.178619831648758 6.460526624188801 12.867651514565441 28.499147855382024 3.6266807138935144 2.5143083770299044 15.425289663223925 1.495186982665491 3.8623147351513762 28.269611861044602 26.63083465430282 10.840693450318783 19.139084726355883 15.252980458822783 29.068657897569032 26.541880719007118 2.3735582164607325 2.1425722670126794 22.87980116507676 6.529668170216784 28.414098086418218 18.85078977593048 25.67308587912336 23.94409166315678 4.98642490816971 1.3545130032397643 17.78507082248365 11.102069282219324 19.685614289531223 24.577025057252584 28.964107861056757 26.616248506273152 29.869766107621064 27.8390808842017 22.147003765143122 24.59491232651993 16.35800846130308 8.624229539410655 5.824987128081256 8.325159208631314 12.043284963989112 12.996236602186558 19.664375100822856 29.887827040579594 25.60912298324585 19.236480218803337 16.72286913114568 10.537253194194923 28.44634727772777 16.5537867319508 24.972070822549842 18.187251463779692 19.069589594700446 22.591327937534107 3.0314122206394183];


nDrivers=106;
max_D=[227 228 177 167 143 178 201 181 180 157 153 175 171 186 211 176 185 140 218 132 176 196 126 178 227 121 160 239 212 223 122 219 121 237 131 130 139 157 176 211 218 182 140 132 202 165 157 220 183 166 165 212 232 133 197 146 231 135 146 230 228 138 167 180 164 181 121 199 194 130 177 121 168 218 148 198 195 152 140 213 183 235 146 180 229 137 184 187 197 163 221 170 232 206 138 225 233 132 220 171 172 137 173 210 160 160];
        

nServices=113;
S_starting_time=[56 318 362 54 117 561 115 406 446 485 232 429 346 489 238 453 191 717 561 429 578 592 697 197 176 267 382 1 270 568 429 35 294 608 208 297 311 184 654 591 372 411 455 600 246 467 530 573 431 19 275 425 283 571 496 644 101 87 389 239 61 153 445 61 105 260 50 578 75 456 244 197 591 528 214 31 380 328 607 306 400 287 657 27 155 633 364 69 16 22 134 245 377 361 61 207 257 672 467 305 100 399 662 620 708 233 227 406 409 225 427 282 594];
duration_s_min=[117 89 71 77 119 80 119 110 61 65 103 78 100 85 93 111 88 84 95 92 106 81 103 101 104 101 76 68 87 83 103 102 89 115 73 88 73 103 99 88 120 64 74 95 87 92 87 88 107 86 87 113 111 104 97 72 69 84 79 65 110 94 73 78 88 82 86 99 116 96 92 116 78 69 70 110 83 102 76 99 96 77 76 63 73 120 68 120 79 85 119 95 62 85 63 60 77 71 95 90 78 85 102 85 75 85 78 115 95 120 113 75 73];
duration_s_km=[42 54 34 44 54 30 51 47 53 30 37 51 59 51 36 48 47 39 52 54 47 45 58 38 58 54 39 33 33 51 42 47 39 43 35 43 49 52 40 57 50 51 44 40 59 58 39 47 49 40 50 49 43 54 37 58 51 49 45 44 49 60 53 37 36 31 58 41 53 45 33 38 39 48 42 37 46 44 47 34 46 31 60 46 47 35 42 32 60 43 52 44 39 46 60 34 37 38 40 55 46 35 60 60 31 38 48 46 46 52 45 38 53];
num_passangers=[73 81 40 22 52 30 32 65 74 68 42 76 30 74 91 59 93 92 94 42 36 81 76 86 76 20 62 21 85 69 97 62 60 93 57 47 34 51 51 24 28 58 82 64 43 35 76 71 50 99 84 65 75 67 52 29 65 51 21 84 37 45 46 40 79 63 45 37 91 78 89 59 88 34 61 61 85 53 88 64 55 43 40 82 63 91 46 27 26 21 99 84 31 34 48 22 99 86 70 73 71 71 35 40 77 61 87 78 63 31 91 28 30];
BM=250;
CBM=0.500000;
CEM=0.800000;    