nBuses=95;
max_busses=87;
cap_B=[84 120 88 63 67 84 54 117 39 69 131 79 58 116 135 36 98 31 56 80 89 140 103 79 97 120 109 140 66 60 40 97 51 39 80 82 100 55 136 94 22 112 102 70 96 87 100 90 72 60 80 23 82 107 67 41 54 61 112 65 134 71 134 72 51 77 62 94 60 64 106 37 30 110 64 42 51 138 81 120 119 71 87 98 30 137 50 139 25 132 117 86 23 58 96];
euros_min_B=[14.446225442489323 4.304052101880204 3.9259986365329604 5.292610430955903 12.772853631337862 4.952823451373215 5.863372802213921 6.766547804383551 1.0651123693187456 10.433527789790535 13.923230987874636 8.970824897954657 5.881917955463709 1.544674419539979 1.2101422318267687 3.9471985930053837 7.627011147734154 7.4740688297729605 8.94507985840562 5.29047900353995 12.830654552936355 13.961188918109434 14.710334548768655 9.462973597140058 12.374056086973704 3.2076611558594297 12.358600145765719 8.406983684075476 10.912053711064432 7.418088355014158 5.021818305412618 10.024013652841747 11.62934086289941 9.549901632934924 2.2427112287116246 7.193883180902624 13.386948672196581 2.470479174200653 13.784625820323425 9.69725402228255 9.304562371766547 14.718003641477615 2.1177299280916677 7.487867526452247 7.6953843335021705 9.515003030368728 9.324587247902862 10.948433991781446 9.439347076525806 5.767214196747736 3.634197152092548 3.900867395241387 8.368475487938252 11.538680215408029 3.704294708643098 7.451821110135852 3.9829589665751386 2.0287238614830843 14.405994205102933 6.691750038406765 11.63214695554851 5.972074921039971 11.722490586447938 5.475159089652727 7.042523559997223 6.925695063164999 5.99489416090077 12.378003065195038 11.21045123250451 12.979678602226064 4.969026089925709 3.4309770298566473 13.967082298045044 4.387847752693524 4.245576741407408 7.455172015637984 4.0715186008734365 1.9990501170907338 3.6690625593586295 13.491424421337767 1.0645704154171838 14.657955233377363 1.5502219712888898 11.96379052783721 7.0992695080621395 6.965927833990149 9.85244897369079 14.877595362639651 3.728002939302531 3.6945641291250793 12.264271134553969 11.609416610192614 2.6111603115486446 2.087827802613841 10.62107117837034];
euros_km_B=[16.00672213524149 6.265269815046863 22.43826153249892 19.148387506540534 1.8368122619774965 15.015950503026897 8.373313709620469 5.434660491196985 26.93461118770297 23.450693348060923 19.750913187944505 27.720477269347743 8.561419832614924 8.341820935850315 28.649952654623913 26.853121828065312 7.219428980446606 26.73757527407002 28.751944621974815 16.988518081139436 8.409183434488892 13.652044598512495 14.687004148935365 21.182088527599603 3.3194163926022995 11.276457449667888 20.5507750272343 6.904350159594666 22.57805458889098 1.5731684115507014 7.733931100080551 7.312953501194152 19.636403164644722 8.386206096439778 7.289868402947705 5.733081430330587 25.524544583875958 25.391301514470467 10.332859963906083 5.346430126805648 3.5928274107347726 2.8728202597782806 4.325256215623048 29.353819975400942 17.499347408594605 16.697860669942877 6.928082162042268 12.248678907922754 15.053303530974489 15.635602434171604 17.767769095135552 20.94009944161873 10.456150686947296 3.172295926585723 13.316853215250294 26.353041187719587 8.368342927622834 11.189913701394296 28.957099906107935 28.3297168536789 9.131009591693617 1.245834404984212 25.750705391734154 13.683323198831175 20.479845455373937 23.23977397909628 28.199558990708336 29.97732671609555 9.156726167322976 10.90471837881231 24.13054414589804 10.127853665497408 20.783978901916928 4.302329858632269 16.06246400965714 6.949332678226516 9.027923608619503 12.651745576324592 12.940219529008978 10.297028309413363 11.252161037262082 5.974772338266535 6.180501271806278 28.88827667668028 15.244390450723072 17.15726092486372 18.35378675047845 25.447867499802516 25.972546172911645 3.028054927370631 7.852432688231058 6.919428385122664 29.461917413647488 27.272773726072348 2.1102038490740282];


nDrivers=94;
max_D=[134 177 185 122 121 165 125 229 121 198 226 201 138 237 216 200 159 240 207 123 184 176 234 185 218 153 164 159 183 174 145 141 220 229 160 213 205 182 220 149 143 176 213 130 157 142 195 194 211 228 134 231 124 187 198 127 235 142 124 195 161 212 186 128 240 187 146 203 177 227 155 131 186 133 230 174 234 211 158 141 126 122 193 223 210 147 204 187 165 226 152 137 238 136];
        

nServices=96;
S_starting_time=[348 550 558 35 517 598 352 70 167 307 396 394 636 684 629 185 174 511 418 499 488 707 137 602 544 510 141 720 539 555 317 445 133 324 40 242 221 180 358 345 353 657 514 391 514 719 386 364 225 373 458 151 619 588 672 258 715 247 92 569 681 485 0 484 474 345 529 391 223 427 68 425 64 484 680 636 142 597 442 439 447 699 321 69 251 695 240 194 720 5 200 593 368 150 682 15];
duration_s_min=[99 112 104 100 120 96 75 80 84 64 103 120 80 60 72 112 116 81 116 80 72 62 95 61 112 66 94 64 72 83 107 96 76 99 100 65 105 103 60 89 102 120 60 98 114 96 91 115 78 111 88 87 103 120 114 80 85 101 98 73 87 61 72 81 92 61 77 102 114 70 113 69 99 95 88 107 117 97 62 77 97 89 89 62 88 61 111 76 114 102 104 72 103 113 84 90];
duration_s_km=[48 44 59 52 45 50 39 54 38 48 58 59 38 41 43 37 56 53 49 60 52 47 44 45 47 42 49 53 53 57 57 42 59 36 46 50 49 49 60 57 38 47 56 44 43 56 43 40 30 51 41 46 57 50 49 41 56 54 36 30 51 53 57 39 46 30 48 43 52 39 50 53 57 45 59 36 33 30 34 51 42 48 51 40 42 42 40 45 48 51 51 48 35 51 35 40];
num_passangers=[85 50 71 82 74 77 45 98 41 53 42 76 84 56 92 94 39 80 32 90 36 55 20 65 73 80 78 85 60 38 38 85 34 71 73 56 46 25 42 85 49 73 69 43 20 50 39 29 100 48 54 22 56 69 30 81 86 61 32 68 34 67 37 44 96 98 56 39 52 32 22 87 68 47 26 62 75 88 20 83 92 100 63 100 38 83 27 99 39 48 55 83 29 59 29 42];
BM=250;
CBM=0.500000;
CEM=0.800000;    