nBuses=74;
max_busses=71;
cap_B=[55 81 45 27 64 32 31 89 44 31 102 124 57 126 69 22 116 140 103 131 26 105 123 98 85 66 21 94 131 100 78 76 79 32 31 74 106 130 64 84 115 86 103 121 92 88 56 96 113 116 26 136 25 56 111 63 74 99 108 66 125 41 42 125 53 98 68 119 89 139 88 126 121 139];
euros_min_B=[1.605629394108624 4.467514046343408 2.772812580895494 4.538743130336629 9.703747120082024 11.264543718002985 9.43079841310656 9.739215820786916 10.552389989499451 5.921928244361952 12.372472983526993 3.489574359443079 12.210174518140159 11.183595717305394 3.4499022529881262 6.168239961115417 8.390382641205814 7.8787911081505415 1.1682987567636747 3.8495759607669893 10.912625466616028 9.286527874502731 7.975103893779975 2.2128289011296376 11.8625325469408 12.212329397989947 1.6287175088896497 12.447788708178132 8.981703253538132 2.2327216042291815 11.587124711741794 13.603414914823226 1.511579837230855 8.49203198920824 1.1801788341234887 12.425120326811676 10.355719314656508 1.1641698238827647 6.84905011218711 3.1979176985554263 14.642148453581255 3.0685440470631855 11.18709083487154 3.43898791362737 1.5152087075445944 13.123723976091176 9.393466330751934 5.363497673223845 2.781792488325011 14.589789695974892 5.7806829134243465 13.913283106517415 2.6010338938761803 5.796239229021343 11.280433654876164 7.605331511888382 10.646757035799883 8.90636383094975 13.61750855322913 14.370436046577478 11.83188904464483 6.975778267903501 6.5635406053341105 12.494760153972383 4.510957752516803 11.345793597962018 11.236821948161548 10.22485511644414 3.2788645500550393 3.6273515997702237 3.872192487237787 4.3081717239928405 6.99638996846246 11.77051215878625];
euros_km_B=[4.58044423991481 8.886058124158682 16.73915661929373 20.037382936227313 8.394223283244914 6.380783159518198 13.84221327728416 17.032231134268873 13.655106945177918 27.22974860249521 11.594868251190283 27.32117642044379 7.177343168772066 11.222483903252355 23.54706408470925 8.384333764189874 9.582933767844064 12.686878411070362 9.463082862358931 8.248515764353446 14.951278706233078 21.171592715947163 17.95074138750756 3.7209733147587034 4.247457977556548 27.47701106931406 16.004807706103865 25.068402893539393 29.594779819276145 11.925567528883997 27.752179885743505 25.242696508648923 5.680028766833924 2.6867368717600626 11.07460312253003 20.991309984568424 26.541204329193384 21.10643159664306 23.898748917288195 28.56964786580229 19.033121729340507 28.492311649224263 16.875466066659314 11.745864153781813 25.67275952516307 17.423201082851808 5.882473335906275 2.7676979222507674 3.445473865923944 2.020913736861285 27.14975214111867 13.558797936680893 1.6442413523876263 3.6931484378855366 1.629915553688349 15.494672104974848 17.11360445919255 18.408890545814625 15.513035436724369 5.822917408578427 4.938859410123223 24.539849219204452 23.500070716942865 6.037769087944607 29.103804105740902 11.750310912880334 11.627706877586727 15.976822692684303 21.8972480741306 12.675167092089097 22.863347532691087 12.484481590521263 27.642860619724743 12.511735879754596];


nDrivers=75;
max_D=[167 163 164 127 203 140 124 165 157 158 170 239 149 125 198 225 150 189 128 196 205 203 231 132 130 234 191 187 145 222 192 179 146 153 237 124 156 214 143 191 212 223 240 165 221 172 201 121 136 202 225 186 155 234 239 159 190 190 175 146 203 132 189 217 160 199 190 127 168 239 170 226 182 201 144];
        

nServices=77;
S_starting_time=[436 537 592 461 682 288 76 659 375 175 254 345 70 164 18 665 94 560 9 99 276 710 231 228 249 4 594 110 520 38 599 644 601 259 337 46 582 451 550 60 535 82 205 407 421 346 542 483 312 81 284 118 317 222 573 468 36 485 717 491 442 571 403 42 47 479 591 688 286 122 188 404 620 631 448 625 623];
duration_s_min=[111 85 79 113 81 112 62 81 104 109 73 65 65 92 106 74 95 86 93 96 64 113 60 84 89 112 75 106 78 101 111 70 75 85 71 71 77 109 110 89 102 101 88 62 69 81 101 104 119 93 88 91 74 101 94 76 113 71 95 74 86 77 115 79 118 106 70 95 99 73 94 82 105 106 119 66 94];
duration_s_km=[31 50 39 54 38 43 42 33 38 60 42 34 58 32 54 50 55 38 30 36 43 40 38 36 35 51 42 45 48 59 39 40 55 57 44 49 58 42 52 33 37 47 31 51 53 41 53 58 34 34 49 40 54 60 50 33 44 42 55 60 38 34 46 53 51 59 55 38 52 50 58 55 42 33 42 46 44];
num_passangers=[52 97 80 42 69 62 72 74 74 27 63 47 98 89 92 23 25 46 51 95 99 34 74 92 87 99 31 49 70 66 90 92 56 32 54 82 51 49 70 38 71 76 80 99 22 83 37 75 87 66 94 77 28 76 75 73 68 82 80 30 70 23 73 75 38 85 92 49 23 43 48 90 65 87 64 40 65];
BM=250;
CBM=0.500000;
CEM=0.800000;    