nBuses=66;
max_busses=66;
cap_B=[39 44 31 61 72 101 63 32 30 73 124 47 103 81 128 71 20 139 96 49 101 136 123 62 79 118 90 101 54 116 73 26 47 55 98 55 140 103 37 45 99 54 136 74 47 30 132 47 109 43 131 133 23 42 20 75 29 78 106 25 41 79 92 122 90 95];
euros_min_B=[3.9305808808534626 13.033764111375083 2.9629394295727063 7.20619366018086 10.084101519634848 11.211337412519766 6.805311271511233 2.5177765515648307 10.413426685319692 4.178996634009208 10.135253304541031 4.323732405606601 10.048219105742271 3.328601734382912 13.375887925924097 1.1776120253585467 6.716184691595743 13.093761893644652 4.604013146481661 3.182565715231365 14.367282955995746 4.010076012351841 9.8018552704502 3.743439700566985 1.578092303164662 3.9880183822641606 5.960636859461815 9.487173128274812 6.47968548496744 14.544613261209431 14.645752514082044 10.962292227941347 2.9811807780440267 12.203792872897237 10.046809578105561 4.152833330391379 4.002429734190056 9.125411075406227 14.602828973290181 7.839011511296084 1.977945422695788 13.167228294407838 7.0648526337213475 13.237271471477063 1.3463705850895376 10.409745162096131 7.81962416591891 4.027852325975321 8.25011486622116 10.417050015575207 1.6365902295386325 14.127375333727187 3.3043204638574597 10.968585903246641 13.459388280845216 14.17572868655675 2.750525008661172 6.435851613914567 1.2027847667967906 10.965586997108154 8.924258001865548 6.289460416936999 3.9119898175309666 8.142354934288203 6.030462596886991 4.102727918244583];
euros_km_B=[19.120765969558647 18.848366385973897 20.646336023773266 6.208462011833095 22.056225608983784 2.427663859703385 26.05225354653044 20.44697462691569 26.632348779815963 24.193100945954587 14.2484036336085 8.827399420679324 28.544832071723505 28.668238543331306 24.361361285122165 28.349875284680948 4.930380763848079 11.018635739341299 2.792922287882493 24.08406509615189 7.791024589997851 10.668140072610917 2.8247927452414343 27.402638265359514 14.90092650077407 8.746352621037683 19.823254220506215 27.520429639269235 12.387994917321542 15.295385288299489 25.2211779341664 27.216139071264184 24.30874659409701 13.549249173713772 16.54624167140223 4.301726987580784 23.271244061857736 4.918333256792746 16.360084911823655 7.133052480898635 4.457055754788401 14.102760321561707 16.229286600581574 7.0867228668933 27.914541270671045 11.230934742888342 22.52229817229783 23.71529699722154 20.201696640681483 17.898074616696668 7.214716026068286 17.270715735829217 29.228442292440388 12.53335824572574 18.464641207604707 29.393493638092185 25.20543743473788 12.939525252718928 14.955685381329694 9.87848652419031 24.50724894049765 5.438957031171957 8.444571432400085 2.0852714932314202 12.544056218419845 2.6552475930978057];


nDrivers=65;
max_D=[195 160 204 128 238 125 196 169 235 162 220 170 193 209 197 237 236 228 139 125 144 233 149 236 122 155 197 201 192 121 168 216 197 232 159 212 164 207 200 131 201 154 197 168 225 235 197 203 197 177 228 225 220 144 224 181 145 155 171 206 128 180 188 122 232];
        

nServices=71;
S_starting_time=[194 189 120 717 478 666 485 114 263 634 375 617 286 441 177 408 291 73 451 314 714 179 293 544 663 538 388 363 160 245 115 634 466 389 398 225 467 42 419 296 8 355 253 451 659 147 688 216 108 19 265 464 494 31 251 445 298 557 401 481 521 14 303 273 698 231 501 31 308 496 316];
duration_s_min=[84 60 91 94 120 106 86 81 94 66 97 68 79 88 117 94 104 84 100 119 92 92 89 70 120 86 86 79 66 118 116 98 105 79 96 118 108 111 63 92 108 60 83 109 108 89 86 64 85 109 98 68 119 71 104 91 119 100 111 93 114 84 84 83 72 102 109 119 108 88 116];
duration_s_km=[60 33 36 55 49 36 36 47 39 51 42 58 52 46 57 30 35 44 38 53 34 31 36 48 33 54 40 45 31 33 34 39 33 60 51 58 35 33 58 47 48 56 35 46 49 44 47 59 51 47 41 57 32 52 49 36 38 43 49 60 47 36 57 44 54 45 56 56 33 32 54];
num_passangers=[74 60 89 31 55 79 50 47 90 49 97 80 83 43 53 68 30 46 94 36 79 33 96 84 78 65 64 36 28 34 23 86 82 64 55 30 83 91 47 54 36 26 98 28 97 33 55 70 32 96 66 26 31 58 23 28 37 92 53 99 80 85 64 71 67 98 32 96 75 40 95];
BM=250;
CBM=0.500000;
CEM=0.800000;    