nBuses=102;
max_busses=99;
cap_B=[46 67 81 118 103 77 113 96 128 62 72 22 87 78 130 46 127 34 50 39 135 81 59 134 22 32 20 22 23 131 126 80 113 43 137 71 54 39 119 21 93 59 22 46 121 127 37 104 30 109 90 54 34 93 47 118 84 81 117 37 129 119 50 103 21 76 74 69 75 85 88 60 50 84 68 96 60 64 61 45 117 76 116 45 26 106 28 72 29 33 123 123 118 63 56 45 101 80 137 89 93 87];
euros_min_B=[3.2173199736670934 14.198742970689448 9.99265895647831 5.089188082864957 8.725961531904275 11.42396216221395 3.433413245803044 14.425805449834513 14.598617593543532 2.096079007685196 8.270824387050654 5.6675338954134435 3.400236100678529 1.3631682958523013 5.28577818338313 2.6611057870636605 4.270187810666639 7.284958092790144 9.896218859134926 6.607150365164239 14.428712306502764 8.794012245478509 4.281269315211942 5.0352714924187545 7.916245947246625 14.763097188675607 11.512891229411242 1.229169943917967 9.638466125605913 14.835139999224177 1.7823633929322122 13.707991754557687 1.129210177534546 8.650914653141996 1.9210522978734883 14.09043535452974 2.4540604634558316 12.57145681457093 7.727468745276069 12.495772213883475 2.1491427291614684 1.5507557132742777 9.492276404206404 5.181641442058555 9.681080449867578 1.8153520502615823 4.036771139898737 6.955072164870426 14.121446295167633 14.93104314309641 7.756980777404931 11.555971194718378 12.55207130762461 2.152813602355157 10.80196634197654 11.25927199733779 6.681210737941207 5.473795778169952 3.7767729893833484 13.421086523443803 10.77861364245229 14.552861844719096 10.902084719138124 11.404144113115683 11.540908036917173 9.888262538480898 7.179249270273503 10.350421460341202 6.528151390226617 13.583467495484092 9.03133004117042 10.217341491134832 2.8760108385900094 13.459597911551514 2.6362444010627417 13.28529074872956 7.655552421083506 13.095645356989655 1.3012434350890016 1.8198911941734541 8.267204495029045 13.783962986199453 14.570922589778895 11.590968551549484 5.392296988307352 4.088131502671846 13.381622224970599 6.7422825382187375 11.383827137751272 2.7389421456404612 8.341167105049168 6.910293574824379 7.5810114585546 2.9716324896409634 14.384238890838171 4.387842388412376 14.02618300994046 10.106709704140334 5.8604687018291575 11.26489948723036 2.7086137865499023 4.644064386650134];
euros_km_B=[8.302760119131701 29.053353002732628 15.529179697576435 15.707099764084495 6.504331354937896 12.507941312384128 6.795098476075171 12.55540318109526 3.8937153974668286 11.752302045381782 27.27112774178359 26.14945778762525 14.618300656428993 29.233236870901457 11.099524955554243 28.673952798329044 10.257684999933897 15.307115210843634 12.11862474291926 26.897080897454458 19.682853743181496 9.451336710769564 28.966873728041097 18.371149548555774 19.64869369568759 11.234647169342013 16.52144853632945 3.8652590367555995 1.7266815218274219 13.930310615028004 19.042315498669808 2.3368338421648973 28.315729253873155 6.0812839193283645 25.854922148142144 7.054156411306245 24.481652142165597 29.224262945426563 12.149199207406637 1.649912408965727 14.472815527959769 4.946697492947829 15.022854404251632 18.854321704691777 16.39137064316104 18.741344279633992 5.758602498399104 15.432005776351872 6.468650253117486 26.246583807083766 18.59383474107532 4.151188931347974 25.047680907781128 14.469090288110817 18.935012289399033 25.5750470362432 29.210130918059058 3.4650244973333075 13.470577990309136 25.98739642304372 15.045720171175736 15.22382213355156 4.500654531518617 12.888281652866443 1.0647216739248662 4.822952858966234 6.058369994601009 13.985017415322867 9.879271312207962 5.355485720785575 29.273974101320732 3.891871187507775 20.336672926085544 10.829366608847637 13.742693870938902 14.541212625442755 29.805129278693748 3.9841800597335237 14.020138778967018 2.7903775165123434 20.597770269180668 9.94840677318124 5.213873061651445 22.125577086583814 29.903111186675865 27.500257191556678 10.82774401158281 7.030499256796206 26.678178842318093 28.68242638421425 8.267554478867307 26.999184867263814 5.797782882872448 4.180653704735491 8.272920136777017 10.868336504541158 24.25019925547191 18.46195403230516 17.34886617456549 9.842816352652878 11.314140615867492 5.262784871469332];


nDrivers=100;
max_D=[212 164 237 148 211 219 218 227 187 214 180 212 200 225 225 190 130 173 177 211 139 173 128 159 224 129 185 122 238 213 128 195 137 170 185 130 160 129 141 174 151 133 236 223 230 191 207 189 170 191 150 218 210 208 156 194 201 171 205 213 183 168 181 150 216 172 180 199 123 206 235 189 205 184 232 236 152 215 196 147 237 151 142 145 121 144 155 184 195 221 120 224 121 133 229 188 229 227 170 221];
        

nServices=107;
S_starting_time=[605 586 560 290 695 520 237 85 617 571 599 109 688 272 365 520 123 320 452 304 139 560 393 184 193 429 592 598 430 332 553 236 695 368 71 53 221 434 395 24 444 100 293 352 433 383 497 317 657 514 559 495 131 273 693 508 635 236 539 164 48 148 70 556 104 465 44 358 37 252 212 231 314 289 537 78 216 521 656 231 575 421 601 198 345 618 173 433 460 658 672 114 455 53 511 621 79 715 200 80 695 69 175 521 228 705 454];
duration_s_min=[60 91 93 117 81 69 112 88 83 99 115 73 69 100 96 66 118 91 91 78 92 109 102 62 88 92 68 60 79 109 116 66 77 81 72 67 103 60 74 93 61 86 96 115 75 98 114 117 65 99 80 70 93 64 63 94 102 114 93 119 96 103 99 91 75 113 61 97 120 75 104 101 104 73 116 88 93 77 81 89 97 101 98 108 68 71 72 85 105 77 69 85 85 99 97 99 83 71 116 87 73 79 111 109 86 89 66];
duration_s_km=[37 45 38 32 32 58 60 35 39 42 48 34 36 40 50 49 60 30 55 35 51 55 41 50 38 45 52 43 57 38 50 60 57 59 34 48 40 47 34 41 50 40 37 43 38 56 54 49 39 59 56 48 59 31 31 32 47 59 52 42 40 34 40 51 43 38 42 31 36 50 32 32 42 38 42 42 52 56 53 42 51 33 46 55 35 43 53 40 57 56 60 45 50 53 36 48 56 51 49 42 41 30 45 50 37 43 32];
num_passangers=[29 48 68 23 74 23 64 98 86 76 31 89 44 32 78 84 33 80 54 89 40 56 64 48 99 53 41 40 59 45 95 96 45 42 29 26 55 40 77 42 50 35 66 61 83 100 83 100 43 74 58 48 75 70 64 56 83 48 73 51 81 23 78 91 87 61 95 94 70 45 86 20 22 64 97 54 85 77 45 73 46 26 87 69 25 86 21 79 23 28 72 44 39 27 33 73 72 72 90 55 92 88 83 97 54 54 29];
BM=250;
CBM=0.500000;
CEM=0.800000;    