nBuses=98;
max_busses=95;
cap_B=[53 105 35 102 41 72 54 109 22 54 106 86 55 99 86 68 110 107 61 119 40 66 112 66 37 60 33 65 59 35 29 48 26 118 39 29 38 92 60 93 104 89 66 32 107 83 34 89 98 70 71 21 119 23 33 76 24 27 65 55 126 57 50 32 104 97 80 54 38 51 134 71 20 107 136 136 101 125 37 69 139 134 61 65 66 81 99 103 50 132 121 71 140 34 46 103 140 114];
euros_min_B=[9.039481719644236 13.810084737489007 2.856976895061382 13.461648244500575 7.76271070084294 10.788486091072246 10.237810259701535 3.002270899165569 13.763457224975147 4.050241826343369 9.598038610159005 14.183809485260845 1.5450789420976807 14.884703181409767 12.26899381976224 4.816035648982648 1.395785393693346 10.916438653755158 6.182200965924596 6.644917525388706 14.09504900168176 8.37761590512297 5.286372456602517 2.485782182648329 10.586322348863211 2.815921678510475 3.345831079845342 5.021212754241418 11.004749199046765 1.9388147143195664 14.847615174272752 6.208520199547479 9.518630327028973 8.285136261380448 9.169115886743779 3.4598591750628858 13.700844612781069 13.761945339619674 10.041847224582659 1.2152126564748578 5.302176287933399 1.146703822327953 2.828733206964033 3.5783795857301586 4.216981890432962 4.2472044964921265 8.35987058983134 4.944988401338436 1.1547807533789325 11.016850672617988 13.946826109302792 3.5170953879824296 12.932757723341771 7.008494941874317 2.9680824813285858 9.189286591805608 9.205597557516729 13.079318098903585 8.651480495363046 5.86716504476618 12.975257979432161 7.91565671325173 4.537617240598595 5.564807821820175 14.7913618642064 4.663946668489377 9.525690620369645 3.580873628409411 1.2581082178882774 8.160001063617504 14.857109363946332 14.548167236717902 13.173822128732205 8.127580424486073 2.619584919375793 3.0958867276966715 13.297557997356876 8.690845960946792 5.038950585774337 3.245650145862927 3.000915907714222 14.480872329108296 2.154062597463903 1.2809616078891037 1.2444387123986185 7.786800056555165 9.41864052495982 7.704787938697705 3.7974242107155467 2.558072506825469 3.7165979467024672 3.6163196037566028 3.0890023682435785 5.845585962821472 3.3729823159258023 9.180545750478034 8.344744309682824 4.952993889320107];
euros_km_B=[15.508061539031095 26.040380313147473 4.646708905148923 18.91770376191278 22.31422374381583 6.015115782305553 29.527115118134084 22.256126450540567 28.666137105834288 15.074642189256354 21.785381154703007 3.0816714615762058 6.908502676013481 3.5568046893557117 7.0721115574400635 9.209003603471874 22.657205479573538 1.9646317442941132 28.922424203891755 20.33203440025818 29.43909791446059 26.658273156544954 1.4727872942568627 29.314598608303193 11.277349616425317 1.9651297916215384 21.658853783949098 25.72813539605078 5.081341951172067 12.622762259722467 16.835730644356758 9.753952148933436 10.824765502518051 26.877907955213328 20.821849885684085 20.774537698302606 28.84928622910173 12.33481633592165 7.989863331081062 27.181428256119247 11.40694935139961 25.980631618555165 26.700302394346007 26.790663926683507 10.232108175149579 12.85849018738397 20.437658974124005 7.793453473916266 21.38628410116097 9.650270280103983 11.634649996966909 6.520509008600163 12.006826181845494 25.82263113230871 27.226261858545353 24.106213603142344 18.427103741619096 16.23145225763902 14.595233838276584 13.580411337606199 4.032100419663943 3.0130070048984674 15.232563358479553 6.487043910655904 1.330005472522259 16.85866351113889 20.94324882471053 14.025708107176905 8.037596362512229 25.08804895963689 10.739493009627859 18.13165218059577 14.6447822497263 16.159052876425 5.482054837589977 4.888128279464772 21.88146166091294 11.640617965875455 29.687218035453302 11.347255522951729 28.99143541058157 29.66353641363749 15.514349913462521 16.19747675062692 9.197053033768709 16.19803093412839 20.781203537251475 16.1532949875106 13.454535875317005 17.638269393777122 11.91860857454062 23.819363115103478 17.007801148574472 4.0861696383881005 20.358238830515415 7.542145407709951 19.920883755943375 13.428750919501745];


nDrivers=99;
max_D=[192 209 176 155 123 192 228 142 184 129 159 151 213 156 186 197 235 220 160 135 137 237 184 209 199 227 182 205 133 167 149 230 226 126 228 199 233 180 142 185 150 138 134 168 157 159 180 201 180 182 222 178 170 164 217 205 196 172 202 189 172 163 240 187 188 195 125 146 228 146 139 151 217 146 192 191 173 148 234 180 233 195 191 193 129 239 155 159 222 240 231 165 238 128 209 187 129 210 174];
        

nServices=103;
S_starting_time=[193 566 200 675 702 630 264 29 171 7 34 432 671 180 289 297 351 113 698 413 677 290 58 381 102 366 86 433 139 273 76 103 434 281 206 125 350 701 270 375 483 472 88 24 327 622 572 379 102 27 345 327 281 677 290 253 435 627 387 590 79 694 182 539 719 339 328 37 258 579 409 671 144 616 415 161 273 185 128 564 166 613 553 189 270 251 300 375 509 388 526 424 10 57 338 329 325 583 193 126 114 341 467];
duration_s_min=[84 91 88 71 65 115 85 115 67 60 97 96 66 109 111 102 98 107 86 101 73 85 103 101 93 89 89 81 118 93 69 96 110 80 62 103 92 88 80 87 89 104 92 85 80 79 104 109 60 108 65 78 85 103 102 98 87 73 85 106 107 76 89 86 92 114 81 114 112 73 101 66 89 76 120 88 108 115 114 92 71 66 74 118 84 79 87 93 79 109 96 108 81 95 101 91 68 107 67 98 96 105 117];
duration_s_km=[53 41 52 38 46 51 44 51 30 59 35 31 32 47 47 39 30 46 37 54 36 39 35 35 41 33 59 50 52 49 54 38 31 40 59 39 59 44 46 42 36 54 52 57 60 46 40 31 42 38 33 53 45 32 46 33 50 59 60 50 59 39 42 55 45 44 35 45 41 54 49 43 54 34 54 60 40 44 44 49 52 30 53 59 52 36 53 37 38 49 51 50 55 49 35 59 60 55 57 37 38 31 30];
num_passangers=[70 81 55 29 66 82 46 91 95 36 44 96 95 30 47 78 56 61 87 50 62 62 66 43 45 50 31 75 48 77 88 43 96 48 44 49 58 24 21 70 23 75 32 43 30 26 85 78 78 60 52 58 68 20 60 53 68 60 84 61 52 96 22 37 40 24 77 73 30 48 58 73 92 55 47 48 20 79 62 97 39 21 50 72 81 76 37 58 62 54 74 57 81 91 52 48 65 60 22 59 77 33 68];
BM=250;
CBM=0.500000;
CEM=0.800000;    