nBuses=103;
max_busses=91;
cap_B=[59 110 47 107 106 72 100 134 140 63 125 71 125 65 101 138 68 123 52 35 85 117 34 58 101 88 65 54 77 22 91 99 44 130 47 87 86 26 67 129 120 40 59 77 67 131 59 117 43 111 124 35 64 37 27 28 20 88 131 100 72 74 54 75 96 97 22 81 20 45 29 72 140 94 42 124 60 138 42 129 89 73 139 28 77 140 121 126 103 115 93 90 101 44 125 43 125 67 89 70 50 78 79];
euros_min_B=[12.326347170379254 9.712983430148793 5.9269984478890825 4.490872474736769 3.1869811656794673 11.621381529898168 11.287624861598548 10.928751466318584 5.587286762895941 12.466019593205521 11.631231434738064 9.876080649757178 5.841278770255753 10.773712409830516 6.171472372089939 10.51731661894231 9.716932962057811 10.91325290906751 8.438467245843757 14.253073486297756 4.967445506766401 9.486476661100696 5.665011147018483 14.678852300487302 6.004269432613048 10.987429590275179 4.8355065956706405 2.093395337994977 13.399979990228832 9.612670157231818 14.182390871766547 3.665458811869793 4.654854376148299 5.795302425275695 6.622580195471425 7.414217089119053 4.039065729863427 6.268109196039791 5.132680581944204 7.835042527917641 9.417589156455424 9.245456777784055 13.677443173324667 13.230483615213736 5.495863424388885 2.577691035526528 4.467230026939917 4.162655276072354 7.237438264872597 7.9161408260142085 14.906758839331086 2.412202759940887 12.218363708946484 12.509078337527146 3.6734530554351346 9.112198221928551 13.771833189119532 7.029883795211732 13.20741952913677 14.793740772108109 11.457946290230293 2.7763355154249467 9.850477546655291 14.89829682835992 7.61380369157793 13.099812696179182 1.6194128168760036 6.868150844931213 1.4318210843023178 10.7170075741638 7.805240062096519 5.6184647499793 8.986696883358512 11.17659108339344 6.3322524072092765 12.746893670732387 3.7237798858662154 3.7762573048932087 4.001827597169954 12.053096522492504 13.828578617065691 12.511324172693174 5.254791718741092 9.94433016723158 12.124478970328848 2.673025804338562 9.047230865545854 3.67593466809167 9.997121205765838 6.430734539959854 12.681328139686283 4.510249624494149 5.425367869190971 7.616652887902668 3.677087726414093 9.848939788057782 4.703689255313606 2.194594920192955 7.585702484221463 9.528060392196751 14.573235256818151 10.463783047645151 10.560075286081686];
euros_km_B=[12.564293030801451 4.252799368675058 29.10088479682439 14.142707927834223 9.327088267232844 27.682050260728726 1.156183458540877 19.669087669031033 27.205686352831314 17.954013669320542 16.11240757840133 1.3163771242282307 2.6337589109544877 13.014836217575834 11.329258762155305 18.229868738417817 23.974561331130104 19.95890749906023 22.465252047392894 7.904944144063156 4.929434721733873 19.026925748302506 5.932627903930339 25.801367140651493 4.538523995063777 11.338150473010213 26.723208001908155 16.330001328293083 12.890569319297137 18.464747340130334 27.61206864926027 6.998171268016169 8.966765023702157 26.519034796367734 29.545926447694995 29.817437541095373 28.824783209375546 5.123545422339342 24.39083588464472 16.51832467026731 28.455898073183526 27.67079694847108 17.48150976755237 4.217840325241201 20.933940299736392 22.624236314152313 7.861779630893089 12.763228822590364 7.517841088274587 9.88872037700291 7.9137049192662134 25.366431907849893 29.158709159411547 23.571953801029984 17.951526937340457 4.741470596999495 10.293535901221613 19.62937348703221 8.663960026157248 17.735274842736672 22.37238214779965 24.87071066049838 9.809443781671026 6.292763373615458 28.9680078034963 26.395307578430764 4.821863786772991 22.202008403595386 1.7457756131519666 11.896017811353909 3.888846006910511 14.539497216317793 7.511618689446767 27.376499900989696 19.4526588060188 13.110220832120147 14.235422147656074 28.799087821353492 4.23628012476385 9.539039021794704 11.823066600083237 1.6938854695207466 2.155766275194071 16.200984935170133 1.6057388827877093 23.683648814233823 10.369828501583015 16.685552986666934 23.049208605198938 24.370445942042394 2.740352909901797 1.0363585897408245 13.299571284813789 28.288787091789718 3.2797987081120263 13.728132439365558 8.74705961708771 2.9932722437732893 7.307375068656733 24.45298790903394 7.315629633805101 14.938536253970215 6.865059082493035];


nDrivers=102;
max_D=[179 235 210 124 163 202 120 222 175 159 218 186 215 198 150 156 172 181 206 159 160 215 201 201 143 191 169 239 186 195 198 187 126 212 225 181 134 167 189 237 133 183 203 147 202 204 197 213 229 176 173 152 224 166 159 143 143 170 149 233 199 227 197 173 142 206 191 217 161 227 223 133 212 195 209 123 158 159 237 164 240 220 159 134 235 205 233 222 177 155 216 172 212 129 125 224 220 169 239 137 136 208];
        

nServices=105;
S_starting_time=[35 200 491 278 191 522 645 360 298 4 633 99 468 62 222 327 600 547 679 438 229 181 625 21 401 96 708 593 496 22 440 407 270 199 602 558 489 547 460 269 577 555 291 490 397 159 164 211 524 636 570 719 288 680 114 88 68 628 70 406 467 250 652 679 595 320 190 712 173 180 396 437 548 670 478 203 378 120 40 143 27 697 440 342 646 673 371 710 55 696 201 400 565 434 332 80 540 385 245 562 165 172 669 606 244];
duration_s_min=[106 81 70 92 60 117 83 99 78 70 71 71 79 89 114 106 73 89 86 73 112 86 99 64 71 60 88 89 93 68 83 74 117 88 113 63 94 67 81 99 118 119 108 95 85 116 98 70 86 84 79 68 62 68 71 72 103 100 85 116 98 88 118 95 90 77 90 100 80 107 69 73 106 84 108 67 80 118 102 77 90 97 96 120 63 71 96 90 74 71 79 97 118 62 113 89 111 89 112 67 69 75 105 109 110];
duration_s_km=[50 59 58 59 50 40 48 43 37 36 45 44 59 51 46 58 56 46 43 37 53 46 42 32 32 41 56 38 57 44 42 49 43 46 36 46 31 34 32 53 55 59 49 31 39 54 47 32 54 37 46 42 37 48 58 32 40 32 30 49 40 30 55 47 46 57 41 51 57 45 51 38 33 31 51 47 44 35 40 56 49 36 43 31 58 57 35 56 50 57 60 49 50 34 32 43 50 50 44 41 46 42 54 34 33];
num_passangers=[24 98 86 56 70 23 81 38 45 92 64 88 21 30 41 49 81 33 45 90 97 72 38 52 68 49 73 32 32 63 70 74 64 34 62 94 26 61 30 59 83 91 40 44 99 98 42 98 96 82 41 69 41 77 38 74 81 38 22 50 50 31 83 28 47 36 77 99 24 30 83 37 49 84 88 37 56 44 37 83 94 61 87 55 84 77 98 30 44 99 76 49 23 57 34 32 28 35 47 58 80 98 20 68 92];
BM=250;
CBM=0.500000;
CEM=0.800000;    