nBuses=83;
max_busses=74;
cap_B=[126 76 57 40 106 72 65 46 67 33 133 65 73 108 66 126 63 47 33 28 129 98 55 29 26 93 20 126 100 110 46 129 122 93 79 140 74 136 42 116 101 57 79 125 40 75 68 120 73 93 79 102 134 137 125 74 99 114 108 32 74 39 26 66 104 80 20 73 26 98 130 60 26 133 131 58 26 138 40 139 129 140 82];
euros_min_B=[1.0636324545018876 4.743230419649928 10.254179462058918 14.28227009166325 7.082066724901972 7.77859327678508 10.293727273997613 6.954102375188399 4.748681175500449 1.1878954611265145 4.782916355021928 5.464977723828421 6.6409960685660865 4.735873249337818 12.036989824241843 7.083947982431197 11.583129182470383 7.480867221776238 6.996639147209537 8.842676330817588 4.680869816113818 4.297883960549103 13.678297373395353 2.006044806285206 2.0843170604399868 8.930282895216143 3.2615342341283275 5.14601864414158 10.518987921707357 4.161022300127879 13.005554149513216 12.21200323577872 10.820599733133458 14.715904362210322 5.987894770492018 13.138648933943793 13.918293223133023 8.428433105809031 7.112901565368072 2.1193635391889516 2.150708201306708 3.609799908994399 12.063559455551923 11.19845083504511 10.861572132562474 8.08434994356091 1.086947282885635 7.891177859805787 7.03239026688811 1.2404989849504493 4.55617304964936 3.9451569885285247 6.368517944978651 7.379493392338178 7.045677346089865 3.4652226743617343 8.133182005793971 8.784677920868369 5.183233413050228 11.129247968942263 3.8238102373407528 14.940459660804146 13.657741500956286 11.895594689941698 13.608488462109793 12.562122860805859 11.708385499810415 4.563720709279659 3.463596178514198 6.694932604499337 8.148754345648438 13.798607349356322 9.648827762182936 4.574456118512243 1.0038722377699687 10.00832033354036 11.599607184269782 4.457775166724346 6.753162750668679 14.006879236967363 1.0962290948526887 6.378343186931221 14.895314988521855];
euros_km_B=[29.117248885186008 13.918945972380213 27.13085270544873 23.88424325136114 6.00348113817829 25.07547825480324 28.179886386866425 8.218056032017246 3.8235839067743327 16.391846023204018 20.72355164775036 20.893276312250233 10.229494731541836 19.162321585904483 3.7414618051354482 16.196684353115057 13.704811324114749 25.781775862191676 1.6472813832706388 13.38733457615696 4.0582220955476815 24.494133532595328 28.512908850527914 29.255330587211347 1.3018966663153742 4.321293872751759 6.040811830488156 15.244733752882555 6.096175755557871 17.460091554284872 3.7871103543348004 24.576661734772074 4.306965437297066 13.867460699032033 19.02930564432738 3.231395591458252 13.230519095851475 8.744022344274692 10.709385988542511 7.813693315397502 26.808693872308694 12.372662183681946 6.623805604173462 19.741627230973144 6.2179043230322595 19.81267075355402 3.7609236280878786 24.87672023806015 23.845499149098288 24.289911229079053 11.556521158045468 9.573354714141603 2.1166002780743747 1.8152449169234688 23.160026350756137 12.482526419794343 27.360775488621403 21.74528054793198 29.005993029889463 23.183084939825214 8.717482943689092 7.3082989190646455 26.49798759119844 21.208719375802904 29.873762403708533 27.13898012503093 18.211001523110188 13.65220639777511 17.294348530626397 23.083586576316886 14.192358077763663 14.313068634680102 14.347303542047896 2.544721510427078 18.904634075146976 10.918079911802083 21.268036923512092 1.8789954981812373 27.256529954991628 8.306476206677683 26.797523156838785 16.531705619173167 10.891917574971433];


nDrivers=82;
max_D=[153 179 163 153 176 149 234 155 160 240 236 216 159 158 155 216 227 171 226 145 235 214 205 143 192 209 154 195 149 127 216 126 195 165 159 143 172 238 186 148 176 219 215 182 186 208 233 225 183 137 162 177 134 227 154 157 132 120 206 147 166 239 176 213 146 219 159 238 127 141 146 176 156 191 222 139 221 181 190 210 236 223];
        

nServices=87;
S_starting_time=[638 249 303 372 518 692 690 568 508 273 582 238 294 369 423 719 19 544 591 701 660 431 700 82 82 188 329 657 36 187 425 532 262 562 634 26 214 409 589 133 220 369 293 694 63 697 303 146 160 400 495 668 545 632 352 407 179 78 262 335 179 255 121 492 689 222 128 2 6 632 583 172 655 167 238 20 195 332 385 294 273 474 86 108 105 231 127];
duration_s_min=[117 107 119 70 108 77 92 114 108 94 102 89 80 75 69 111 107 100 76 75 105 65 119 119 66 81 86 89 65 87 61 103 68 105 94 113 101 104 69 110 92 88 112 88 113 116 104 69 107 73 72 72 78 105 105 113 90 73 65 103 72 108 96 95 68 113 66 78 111 110 105 74 110 110 68 112 89 90 65 71 100 73 66 76 80 97 106];
duration_s_km=[33 39 43 51 59 30 48 43 50 56 51 54 46 50 39 40 37 55 50 47 54 46 54 51 32 41 54 55 57 37 60 57 59 45 58 45 53 38 54 45 44 43 50 52 54 46 37 45 33 51 40 55 43 44 33 44 34 52 42 48 33 37 60 45 47 41 48 49 57 55 51 30 53 45 30 57 34 59 33 34 38 44 37 39 30 37 48];
num_passangers=[65 82 54 40 44 29 87 87 87 57 89 80 32 61 92 52 96 38 34 84 61 68 31 53 64 21 77 60 53 45 24 85 70 49 74 71 61 99 78 93 50 51 83 33 97 55 38 95 88 61 90 37 53 55 30 61 57 22 52 54 40 37 41 28 26 75 45 91 86 83 40 52 56 64 82 31 63 21 20 55 66 71 46 79 20 69 33];
BM=250;
CBM=0.500000;
CEM=0.800000;    