nBuses=124;
max_busses=113;
cap_B=[102 23 87 82 68 56 66 56 53 41 131 82 67 106 22 72 59 23 24 78 34 90 89 46 59 99 29 114 76 101 94 26 127 54 52 133 94 37 133 54 63 119 72 72 61 25 76 101 123 61 85 55 60 91 118 48 93 70 98 88 112 99 100 45 24 74 88 73 77 127 111 20 54 56 59 56 84 104 57 69 112 38 21 133 132 120 80 102 39 21 126 72 115 114 91 129 70 93 111 62 125 120 27 104 22 40 87 88 75 90 61 39 136 64 59 31 72 71 52 139 23 37 53 63];
euros_min_B=[8.951143257006908 12.654934872716217 10.454174158898246 1.664127334746241 14.76009457145813 13.023785319076408 3.377291204638481 13.396382432780733 12.973168975895295 9.255217158119923 6.438554354347572 8.195878559600754 11.770440968447065 11.367406357999034 9.78254786953539 10.30795147416086 13.827844121321224 1.319737463247931 10.163332968196748 13.44438066886513 14.92238655249346 3.5094892385257594 2.04730127613735 1.945013678336787 7.652476247967767 9.614792230507833 12.947480125008664 9.763823044736082 7.866840550422437 13.60463812562448 11.442967584455118 12.458405980467235 10.86311422725966 2.7287492288224424 9.676550353766865 10.063712915020105 13.73848572452093 6.845946643442978 11.812018936459122 5.181401900517488 7.018846249338884 10.352893031407893 12.415853018728251 3.268688939437772 7.374198045060883 3.1351269659387375 14.375386712786138 1.4954794534340243 11.08644983442062 3.639794087000503 11.378092959177694 13.045435221276794 2.9364905866453874 13.771064356175385 9.353398324226477 2.7373265412301127 2.8871112390693545 3.9839137488648957 5.054521025527093 3.294583285482914 14.34286849203455 2.264915044104291 12.829032236988063 7.547984769325198 14.834990422971902 9.843995349369642 10.514944145183494 6.972583533821993 12.874714891200979 10.806692941276133 2.5957426088293545 4.7601967328179144 10.557544591962163 11.531322868211303 11.335996488797862 4.109168092693992 13.784442957248109 4.381444710257926 5.510854076273592 2.824174735110923 13.452827760653369 9.334941489110863 13.716303002700844 11.731854501989046 10.347733808657537 6.23983070263402 2.1149107475044113 7.739217970651142 3.3464620203161024 2.920342748195342 1.0508858948947906 13.332737387024125 7.634183558299583 5.330064362992566 2.2315915124556343 2.281012966207088 7.2527433154834835 2.968285064400064 4.84102507233023 4.01504450845122 3.7017218391138957 4.097160515400974 11.130441108044309 2.8775789858517475 14.115569857380462 12.751614289637072 6.328201085041721 2.5181034434567326 8.114013690820938 11.381019198997258 9.239840953661425 9.217063835292844 12.308130797595394 14.507955470656032 14.970366282249383 4.798268754325377 5.156638157057964 2.6096307571509705 3.2160370700997527 8.27076597165986 1.181548194903656 6.001969581733052 12.677867130085385 10.328634949713203];
euros_km_B=[26.973112476916693 9.89861774725119 14.567441259912401 24.480460192260818 14.776022748503795 22.693679211218864 27.91216923867953 6.7593731830811095 22.882877778329473 19.31607799685386 3.630405528650914 25.84765012584705 12.2550603118764 8.559036869044263 15.98192217019656 19.455691889606243 11.936191355865306 16.647116974180918 5.498029710580861 2.874420549032485 2.6940968315086353 25.40376309658002 4.4022009812654135 22.101075581796106 13.502459605418174 14.114426457349579 15.212240050035934 28.999488469321157 5.5872533171514505 2.804448998431703 3.7932786509570517 3.100554412498572 5.002175962347755 22.458326784187353 27.004517779863228 20.388431349439347 29.228908724148766 23.04997662139424 6.096830251421758 5.237821994927066 4.598359204605975 16.1803091587808 1.0403981566727931 21.217495216453816 4.371124932069515 1.6068505132198507 26.12660829199415 15.942424088823477 16.625484570188057 23.129075589162458 15.726024481095143 9.524538763439311 7.968711744188016 2.6039253271906095 8.29774636988845 8.884910754981664 5.866416093753647 15.34073788936133 5.998858325344406 28.26702411355686 3.503132218725681 21.012951281261753 24.718804777527705 26.79919486497186 5.685266528302205 18.292283669192255 14.5886225590402 17.512302345940334 20.96110042172047 16.90408850881776 1.1995886458446996 7.576314519950008 29.445589270651354 29.14685464206215 25.32432759980176 8.72610561020691 10.621617143123679 13.168906768337225 29.235293550413786 1.6658706870666657 5.768841780796499 14.007449731706123 8.895134149573632 9.578147375941171 10.028545278782865 12.750450858606818 16.14609001396103 3.2375452403689735 16.12977052125222 14.681332408094683 4.218788497813435 24.006010883569576 23.325958193287516 26.734592943315572 26.393524118717302 2.8672820183142025 23.64853506225258 10.099012111795027 2.695864433088637 11.51069193971217 14.481646428497223 13.52010663577259 28.45815041001998 19.486703892977953 29.740009426887276 28.17623244687054 7.059759830329919 1.7677764193155154 11.361770364465793 15.818786970963203 25.934260311546723 25.22494763206794 10.470718737828237 10.429955453521517 7.284886928691408 9.313860343570852 2.8350275187416276 3.8385046215208725 9.83540126915496 29.284655857869183 6.126270616474105 1.3053020738605108 26.105524976354893 19.14085038501494];


nDrivers=122;
max_D=[145 137 232 199 205 203 166 193 140 133 127 189 203 227 129 187 195 146 172 186 239 124 174 170 205 233 163 174 220 160 169 233 138 231 213 174 125 190 191 142 193 185 175 205 149 167 191 203 177 177 188 239 139 225 188 172 156 142 184 236 180 163 132 223 197 182 223 121 167 240 239 217 127 163 217 231 144 171 122 145 162 232 190 193 225 148 136 197 230 169 154 149 203 141 153 213 218 210 163 206 200 148 172 221 167 138 128 163 149 194 182 167 199 203 149 139 145 126 172 187 204 195];
        

nServices=127;
S_starting_time=[708 97 241 52 705 107 706 288 209 124 437 494 145 159 395 559 380 184 716 606 345 605 182 486 167 419 249 376 487 253 327 604 0 320 221 115 444 390 96 300 83 192 330 153 45 583 67 307 627 574 304 62 65 450 500 690 208 130 127 624 374 526 344 454 184 60 556 87 34 453 577 131 146 66 11 681 529 632 646 518 6 102 253 648 385 190 518 609 360 216 264 376 378 377 78 246 718 406 662 708 173 68 233 377 180 31 367 218 587 713 367 39 650 484 618 146 705 583 696 445 231 382 159 256 464 237 38];
duration_s_min=[65 119 117 86 67 80 88 113 63 84 109 90 98 86 94 90 95 75 63 60 85 113 113 74 101 84 62 82 104 69 87 109 60 77 120 104 105 72 73 60 84 100 61 74 94 66 69 95 119 96 81 64 111 69 87 87 77 64 119 102 107 114 87 60 60 111 75 93 92 115 96 117 92 95 105 92 119 101 84 69 73 119 98 105 103 63 119 79 68 97 79 116 118 97 118 108 68 94 68 81 79 74 80 117 105 69 119 68 91 73 61 66 79 80 110 86 68 88 84 87 99 77 76 117 95 72 104];
duration_s_km=[43 40 31 30 38 57 49 40 49 57 55 47 31 37 57 57 49 46 39 42 36 46 44 37 58 35 52 38 35 35 33 44 48 34 45 58 48 55 34 33 58 33 54 30 52 47 46 60 54 32 54 34 54 38 48 51 56 31 54 43 52 38 43 32 52 55 60 60 34 50 31 45 46 45 48 33 40 32 59 51 59 44 40 33 43 59 53 55 31 31 32 37 40 55 46 41 47 30 47 60 31 55 48 44 32 57 36 59 33 54 35 54 60 42 48 38 50 58 53 35 45 41 44 41 57 51 39];
num_passangers=[98 22 60 89 47 92 53 35 23 68 96 36 92 76 81 54 89 39 46 54 56 93 71 69 21 34 21 28 46 96 65 40 39 55 38 24 87 20 98 90 46 25 75 31 91 21 54 89 94 80 43 74 53 65 21 44 39 63 45 42 32 33 62 40 32 58 54 100 46 77 22 65 57 30 31 38 20 49 92 89 72 55 95 39 68 38 77 71 53 34 21 56 83 53 70 35 44 64 33 91 59 27 91 81 50 66 42 20 25 93 38 76 26 43 90 26 74 39 82 73 58 29 42 94 33 55 34];
BM=250;
CBM=0.500000;
CEM=0.800000;    