nBuses=122;
max_busses=109;
cap_B=[40 50 32 31 25 91 81 53 113 118 24 103 52 67 66 29 28 71 44 118 127 47 34 122 20 65 125 52 80 39 97 65 120 113 107 92 31 110 30 20 75 36 57 86 63 100 67 63 79 96 124 47 88 72 127 74 33 105 139 85 134 33 107 46 119 35 69 42 115 128 77 78 51 61 138 136 97 130 103 122 116 72 36 86 90 74 114 103 81 38 34 58 129 120 104 42 61 73 50 136 89 77 53 70 107 22 117 56 124 57 131 41 113 73 120 20 82 132 21 100 130 122];
euros_min_B=[3.4548161392823085 6.865457332560789 1.365334303088342 12.411205916409548 4.7362856093214365 4.964696247926413 8.085462026784494 7.220965170978756 1.2340116640632057 14.83323472932101 3.6720314167051513 4.594582060217609 8.06913948411216 14.534072662330436 9.488788500684095 5.3613786320317915 10.866228007007244 6.9248350209337 8.817831847241425 14.406318465576769 4.660497008912701 7.282869613822363 9.714318372358775 11.8760684281599 9.41102643051517 10.649519019161996 13.94860953561716 12.548290369672145 13.017141683866656 10.182596461268547 12.108230744399716 2.5994828974810504 6.161661689544557 7.039824905629583 11.553765960496035 10.138702516824782 8.65400368475437 6.578954727871349 14.984871595975772 11.502687643991912 9.974199517611968 10.44306265020505 4.047567247155343 1.4912556678571705 6.688143199882297 3.0354407920495046 10.683641385872876 6.9558261078413945 4.435454188937447 2.540029481044014 8.75018807387549 4.195502559829154 7.020261086175585 11.823648851937609 1.9492563951758324 9.827060338942083 6.207711816866224 5.120126022999452 12.453799024986433 14.377913991223888 5.202577108160174 12.724598612285046 12.829173954167036 13.194096556506683 5.139504412374675 12.230631987889758 4.1388680890571585 10.642268879456678 5.435767033665536 14.911649786111436 2.029177844546326 14.664426003308845 12.960128680037084 2.7697515613981993 5.452783302957638 7.5426644124189455 5.36930457195543 3.9069647826934215 7.864255847226939 10.836166824793924 2.1330140319313453 8.917709457903065 1.869344509824333 8.41497579743822 9.46660095714053 8.875043221121594 4.186723738317645 5.92249218509451 12.211075355178114 8.103762482547268 4.626498967348846 7.119602800573564 11.773911758960004 1.2005273852852405 8.998110991316885 10.043668759173928 13.046190568066352 3.0352080713107426 14.888469950035475 7.658531348954611 1.663178480287521 2.3360831711566137 3.6625307127756335 11.742029697367567 7.9338279307651005 1.1212768010477006 12.432708518255643 13.435412859659962 4.04205231671058 7.042686224598986 7.117119119556646 7.408171878447902 2.5194982446094274 12.551375540409126 9.794239273531852 1.2294891725355177 8.336147118332654 14.507063480070485 7.113141338957627 3.963697317395673 6.024063540196723 1.7467162418824063];
euros_km_B=[21.71114837060293 10.667029032185201 17.808702590759093 15.223827854090741 10.672806257949361 16.617255110780707 6.493024716438002 14.372178583891353 23.472646348582547 23.956931882359953 21.79626203353719 14.668946689413836 14.293243653290677 26.64751564894923 14.736339999771877 10.793454758170975 5.73975479061137 23.100604214569415 28.688681282335743 1.7724704074770963 17.984662309204996 18.610541518698145 27.194409969240645 28.35666985163678 28.207866814682827 21.891083816835064 5.772356332733338 22.579263644769487 4.143594489463323 5.227514979761516 15.79540165414396 21.95748664239855 26.971299457270806 5.423397289558128 13.537018414455389 15.099309207258427 28.390290937448686 6.39294759453087 29.70637531816045 29.003880948598177 18.873253710342457 28.832599816789756 13.659811262505166 6.275732982155227 16.23724283899223 11.961664087173112 3.773327037980963 2.753536540585495 24.023369784111075 16.395895911705022 11.056437250708694 22.12905290107983 15.770907460449173 22.061744163638405 16.301883764442998 5.40199422827795 7.768093440386513 8.11661826199635 26.750790874561392 20.943131765789623 15.004834107717832 3.2633608546261073 17.59847409168526 6.977957387510427 24.208571012305903 23.61708803287959 3.316564370078053 20.773483219324763 10.278101244949667 29.524939516110457 13.731790441079209 15.748706202155239 13.707652972275987 2.953665106967626 22.756299751557975 7.850419247192043 16.742291493951317 4.444868040097616 20.89346781932691 25.270146659874243 29.7026728810997 18.042541176956064 24.35596768761318 12.523200198543623 25.95540525067291 18.122699131366712 2.2320293390532386 4.551963589765131 10.632805313992108 24.08488788224816 18.896791186892983 2.0798816798235693 21.656486490646866 19.950190059454496 22.960886263661806 24.13448499838886 24.192684453231585 10.075124301672453 24.061558050812252 5.076974142709755 24.576996022386705 2.0900107010384765 13.003474081794637 8.410458203177816 24.53334549585061 1.5181773722397616 7.214108679270381 18.031872950626287 8.78446158777966 3.3147742399960523 17.16299223888774 7.437497877461919 28.07118720538574 23.342422810772717 13.76544934759063 27.909986237301457 5.273855657492703 6.966947666506223 18.65687596398532 12.890897904561415 29.228646710926423 10.486623248802974];


nDrivers=116;
max_D=[154 203 157 166 147 137 143 231 234 199 157 202 163 214 228 197 225 180 131 227 219 237 228 123 226 147 126 158 193 142 217 212 173 175 162 144 140 136 170 156 220 191 226 155 166 200 152 155 163 230 142 142 153 152 165 215 166 237 139 192 131 150 127 170 240 182 204 138 214 186 236 156 179 149 191 203 181 168 167 167 157 221 172 188 141 123 163 206 183 209 195 135 230 138 226 136 159 142 192 176 125 199 149 227 134 179 168 239 179 210 164 178 196 121 231 124];
        

nServices=123;
S_starting_time=[185 500 694 268 285 718 13 106 463 236 388 611 416 236 22 547 329 132 20 38 342 569 330 364 197 451 221 189 656 713 179 566 587 253 405 21 244 460 396 665 222 288 715 36 28 86 421 494 692 436 444 69 284 75 370 300 364 485 686 376 306 86 62 479 82 177 476 446 206 274 596 226 417 635 433 356 220 185 162 83 673 24 676 624 627 415 77 415 392 243 595 315 531 576 260 73 467 179 468 39 179 21 292 701 419 369 285 346 681 116 355 180 67 681 318 476 345 325 615 454 359 214 685];
duration_s_min=[109 80 107 102 81 84 62 82 95 90 95 115 69 81 104 97 102 112 85 68 69 75 99 91 85 120 64 87 87 106 72 64 63 66 72 63 109 80 73 116 64 78 64 61 94 84 86 89 92 93 82 120 100 93 92 90 66 107 118 74 107 71 117 76 96 118 80 117 69 112 72 94 104 60 87 74 61 99 104 72 116 106 83 75 114 113 84 71 120 109 70 104 114 98 112 104 87 78 99 74 117 83 72 90 62 116 70 107 66 98 105 82 93 74 107 103 73 117 96 90 87 83 80];
duration_s_km=[34 51 55 59 38 30 48 45 38 57 36 58 31 59 33 53 38 52 44 49 39 36 59 53 31 48 40 57 58 46 52 52 45 36 49 46 30 42 57 53 33 52 59 41 40 33 44 46 45 54 38 30 44 47 43 55 39 40 53 60 47 37 36 50 56 48 51 38 49 55 39 52 43 31 55 60 30 51 55 30 35 53 59 31 42 57 57 52 54 57 60 46 55 47 37 45 52 52 32 40 41 49 47 46 34 49 42 45 50 36 55 43 44 41 37 44 43 56 30 40 58 48 31];
num_passangers=[39 80 50 89 54 37 27 30 92 79 31 28 74 80 86 55 93 33 63 78 37 77 96 51 50 58 64 24 79 41 39 65 94 86 71 23 82 96 94 34 32 57 36 85 44 58 37 88 37 89 42 95 68 51 60 28 72 85 69 43 78 62 74 55 48 79 26 67 100 86 97 51 88 65 36 47 50 46 40 40 39 33 75 54 83 79 91 91 73 24 37 26 37 83 46 22 68 84 29 68 50 100 73 47 37 55 50 44 86 66 77 48 56 51 92 34 96 88 27 85 65 32 81];
BM=250;
CBM=0.500000;
CEM=0.800000;    