nBuses=121;
max_busses=123;
cap_B=[86 22 50 131 43 32 107 106 113 109 129 53 88 87 20 21 77 134 58 121 38 89 104 66 124 55 93 114 92 63 102 20 97 91 54 84 116 35 91 79 119 94 131 97 43 81 89 129 91 26 77 49 48 126 124 130 100 107 37 27 107 95 42 116 25 62 130 113 27 64 32 23 114 113 115 50 35 140 98 99 21 99 131 75 134 125 74 34 94 35 107 72 42 103 63 49 30 55 79 54 48 61 107 124 136 64 96 45 107 102 127 122 94 48 134 69 38 120 89 74 137];
euros_min_B=[5.883331694426861 9.722734869580528 3.6214408845363835 4.193559173423539 9.610923563262798 13.517995433249709 4.464614643220491 8.061711610224853 10.578236961072777 10.743379237291544 1.2928637075406424 11.509566422279837 4.667162739534869 9.335354482855278 13.806221439803018 9.556308816226029 8.615405151969467 11.725175955169954 2.7765656515250057 13.05185192310807 6.725690280224277 6.75369209456413 8.052900963380656 13.00960310521747 5.3120367333491965 7.456213480865608 9.509309318295786 2.5239092588999235 1.6245764984219309 8.337867086035708 8.657537574070886 4.8753109409747735 1.7802460955366808 10.392372487946663 11.495807641049499 5.115864998294924 7.282084465545353 6.59920594827678 12.017560162401592 6.8575934268404515 11.905278334407875 12.320680296444563 14.469225713763747 13.286850322342046 12.807460509812831 9.73010133560076 11.87271091984642 2.4598489569618645 4.028605810005688 8.998011342677824 11.80584766832678 3.9009752534882702 14.414285508803387 6.711800144728489 3.2700492777288925 7.1677737647785 12.650861233266374 11.460473649494917 14.464174807931425 4.992983061829846 5.16666298844344 10.08167543988598 14.862793751306464 9.97735730687517 14.784182648468924 10.323240639768313 8.905537820677951 13.041854604317734 13.98974533014749 9.108090665406475 8.822748968761346 2.3072068034847377 2.8705929872100047 1.9419380747332362 10.295359440145882 5.377235970217486 1.1679686977635906 13.285527682238282 9.686125118207414 7.01387699628059 11.20326054431909 7.977388090633768 7.548695032322664 6.334578403012037 2.3843328121040424 3.0968193377885385 1.5587727383231216 1.856919991390423 1.9544967766644017 14.025464397163413 7.399564254486387 2.2918404299303528 7.844139397138822 8.302537378323526 5.412583448206667 5.943568048909867 13.34950843667298 9.277144541535327 8.056582747950468 2.2512441019018494 3.545117036459068 7.640863066776855 8.100070245895745 10.503781681285833 10.5862778362212 10.580700876101544 5.7759159669984586 9.770314306508896 9.676785634733958 14.438844803311902 9.34168611050349 6.201566454274497 10.849050066613753 13.099219003670644 12.732318959762498 10.313636365793142 6.4608604181036835 6.344117816568625 7.475869555149986 9.20434886061033 12.224910604574127];
euros_km_B=[9.429518415879816 2.595803619429856 12.167085902886047 27.616115638897853 2.176141158886978 16.27964365118877 25.632300636844647 24.911715865600552 20.070473411010322 19.327248678752277 24.660447664690068 4.836829292247212 29.059341192770514 1.5995938581495035 2.9535457298948056 13.551981290855664 16.246011566156525 9.457350722143488 27.14242438245407 16.284337313653754 29.308211825367813 8.27740710928921 13.581638165513938 12.38450318417152 1.149113157997029 26.004768208561135 1.7548830438634992 6.902833906130979 7.131938914245144 18.608096138590867 29.584288065787998 20.34260287009516 18.024571707510827 7.214135168631997 9.281700306772303 8.793320980613325 11.77284307152254 13.223426183456501 10.736607077167802 16.954403793781502 17.685739599390455 16.517206184972665 26.29469098031829 14.828438410900805 2.5250888248712804 27.658712799685397 17.094578615338733 17.791822964762012 7.1171508373937 25.7754151948397 11.953079210010507 10.985394557698669 1.803327583008767 12.302103149320699 14.849267204620183 5.325414682221608 14.839496037613921 29.105224946875246 13.090216266210621 28.66431089766826 2.0361388335768726 15.816252534092277 15.866810633136005 28.92536416573814 27.07033991379644 5.334981807924705 6.859004093087374 18.97362542398844 27.230727319215724 10.69880671799419 7.894403535132404 12.16858919838395 27.365736579525766 9.210716621257994 9.98013018969263 12.086549744540315 4.6771841140339685 22.649982453581444 5.44638897676336 25.292239434309334 20.58027047595285 8.140115832749359 10.062963335218582 15.256669741107684 25.14375741041568 11.31133178329771 22.07815216569244 6.872420983024906 24.691236323414937 11.7445941765662 24.965934357720858 6.800352241562569 17.77773818744848 5.69066422788344 24.93234107320823 27.682411536427583 7.586551996067752 15.641997072106511 10.198569816858232 17.158811834288063 27.15237036084133 7.547566651663961 19.28221434651367 2.430470269031301 22.49723694319874 5.421857580325399 7.871258175843345 19.988597363331714 2.875060734643779 17.007675487018787 6.565356478112107 25.015660217324577 21.56846190599463 12.502486513796024 13.99386283238535 27.14701804685109 17.392036222001906 23.046740044903487 8.082571132836204 16.201701929508538 25.105766411060003];


nDrivers=119;
max_D=[122 219 238 188 230 218 147 132 126 123 176 192 167 155 176 214 238 147 216 141 180 194 238 126 178 226 229 225 147 147 228 213 219 158 136 201 220 214 187 162 150 235 147 203 144 240 136 192 197 237 171 159 219 176 224 240 166 210 204 163 208 138 235 132 237 181 220 187 155 177 204 140 231 146 185 125 153 236 126 125 169 135 179 145 162 179 189 186 123 121 220 152 165 198 167 236 181 213 217 229 231 205 132 237 226 179 146 166 204 162 160 163 166 189 159 238 225 223 122];
        

nServices=126;
S_starting_time=[227 171 700 201 325 585 200 710 314 131 514 631 176 345 529 236 325 680 605 196 80 602 125 486 383 678 155 281 491 477 160 182 502 543 411 645 631 427 186 301 344 137 299 500 8 503 261 291 380 470 89 241 472 291 178 192 57 321 156 57 308 373 143 107 240 156 431 518 323 527 582 35 589 622 262 464 380 498 348 571 189 660 574 712 99 445 619 228 273 341 474 714 604 665 675 254 195 513 353 526 100 206 155 575 400 610 636 332 142 250 680 708 510 645 127 558 537 17 321 699 321 203 623 541 341 535];
duration_s_min=[79 72 74 102 90 103 84 96 82 74 93 86 80 104 94 115 108 71 115 85 70 62 116 91 60 77 119 87 81 83 82 103 78 73 109 92 111 72 109 86 86 60 63 105 89 100 98 104 113 79 65 68 102 60 79 114 62 70 71 118 95 61 92 66 105 91 60 83 113 71 91 86 107 110 83 80 65 103 97 76 89 118 65 114 70 119 116 103 94 100 79 68 110 80 118 114 91 101 104 113 118 107 109 67 80 105 92 74 106 117 90 70 73 76 91 108 107 92 114 115 88 79 60 114 106 115];
duration_s_km=[30 44 56 44 60 44 58 51 54 53 39 31 55 31 54 48 58 37 53 50 39 41 45 46 58 34 49 60 44 57 34 30 40 51 43 48 39 54 48 59 44 40 44 55 43 43 44 46 57 52 46 41 51 34 45 31 44 35 59 49 56 59 44 32 55 42 52 58 39 40 47 54 53 52 39 47 35 45 30 37 56 41 49 34 50 40 42 36 37 42 33 55 48 36 59 50 41 36 34 49 60 57 42 42 35 48 38 42 34 41 47 38 35 57 30 31 45 56 41 52 60 46 57 44 43 37];
num_passangers=[52 77 33 47 80 24 55 46 96 50 50 76 25 29 55 70 33 98 47 34 94 28 49 27 77 26 70 97 60 65 38 90 20 33 100 64 28 97 80 63 24 72 47 67 57 83 95 88 87 73 38 68 85 81 32 95 42 47 95 52 88 47 23 68 90 93 27 28 99 81 39 80 74 92 77 73 28 22 87 61 98 39 46 84 71 79 71 93 97 31 62 30 43 59 43 33 46 63 41 37 27 71 33 77 43 86 70 76 57 72 99 95 50 47 49 58 62 72 47 32 74 100 53 51 64 88];
BM=250;
CBM=0.500000;
CEM=0.800000;    