nBuses=91;
max_busses=83;
cap_B=[122 60 106 65 27 61 30 119 117 52 48 117 70 44 51 62 31 57 112 21 57 105 62 49 20 89 53 49 87 85 65 39 138 69 51 78 86 79 30 111 74 103 80 108 89 58 109 137 90 88 130 129 87 136 60 40 105 97 97 84 63 111 137 66 36 136 37 63 28 67 109 108 59 79 47 57 55 105 115 67 107 96 91 56 26 72 90 79 38 30 33];
euros_min_B=[6.143507250046258 8.672298110462876 12.596764365371486 13.403694489020378 12.477063363133098 7.424341622758217 14.482988666561798 10.451552017589703 10.143864885495521 5.381067911186124 13.388205053632005 5.799965577092226 3.4459973014584864 7.31398388823885 10.409699181599018 5.992225457347098 4.913217942026669 2.924573173879489 6.256753890967208 10.774769223391068 2.654175508446412 4.493889680320019 12.868988227307602 3.854445931462521 10.48995301540018 9.344056412509378 13.855969134665818 14.081782780860312 2.537424482232821 2.158898638228625 1.2709710912462957 10.536520706557837 3.478287432016392 11.708794562615294 9.268999456538417 2.401540856560082 12.051645439468043 3.555447060663348 12.0809459874095 3.2041567137156983 2.512948687344174 5.181698288444719 10.607355154261263 4.663668031915502 11.539643933814663 6.239671068422954 12.067217770485605 4.310805941292061 12.930843451247796 3.4717851760119496 10.848564696626495 11.973485661840716 10.521764068889476 6.147413644969959 11.340003031698096 11.069279542667404 1.967030694009261 12.89823835788844 1.6863706751821448 5.245558916708392 14.140690678081825 14.41399520512791 12.964233622313422 1.991708494517487 13.757582777958522 12.218339317581489 6.633911967337798 7.809976288207535 7.9232178481061935 4.765266330908521 2.466437113434312 12.842182410033097 9.629516373043872 6.136049155139036 13.325049533658538 12.811366538602309 4.725582034702839 12.581085616868117 5.967179150807753 14.544384032529338 2.0274188723446693 3.6813864101386544 8.207589556105244 4.4179987340692595 9.049640965537279 1.650246301878883 6.207670654619441 14.47178244472237 5.585964217173811 1.1203439863323177 9.365214262023503];
euros_km_B=[25.650349892327455 1.415497594887174 16.985663603944722 15.822929418711883 29.51953211697136 26.171431469370443 9.004985730813637 13.77789311967475 5.916966136685358 19.862025111870928 11.011953213754287 17.61655421008747 18.07437481030489 3.1404128567577514 9.70209363801006 11.812876545772575 2.3963348492843535 20.20422600236793 3.6407734080521448 5.203270380859396 12.067952762136535 4.025088030663393 24.86289056170485 3.1318884426712796 25.709227531870106 7.84355725102497 18.542298510298153 29.835027647622898 14.8126943991632 4.900112627328799 5.959245849875022 26.199919483589195 28.90152058517625 24.48350164744446 17.336003289396007 7.480137402477541 14.995272027119851 10.634945216825441 12.503611514607647 4.523082919896515 24.042985869701845 10.890415109338619 5.506645118703547 25.71707046769971 15.743900376559104 26.516597780622718 2.5941835578402492 11.581263275453765 12.521712878131746 3.9818093380390196 22.781923858566117 25.036223100988636 15.509549028375769 19.066960972719425 29.40801953530268 25.655585654880763 13.429998470543145 13.180984324592902 6.8591862356816 3.5256810274778942 13.421411685728597 7.0276063015463786 20.357526033634915 23.985936917126132 11.619190516825489 25.32449507058825 28.571171791347332 20.711940960874163 4.498729041954435 14.063321534273294 11.812527226558888 25.06914708088357 25.892583491326 20.578891583385097 10.094779856474618 19.062774891425487 12.696752946100913 21.71394201998403 22.714760425011452 3.9976902137020955 16.258550407080502 16.029290807789877 27.367656860012307 8.97631264118382 15.864370376704914 14.114653767824256 19.511919241216027 24.58411145145255 12.325409013124005 17.873090059583458 21.846748340805508];


nDrivers=96;
max_D=[174 151 151 140 201 122 238 197 211 149 179 142 222 159 188 169 222 230 224 137 204 214 194 184 138 123 224 142 190 210 184 202 169 149 188 219 191 154 166 199 206 191 190 193 145 169 218 145 219 228 236 211 158 184 148 185 204 172 199 167 144 224 221 219 181 152 200 122 232 154 198 133 132 186 238 168 193 133 172 151 129 228 189 171 217 205 227 179 215 222 230 229 153 207 194 167];
        

nServices=97;
S_starting_time=[228 361 428 228 38 570 273 143 685 158 285 1 321 662 111 586 438 464 552 83 557 169 131 407 70 658 596 245 133 335 546 713 67 690 287 458 127 598 78 687 249 259 206 169 569 609 319 471 189 216 581 519 680 634 669 617 48 693 619 65 528 645 189 655 125 620 392 311 54 352 495 482 500 340 571 285 490 306 90 108 118 674 150 579 673 575 287 663 257 376 1 509 707 464 203 519 122];
duration_s_min=[93 120 100 70 117 74 72 107 107 85 76 110 112 85 105 68 73 110 91 77 114 74 82 77 113 67 67 96 87 73 71 79 105 107 113 95 75 76 74 66 117 75 107 118 108 113 82 100 87 76 65 78 73 71 93 79 71 115 110 89 74 83 84 85 79 85 79 101 90 74 113 89 90 75 101 99 68 93 102 65 95 69 88 119 113 62 113 95 77 89 100 119 76 91 89 113 112];
duration_s_km=[59 45 58 59 51 40 37 43 32 56 38 53 32 37 54 36 52 41 45 33 47 49 60 54 32 51 38 49 54 59 37 43 33 51 53 40 51 55 44 49 45 40 40 42 43 51 54 53 33 44 43 52 53 36 44 60 34 34 37 42 60 35 59 38 53 48 52 51 41 48 36 42 59 53 45 31 44 30 44 55 33 32 33 58 54 34 41 57 33 44 51 56 51 51 52 45 49];
num_passangers=[59 80 45 22 80 75 62 79 69 70 95 32 34 37 70 76 29 86 85 21 43 82 65 41 28 59 97 33 44 34 23 83 78 47 27 80 59 96 23 37 49 34 95 49 70 43 29 27 83 33 90 77 76 100 71 40 70 59 27 53 77 50 31 74 56 82 70 62 77 99 100 25 80 76 78 22 98 75 32 63 38 35 33 91 20 71 86 67 94 65 52 95 43 94 26 30 89];
BM=250;
CBM=0.500000;
CEM=0.800000;    