nBuses=116;
max_busses=116;
cap_B=[131 77 38 131 63 52 22 30 34 90 35 59 91 37 57 132 76 77 53 123 58 86 88 111 125 121 38 106 102 45 134 34 73 44 123 128 79 118 78 95 69 82 134 89 88 91 132 58 113 44 123 52 134 101 131 102 133 127 117 49 51 90 89 113 51 40 54 88 62 35 118 112 44 131 59 67 25 47 68 35 113 48 65 24 71 68 96 43 53 111 106 46 62 95 42 120 69 133 92 23 139 99 76 64 98 126 82 63 47 49 102 27 89 34 52 68];
euros_min_B=[7.441135125931382 9.934549263038775 14.03937717317207 2.3846573031600284 2.077679117151341 4.892827042490124 7.631364329591339 2.380164054862609 13.417483949820088 7.0584596458846125 2.7418381671185665 9.2457805104142 5.667406338936751 12.426787138933648 4.641781189224724 6.294387993521967 11.003055947412534 6.954248429984182 2.797283513407967 7.882695374059233 5.743158827879854 11.389849921216104 2.8655176769731585 8.940520721386164 9.974875969882019 13.782646895865616 12.973503821424114 10.336179901294663 2.6216407659417857 12.323113846690864 1.2217678213688292 11.374253340529236 6.715098033353885 11.349996305505877 6.6709453628933275 10.965154935274622 1.2836243260344724 9.128047196334345 5.733074872169322 12.692272670780213 1.2481228488013834 8.32602700253976 5.945631159794326 2.0536109528972637 2.7885059135747365 11.687989847022264 2.3957855109873902 2.030323481444629 11.020659940163775 8.194863352202194 1.6198873322620608 4.597537980867543 9.514975794822051 2.143300288293882 6.863511801304185 11.028646910357452 12.975295527201938 1.9871146148136623 2.7870843000627463 8.879236122403185 7.797633153237818 14.605904254498595 13.95246435249738 5.049442583003157 11.546329029294522 10.79096497147893 13.186978882150807 4.310729906527299 1.4173833800605946 3.713357553503686 13.057875342021058 12.010648232301683 7.530329559878436 11.482021062338255 13.349973580233716 11.10210079220634 12.320707516301306 2.319289770340026 10.786586280145613 2.379645091314706 1.172690042194485 8.903687257824998 13.961360022464332 5.027738871130634 3.9073692180689945 9.447799984912475 6.632587839953821 14.01659294634181 3.6831501922320973 5.60288048204822 7.074050311480383 3.847389511090835 3.6152240229121237 3.5335622836725893 4.672853433034975 4.674394350810813 10.402981327938594 1.6881152775131223 11.886118249777255 8.389381637389812 8.594541383581582 9.02346586515661 8.59828165869012 11.153529809758567 6.648229064409239 3.745145475285281 2.294392137274634 12.461345806832805 9.752906487729987 10.709247653395085 5.335414473249186 10.249207881912902 6.783723733625739 4.875625566866184 9.661255041532483 2.9706127686826402];
euros_km_B=[8.681156033808449 7.7779248306554 9.824718198506732 21.30453984079944 26.00762313534463 8.311297338481175 23.012272481322775 12.911234250218376 13.215850752864737 9.255055786688022 12.815119603079824 8.774353456450608 26.836995402090334 10.166218480633058 27.249622953018218 12.53419154367151 7.801318083084956 22.9464468920661 26.711443195731302 24.962682511787186 12.29327075649971 13.266810458971117 28.765014970152148 14.343332583186918 15.473749638696907 22.658877100783624 1.875915603464128 11.021623979289526 6.9744427123214425 22.360172272082014 6.425332843604008 29.788183493559984 6.1462274148225395 14.34519458836243 20.633406307306114 29.010781643229127 9.496595084485332 8.839402572005586 26.92530233403369 26.759730892659693 20.948198162124715 25.382744462960634 13.898228442320306 22.54354663999834 5.645839119338303 11.27147482982359 15.644387407344881 11.608251885600062 22.512069008896585 19.005104588472058 19.352191264499123 14.66253320487559 25.714980331809354 4.7221304531038415 3.426350186440862 13.66608914137701 5.433341595831818 19.82861747846836 2.667862752865113 14.838111647331994 29.494889427306994 8.488979977791566 11.084423860246387 9.35105855331891 25.337368862699865 29.645410052091435 18.573373535193227 11.433849000945672 13.90735639022286 17.313536370650546 9.526675721860396 10.078566955502424 23.354176489586838 2.281438018555702 25.74951587837329 18.38806277877478 5.800583384247311 4.742167880235826 20.086552782263436 18.387984139535735 2.0109207999406546 19.42346161069173 9.184393427046338 12.792595147771689 26.866819766501454 19.199090083594253 7.626999636627277 16.002885687934345 11.621532089706797 5.861205149533404 27.73141210643099 15.237913427752853 15.161863873547079 19.378107520261477 11.13708955619142 24.049289312217898 18.815036827259235 19.673979212106858 13.579439004538955 24.496773336181008 3.4853874837594185 20.545409819014015 10.327316293120155 18.544773981037622 4.426018539807114 27.260737852173083 5.688671548008685 3.8951044291864947 3.9181399915979984 5.33081910567468 21.316022769398213 14.509875885120097 6.027678727722253 11.153374848817196 10.738970644107058 15.876986260113467];


nDrivers=116;
max_D=[179 178 188 228 136 155 172 204 204 139 213 185 214 211 157 188 234 142 238 191 163 185 220 155 210 202 225 159 173 138 228 131 233 197 121 227 142 129 154 223 148 158 160 218 160 172 185 122 211 228 181 155 217 132 181 225 152 189 187 162 221 164 184 195 238 167 137 179 185 166 225 218 129 158 166 187 123 173 159 220 222 213 233 186 163 156 240 184 139 212 227 234 186 184 158 224 192 196 216 126 238 201 179 142 154 174 171 226 185 128 216 164 139 230 158 200];
        

nServices=120;
S_starting_time=[538 48 656 3 396 472 336 214 638 75 44 304 592 333 536 496 227 353 491 469 692 396 434 187 720 603 376 442 51 455 351 686 681 551 215 488 672 296 308 83 310 256 285 675 515 6 113 3 533 88 79 368 460 651 39 650 248 299 540 114 459 348 355 513 614 709 20 305 536 333 367 592 11 714 565 107 619 576 54 69 466 124 375 422 228 81 315 449 218 592 58 161 215 688 600 192 160 225 47 4 388 689 584 109 45 88 382 64 232 58 143 60 186 666 530 673 268 124 28 237];
duration_s_min=[87 86 70 116 67 67 65 105 92 72 74 107 84 109 109 116 61 65 111 68 78 81 90 61 114 111 116 67 67 105 63 72 80 74 98 102 74 75 107 65 60 98 90 62 103 71 115 88 68 116 105 105 117 64 60 113 108 73 108 112 87 79 119 74 90 78 76 110 118 102 101 117 85 93 110 86 109 73 67 91 74 118 68 84 110 94 71 72 89 80 107 115 86 105 83 103 84 90 69 92 85 91 84 104 67 117 78 99 78 69 111 62 111 90 68 103 120 83 77 103];
duration_s_km=[44 52 36 31 60 42 35 45 55 49 59 34 53 32 49 53 56 54 47 51 42 55 37 44 31 45 33 31 35 45 30 58 57 41 48 49 41 47 51 46 37 32 42 34 41 32 37 52 53 57 33 37 37 52 48 45 30 37 30 44 52 49 59 56 37 55 56 43 59 30 47 49 34 50 59 44 46 37 54 49 41 48 50 56 57 40 35 40 37 57 44 58 58 32 56 54 57 34 60 60 45 49 35 36 42 38 49 49 56 34 37 35 54 58 52 53 34 54 46 47];
num_passangers=[20 25 48 38 86 49 40 89 65 66 99 29 86 58 27 45 65 65 24 45 52 53 88 82 39 65 35 83 38 85 98 80 99 51 91 22 91 39 87 72 70 63 47 21 60 42 23 43 94 54 77 58 75 23 58 34 26 95 27 55 82 27 76 91 77 34 48 64 50 70 57 98 81 77 24 65 30 39 100 29 46 53 27 82 55 46 65 35 67 99 67 82 98 90 53 65 24 76 60 68 53 56 48 23 55 98 92 20 74 37 84 85 82 58 56 64 53 62 39 57];
BM=250;
CBM=0.500000;
CEM=0.800000;    