nBuses=90;
max_busses=85;
cap_B=[26 49 44 35 43 58 65 106 69 100 77 88 87 74 129 133 130 109 137 54 118 22 21 110 39 94 106 36 110 98 28 66 129 99 102 55 130 87 34 105 30 112 121 120 34 97 63 74 26 130 68 72 62 119 73 139 37 106 138 85 44 71 75 30 96 116 102 37 43 54 55 32 61 61 69 109 114 63 67 115 137 24 93 97 49 22 77 124 116 34];
euros_min_B=[11.313812989976638 3.4145838059196056 14.02675616993971 1.191581491983807 7.907344490696582 1.1707419632011924 13.381346187538583 14.284866704241825 10.493961802626067 8.084608807359796 9.97093720290629 14.466684361494968 10.86602137515996 5.848550614380604 1.595409098258713 1.0489017843172301 12.92144699866834 3.4786277439697573 6.66308552666553 13.998365213813582 14.934026782274403 8.684455761102576 4.535205343715006 4.2428067791907615 10.673316106296802 6.27088185842913 11.431293922622167 14.117276624307097 11.65907791394331 2.9374901052021922 4.102006513905084 13.32200627638436 5.572323574900697 12.119645753680887 6.791164812042434 4.669894979307031 1.8654583428195655 12.42040615666626 14.59931966191702 9.12734490500366 6.290363979368546 11.223177666905006 11.607161148882668 1.0314409937415039 1.2958744903231767 7.11419211556888 9.840131610044693 9.12290764036317 13.367135560784526 2.5808981614481716 13.51580268052787 2.4359627042930896 7.259505902491219 9.572649408638727 8.28257970659607 2.9755083585935793 3.708807935747544 13.367314356068794 12.905993738630496 4.640909510886645 6.312516575417186 3.6634467777193933 13.609316977017565 9.157222105957235 10.307938982394226 1.5913901162952149 2.9404281289522647 1.0578302022074129 2.8577549280676076 6.173151292761829 10.610345380843416 3.7458719084972696 3.971817149118176 10.26427283068803 2.424433267669361 6.066654708509255 11.99694294769021 4.717223515934798 14.485210984477426 7.986971498191764 14.565091154535788 6.324988157970194 11.798979075232467 10.668555570007223 3.3998138692066187 11.496134536563247 13.30997480227702 3.5728751408805444 13.126838339981518 7.811156443805641];
euros_km_B=[17.82299419044478 14.024395075504591 5.911369567435759 18.035820227332987 2.334778897624294 27.48509553408615 11.755563544044133 11.935705317271804 9.243848157634147 28.778910597558063 2.705062428977974 8.116965415079985 27.635179196374672 20.292576382460005 18.64324928895377 4.66220930733237 7.985783868885632 12.340226102945119 1.1353772339125965 2.9714690537335144 10.027411890678524 12.90226744855093 13.183786461089726 7.5478163139913885 9.538588374584675 28.971634099823767 1.8608486513687166 7.15851609429769 20.16264021699454 23.027123865037684 15.769119716750035 14.615034442380688 29.06568279621529 19.58056411539619 11.113625688816107 8.328098037730966 29.284186424299214 8.997895394773312 11.236525566631839 28.27810526156519 1.6755142876624456 26.0802874333853 22.204187009020934 12.514554886682491 3.0987789765296916 16.90559055308018 4.610652748570542 16.042649583941873 6.149205608590916 4.591675174113656 2.6637735649467023 9.97340853206907 6.3194605846312015 10.478080143268963 8.747628539897855 5.413710169586115 23.213622307578817 7.966548289166271 1.637458032129433 11.95893001672213 9.283954924278763 26.322236292695624 29.665931677636433 2.227537089774546 10.889579200034486 13.206770876810975 21.127607922623348 15.955937266571913 1.9209264845277965 12.004476669917915 5.404837944452808 4.485930922826936 11.595298037934176 8.58743729447487 6.429947772418446 20.831852742147717 27.57728981996997 26.0419310316569 15.252144578881389 14.58952430664529 9.789129015037393 18.479390281904834 23.11430878943059 22.739902163094534 18.129450330097878 17.319350224792565 11.019106534875954 9.467869950843978 3.949810269640265 26.243771737136598];


nDrivers=91;
max_D=[172 173 121 191 144 124 226 205 220 231 148 231 219 150 223 144 137 175 122 197 128 162 163 166 208 188 227 174 233 152 139 162 215 193 169 221 168 164 175 145 145 234 209 145 168 185 181 124 133 138 187 208 238 206 229 179 163 125 210 151 166 156 144 146 202 172 229 210 142 129 200 131 159 212 192 184 214 219 121 156 188 151 228 173 160 134 152 149 229 202 122];
        

nServices=95;
S_starting_time=[474 5 4 474 10 534 268 291 112 434 491 677 545 583 276 122 510 335 52 130 624 312 324 472 363 577 574 141 646 294 385 596 201 190 209 241 539 193 416 508 495 344 293 215 410 18 320 403 503 50 546 119 618 372 668 604 318 510 304 230 105 685 614 702 595 573 114 58 176 19 389 186 346 90 660 498 311 259 646 440 445 316 64 470 644 318 100 159 663 572 544 195 621 379 609];
duration_s_min=[105 116 76 88 93 117 94 111 104 107 76 77 74 67 81 114 114 88 91 103 100 114 85 101 100 64 95 60 64 100 110 91 69 75 119 65 76 114 82 91 65 118 103 107 107 120 116 72 95 88 97 95 117 68 99 101 93 63 67 74 80 112 108 83 81 117 115 97 81 110 67 83 112 83 92 115 100 70 65 82 82 100 103 117 97 97 65 78 113 102 100 79 89 68 95];
duration_s_km=[50 50 53 47 55 41 33 34 44 36 45 36 40 57 35 30 33 30 45 37 34 53 31 60 60 55 40 48 36 49 59 53 38 40 36 40 33 60 31 30 42 50 39 46 36 38 38 56 42 45 56 58 47 50 40 49 43 47 43 33 57 38 39 58 57 59 35 30 39 42 60 55 33 34 34 31 39 49 52 51 53 32 49 46 58 34 35 44 31 38 56 54 57 46 38];
num_passangers=[70 59 97 91 22 86 53 58 59 82 66 93 62 44 24 46 38 67 54 85 21 87 70 26 95 70 98 64 68 42 73 43 25 94 44 52 36 91 93 49 97 54 53 56 79 81 38 83 62 34 92 36 51 56 39 70 69 38 83 44 89 37 59 47 95 98 55 77 75 21 29 60 65 21 51 29 25 65 44 86 37 50 46 42 40 60 72 70 48 90 31 43 82 78 23];
BM=250;
CBM=0.500000;
CEM=0.800000;    