nBuses=98;
max_busses=91;
cap_B=[81 63 79 32 85 26 131 79 30 95 94 98 88 92 78 98 47 25 115 100 26 108 138 32 50 22 27 42 130 52 72 136 29 23 28 77 116 108 81 119 67 52 69 70 114 98 77 31 82 71 76 38 50 65 121 60 120 57 68 31 40 96 52 24 43 100 23 24 85 82 28 122 49 22 130 72 91 97 114 97 80 113 73 67 122 25 136 82 58 138 127 79 115 37 89 124 139 112];
euros_min_B=[8.144199920772824 14.64478642569906 12.3300941272939 10.274480936817872 2.1838981881568076 1.132946757234766 8.465261147981826 12.246269856457673 1.35321827352334 2.863780575446281 8.39838644901469 4.672232374399078 6.238431128789648 5.047710993879314 9.416680813626689 9.3411807703574 2.5648396646380687 5.550394131415093 4.607892620159118 6.686475313497973 14.425465366368615 7.392930896867505 7.003276880236283 13.420726681874338 5.598866625785369 14.523479496991056 4.267286118673183 14.55347118337534 5.581793019256907 3.1861660961689906 11.848003404752708 7.6641691975172375 6.844079667063342 10.720132061308632 6.21220428842949 7.511017854130996 11.8829681450053 6.927090550581285 2.024714655141077 1.4686358485455124 5.751402501327545 13.992724005155983 4.11819905787465 13.897315930073708 13.194945540193133 12.178916960041256 11.46856180649283 4.1694469967784675 10.309528607125968 12.800679786429415 12.983096178004889 6.437961522182155 3.260509255078344 8.118389670738477 2.557409399862105 4.1479387761394575 10.004861010909666 12.319609599958596 4.820248898408244 3.3303480439963256 6.0785097766745855 1.1464774555868071 9.57388397110377 7.542759545576125 14.037204464294591 7.312764755591984 8.487757625297775 12.121092691000213 13.47694275974888 2.8142018927906385 1.2355944449872218 8.935093855492635 9.671775748472568 6.837591383398285 14.962552115542787 8.7929274809749 7.91454015144441 12.701303944647899 5.692671734218593 1.8020619214911417 4.4485885042847455 12.820793027802322 11.610827639345953 11.160053231731645 4.688591764884028 10.283420896394516 5.024527585835824 4.362279274364171 10.32720508284957 9.429503934131787 10.121923177537191 1.0081021903115401 5.972247916198976 7.812081751436131 4.8140909652157005 14.3662651466888 9.196906999594558 4.7260414373842075];
euros_km_B=[27.13557510479512 27.65224538301433 5.411027566172612 4.153483563960336 19.991034102003354 18.993496825589794 16.70434197048868 11.733073708598198 12.820541768254875 5.959932472982124 26.478529790400962 24.13638440919271 4.653438757395535 11.612848926649244 10.633884483539738 19.495722988743083 23.8574854791138 28.463260417807444 21.604396301815004 26.57223312886011 1.9041523115887242 3.7085398203683897 5.1411585345521225 21.03737040919913 15.185923842330734 18.397922606019648 14.620282557357339 27.44469181077408 11.004507348356677 28.192995962551574 4.025393323340207 7.099012762745674 18.905841673359806 23.669928332969235 18.390197009903467 29.813623931625052 9.241968158600379 25.59515924780753 23.539913231885876 23.608797244449757 9.160721127216902 15.418570774499013 21.77093129389392 26.021213008331195 23.833156175240532 26.215570460495467 23.19307770625041 4.198721300230748 24.398878613309073 28.150637351587132 20.795088922750047 10.656587733437922 27.470991371468426 14.494809772513891 2.5294068023677263 29.75591638079633 27.65009134062985 14.766968274768839 27.985540899580858 7.543133497799046 14.984620150186071 4.201693899904399 25.530080660220467 17.73978355762285 6.849237338580441 27.418302004991087 9.133614544420176 23.279621928655004 17.870739669949877 18.802022233124752 2.800152242406794 29.221615052246108 11.989101452550115 18.38307070791317 4.547429639627936 24.88837863043799 14.209990754681161 20.23727840486215 19.064824011691705 18.649188421262583 10.860542342019668 24.355395775566762 25.74621118574512 26.22166289329048 22.772896556983127 10.393635722458905 18.210286590903074 27.691297633454912 29.772322873148678 10.683615615478487 20.52875950874913 9.034160774959183 21.268200512974772 18.730604257924306 11.940558330926844 5.339342442987569 27.48496907975346 28.748049756531167];


nDrivers=96;
max_D=[166 143 122 142 120 173 230 143 154 165 233 208 145 134 131 196 205 121 206 174 212 129 172 203 240 170 203 129 192 148 195 169 206 218 232 193 174 218 157 135 169 238 185 183 175 165 145 130 196 129 225 235 143 205 168 170 193 238 183 212 123 160 164 180 155 121 215 208 142 236 219 174 143 142 170 183 175 225 195 122 221 180 130 127 187 159 202 158 203 203 160 175 236 199 128 206];
        

nServices=100;
S_starting_time=[58 674 149 187 509 657 235 565 634 257 423 447 269 522 398 137 47 308 449 396 85 687 702 671 339 3 288 486 222 242 423 389 506 481 608 583 179 147 387 589 90 568 459 61 252 405 515 367 279 334 271 592 492 338 707 563 606 348 182 162 495 164 51 576 664 599 617 458 77 523 77 470 647 222 63 599 86 260 537 177 275 104 400 190 408 86 361 176 657 517 94 36 171 248 457 653 577 320 254 371];
duration_s_min=[79 86 106 72 64 107 110 98 65 117 97 81 68 115 74 80 93 120 98 65 86 116 90 96 95 77 83 83 63 96 85 117 118 81 107 92 87 114 97 109 71 109 100 86 94 67 111 116 60 67 81 109 67 61 74 99 66 106 110 82 106 98 117 109 68 65 107 111 85 81 61 84 62 70 72 77 83 84 92 117 66 103 82 86 85 77 60 105 72 62 66 70 74 71 118 100 107 81 100 72];
duration_s_km=[33 38 39 36 53 40 45 52 33 33 39 59 44 34 39 42 34 30 39 35 41 34 53 35 55 52 33 58 46 34 55 56 52 54 50 50 48 38 44 60 54 50 46 49 31 57 42 34 38 59 53 50 38 32 49 33 56 32 53 51 32 44 42 58 34 58 57 32 48 37 52 48 59 32 48 54 45 52 31 58 47 59 53 37 30 38 53 34 51 41 55 33 60 49 60 42 50 32 39 44];
num_passangers=[20 94 20 98 30 74 26 23 33 77 48 76 67 37 70 27 55 26 48 25 88 97 48 74 29 58 63 61 72 34 20 89 70 48 96 55 72 55 30 91 40 26 58 44 57 61 78 31 58 93 92 66 23 80 78 54 67 98 42 50 26 38 90 73 34 25 48 60 72 27 38 89 46 47 78 21 46 56 96 59 53 22 36 85 82 80 67 94 22 38 97 77 76 91 49 74 90 74 40 36];
BM=250;
CBM=0.500000;
CEM=0.800000;    