nBuses=67;
max_busses=56;
cap_B=[40 23 80 118 50 66 104 71 87 40 110 135 137 84 23 30 28 47 90 62 42 30 36 61 132 133 27 54 55 72 58 94 99 72 139 41 133 46 73 64 120 27 118 65 58 66 109 65 61 73 38 30 42 123 75 52 74 80 84 111 105 30 103 71 86 105 79];
euros_min_B=[12.90480505647166 2.800520309954792 5.731808358626219 3.7325314292693426 11.448834199207084 9.940726389821242 3.789914006077473 7.236059216373347 4.615094769644117 9.876129625619884 13.452854310354786 4.242642013327101 4.638508851149077 13.806399460490038 5.2689145324542235 9.667760112160273 9.376833431685213 13.190365488603684 2.3969971893218527 1.733924872876918 9.570031693284427 14.022050503897338 1.893357931847708 10.338384732456236 14.303189946864077 3.2281523188327492 5.035147986901258 3.759436305969168 13.039560753076573 7.26265200032049 6.50586216687709 4.16461770165049 13.548618930897867 3.7874007328149055 7.4811167667923755 1.408015434658733 12.559548041487698 5.67948988277954 12.455629095987527 4.803276055420495 11.22386244798786 11.427098860651883 8.529990789143424 1.058263226171313 8.190285432973557 7.294711861161492 7.673280030019731 4.469585525647064 7.739781036980521 2.6613098931650887 7.03838543859406 2.7927093018640576 14.267335122353742 5.256611805838489 2.973893068012262 4.888679083874592 8.98699890930661 5.33820491297614 1.2875690239497894 1.6515742129564506 6.620150897003779 7.036785529205338 12.227505596772755 13.407304909263773 13.118097840743417 13.114732828646535 9.335181047899335];
euros_km_B=[3.2388201991635643 10.73212339666987 23.544986511226114 2.34827289833522 13.571120206871877 6.785226337959707 21.22985319646012 15.926999072187975 19.513657167344107 5.319277325780487 4.265980011241956 24.718382241144386 3.77301823987692 1.1905032844951264 14.206203815620755 3.124594419875792 13.582423642662256 10.898678406072435 20.2365951119426 27.17210212424936 7.408233701956294 14.726516131841734 25.567645105882356 27.92161805093867 18.596285309995263 19.469968555715496 8.196502727582168 23.70033941506349 2.8500099301612742 14.611373492514355 18.052268233842504 13.82597020659301 12.153447449581048 28.547855738432105 1.7995652905641726 29.944236844335286 7.191181000594995 25.827989974843213 15.228555185659213 5.8133058632811405 16.700786428626 28.917725569221513 16.92045524843154 14.39146319051726 22.26083830031276 27.052443158207648 15.223375008948242 5.264268971590944 9.8288111177333 17.360363422223053 16.557322477309434 2.8211530443571506 3.6478157980601726 26.798125267240522 18.339215193743655 18.30315121660382 6.479190536568898 7.806583370645321 19.005525137058072 11.984895002966965 21.20028740230266 17.824742097258895 25.275503067161715 7.80961208478662 26.3096976903969 1.516185827068663 1.0759901671555157];


nDrivers=65;
max_D=[170 131 122 151 240 202 234 186 201 138 214 215 171 183 122 211 133 163 198 146 125 175 139 223 139 134 176 156 236 152 173 120 199 232 211 188 166 127 176 180 163 129 235 201 167 165 150 233 205 224 188 136 142 130 155 217 233 210 152 214 234 186 228 192 161];
        

nServices=70;
S_starting_time=[424 571 631 418 433 247 392 658 679 675 598 405 138 129 251 89 348 271 173 26 404 233 600 20 165 116 537 683 401 368 86 670 279 282 544 171 562 663 202 74 311 54 60 643 384 596 164 93 616 691 86 7 102 441 607 678 252 435 222 12 569 408 72 452 106 76 327 343 683 553];
duration_s_min=[92 104 111 113 80 120 89 72 63 79 65 106 115 116 109 94 68 96 102 110 105 67 79 109 105 92 68 90 86 66 89 102 76 100 102 103 115 83 88 96 87 79 70 72 116 97 78 68 81 78 99 101 81 82 120 108 62 65 60 83 97 77 85 79 77 92 80 64 69 110];
duration_s_km=[41 37 41 48 58 41 59 46 38 31 54 40 58 37 37 47 32 31 32 46 40 30 53 39 39 58 49 51 50 50 50 57 40 41 30 43 33 58 36 53 32 49 55 49 35 43 34 54 31 54 56 52 42 43 58 52 39 60 54 38 30 44 53 40 54 55 44 32 55 57];
num_passangers=[88 53 51 73 64 47 71 89 43 78 89 47 60 41 52 79 42 99 51 42 100 34 96 75 58 61 59 85 45 83 53 66 57 64 25 54 39 98 70 99 66 62 59 21 65 86 57 82 76 98 23 33 44 73 75 79 96 47 43 39 29 41 33 97 73 89 79 42 90 20];
BM=250;
CBM=0.500000;
CEM=0.800000;    