nBuses=92;
max_busses=92;
cap_B=[101 61 128 119 62 31 32 28 42 129 55 111 46 21 108 22 130 87 109 117 28 48 84 41 114 76 111 139 33 129 30 140 31 118 113 25 73 111 35 96 140 90 70 125 67 88 128 35 43 76 112 47 73 60 115 82 134 64 87 135 60 93 96 94 75 122 53 112 69 65 25 51 63 46 84 47 22 109 86 99 134 82 48 45 98 91 111 29 92 89 71 117];
euros_min_B=[4.556708958517876 10.098816687153453 8.945163718170345 12.085485092071458 4.547263398522077 5.526762191630111 6.28898327811411 14.48119664765326 13.980390797932492 13.87066261947852 2.9018187608290993 2.879601907140611 8.869401028780926 3.924296001391145 6.9527936555738705 8.920468357679757 12.251657940024709 11.348017403797101 1.402949177606073 11.165455912480732 1.910383939361919 7.550138898973923 8.4821366654324 7.934962429372732 4.144040102766114 3.8863662309161024 3.764314087366253 2.9503158844471913 4.6813801970778375 14.825002062519257 4.638123860899984 2.458725554409325 13.977893389961352 12.331235930235657 10.042439448587146 12.723377335621027 4.365100135009716 5.565040849803725 6.644756495785579 8.54518799379101 6.228646915547284 5.917732790508662 13.94735159447472 10.109850631982365 4.57639034184242 9.108767969246582 11.75808296349934 5.080932615962265 6.370513653814154 3.3369030001924145 1.3667392528499167 4.14125517089046 13.967813545914613 11.39281403900574 11.514244578568944 12.432628598054043 2.353015265295808 4.567015167647163 12.109316387097588 6.964221874063033 13.376756133020743 14.255232034067845 1.737060985779571 12.713882716074542 7.79348635819261 6.343030981161877 9.757450741274605 14.709193449413018 2.7317327679736296 2.0374673093212934 7.546398724596759 11.72993507504907 3.7691415142618547 1.1755192923185878 7.721353905052318 13.92096645393848 12.936657866479164 11.119065234183338 8.586730119429236 12.073487903202043 7.3454097571558155 9.618429121557046 13.866440574733614 6.497284621226743 5.686174184867103 12.92915963466442 9.86196597463637 9.962373220939194 2.8447062889513566 9.937533316621733 6.436269557855242 12.710659755933124];
euros_km_B=[27.959894257570628 4.758349625823328 14.624803728150999 17.580226984433295 11.364471007212266 24.159301123191657 13.825865090309216 3.539852086017902 29.371600238198788 21.107403481325672 6.225760977185108 23.93007711540217 6.351977159254366 26.012865234367474 3.487609011431671 9.950543054690716 10.52754533141629 11.81402746364805 2.9891477530579795 28.749049308900567 24.095511767196797 20.38782727036433 22.400711103999285 5.838343848296226 9.66786562907493 13.748084137897438 18.716348970382192 10.44732388536544 12.38714557266291 6.864201729029241 12.335205682522462 25.353810450260546 27.069608133241854 24.134794367658365 14.819581568084267 18.742974042420027 23.97784924899073 23.872508960058692 28.0570837514103 6.310198582117761 27.09239474107617 6.9678088056357 26.269359297543744 21.303129772120123 2.5784566038938816 3.6027844392207915 12.193932875339447 16.40077541738115 8.281113204104313 28.167414239926938 15.7856973311203 2.048975500934843 5.779458021942588 9.8201165552842 17.957841953300676 28.891075025323108 10.555782038130415 16.085890258939262 15.68952939742994 26.828923679272673 22.767129234831156 10.973645534457708 22.88791392158015 7.00302517178616 3.7403759353841175 9.827159642100941 9.45801245557445 4.138909367904887 20.00805724304854 5.282920806052633 13.676755421531476 3.8424755151291166 9.549362286405318 1.8987763721528665 24.35316623884272 25.453926279426636 24.345359656811237 15.099593628069448 19.0638077988979 9.579626988638056 29.7403238070264 3.814177680352814 1.5631924025502464 16.151068222569922 29.0486439103512 13.0127723616969 21.01511900656179 2.035953163858765 25.27514697698568 21.842117480542903 29.17410275857427 3.9468744503624995];


nDrivers=94;
max_D=[219 141 201 162 201 142 202 165 172 126 180 175 187 150 139 157 168 208 123 150 135 141 163 225 205 123 164 200 129 185 193 166 183 176 219 200 187 200 226 132 173 142 123 148 214 176 138 185 169 220 177 154 184 230 146 160 180 222 152 198 155 158 237 172 230 200 136 178 227 132 166 186 207 207 193 145 224 173 174 198 132 196 184 188 161 137 171 165 191 152 197 210 230 178];
        

nServices=97;
S_starting_time=[713 117 73 227 35 234 518 603 684 703 387 533 628 142 115 461 336 48 74 109 277 208 309 250 213 631 296 239 599 146 597 660 98 128 550 612 476 318 238 297 93 134 39 688 176 413 497 118 462 552 661 184 712 384 457 77 710 699 545 296 325 536 350 476 578 483 461 448 288 720 411 78 6 345 705 291 100 329 575 171 423 429 183 72 294 564 63 610 231 150 327 156 273 106 474 40 431];
duration_s_min=[116 88 69 61 84 104 67 92 88 113 91 94 96 84 84 95 102 104 107 114 119 102 65 69 96 113 78 94 65 92 76 71 117 66 86 119 102 78 70 77 76 90 93 98 89 76 63 66 83 107 65 82 113 74 78 110 109 66 66 117 82 94 115 119 69 106 99 78 65 75 109 119 105 90 80 74 85 85 104 78 72 106 63 119 65 66 103 82 92 120 61 69 72 97 65 78 93];
duration_s_km=[30 38 32 49 30 39 47 49 51 40 45 44 35 38 33 32 34 50 59 58 57 58 55 43 42 60 40 36 42 43 60 32 57 34 56 51 34 33 32 59 37 36 57 34 54 44 48 40 40 55 52 44 54 60 36 43 45 31 39 57 42 43 42 36 44 40 33 35 46 43 47 55 48 42 34 45 32 56 40 36 59 51 36 38 30 47 58 43 55 38 59 50 58 54 43 39 34];
num_passangers=[89 90 33 94 54 21 25 82 93 59 83 82 66 97 79 22 79 72 72 64 76 100 42 41 70 46 99 76 73 59 94 22 59 22 47 60 52 76 75 42 89 85 34 38 47 46 22 51 66 55 78 39 81 34 25 21 72 29 84 62 54 21 64 46 40 25 32 95 34 77 73 30 93 60 96 30 93 22 28 88 56 74 43 72 66 69 20 92 78 77 86 53 44 93 90 71 35];
BM=250;
CBM=0.500000;
CEM=0.800000;    