nBuses=94;
max_busses=88;
cap_B=[116 113 81 21 116 81 137 91 134 24 112 136 69 65 95 79 101 65 84 35 114 131 39 119 119 56 113 113 48 63 55 61 74 67 58 115 107 31 45 42 77 78 123 119 26 97 57 75 139 83 57 62 102 127 63 120 101 109 137 49 65 84 76 54 72 97 125 91 35 59 126 33 23 37 45 47 56 124 77 100 58 46 89 136 51 110 83 125 137 37 101 109 96 59];
euros_min_B=[4.768061117822322 11.186796262915093 5.600416016848677 7.610961762063056 12.816908097042054 14.64691840534305 7.666358140143814 12.210987114663833 13.954597627169171 9.956935236355605 8.180088330251829 2.705281599893506 3.136576528702962 6.767388490947134 2.487513104123756 12.948642848841978 8.902808208243718 8.734924188088083 9.609961368040976 11.038307791619976 3.8466683577107217 10.344408934115606 5.172401408531484 5.749714304991532 11.40072651718273 7.721209173515793 10.827930401037738 14.860731975091936 12.44241425924109 7.059487542867031 3.145638430798556 3.2307534633434516 5.650251076989368 14.555381304865238 10.71304966856623 4.716987884164309 12.881424618405372 12.858830779321993 12.103437283959233 13.345274573373636 1.0829604282678214 1.008732171351554 1.7370423868983949 4.433093814648972 4.895381383005495 8.086383519469223 1.664256636743151 2.2562225950224906 13.495280664004795 9.254933872974991 13.69035494633497 7.100868369806369 1.8488923019158447 9.20233246457323 1.5252297889405912 1.0341969886207876 1.2309330652448351 11.338820316432678 5.910952305284926 6.173325557994784 10.889681475206402 5.8535137143761755 6.31820434612384 14.800933687220809 9.958236407749396 2.5060403044683968 4.037382442707116 10.762975332936827 2.3828939448851862 14.06814047329988 5.591246006141535 10.365729475793495 2.6738378742195916 6.0088354595998545 5.706062804291548 13.111190043929147 7.258340554475861 7.01906703505419 13.954118838970546 11.083848675113225 5.368058322042788 11.798708735353369 9.953776885287082 3.2462008940019587 9.774899779965475 6.23979146601388 14.794065271705417 9.450348445395088 12.142907567771223 1.9495444745405732 7.934381196551492 4.5704226944464885 5.207382861433574 3.95393163299489];
euros_km_B=[27.110682000953165 15.741214039969742 14.38865372301952 15.78469637963455 6.866781016262306 24.523763010416555 21.51736058263347 23.468164453471466 5.142322373856278 27.098502362538234 9.534578503232444 16.89871469195979 24.167063634286805 11.239233302595776 4.908007648288198 25.077947090836265 18.470966169325976 27.631092962633044 26.594739892928672 25.032451045947195 25.81789068674076 17.25647261376733 27.004464468787443 29.48082440934197 17.224336402865756 3.482467494665422 20.298814538708204 3.5795658001237323 19.13050295694179 21.52418598491636 20.021359317028814 7.139238605293797 6.611174712553268 23.941363467322354 13.117585303193461 2.0830467640177996 17.422693542534667 3.8358364778807656 21.360456126178565 17.051267929764965 18.854361314269443 26.963138984018947 25.545663859406073 7.864269890702499 10.710827896845455 1.314391497316468 24.38935080492133 9.381850543413048 23.63192867442591 7.513473098576493 28.65854775978865 14.416643727954302 12.626521506297259 27.037032766266556 12.21389291714821 16.260171237141066 21.625773966871698 13.51355088920909 25.430090316424895 17.93469846607617 8.691841282344658 3.801793711426987 15.262226612647629 16.51123218151793 24.267469744240554 1.600446737928938 1.2982784145548192 25.729960131141123 28.55055037369012 25.3908077152805 4.12671544003972 9.501434985608368 29.119335787224017 25.94994564166578 22.66477824999479 25.92563661351758 10.40735276747462 11.617294732179921 17.383938366846905 13.25208633410017 21.621813366107144 14.433363917364652 8.459281913108496 26.741271821267343 15.850255431157862 15.066311846023037 4.178041020914472 16.230995071251215 18.648028064476204 8.48078568146168 4.5189280286022315 6.512518365037121 26.08634150436417 9.056374810948228];


nDrivers=90;
max_D=[221 221 227 225 185 145 193 204 145 142 222 169 174 226 232 198 158 208 198 223 232 156 214 165 187 165 155 184 147 157 229 133 149 169 130 125 199 130 203 186 195 189 177 169 128 240 168 231 124 218 149 152 136 175 165 211 166 220 201 203 135 132 139 198 207 160 223 215 190 196 171 215 226 148 149 200 134 187 212 178 153 133 203 232 230 136 130 170 122 173];
        

nServices=96;
S_starting_time=[485 591 281 655 373 115 199 456 205 640 563 165 580 648 417 400 616 259 632 504 611 307 269 30 170 577 406 53 331 149 493 550 491 440 236 205 134 177 679 168 243 423 489 300 678 473 68 195 254 404 572 271 449 393 98 385 234 33 420 108 101 252 628 622 572 417 345 49 301 400 141 72 527 370 504 504 702 528 631 711 121 466 704 87 561 393 259 425 13 578 464 506 288 367 515 61];
duration_s_min=[110 86 60 82 96 62 104 91 81 103 108 114 93 65 78 82 111 105 61 101 105 92 88 113 67 68 85 113 74 90 116 78 113 110 76 111 97 68 100 109 97 103 91 117 120 65 99 110 75 106 81 108 64 61 110 62 78 106 76 114 120 112 92 103 65 70 102 98 66 65 103 82 105 113 94 105 71 89 68 69 111 78 115 96 90 63 62 79 62 113 74 98 106 86 115 102];
duration_s_km=[60 55 57 48 30 48 42 37 39 41 31 37 37 44 48 30 48 52 33 30 55 60 51 32 40 50 50 58 41 60 58 31 60 44 35 50 46 59 34 46 43 32 37 39 58 35 57 45 49 53 47 54 54 53 33 57 32 52 45 43 39 41 55 32 40 36 44 59 39 51 41 44 36 40 44 33 58 31 33 45 39 39 32 52 47 60 33 36 60 45 51 30 35 48 52 45];
num_passangers=[99 41 81 84 68 35 65 59 83 48 20 57 52 97 81 46 46 28 93 38 43 49 33 70 28 54 53 94 99 53 85 34 76 99 50 35 43 79 94 65 26 23 20 88 56 72 23 66 90 85 34 66 92 46 35 87 56 90 57 21 54 39 57 95 61 98 100 61 58 45 51 68 95 70 97 96 39 67 95 42 63 45 37 58 86 100 64 39 36 22 26 20 22 90 84 88];
BM=250;
CBM=0.500000;
CEM=0.800000;    