nBuses=98;
max_busses=101;
cap_B=[85 66 61 109 135 41 65 97 74 139 27 74 114 124 120 41 123 24 140 86 125 129 49 23 93 79 98 60 68 115 86 27 50 116 41 93 98 94 54 104 126 106 95 58 24 27 124 31 82 27 107 136 93 107 121 69 81 40 50 50 138 115 88 27 37 120 131 99 67 28 126 31 39 83 23 30 129 49 95 81 32 136 37 122 91 99 48 62 82 101 112 102 133 121 45 101 131 122];
euros_min_B=[7.4092990877816565 3.0546248561398044 10.777796965342292 7.6636802762023315 1.9834519484816862 11.11759612130163 9.588368175555141 13.628225041432342 8.210091124124142 3.1995876161429306 3.1382775821068254 4.947017944219628 3.9886135345270066 8.040635930497615 1.6555088319621167 10.637810102839444 6.197170186348687 12.06174938534601 10.350816526140633 1.854703128011372 12.678604787618355 5.521167594932548 1.1520450934109 10.055759635081714 4.603085945364019 2.1345468089553883 9.06777437544361 7.688135401186314 2.6466568431834654 12.374132930460283 1.7653084919708142 7.73784709276927 3.2242751679599193 8.892656995669581 3.7904839002367305 3.394247569341677 5.1383600632795865 11.21561089229427 6.106041150541991 13.837357778020346 9.099223212073467 14.663956080268788 12.96939973029567 12.402727551972687 3.040824743776522 1.210621918493925 9.975315018664613 9.977344306871416 13.761155865556448 3.8658492115435807 12.196596539365984 13.003662721915434 13.939335353053254 5.685128606612395 8.325200384422244 14.140064990258228 4.747429721274509 1.3012115523904386 8.331614503636994 13.548057914199385 5.773167209885595 6.61294772140972 1.0562056210083708 7.412089662842517 10.333573400266543 2.8186383233143255 12.021987782344722 8.580619259379608 2.8677080337731686 13.1949134256978 7.679566470799252 1.0628631540708022 3.7653942149923387 3.1652112404977437 6.870838658953886 12.71215817596659 8.217442151987141 10.129485025511864 12.137627531979481 10.186824843948425 8.099303789946457 9.750260720451365 10.989357046631367 9.716470713785828 14.227010792210514 5.843482280487529 6.256017185791852 14.742725942448164 6.5626316695253495 7.7065855127724365 9.374929218828841 5.099388803211008 5.417287610497683 3.800417189564577 13.007661466525773 1.1811928209491904 6.484451171215045 9.03120608197729];
euros_km_B=[19.057503019600894 21.84016372413205 23.102045032835118 24.480439131998633 12.698458138876429 18.476223059563274 15.270131532125767 24.598045708587055 1.4361387676368698 11.078685273094953 23.445842836624372 10.799385179706173 7.194046717834064 27.97445059638881 15.880170726709846 16.240998644068725 13.012117317837028 13.166088242555293 16.711977166913794 28.228762144072487 22.40024445707848 13.64592916561638 12.430665752545728 16.09177586633462 29.16606028999786 21.726169957114184 27.912687497691124 13.996552337499992 14.217124915820554 19.250698696943648 26.59253200497778 25.85482066826938 19.005906784204036 11.931577075434598 10.94855473611701 25.89758368443363 19.129454172474198 3.4954286515164266 10.016953333649584 13.442232105523793 27.738941844663852 10.752627404360574 12.083399241909778 22.582064742649834 12.438501544201701 12.7548594106945 25.065553348300288 23.684123170093525 13.627713407882956 2.8457107817788008 10.261823759558066 21.248870530524602 3.1241643889388864 18.09500806793437 17.592791167102064 16.745924039232882 12.819213467838777 17.112367420426175 19.35265761251646 29.658055735705844 22.694060989645788 13.112527378526888 8.350921698720246 9.450402792200789 4.340761230379989 9.132527050175364 14.130432626000879 12.226985893915774 28.918687944600773 24.44808617386221 3.100147742086478 3.434486938687774 14.093896798912718 21.352945200143832 12.93399025776413 3.1397105495296334 4.035762198253386 6.072578693980934 6.578956160114991 2.4976730133671894 11.183346040473277 14.886666548317955 24.574282447358833 25.768525896490946 1.8238112489251987 17.46298237754553 4.874789116056398 22.48177273669516 14.82547159214814 22.448704277415892 27.442301259181857 10.10387251172945 16.646290887981657 12.324821556238273 15.829363108783596 27.26534312164461 14.245819655534524 20.961008383950546];


nDrivers=97;
max_D=[203 160 200 171 213 161 212 230 166 240 146 190 204 120 218 125 211 215 154 172 176 229 140 145 151 144 151 201 172 171 187 179 238 148 172 183 137 216 218 163 147 191 195 228 214 208 136 195 166 172 185 229 170 171 147 131 121 164 180 220 198 127 128 239 206 124 124 165 229 201 217 167 167 141 146 175 173 184 237 142 166 152 187 185 158 217 180 183 175 217 149 165 123 139 123 153 120];
        

nServices=104;
S_starting_time=[580 605 194 148 589 672 21 464 92 485 237 380 32 191 193 717 293 450 3 158 508 206 261 448 385 161 78 273 46 355 285 367 118 113 499 47 679 515 498 46 667 672 349 364 198 486 200 161 459 24 349 659 140 680 203 205 150 637 598 367 468 468 633 464 29 348 433 338 286 118 249 127 713 426 364 444 434 360 558 477 615 349 448 625 638 385 638 19 643 581 718 2 626 307 105 21 633 466 421 217 524 235 365 195];
duration_s_min=[100 105 94 109 101 118 72 64 97 88 107 85 65 84 103 70 105 67 87 116 69 120 118 77 111 101 80 71 100 108 80 113 75 65 78 112 106 68 106 101 67 79 114 103 64 79 77 116 82 88 109 66 87 101 120 111 99 118 96 111 62 93 66 95 60 77 91 118 116 61 90 60 94 76 65 104 88 64 75 110 111 69 70 66 96 64 93 69 107 108 100 89 97 117 72 101 63 81 102 67 70 66 101 96];
duration_s_km=[53 56 31 31 49 43 59 33 36 49 32 32 58 39 33 51 50 31 46 47 39 60 58 36 47 40 58 49 38 48 37 30 46 59 35 60 52 60 30 53 51 58 60 41 36 33 39 55 32 40 40 42 60 52 47 51 30 30 54 39 53 34 55 54 55 53 51 34 30 44 42 42 60 58 56 49 33 36 49 40 57 52 43 53 56 49 37 33 33 56 42 53 47 47 41 47 45 31 38 44 41 53 48 36];
num_passangers=[64 55 22 28 61 59 31 28 86 39 65 34 32 39 25 98 20 81 72 76 85 46 52 25 75 37 70 87 27 96 74 45 41 54 95 58 74 93 31 64 75 66 57 49 67 91 42 74 39 29 50 34 20 99 70 65 92 45 62 54 55 31 75 44 29 36 88 77 24 85 69 60 55 62 54 52 24 78 82 23 85 34 75 54 35 63 55 39 75 82 70 53 26 29 56 21 80 78 95 62 21 89 89 75];
BM=250;
CBM=0.500000;
CEM=0.800000;    