nBuses=88;
max_busses=77;
cap_B=[69 78 133 119 97 70 140 21 79 80 57 26 122 78 118 27 27 84 119 99 131 54 69 115 119 112 44 63 54 64 54 79 57 24 106 34 77 76 69 62 123 122 106 87 129 121 35 94 122 48 120 63 54 27 131 32 100 25 29 121 32 43 26 129 101 77 139 57 92 137 96 131 46 130 40 139 125 60 127 38 113 39 62 37 22 121 42 125];
euros_min_B=[5.321998062648855 14.86941037160548 12.013865078598595 2.3548189020045305 2.5918426926041676 10.650790770434593 12.422443954795112 11.544465921683322 1.9391062575826643 4.755301059206957 11.245780630723141 14.372465085093381 2.664872277847908 6.080952338858728 13.4648453084782 5.44679744559074 14.81854250012592 2.7352335175052787 1.6313491495072818 6.538291578102096 14.235590223324644 3.2370162108646374 9.671684106366758 12.636640565847438 14.551619598739958 12.001098293627418 12.534422275687149 8.8262580602709 9.160304325733913 6.265741245311715 10.524009119287596 7.434022521799815 4.251162115050718 12.858418870798003 6.1550351938534735 10.902497272240135 9.503054710893315 4.324646092469054 8.606796720079625 8.316478606071977 1.7584801245345187 5.733769566527849 14.464586578695394 12.111950638204883 1.9904545513801966 6.092027035555735 11.136076091557214 1.7612287059725773 3.664513804420088 11.299249286823535 9.699572981112148 14.396832987701998 11.077331207172811 8.733511927253275 7.540206028552636 10.82628994857273 4.384796122125509 12.25150662568118 13.939061670818033 2.777644671162312 13.093363029226769 4.331775315512761 8.248203599609827 7.7161100591465885 14.960696545768807 8.548550667751222 6.347107293127904 1.7917018141710412 6.364370354771516 14.122167313707047 3.567030587291228 7.631797329612395 3.05944334452243 7.373546607107593 14.455955573411151 10.050264860525301 12.291196197483224 13.653514725327348 10.880059759266613 13.287941325095145 8.526197313911961 2.811619220989069 2.5333728710642216 4.222939715860518 4.480192599061995 5.065431039039319 11.322278939803633 5.732554196467529];
euros_km_B=[11.472308057074073 6.750434314824188 13.856171720260917 17.11599832562582 26.540274130112895 25.99201845736124 2.04415266558544 22.773716856267967 1.3473401955710744 6.551575562215927 5.310715540496832 15.589818924226742 3.279432133128453 15.499236301130836 13.897018586480913 11.777065281788008 19.19394713409131 28.743502545360993 12.779333290976505 11.668467982485192 11.777447027616759 18.995516554017442 27.403498246353152 16.727477244170295 6.511520673014706 4.083563849228571 6.267856874223171 11.248731125448948 13.061565273737099 22.499877454042952 4.213994494935644 13.175662799946947 16.3172948925139 19.044595188649247 11.722409886543694 27.098909728625397 4.682504373339901 1.5495069991337007 3.2299463558002577 10.128230278975796 2.3475067455223106 4.10140243944811 29.362210053557494 1.2583122260018662 9.738201976282175 25.797900514608084 14.941749158297931 26.23127227552625 9.466330678943757 18.38956635319526 18.703827185934667 4.100179765820815 3.987700969638265 15.633562704935521 15.140191464708428 27.65628124343896 1.2481141977727934 23.23420460499154 19.565129538759717 22.937444560303682 3.9450293147508204 29.152633699859155 1.625232520427359 26.85057866978171 24.446542959688013 19.595948601337437 24.13618038916995 7.792955291529726 24.445174371945914 25.04748527289361 16.463132436532035 11.425587638671137 20.323862705523652 25.473257224599255 12.9908168492656 1.7839447478361823 1.7959814644445187 10.804946858195379 21.638452288655603 8.7248578575401 13.711007458868975 24.28697482272014 24.96053760304863 24.07832844016873 10.52962876040982 29.346258357411198 11.053713333246117 6.99582309316728];


nDrivers=90;
max_D=[164 224 205 141 192 124 160 222 169 195 158 160 213 232 195 230 134 160 125 187 215 190 120 197 167 128 190 211 232 136 214 158 216 122 123 167 131 211 205 196 142 216 189 181 194 146 218 165 228 196 178 141 179 177 227 206 202 185 150 216 174 161 229 211 177 240 203 122 127 149 130 238 128 146 230 225 202 168 159 150 216 166 238 122 170 138 203 229 229 198];
        

nServices=91;
S_starting_time=[508 563 379 575 574 588 634 222 559 647 398 47 247 31 61 309 287 640 251 115 514 384 398 205 255 481 432 245 604 588 495 357 288 217 99 340 655 135 145 96 77 84 300 582 389 414 510 71 681 101 537 512 319 49 337 535 526 466 388 364 150 717 294 7 55 574 507 127 24 254 400 157 710 177 697 217 709 339 331 17 539 114 305 568 552 174 570 213 480 690 455];
duration_s_min=[67 68 84 75 118 60 69 101 74 117 67 71 94 88 112 73 88 73 101 80 89 115 72 110 104 61 95 76 85 117 117 94 71 83 83 77 112 80 78 112 112 118 118 100 113 61 110 95 69 104 95 83 75 62 70 112 108 79 88 63 90 63 75 117 80 109 116 62 107 120 61 106 89 72 104 114 114 84 66 87 93 73 106 66 119 115 63 96 105 108 87];
duration_s_km=[33 31 50 33 47 34 35 35 33 52 59 39 51 31 58 56 35 56 35 36 34 48 34 37 52 39 48 55 50 39 31 49 58 45 52 55 46 46 43 50 49 51 58 39 41 45 57 34 39 48 32 41 30 46 58 35 57 34 43 43 60 35 45 46 40 45 40 46 37 40 49 57 47 41 32 53 50 46 51 51 42 49 38 32 58 38 53 53 43 53 52];
num_passangers=[62 24 63 74 75 36 46 95 96 30 40 40 96 64 97 43 54 68 51 65 32 34 80 55 45 62 29 90 75 57 37 66 57 53 93 25 23 89 35 62 27 42 88 72 20 92 60 96 22 42 57 20 86 73 77 30 81 74 54 31 73 59 96 69 28 47 70 37 59 51 41 92 40 82 47 55 83 44 94 27 60 74 75 81 64 26 89 36 70 38 72];
BM=250;
CBM=0.500000;
CEM=0.800000;    