nBuses=81;
max_busses=81;
cap_B=[101 86 130 116 115 84 29 105 52 103 100 34 64 108 54 96 139 104 72 102 37 105 28 79 91 21 70 131 80 99 61 96 94 44 82 21 47 102 136 107 118 31 123 69 64 121 20 118 73 108 59 114 27 45 138 126 127 44 64 33 126 52 85 46 64 95 51 39 138 49 69 92 79 25 118 82 76 44 36 88 98];
euros_min_B=[5.686185077980673 9.451406699853221 5.31307451098129 14.575528492562299 11.669608506258053 10.787957909037715 10.576732293756084 6.674446022713043 1.516507297557994 1.098896534972493 6.248986075759033 4.818967477389336 1.8615215139283752 14.625004334850413 14.355274259911175 14.074523608799499 12.94817414057222 4.796727410622881 11.169661820277964 12.36604288007867 4.966869297658135 11.669316887354857 2.415829409452905 7.5607668536331785 12.132252585869416 2.767701753842952 13.296002584144992 12.341696711711212 6.725252511404328 6.203804098814272 2.4671511655469898 2.5055442269353936 9.084192661994228 8.29946530649222 4.175886295532811 9.551534895791825 14.644479489235232 5.790947813546366 7.757914092051998 9.91407014894825 10.274469848323982 12.116963608548039 9.90170908460441 9.646299631187475 8.768822558344674 12.261702735319904 8.141279983721375 5.087722495830722 7.410885150414327 2.890952323523708 2.682674350098935 9.472461838329457 1.8450294929109432 13.902733060982817 10.840009088195933 12.094354144169007 14.587631092265799 9.64113229262108 12.999014759026082 7.499982476659422 4.095259028144067 5.22947206245849 13.65758290963906 14.059276989317265 8.32231618615199 13.090511668887565 6.499107548599655 3.6962885343265928 9.37260938310925 9.896500567118276 13.974005546730826 14.44178618644898 4.597711060768849 1.9294937535684644 11.51804954359307 11.750310497746602 6.383736878877235 7.870553246697541 10.435870876015956 14.546084547109432 4.357170882633936];
euros_km_B=[25.87648428746122 16.36116277049722 1.4332159482512954 5.475252139716324 11.071519753284406 16.60022790118391 8.72138490667593 29.65763866574397 10.167932430769106 8.147888254169535 19.196832320831234 21.356739861231024 12.451208183824107 19.793000859133524 6.555827194119878 18.66651035130134 10.525836589020663 24.671252032701545 9.456867113561197 18.84247271175591 7.675684565869468 20.72092528291314 9.90754289171671 5.146511752606995 15.848179347773893 28.39361081812823 10.323475593239483 20.804008000112102 24.129274225884025 26.05530633699979 17.356675145339228 26.852057721384732 12.574802758402523 25.440088557053745 7.508589690172156 24.704808445317628 20.408773736702077 24.90503345969498 7.714050059371349 15.441740221691498 18.84751077641255 29.538225742787997 19.626237456896 10.669248742876409 28.203781726158454 11.392049358343563 5.27926202532481 22.83808732842973 18.079411469083695 14.723481288540519 29.078500003607278 1.5669223370891308 14.83481572941033 22.12297213444711 10.675268946658372 27.833953648455296 18.275244964541148 28.625645757677223 22.674527882237463 24.25609386206423 23.99609527448719 14.20729867283402 16.613061061685325 10.39084885824365 22.551044429514906 14.852750886823571 11.170533594880375 24.70486610808379 29.853856383118696 13.979867095468508 9.623606764994465 21.17908042093638 8.545187800694748 20.66342421809371 15.741508297019253 6.380837171230126 25.439488571215378 10.541705719176573 21.173823647422942 19.797989172078328 13.9910367027848];


nDrivers=83;
max_D=[132 136 123 219 171 132 151 212 142 195 194 138 155 187 204 137 216 201 230 236 240 127 158 157 184 236 146 207 204 190 217 233 125 155 176 193 138 205 211 232 214 185 157 210 180 223 192 211 226 168 232 193 152 226 212 181 150 132 133 155 203 158 208 236 183 144 121 128 189 138 206 232 199 178 122 134 237 238 184 177 139 181 175];
        

nServices=84;
S_starting_time=[674 720 126 296 105 194 253 117 444 536 522 441 544 382 561 462 243 384 220 149 258 406 691 75 285 265 568 134 393 217 615 423 276 103 462 658 438 344 583 628 271 253 310 66 603 422 685 285 639 398 238 714 650 171 143 424 605 277 146 464 192 145 35 180 78 60 151 662 554 471 458 468 625 75 514 243 698 65 353 575 257 534 495 352];
duration_s_min=[107 64 115 71 70 110 61 60 98 81 104 66 97 64 117 114 71 110 86 64 73 69 111 84 114 108 120 86 88 102 61 96 90 82 80 102 61 93 115 105 86 89 90 101 105 120 79 87 98 95 106 102 117 75 60 60 80 84 83 79 99 86 82 96 74 102 107 92 103 79 65 68 79 105 87 116 70 118 87 78 102 82 82 117];
duration_s_km=[50 45 60 30 50 54 31 35 56 32 47 56 40 34 49 36 55 53 50 31 46 56 57 54 48 43 39 33 47 33 60 55 40 54 35 40 43 52 43 54 52 45 45 39 60 39 50 32 52 36 44 32 37 39 49 36 50 37 54 44 55 45 60 57 31 47 54 48 52 47 42 55 34 50 50 38 45 56 36 45 45 35 57 48];
num_passangers=[29 96 61 72 58 84 86 67 99 44 67 41 99 87 60 92 82 100 84 68 80 28 57 56 22 65 21 91 84 41 97 74 80 45 30 53 59 32 98 98 98 88 83 44 99 96 29 61 64 46 21 85 78 20 46 21 99 81 36 31 49 42 97 76 65 51 59 43 55 28 64 77 33 84 86 56 97 38 52 36 44 27 65 72];
BM=250;
CBM=0.500000;
CEM=0.800000;    