nBuses=78;
max_busses=70;
cap_B=[66 53 30 31 48 49 135 99 118 90 139 123 53 24 57 103 48 108 38 20 64 67 35 121 128 20 67 57 105 89 122 26 48 95 99 74 91 29 81 137 121 120 79 39 100 40 134 89 127 124 101 61 135 110 71 125 104 26 36 87 56 101 122 90 52 117 118 76 27 72 34 89 100 65 119 30 129 81];
euros_min_B=[11.533316544523187 1.034955821980489 3.388946216337472 7.470406915625123 10.141223149291566 1.2269519215093327 7.518513587470794 11.957692571645433 3.036283090501966 4.418849528710457 13.696327585933282 5.097627690700475 7.833250953570468 5.182294422568886 7.767508390214593 9.266006893613048 2.8185018627018827 10.851337346964293 1.853366971677156 5.500329273918947 11.755851740811938 7.728273933729322 8.894242277406217 2.7393455118470915 11.032011466230879 8.634833916039778 9.69158525790199 8.536725403158453 7.9222476243202165 6.180310806417453 12.670119217199817 14.880506005916748 7.608020678299034 3.652157367670045 8.614525156124348 4.447840496041033 8.908662581607206 6.447182183009636 2.023543935652118 8.150447660839902 6.218304941917662 12.685651364704327 7.658686781218428 12.473264807853871 10.4813136540766 1.694181278959966 14.96864419534936 6.5365139314190985 1.9413528951340104 9.143589501434546 4.5620327257527835 6.14437804429316 10.54147491539425 11.211636609647659 4.315466215706264 8.544562874195748 8.106423037589412 9.741171905021194 13.854591696929495 9.887382471729685 13.307093696930789 6.600755653652599 6.6148269429145685 6.723926492622211 10.402774112909968 10.391012012802197 6.86101805127209 14.140335181380497 12.96155244751955 11.753592743784061 8.082028467081871 3.0899814505054737 12.033484260767253 6.092275853115821 7.994213057391142 9.30958017177199 12.359577066401677 8.90862606402163];
euros_km_B=[25.83243061642096 25.158842052610684 21.611278688284344 8.428944735085338 2.6950430246705217 13.818976447708058 7.057781274131679 26.388020734141918 10.393189317428117 13.258134021513932 10.945616466397125 15.320343192259596 19.82007642704548 25.760821996032156 20.195303461121778 13.439674756474389 27.60536659198731 4.147136100226092 18.01332202382753 25.29864434670645 10.570013665027947 26.504195636523836 6.080830119634652 26.37074816973087 26.5156746546245 21.377362096338235 23.165865587161672 29.193971053294604 5.649922507941719 29.02600291127302 6.940566024413956 3.399938215058457 22.27475452573812 22.916673951885826 23.332872655008398 19.933476406678203 14.131044736299653 14.744831550595633 15.968232158895443 17.451740445796094 20.08726658076174 26.01278689432088 27.96700300869263 19.295477639401224 3.5102132793374325 8.095366881290177 11.004584725229526 14.26007709903097 20.945076264180543 4.493342700613491 3.2067660237794966 19.78623404549351 29.886887197995527 3.2335974422919307 28.194096778119768 2.1972119477712404 11.431572628214646 9.296541050723759 28.348662853700844 12.329451173613691 6.740051116093375 14.335612083888806 27.39370662323867 28.841600057844566 7.373537572695378 22.778332935087906 4.044704903096717 26.030560677271296 22.833789797277618 21.997294009420372 3.7163322585459673 22.109027776811132 28.55769923307632 10.888520352640233 16.19200093329823 9.860827108015775 6.847294594145939 11.35800695844899];


nDrivers=77;
max_D=[160 172 129 137 190 199 206 220 235 125 197 180 137 161 123 232 176 172 128 210 182 158 178 129 135 238 199 128 152 204 173 217 154 126 141 229 173 156 235 153 229 121 135 195 230 162 152 213 228 187 126 126 190 170 123 232 131 178 191 121 201 169 134 130 217 191 179 239 158 151 228 224 239 226 126 184 231];
        

nServices=84;
S_starting_time=[4 198 608 696 534 82 535 4 335 308 482 565 333 698 200 490 593 501 612 307 481 596 625 525 22 474 56 236 172 569 246 421 545 346 4 454 64 406 635 435 662 290 421 535 520 137 31 317 59 18 602 462 108 524 506 229 684 225 296 514 103 467 361 605 452 319 51 517 335 670 29 77 596 515 582 101 427 54 127 281 159 676 180 421];
duration_s_min=[82 94 120 65 97 60 60 73 70 99 97 68 101 74 74 90 83 115 103 60 95 111 90 82 115 98 97 78 120 84 112 108 63 108 66 113 119 104 68 85 100 68 65 66 81 89 111 74 94 83 93 108 74 111 116 93 78 91 101 84 87 62 96 92 101 81 65 115 119 68 74 71 62 89 69 109 72 99 102 102 85 69 72 74];
duration_s_km=[57 58 37 47 35 52 56 59 37 43 58 58 44 52 60 36 54 53 44 39 44 38 30 30 48 59 36 44 53 41 30 32 43 40 45 46 53 38 34 32 38 54 42 51 42 55 31 40 53 37 33 43 60 41 49 58 40 35 52 44 36 39 60 39 39 39 37 54 46 35 59 35 42 47 36 34 52 40 42 43 49 47 50 44];
num_passangers=[48 48 62 89 85 79 46 22 35 67 45 32 76 60 40 53 76 84 72 54 91 65 21 66 100 85 92 98 67 27 46 59 70 58 35 91 74 50 84 89 35 44 24 32 71 69 89 58 69 70 60 28 99 79 20 66 70 87 57 37 53 39 66 92 22 25 58 80 47 44 72 79 31 73 68 74 25 89 82 48 45 28 48 59];
BM=250;
CBM=0.500000;
CEM=0.800000;    