nBuses=87;
max_busses=73;
cap_B=[106 83 32 24 51 42 128 133 36 41 136 52 59 97 97 69 42 65 65 73 25 112 79 134 47 58 71 115 100 92 74 26 116 79 136 74 98 68 110 31 69 120 134 74 127 32 130 55 31 98 76 71 94 31 82 32 110 59 76 21 48 102 45 80 121 91 90 33 133 116 70 41 59 26 128 23 47 49 53 91 127 81 40 137 107 23 137];
euros_min_B=[12.297846801723033 2.659611450475625 11.683139149698858 10.365258321952956 14.919718382933873 2.267285291449716 4.2811758772841735 2.4902804291908494 4.548242760536763 9.874187016462571 11.20538093734862 7.592780752412427 13.568157822153587 1.4646536132927916 5.227418438709883 2.840131822615205 7.911603132350801 10.346949878297803 5.898737303176821 13.297330236298492 9.811946454579903 14.246829362495895 5.849255566313064 5.869525185771577 10.92228845994354 11.897701657426243 7.422620706167902 14.494635137026428 6.212219718432852 6.224887274905911 6.229011589421088 13.716501021875805 11.509607044708012 5.12690388556784 5.661493773547115 2.8104099120617243 5.963236287496483 2.3634004003935765 3.3441180692234553 13.700595839919918 1.983873724727978 3.793155710312961 7.983158698551816 7.820409473717165 2.8057011896096546 4.961277808315394 12.360307009476157 6.718170628149235 3.542410934691961 3.908646575129402 5.431827269668628 13.655896364145708 4.941549615710672 1.3864525609093206 5.796553435607943 14.77102866852973 6.52081453066978 5.994210516471497 8.27978617424356 14.911618453052473 13.259871500920909 1.169914830398175 4.825193371896177 7.059210010664654 3.8209441974742537 3.3552251223403005 12.386177194412543 2.611680890070956 1.1802916544976914 2.113595250391895 12.990042275424049 5.9466520067427435 8.380408371821385 2.1706525765627225 3.023975529381433 13.091766302762986 1.1773836101630593 13.776532889394392 13.389791379017552 5.200018002664211 10.90441058678324 12.361714571553842 11.16191048280944 5.444756919023625 9.152300362594168 13.714364814938833 12.06370115127227];
euros_km_B=[28.12311427361865 7.719262708785502 23.245681266827802 15.33288635348909 2.576488823943407 21.042733679346746 1.1438150561079163 2.9634590531619884 11.623090454419623 3.463070411925351 14.456303526709599 11.409401322233304 5.639564939315401 3.3946574479564164 24.33459471336592 29.9765679093101 5.991052380015335 11.76308157019638 12.133330449124092 22.94372143442059 25.671422351848175 12.83983217398548 12.056304588433527 6.447022750696529 29.278976143329487 2.2006707245365416 11.569051927684448 5.098796496805152 26.701198201268955 27.25095408668943 15.146024996215644 6.780392361275423 29.14374755739513 18.59609005731444 19.240135670359813 10.362770120322894 29.113743132332313 1.6669429284789596 11.21509232351073 13.386040845249438 29.69203730972156 12.824757728361073 29.504407536857542 24.420331769314352 27.3864473263703 21.933278227842912 11.947390840829325 8.223936715856006 1.3773684448445929 10.549108573605228 7.784039319680045 16.805427466482243 18.731105092780865 13.625665372733458 8.849563972044281 22.042656020373084 14.644403878534396 11.413701698789685 13.744734931431033 21.13689431177262 1.3609724285926497 29.137251293904384 21.739676757937005 3.3825140909183706 28.65845506798199 15.763800389104416 23.578292084309524 15.889506412568304 12.6325266836302 3.530906634299374 25.199671431518343 27.937653221238204 13.034510063933347 29.764209571554417 12.267041993501868 19.03245385943949 6.744803032498481 1.0679019003648675 25.44276994956588 28.303648860797995 17.65124248125457 13.526900535734297 15.107891999881947 11.12404168734661 24.804424576373698 11.129914697540881 8.75547403845432];


nDrivers=85;
max_D=[222 152 216 146 227 199 198 207 180 161 187 207 235 155 160 217 220 205 183 136 230 193 201 240 229 231 232 126 189 182 216 138 233 231 154 239 137 226 196 142 196 179 172 210 209 124 180 179 233 183 228 231 134 212 137 140 232 196 134 148 231 128 148 156 221 149 161 164 190 121 148 196 183 178 129 188 172 203 147 141 237 186 135 166 164];
        

nServices=88;
S_starting_time=[598 409 439 567 690 91 279 8 358 335 348 386 684 653 269 233 110 417 525 201 366 205 508 254 300 620 65 552 254 357 268 532 514 170 604 347 56 287 607 407 580 580 513 613 298 295 500 627 271 483 493 618 324 6 97 684 276 659 578 368 19 359 718 20 512 120 505 720 10 56 155 168 334 309 262 189 310 408 427 170 482 448 365 607 233 529 138 580];
duration_s_min=[108 84 84 60 94 74 62 68 80 85 73 94 89 87 84 64 113 117 96 111 63 84 74 111 118 85 98 66 80 106 67 87 70 111 69 93 108 65 63 88 115 77 103 62 78 100 99 94 65 81 65 61 103 98 93 117 77 75 82 68 96 89 79 93 95 117 113 100 84 76 66 79 101 77 113 78 108 65 64 70 114 79 67 76 80 76 99 99];
duration_s_km=[34 41 44 52 33 52 33 42 40 41 35 53 35 32 46 41 50 35 55 46 42 52 54 32 53 38 30 31 55 57 50 35 41 41 33 32 31 47 58 54 33 40 31 49 41 32 44 37 39 33 41 37 54 57 33 51 49 50 57 55 38 44 30 30 33 41 54 35 38 54 45 32 47 54 54 45 40 31 36 50 39 47 58 60 39 57 45 48];
num_passangers=[88 31 20 91 44 45 37 24 31 61 99 58 34 70 29 51 67 47 52 40 70 83 66 40 22 32 99 75 22 35 98 21 40 38 20 38 28 92 99 94 52 59 31 98 58 75 73 98 63 26 29 43 95 34 32 33 86 64 46 62 98 69 60 60 76 56 24 34 60 58 64 78 84 91 28 75 98 74 35 71 38 66 64 30 27 38 63 71];
BM=250;
CBM=0.500000;
CEM=0.800000;    