nBuses=105;
max_busses=109;
cap_B=[87 116 47 91 98 112 61 91 87 134 24 24 44 138 83 106 102 117 136 108 44 52 94 75 28 99 30 126 46 117 47 134 133 26 118 116 31 46 87 29 131 134 57 32 105 84 28 30 101 130 83 105 95 30 140 71 65 91 47 25 109 92 115 91 83 36 79 66 98 41 60 125 88 37 107 129 102 107 136 98 102 104 130 103 20 104 52 103 37 139 71 95 116 116 133 140 61 42 21 46 82 109 25 127 42];
euros_min_B=[4.536610293224465 10.540417078758876 11.235001135342543 9.97527715931544 3.3327443409580777 11.367447904404331 1.4111499943050687 1.460096960949019 8.995227378922822 11.13285283468734 10.226199561265421 14.86511248780721 1.8736131354148382 9.712712014814267 4.804276280536454 7.957851646837024 5.171043430832125 13.71267081407578 3.9640502396762387 5.381087461338928 3.669298241224947 4.576108501049941 7.957671092169395 7.302756855302697 2.0875516365688664 2.1180318545882013 13.006040729011398 9.911565657874977 8.685127679412641 10.280898560720575 3.912128525282604 10.935945083847837 11.171676732329555 8.641836692267583 2.9372703274243017 3.5337597464957122 9.159394173887272 11.15656382803885 5.131933835706869 11.319484459738153 13.16861275652051 3.864615396136883 1.823453899464532 12.002501855857757 13.725707224141454 11.570985587670082 12.686624399238934 2.7421971810430366 12.479221089318917 3.6367308402397254 6.909036901200684 12.634432390848776 4.965432879219654 10.93625155523183 6.645771051839557 4.970483601277486 7.918915670695874 11.296016478706939 8.760096180592075 10.121734808741445 6.873754111141394 9.309386427093127 10.796158994641956 14.129785727658959 6.881747202419239 8.209115809464436 9.897804528925322 14.529142780799472 2.9786281451474133 6.754676168000916 9.573398799475283 7.847642345379635 4.285568237308462 13.833744460173442 10.106800780425077 5.331842350974696 6.4466492926973125 8.362666531271145 11.006785288973141 14.08179551510245 9.29334420811716 13.391929322515095 2.050105085722577 2.821999250891823 4.939499532112028 6.900953809425291 14.554531879849323 10.58744322817741 13.1620543143083 3.150529053632482 7.9739883369796685 4.9080337827647575 3.8971181175461953 3.472498041196358 14.764789744779522 2.845933769564446 5.539296776569408 8.989122962803496 2.446779664554237 2.4874400712431246 8.786883507722846 2.306726294851555 14.137439856103668 3.3604241883445276 8.171188394774525];
euros_km_B=[17.375416354946562 23.07310244816976 5.817323222366038 11.638463506074658 9.37294319600387 2.1358501362295086 25.979015473327014 15.28001518869183 13.83913464129824 23.892336654404396 8.617078313371815 14.84736710675187 15.681821960475066 27.092067481375203 19.666050248411626 2.316514163768152 10.18673640549674 20.976485975304563 1.484845622300752 7.630458814834155 5.504878164838483 19.546132578646855 16.080350243900305 2.782750093969751 17.864008491384944 22.181247965034043 19.15500649184739 28.289756299889262 14.84488634554469 24.000049904080345 12.62516684189133 18.593051409398633 2.8046558798176644 18.979239360549613 14.54514389077835 8.608016916598423 3.0073916963012564 25.13981563235226 1.9122866052597605 19.190848640184615 15.978534769816266 10.930598149404052 9.750865476024993 22.659142457504878 16.526997689722993 24.65306072820743 18.652024968821653 10.072488563355286 23.700197782677073 27.97771925757939 22.40233528903898 4.841714566864494 9.19331394597214 19.58471976172408 28.2982383999841 9.492369317520101 9.286156404421344 5.453377445946196 18.36008604340067 2.6024867772411833 9.44190971468726 12.929893754031879 18.641233807435697 22.307249878978425 21.711759574322073 14.554530499845042 29.524651169723946 15.117307268509043 27.052969783916108 3.3346849069029685 13.694096992561992 21.276493351567744 10.913569978764723 24.067665639331228 12.923365372153407 17.18911970680398 7.488536181232357 23.688327934309616 16.570195099613773 16.244805629953305 7.760013961456518 21.725201738753757 6.202557288528186 26.426167421792872 24.28091149401904 29.66687700147528 7.027726016091076 9.139716335242868 24.54852503681125 25.093482818893772 10.939161078420188 3.50594370458173 26.837737199905703 28.565477686753734 17.98618568300924 5.065193683895551 2.1495791908612913 25.718308376631597 23.54039845045348 21.71707176180343 18.202953537531144 5.073535129678564 15.279663731430688 11.786472728042718 9.999213901486332];


nDrivers=108;
max_D=[164 203 137 133 189 168 134 163 181 162 177 235 167 216 215 190 206 239 175 122 237 199 192 208 226 122 229 198 194 220 211 162 192 150 152 120 219 194 135 144 229 164 120 182 213 187 203 192 206 236 160 175 232 137 152 141 135 162 128 195 190 167 165 234 164 230 141 203 137 152 149 210 197 222 195 201 191 125 184 212 132 212 169 150 193 163 158 140 138 186 209 162 177 138 134 218 167 178 172 203 208 217 161 161 234 181 172 154];
        

nServices=111;
S_starting_time=[106 239 707 87 503 110 612 616 121 350 575 679 199 477 158 209 515 571 414 631 348 430 371 693 430 188 288 587 483 651 517 679 314 641 462 117 199 467 487 163 580 399 36 550 203 289 304 142 480 599 502 393 213 536 586 338 406 555 626 285 590 582 210 224 220 170 256 188 108 58 118 92 201 240 615 421 397 4 463 567 261 498 341 282 73 656 68 309 611 395 627 7 29 538 307 157 27 563 594 145 434 586 476 67 364 297 482 474 205 403 568];
duration_s_min=[77 110 89 118 70 115 85 80 63 110 61 96 100 95 115 73 81 68 64 65 109 110 67 98 110 73 115 94 66 86 87 108 73 97 94 77 79 98 102 65 87 104 68 81 67 81 85 104 112 75 79 119 103 119 80 103 83 119 101 92 111 79 96 78 118 81 73 72 90 61 115 116 64 93 102 87 120 112 79 64 118 115 82 100 98 91 62 115 88 66 111 98 78 106 75 95 109 91 95 101 95 86 104 70 87 63 104 107 99 71 104];
duration_s_km=[34 57 34 46 49 36 56 57 30 50 52 55 46 42 31 31 32 41 32 53 47 36 58 41 37 42 55 60 44 34 52 58 55 31 58 34 55 59 55 43 41 32 50 35 59 32 36 46 32 34 58 53 59 33 47 55 45 39 38 40 56 31 42 46 38 34 37 60 34 41 31 45 30 37 49 50 49 42 47 55 35 45 60 56 52 34 53 33 53 35 50 39 39 50 30 48 48 48 45 46 46 50 55 60 47 45 53 42 43 30 51];
num_passangers=[85 52 95 58 75 95 77 44 43 27 47 22 51 77 74 64 66 62 60 55 46 23 71 79 64 46 70 63 26 80 72 58 62 50 37 48 85 25 43 93 60 33 69 45 22 60 22 50 63 47 24 42 68 47 59 33 51 70 29 25 83 72 98 30 91 25 73 69 95 94 94 50 73 98 94 46 20 56 64 84 68 91 69 69 27 54 78 36 76 27 25 49 38 90 30 22 78 72 27 62 95 48 52 28 78 76 62 51 89 22 82];
BM=250;
CBM=0.500000;
CEM=0.800000;    