nBuses=123;
max_busses=116;
cap_B=[76 71 36 39 24 50 117 132 81 124 81 60 75 42 113 98 35 37 66 133 57 93 33 116 58 113 76 105 95 55 93 79 26 77 90 74 109 37 91 115 23 82 76 100 28 86 39 25 118 55 137 103 88 77 50 97 87 59 131 21 102 90 97 69 78 139 29 70 106 135 106 29 79 42 123 124 87 98 39 136 115 102 50 27 46 75 70 45 133 28 68 97 39 91 116 47 68 94 77 35 124 129 47 59 52 122 133 129 38 34 97 25 24 74 20 90 66 99 28 93 101 92 60];
euros_min_B=[7.896425707400824 9.565525754579454 8.803129326508397 2.4467823933550497 3.570439946036327 13.11857065204716 3.696012738897667 13.14945035382167 2.383151206929984 2.9923535275198696 13.379205939335828 11.483795241900985 4.472448426488678 6.0793937588652565 13.0362764411184 7.587236223861327 8.590340135092552 5.54997553649546 10.6209754111309 6.271679376447607 12.383493291530623 8.647878268832773 14.694046873216239 4.746686163378645 4.841440684011218 2.0964506003759174 5.147159588406861 8.018903995598354 11.051313655718314 1.4705968208881721 11.466982086054744 3.531853786978308 5.488510043374998 11.368692804093913 14.381775672677689 10.801592685015212 2.7285004891092997 4.003767991786685 10.330816383872085 6.090456704024863 2.885796239343988 14.45738920395045 2.196685377399106 4.986817874007677 12.288691244437349 13.00259814269068 6.062173656869422 11.958273998735331 6.581252732925404 5.432329612864507 5.479314454605677 3.0669306683109125 6.681372126430034 6.411051902881088 6.372509323948881 8.262996254228721 11.56438106980179 7.281754177137083 2.333320739002097 13.818258111852916 3.080961638479952 4.545600232355502 8.607349258353974 1.9825886942343929 1.6484538000030062 4.46310623784955 9.796668963944946 1.4545518720128503 11.23235986252854 5.387568554898921 9.418700310862175 5.206306014447518 4.2425037441008735 7.585168632109631 9.634053554485817 3.452270976514809 5.730576946177016 2.252388457252459 1.6043147097844779 5.357370709681685 12.210071946821836 3.2164436927557594 12.1207470225933 11.78461741277297 7.036139428290072 12.547650514612666 7.769300549290438 5.2088248705555795 12.048243925671237 10.676998204980642 3.620237867851122 4.882895565982073 8.129882356719415 8.749871344938908 2.2788170524249285 9.253109877068844 3.229609216507427 8.545894100678087 7.397300055740857 5.124839477328106 14.19174876397544 13.555497418640762 10.91989826038542 9.328760296415219 3.6763333899655612 9.40046132793119 9.427222147828264 8.625949733541791 11.923154111086168 7.313353299350464 2.046834437346244 7.6330467903307335 8.875331733413429 12.679582979433887 14.823207548463401 2.930433834634024 4.981039591683013 14.851069201868583 10.227944207923162 1.1746414220886763 1.7594520218409941 5.959125724685238 7.567306956979162];
euros_km_B=[20.3667325039054 23.341618942836547 4.495069293061006 11.398642541124067 18.702114740312133 5.210368685158631 10.163073679381663 11.779141371852594 2.822834234894935 9.72832318098349 14.56566898533278 11.45949127239939 21.320139251990092 20.125315945472337 27.85665992778724 24.385235549959727 4.238314775049352 10.517613126554792 23.09730078729966 24.932836448079957 18.871606243549856 22.118395236619694 24.690254221652932 16.908477858935175 25.68617577211934 15.341795579058184 18.559943353524694 20.539110286888867 22.900299607761614 14.828385222410864 28.37074754319228 20.322404294969687 18.755637377163985 15.354159648776205 22.094427212995566 27.733696075985748 13.701726866446336 2.477063421692404 24.39224922339173 6.979634751985362 13.54890743185963 10.634598160095234 10.926109629229622 15.163049029531273 4.847306511378804 22.735782913520744 24.53382964844461 13.6616775234381 27.77417779662838 17.818091790599947 26.937301360512727 9.356273660143437 5.849020120035229 17.857740758077 18.46147753197229 4.953531021559794 28.463312742525275 17.96158674718789 3.9425073382722453 3.6629357108553853 18.74843198192273 1.9128977442184916 8.087778555681123 11.408106353038603 19.008958781791495 22.636574154794356 29.5684003225446 1.1806232436086033 25.32082951692383 1.1471341181175945 18.140990058265515 12.014155914675017 7.133026775619271 18.913653179365824 22.116542029631596 1.0280098155032327 8.76708599382945 19.851263720277483 3.117281451742798 13.427923421216626 9.499829527880099 10.902051748793319 21.72898838737445 21.53767395281884 26.256757371927847 13.809463933518872 10.834469540328476 13.253929929343679 11.893646674965069 15.97538841020717 5.162712759351051 10.844226252652062 23.100050708256894 17.593453853709203 6.319470381085189 28.39851268160119 16.05127224179879 21.03919413254573 1.5059898439963098 24.199720372213367 8.539980987571475 22.10680764160443 3.751270825489718 25.860387867551776 23.134672256017556 28.08885801362652 25.464875127673402 28.152832404177758 12.048080585245003 20.594305285120033 27.44049118556497 8.996698310702836 11.245673257068475 17.50739566352418 13.942520458583289 17.675173915988683 1.4800316624444703 11.36627341677622 8.783953789976673 3.551979742674412 10.292802837464025 13.641735110508032 1.5267337736781406];


nDrivers=128;
max_D=[143 225 237 128 184 159 207 189 129 125 153 154 214 159 192 227 155 123 151 135 205 222 121 146 142 212 188 167 236 185 173 138 176 209 125 225 202 137 217 179 171 225 144 136 212 189 129 121 228 149 220 239 156 162 156 202 218 148 177 162 201 123 181 208 195 183 220 144 175 201 201 211 185 218 207 137 218 156 135 206 183 135 132 135 121 203 124 218 157 168 233 179 205 131 230 228 139 172 187 238 139 209 128 120 177 125 141 158 183 192 168 124 127 234 153 176 172 217 225 127 157 170 224 169 184 166 178 158];
        

nServices=129;
S_starting_time=[207 245 96 470 685 565 115 158 473 462 9 426 294 347 690 554 518 41 246 447 335 475 623 314 626 421 547 344 446 134 561 31 434 274 97 534 453 597 151 149 73 55 482 715 194 719 714 711 231 711 89 601 613 498 121 65 244 609 642 100 588 152 180 678 23 96 250 359 284 573 515 83 139 353 685 429 720 185 608 536 391 114 579 460 621 674 53 428 313 450 682 206 220 244 322 621 704 593 41 139 359 666 257 552 514 470 22 343 34 554 494 205 371 253 518 651 235 570 16 324 355 615 533 79 203 532 293 285 462];
duration_s_min=[74 62 106 108 89 68 105 111 84 76 100 74 90 94 118 65 63 120 110 101 105 77 92 105 113 68 115 60 61 66 119 61 89 107 79 95 97 113 77 104 83 95 94 75 75 105 99 65 114 71 69 68 118 110 73 112 110 60 65 84 66 112 76 85 67 97 111 93 62 84 100 90 116 103 60 87 77 93 90 92 115 113 108 72 84 80 76 98 80 79 71 68 110 92 91 63 111 97 112 70 82 62 83 78 96 75 60 93 113 104 93 119 114 72 94 103 110 88 96 118 65 89 96 100 92 97 94 111 74];
duration_s_km=[41 39 49 45 30 35 51 47 54 31 42 36 43 50 52 59 47 54 42 39 43 57 50 38 52 36 43 55 46 48 31 57 41 60 42 46 32 36 54 46 43 43 37 54 55 37 40 55 41 52 52 37 46 58 51 59 38 37 59 47 52 35 30 58 59 58 54 58 40 54 34 37 30 56 53 33 53 56 45 34 39 56 39 56 57 54 38 41 49 58 53 42 52 42 39 42 57 45 43 39 31 52 45 38 33 48 56 30 44 50 39 52 43 35 47 53 57 50 53 53 39 49 30 58 38 60 40 41 35];
num_passangers=[26 47 81 39 89 79 96 26 63 95 92 93 58 79 69 42 24 58 30 45 60 31 30 88 43 64 34 41 31 28 34 67 82 36 68 97 71 44 62 69 92 26 28 22 28 39 56 27 31 20 48 68 70 69 95 20 53 60 27 78 47 74 45 38 26 54 85 81 96 92 42 43 76 36 69 74 70 29 44 35 85 57 80 52 78 71 78 67 89 83 87 32 29 99 76 29 21 99 77 92 63 22 92 25 83 70 40 80 80 22 63 20 53 74 33 85 21 91 52 30 70 24 34 91 92 63 25 99 56];
BM=250;
CBM=0.500000;
CEM=0.800000;    