nBuses=99;
max_busses=92;
cap_B=[67 105 48 64 120 31 124 22 110 98 134 34 105 94 109 33 22 20 86 117 86 67 67 65 106 80 71 74 72 38 77 128 104 26 40 86 92 21 91 121 102 100 68 81 109 135 30 56 80 29 127 105 26 72 38 85 46 59 128 70 63 116 112 73 59 72 109 135 59 42 72 21 107 20 108 97 38 49 75 78 75 88 74 38 128 69 110 28 99 99 48 38 128 99 96 86 36 102 22];
euros_min_B=[11.061477008344324 5.150276782014903 5.251931425559344 9.274553182021622 13.767870816772104 13.41089054374233 3.4534330448242927 8.514589635506162 14.55775595829053 7.701956571726148 8.595704198868734 12.240156427171117 12.268477700848672 12.201338585356634 13.018241227880656 4.783883278464535 7.633613408799905 14.652057262075829 2.340188787486211 7.00298275005568 4.69991415070492 12.737360951749562 11.440177328914643 2.1853409356993607 4.199317141620997 14.689713393519838 14.680728485811208 13.944048324835977 13.016940215758348 8.336858606716339 2.986889377657084 2.8687030836328304 14.590392226388666 13.701881824293961 2.469598186004842 14.609726079615937 12.894684796984318 1.2239580920385653 3.132431404838045 3.7522945466607753 2.63066824687114 14.797258643321893 9.66122130427212 12.472363762018553 9.430181593566076 14.327619219861187 10.987435622045629 5.1204755574078575 7.334309206553504 3.4604168874560464 4.1680164408388025 11.921473443812948 8.666768252460095 12.682170026700717 6.3229676354691176 6.897358133216291 11.417156555118586 14.136727340039585 14.682308295851186 1.2938751782752294 7.082395844266804 5.986427970686976 13.629489947430262 12.324399248101473 12.262556890273277 5.392321721270043 7.479094069716539 9.584492637279737 5.139711303625721 7.739932004305206 12.968552705375293 10.188347612901591 12.250832440132577 14.822719669473406 9.138251822098017 5.322289674120057 5.026125881392226 6.192856907655775 6.606174152717858 12.484429865552165 4.254092998608531 4.989285502726418 6.861009748650163 11.777960140100587 14.761964453404003 11.522415863312329 4.941156663624206 9.005563063233938 5.52983149480174 6.86455244648873 10.154648884874806 10.061304433644755 2.350517317110911 9.496927669675811 3.8770539779203106 11.220220810397644 4.0008982186709625 7.945302271895633 13.904560444129597];
euros_km_B=[20.74587791208387 1.968269755222865 11.206699518962496 1.0106009058754313 3.030928111297686 18.403966052947307 16.44366224824367 1.2598322886679618 24.63912639759248 12.873408771700602 15.137364543099114 16.895016067901427 4.096026162320911 13.388268619498742 24.856258537931957 23.124706324869397 29.66707053718222 25.19477666443159 4.599213209012605 29.93908370009395 15.167428151088892 24.517615167006536 24.40576606927194 21.758245087949923 11.596536751335913 18.60677183899136 19.915821177181805 27.133542053488338 21.987891199183263 16.70882822527149 8.063857471679048 13.529479773117133 7.968999837991961 12.746158610056247 4.5577493738321095 12.039548674374535 8.899764410087256 29.765287054933225 2.149419889016297 22.980461132776416 8.821153023586165 26.32861030575871 26.03094775248216 17.703306093860117 16.24362264267905 18.797631033583432 8.637067374565458 3.3417506314420344 29.793890213359273 15.92116892758764 27.482553991133063 7.294303044212933 18.148036097574806 12.668722698409255 10.76070545777233 9.05076371588634 24.63629860737113 17.328425367958143 15.390213879048465 23.67901412217091 18.593324400321674 10.339327392763758 11.389944942936447 27.188702963229876 23.18923017270315 25.976798280547595 6.944238317952929 10.543430650570484 24.320797044417667 15.992508743912477 14.589820747687531 27.225878840690616 11.250228356712519 17.81877914361817 25.236680436179746 20.52570686978822 13.442137756705248 5.1663204590656955 5.58215077353948 11.997578356766645 25.63478032539659 22.7038855386981 25.13737784910338 21.07084911611212 24.86626148700042 2.9961759488825024 21.037272494135976 9.93949568040225 9.85115837707159 17.726088233752233 24.94754854351537 4.938301654839342 11.924085318736571 24.326685050431024 9.65598690578804 5.134657221565078 2.271950852262216 23.007779786467875 11.053391632797704];


nDrivers=94;
max_D=[218 231 120 170 155 195 123 182 222 142 234 177 215 131 123 170 184 172 197 183 191 120 140 162 179 185 125 196 147 225 208 127 142 154 222 131 197 137 189 161 201 188 214 239 229 220 239 151 178 124 127 179 120 219 154 146 131 165 192 218 238 137 147 230 202 179 195 235 162 197 234 178 186 186 127 177 240 162 238 120 171 163 172 152 196 147 151 239 170 176 210 122 234 239];
        

nServices=100;
S_starting_time=[145 623 651 283 59 369 186 703 247 244 301 236 47 358 444 580 67 559 88 75 606 577 284 642 255 392 12 118 529 215 69 481 5 612 93 440 406 93 331 132 620 156 604 664 272 628 3 675 177 687 602 129 343 441 598 199 148 302 719 389 451 694 256 45 170 119 327 206 171 291 131 635 163 389 357 243 482 587 141 560 556 234 174 87 142 214 479 80 607 288 145 410 710 553 148 46 6 21 501 25];
duration_s_min=[85 90 84 95 92 74 80 70 66 61 112 65 70 72 97 115 108 107 78 117 63 105 108 89 95 87 95 84 96 116 108 104 115 88 69 69 112 61 104 91 99 92 120 69 76 85 71 105 110 77 65 78 111 75 86 85 95 87 103 68 64 94 107 91 92 76 61 119 120 106 106 104 84 104 78 91 104 106 92 93 88 86 65 64 71 83 77 87 99 90 60 66 90 73 91 101 62 117 72 79];
duration_s_km=[39 59 55 59 30 49 35 38 42 40 32 44 46 51 45 60 42 48 39 33 41 55 41 45 32 55 52 49 49 39 41 43 55 37 34 31 56 46 49 37 58 31 40 48 36 33 30 57 56 42 32 49 47 44 37 50 38 46 56 46 42 33 55 47 49 48 40 43 33 42 41 36 51 49 37 60 52 30 35 33 50 32 34 40 40 55 49 32 33 52 56 59 48 46 52 39 54 52 39 59];
num_passangers=[33 22 24 26 50 91 64 80 92 44 88 82 88 64 84 51 99 32 85 86 52 38 81 50 90 58 52 21 81 34 86 44 66 84 35 85 90 68 34 47 81 29 21 60 82 74 31 43 98 57 95 23 58 50 44 71 33 33 71 63 37 55 86 48 81 25 28 89 61 21 82 97 97 67 81 99 29 73 33 65 47 59 88 45 50 28 25 69 45 93 91 95 30 76 70 23 86 85 54 31];
BM=250;
CBM=0.500000;
CEM=0.800000;    