nBuses=69;
max_busses=74;
cap_B=[25 94 20 94 108 57 128 132 121 98 96 70 92 75 21 133 53 33 123 56 52 137 103 74 36 134 110 71 85 128 64 109 135 82 81 94 89 130 137 72 120 102 126 132 138 75 76 129 62 117 95 99 130 25 45 76 126 22 81 96 56 76 58 126 80 132 125 70 68];
euros_min_B=[8.082513319493833 1.0768965357382392 11.156158147860948 1.1590017932342782 7.826066230046744 3.373469466910925 8.927909462036387 5.480705237696016 7.492280422695618 13.262689698761035 1.138203877176981 7.835511808148711 14.093286153767378 3.4195565501031826 4.709945999918214 14.758810479733919 10.56259286056623 4.223856645977849 12.877510999642332 13.909294272164242 6.431083300536861 12.859105380099956 5.32819465050493 10.4022983870416 8.259598288372857 9.166516372638277 8.896605832149753 4.609138580364249 1.9803353357324966 2.198140235884927 10.181668438034038 6.634095413856535 4.627705541164271 14.913566117988209 10.456151482744286 13.241850894440883 10.60573361268731 14.830815275610847 12.101741280825731 12.435532769339398 2.9609221649847024 4.208522549349177 1.1865596612404523 13.162997817841191 9.851900033241098 5.264990388439243 1.7879096492463462 10.124629825088439 3.1596238970085153 14.847136143062743 7.886978183738611 8.776195958519693 7.799004025143331 9.77874214726396 14.18947061725554 11.71468211457616 1.0835007267984205 14.101242854493975 1.478819134381839 10.346037912300368 14.63057979213784 11.541081209324057 8.013762290813963 5.882923160317718 2.995289431429542 7.685907474835698 12.182631679132637 1.9395254451117707 12.325304526175431];
euros_km_B=[17.483357985215875 5.406581820552901 13.234875840119797 19.2125331361963 27.708955878166716 29.33085746208805 5.917162053162942 14.568838672466729 10.349124880534209 20.06056409076036 10.942770553667295 17.338034764069956 16.039589899488128 8.221499101060298 7.370672836391135 11.941115184414796 6.0754979971333976 16.33638612266118 10.77178576418223 22.008358721429044 10.656090109794961 20.678651451324143 6.146794119773324 18.754561645437047 24.770104558317577 18.263088494613534 26.660622894410203 25.764824078433513 4.9704489229287026 8.47707442126211 16.387068967382454 14.164706942441759 10.065109126071825 10.194436340726352 7.789363008023185 7.846398858781567 14.401214881015969 24.050028542102822 2.143753606897449 27.146850806713683 13.974949746644292 2.7639014547531717 28.206793503629065 27.596975736873848 14.648459751023161 27.2741345341746 16.664467211199664 15.388107566979654 5.155419531814246 19.33095970247964 3.8905475343978813 5.744369996656294 13.723212743818722 20.462716335059742 29.70596744619615 22.10654228292377 3.2556081156163073 18.089537334695457 10.46621550432904 8.056527317337597 2.6580900510878083 3.6235288895835573 20.867294857753606 1.090484312649193 3.868077745088335 19.639908310012597 19.481908780061836 27.39503449217523 5.535114317381096];


nDrivers=74;
max_D=[131 131 126 141 159 212 235 196 195 234 192 126 209 126 177 148 201 224 138 121 136 206 146 190 236 219 191 143 237 212 204 191 211 232 155 206 181 223 185 164 231 127 154 159 205 189 140 183 236 196 226 134 182 156 171 138 131 207 178 150 194 126 122 145 181 182 200 213 164 192 166 240 142 191];
        

nServices=76;
S_starting_time=[310 120 646 446 66 466 155 129 3 135 540 521 640 547 554 593 665 304 499 306 594 197 30 219 122 73 211 476 481 259 5 205 677 445 265 150 465 711 270 603 332 532 28 703 24 50 557 712 17 321 444 309 473 687 71 33 118 683 671 323 289 692 112 378 450 650 620 119 279 606 529 320 436 482 275 634];
duration_s_min=[114 101 111 96 117 98 89 72 90 70 111 86 72 120 102 94 115 71 109 115 83 84 63 103 67 67 120 94 62 115 88 61 104 62 99 62 68 82 79 60 61 115 78 102 110 73 80 67 89 74 115 80 63 83 96 104 89 100 67 83 60 90 117 79 64 62 91 75 67 103 109 116 84 114 106 85];
duration_s_km=[45 38 46 41 53 39 36 44 31 33 35 36 34 31 60 59 38 42 44 43 35 58 50 58 30 43 30 56 50 39 34 48 37 46 60 49 31 50 31 41 51 47 57 40 50 38 32 51 45 53 52 37 38 42 50 41 49 33 35 56 59 54 54 36 30 51 50 51 38 40 49 31 40 40 48 44];
num_passangers=[98 65 81 65 56 60 57 69 36 56 92 34 46 80 30 97 63 88 99 62 56 46 91 21 53 72 68 43 79 85 50 31 27 63 84 36 29 77 35 26 71 77 91 34 96 91 89 79 59 45 90 38 68 26 34 33 27 60 55 33 72 55 50 84 70 37 71 37 41 37 47 58 67 95 55 29];
BM=250;
CBM=0.500000;
CEM=0.800000;    