nBuses=122;
max_busses=115;
cap_B=[45 38 90 53 68 57 76 40 105 54 82 38 75 63 134 104 22 95 133 92 128 80 99 82 39 65 66 85 80 38 88 70 84 133 46 123 86 105 140 24 23 56 76 100 111 48 108 45 85 133 88 42 108 45 61 113 92 70 131 83 78 22 128 27 96 140 70 38 30 100 60 120 42 82 133 30 26 50 109 28 131 132 87 48 123 47 123 112 138 43 119 22 95 127 70 54 55 83 129 59 122 111 138 98 100 73 78 140 63 87 58 89 83 58 124 37 46 58 120 20 59 132];
euros_min_B=[10.196155160268475 3.7379051910370844 7.855008444188042 5.3860866932915235 8.704077177170255 9.003220871691328 14.332141519168305 1.3739410455766496 6.690601232946775 7.2595028805935 14.68576677655716 13.503116452187442 12.456850458355301 13.692474475046968 1.8014256273622795 5.5587262497436996 7.238170969798292 13.442152848377265 5.090792442978729 3.173209203430018 10.696381658727438 8.41645161179109 9.491692474472634 5.06978119824497 2.7296262446856256 10.834355130435442 12.279997792572015 12.217395795218716 3.027071599690146 14.190698627984164 5.1730403184856275 13.94384170410559 6.9978736059851006 1.9459075184178527 6.260819653265115 4.382594866991672 7.772768577389096 14.997448162804478 6.550621580477983 5.401885134548631 10.165143173900649 6.750876335039047 5.6038854385364765 14.97031666946113 2.0277984091590833 12.785912700947502 10.924961965913832 4.220562694147765 10.56935161007872 13.583537038975093 9.926869109486915 11.235985563790656 14.135134774833949 3.83490512957745 6.124768846417041 8.7990020062558 1.583904677129714 13.284459370659684 11.954964247000127 9.091871591041812 10.229757965262618 10.876071112504729 6.87499013894702 12.149864021527137 4.884833877866542 12.17269451412838 11.396027959345234 14.008347535199388 12.384519013280364 3.0539017277793112 3.428571795650411 8.693624562409598 4.593665393048203 8.307652840291814 3.247450228064132 3.564721405955108 12.661435986244836 6.730304585591826 1.2768142470891621 1.0596184382600402 9.027250731773886 11.394655649447081 12.92927249687961 10.202826440984914 1.6311318840667353 4.218106740826888 7.757209658512105 4.761115697182796 3.4373164236186535 5.913750013628924 14.670846451881545 9.358597680235144 9.121707482126844 3.79021926466112 12.737557956326711 9.629421396355001 9.894958440580341 9.858130310687773 2.793433649272317 13.328993789926123 10.543511265373837 7.808780756054759 12.767963874731784 3.020196034669631 1.1137619841697657 5.818495567600927 14.8709660463414 1.3446962556906767 10.940096114506874 9.168004519370594 10.594031786958611 10.655880293311043 12.681405300203522 5.463724876541829 1.260590219821967 7.043935565187645 2.5569309540397556 5.842756451377287 9.396926436031178 8.70640667065076 8.279856654594425 7.606315127733941];
euros_km_B=[21.570329120447767 21.873923596003223 26.80349063070656 4.5517600660256 23.901538895598197 24.61759388268416 6.875496274248311 26.17261301710827 19.628062274608123 19.797951418867363 2.8309237655200694 18.315168630173314 25.668874896516627 1.4076578994596787 16.93420259630991 21.954415374609127 8.563239836724172 29.04392240879326 5.3466860526049675 20.500298719910564 24.732058380728876 15.792093068961517 4.603869924077348 2.3033703530751657 18.058228892459812 1.8673700212002147 6.875744874310416 4.412250761270075 13.593951777314729 20.06297912471987 10.56646840321605 2.1055042610528636 29.758042808358077 21.32457105511103 19.860932382447483 25.660289573061135 25.84812593751858 22.546859323086657 12.619134249112765 9.293892069808585 17.028026394309894 10.020061499698919 19.5640425313021 7.370594443888986 6.306260903945871 3.1208962274903076 3.366842953322398 10.740082454504345 28.696259460746525 4.0688337144702675 26.00960060215789 15.453363682953857 16.28080792592484 6.487768277499715 29.493476335721883 11.32740506825618 15.154894616298266 20.352075154178046 27.84024407833981 24.183661473905193 5.007088782526953 1.2205335612833712 26.441274918803874 19.33439699957072 1.4184085636731547 15.090736264699377 29.730816392682875 26.312788853925294 12.762099709337178 2.6382863246410904 5.058896032208779 21.09940601185181 14.46477171685122 15.926415125805322 9.306976988767182 27.263077927750718 5.078849036481023 13.891552917830106 8.957295396087751 26.653004144958974 17.69733192448383 21.60125180545033 9.75227587884467 4.6472197039930645 18.45859750189396 3.897267089664985 8.04956993455122 18.260990806055343 9.45443936353217 21.173232019764242 22.558783271872098 14.228393834721018 29.184552531169082 18.06991633897682 26.142218071797874 20.425231265164545 8.534650301388986 1.4020625841381325 15.153352112035654 25.161452758369958 29.7744772640191 25.64201722232291 21.19020328160328 26.305832100647514 19.893346360728298 9.581709778877958 11.271589734187389 29.465179088996614 2.5630899204755844 9.563368261203006 13.933826594287948 11.285168825992056 29.97981141995568 5.222363576068725 12.493702471458649 6.819799723524472 18.432218926494645 22.08118896939894 16.08287975053262 22.679853466534542 7.943791466166612 20.5938426450755];


nDrivers=123;
max_D=[187 124 225 220 216 192 212 133 186 140 173 148 221 142 219 219 140 123 232 173 133 142 127 238 133 160 157 141 212 127 121 193 165 202 233 207 223 214 184 173 194 196 196 187 146 174 205 217 204 204 153 145 239 175 220 186 202 217 189 207 160 205 148 160 228 162 160 190 148 138 153 210 126 135 144 218 208 201 189 130 201 132 160 134 236 162 178 240 186 138 233 196 175 198 152 206 179 216 158 177 225 204 233 233 193 210 146 124 235 131 149 212 179 127 233 175 175 130 181 185 240 235 189];
        

nServices=128;
S_starting_time=[544 406 248 420 109 282 493 44 646 146 25 587 657 398 205 408 492 343 334 275 104 594 438 639 258 42 567 114 270 401 290 678 87 525 482 93 269 579 336 643 653 308 688 605 17 8 276 384 146 304 244 157 550 241 677 250 523 450 624 80 127 266 623 77 217 38 238 508 289 720 228 142 204 75 498 670 325 682 684 130 307 13 116 148 222 715 117 200 370 609 563 542 164 432 5 135 388 416 118 240 73 703 11 152 249 435 186 562 6 7 157 203 243 340 154 228 556 680 253 687 326 146 106 133 549 479 350 43];
duration_s_min=[75 69 85 92 103 89 119 65 62 93 100 86 85 101 96 79 97 67 67 97 112 94 63 73 103 85 66 82 117 104 70 71 118 105 67 91 61 116 102 101 66 113 69 63 75 116 69 105 97 90 70 88 97 102 67 86 64 95 82 78 91 76 94 81 99 90 111 119 117 72 60 74 79 77 98 64 73 91 67 120 111 84 72 72 110 117 62 91 110 102 64 97 104 66 95 85 118 82 99 116 68 109 108 93 107 99 102 106 77 72 78 105 68 90 95 97 117 101 76 95 64 117 70 107 60 82 92 67];
duration_s_km=[41 51 40 54 51 58 59 50 41 58 59 34 43 34 43 38 56 55 51 59 45 31 56 39 45 38 52 51 30 55 54 41 53 44 59 41 44 57 40 39 56 47 49 51 53 37 48 60 34 32 39 43 54 59 54 39 53 37 53 44 41 54 40 55 57 42 54 37 33 35 51 60 47 40 31 45 40 40 46 43 58 45 46 60 49 54 32 46 49 47 31 33 39 35 48 44 33 37 46 45 56 44 35 34 44 54 49 54 60 34 30 42 59 32 35 44 39 51 40 36 54 50 58 42 54 49 48 39];
num_passangers=[34 92 59 91 82 39 56 54 20 39 77 31 23 56 80 57 92 95 81 66 63 51 91 39 35 100 76 46 36 67 83 60 59 92 75 27 89 72 60 88 61 96 29 21 84 22 57 45 49 73 36 99 68 72 29 77 96 71 96 38 22 74 49 81 73 61 22 88 58 29 93 93 93 99 39 26 46 93 32 60 78 32 97 77 79 27 55 81 97 33 56 78 22 55 48 48 96 35 84 81 90 99 93 36 97 30 50 23 51 55 70 78 71 78 57 43 92 57 66 67 47 64 88 75 21 70 26 27];
BM=250;
CBM=0.500000;
CEM=0.800000;    