nBuses=74;
max_busses=65;
cap_B=[108 121 23 78 68 119 67 121 102 49 76 43 43 95 136 55 69 47 55 66 73 139 126 113 129 112 122 128 123 37 49 50 105 43 51 41 81 47 134 53 27 127 133 129 34 40 34 113 95 106 62 115 88 39 103 77 112 118 91 133 88 39 101 30 61 65 21 78 126 106 33 111 118 68];
euros_min_B=[10.506011291574044 4.40282574166088 7.528507809957707 4.360431690781136 9.784276348383928 14.32583172391098 9.33155132268412 8.034552750696966 4.06674543745563 12.97072936588843 10.158616036025611 9.67921893034369 11.834609039116412 13.387059627646533 11.73222710302051 14.795415759981509 5.282902875688458 4.301947985203057 14.026062943412184 11.261795087981547 12.284644802853807 1.636333976228626 9.854045531008184 8.333361834122375 13.031660069255128 2.242574739235917 13.925035054011126 7.10244285866366 2.498708944944526 2.4068220408909684 5.974798722057292 4.859248342909496 2.9962399676491973 4.811546192366752 11.795072521925771 8.0304097759742 5.322728123033459 13.341570987258484 12.762116414280536 4.28586359433098 9.636083960568929 13.050680662763435 4.73106013914365 11.376450310021983 3.324810983999017 11.102959949021267 3.2614403453020486 3.866495154718142 6.858151395307752 7.033291918648658 1.807107123624806 14.664869217019165 3.9417066028202727 12.722571373472192 7.154767325254261 12.930411199591596 4.644121264817894 4.080973451398891 3.54995034289757 8.177970561462244 2.256434452573914 8.728352936490534 1.2866499867502703 5.36254449551705 14.630457200105655 5.831801003053135 6.021292765662302 8.532357963730814 14.7187114458883 10.177178369115216 7.714592575612992 1.3292806507551345 13.251238509366667 3.743596225916929];
euros_km_B=[2.815262792794669 7.5585803527075335 18.56358920208112 26.88934474036124 7.862547320237721 15.373332629030719 10.238764894977201 11.826811014679889 26.834774687064254 3.3321701362103213 22.177359517689045 26.37196455243171 20.171830454230786 25.88474190038471 19.581740517100183 6.127441972763473 5.697297343994248 26.389086460563977 25.955120251232415 16.876629558802396 29.572978501129484 13.979655918220324 10.028861218515942 11.338872242015608 26.96241321006766 4.410404877734386 14.276144161799584 19.76792302885662 7.22340990278705 2.619219291297682 28.365632929636163 2.3555820752048007 14.987236194010643 22.66058990157245 5.622341456783648 12.681008101478724 29.792559755260136 8.322603404224383 9.574739729095567 18.279843785456848 18.399870590188307 16.704968270454906 8.093418171455706 17.260017474879866 23.547764340728335 12.490089200227075 27.315942780824862 20.098067356477173 17.224482343733325 8.052180331458544 27.22480538321466 7.2706612843627125 7.356765566986412 25.907586743794354 26.982078152752106 19.98837775650281 9.649552219634417 4.044926097757649 22.723423962983926 3.2185488010583105 13.728253728465456 17.066611985969182 16.994690129614966 24.193713935485068 13.780074322735407 17.229595501872318 3.1106357135189198 21.511418163423972 21.844626646789457 22.940156296770216 2.598625947886466 11.13623493942274 17.725010295391996 8.37711429069615];


nDrivers=76;
max_D=[142 227 127 121 191 161 158 170 173 215 236 188 195 135 208 140 134 145 240 160 228 157 238 140 133 137 128 165 235 151 134 128 206 234 223 209 211 166 183 187 156 174 172 206 142 173 211 188 224 173 224 178 215 140 219 136 204 220 158 229 188 234 206 232 139 202 213 223 220 193 147 124 136 176 202 171];
        

nServices=79;
S_starting_time=[603 544 231 506 315 260 67 8 463 446 319 478 308 629 270 327 38 638 385 378 263 269 239 311 434 212 154 93 515 50 555 458 309 568 479 658 228 530 56 341 28 608 696 326 382 633 316 633 425 282 171 105 109 377 124 706 116 297 466 513 281 68 94 50 484 348 89 143 628 699 565 270 505 583 191 154 282 496 81];
duration_s_min=[78 88 91 60 83 80 97 112 112 68 105 85 65 120 91 91 87 115 93 111 105 81 70 101 111 115 111 73 75 102 76 89 91 116 80 73 105 116 76 106 71 81 105 99 113 82 106 88 70 77 117 79 74 90 113 83 84 63 104 110 87 95 85 79 68 104 85 85 97 88 100 64 96 115 75 111 78 103 85];
duration_s_km=[58 44 35 50 49 42 59 55 48 42 40 38 42 41 39 31 40 42 35 50 33 38 37 51 44 54 45 54 40 56 34 40 36 49 34 31 50 59 34 31 38 46 34 48 42 57 58 36 51 55 50 56 36 38 35 54 30 43 51 36 52 56 50 32 59 35 37 47 32 42 38 57 44 53 31 39 54 41 54];
num_passangers=[43 85 43 22 94 84 37 94 31 25 33 54 96 91 35 57 93 40 39 39 45 51 47 66 48 20 46 21 55 28 81 94 89 63 73 38 74 46 86 76 82 57 96 89 95 32 23 28 44 55 77 99 46 55 20 70 99 47 60 80 28 59 43 86 54 33 58 22 47 28 21 97 23 78 31 94 64 60 69];
BM=250;
CBM=0.500000;
CEM=0.800000;    