nBuses=97;
max_busses=94;
cap_B=[45 24 64 63 112 62 135 22 69 68 80 86 67 31 37 124 139 134 45 62 114 116 118 88 89 24 135 101 106 76 28 114 126 125 33 132 72 24 105 29 22 131 67 59 127 88 135 96 39 30 107 124 46 87 94 132 137 58 130 62 114 32 80 135 105 32 125 60 133 35 91 63 76 122 112 22 64 109 103 31 72 99 22 140 103 87 126 93 70 99 37 25 20 58 46 126 116];
euros_min_B=[1.8023022843121044 14.977327253134499 3.268574955174704 8.387323843203166 9.083449429704189 12.288335243883147 12.272890533127903 13.390079421671881 3.6513673146127568 7.992935525679546 13.044080896647625 10.321910753170783 9.433479125084515 4.9704498449103705 3.791580462451078 2.20065887480201 9.0126238139316 4.670242456273084 9.201984081653073 7.00358470480017 6.802018823084184 7.254158977349947 3.4658893514211266 2.713715938736953 4.790155789491152 12.476208584871797 3.810220785209655 8.093537668869288 6.81496356940608 14.51133531171806 9.537208676265935 4.897279223051829 5.5305519159080685 4.320860461750066 2.5663374637911174 9.148627773882554 8.094621747635664 6.56740406081582 3.255775087907205 11.685243178754106 6.379597013493552 1.9816406272032385 7.2058962554359605 12.461827844156758 11.997651436053093 13.907162582378238 6.542793923654042 5.146012765349459 10.900722904175193 12.775599457623388 4.059708453006585 1.111599480065851 6.890599495251387 3.5966552814103716 14.44622155349766 6.770644611452021 11.808680056811694 5.566447425465227 2.6644048321494567 13.866567280673248 3.6797327356962812 5.063834125381686 9.199226134139321 12.7083650281549 11.025751184684413 10.333001091422151 4.070636034756978 3.512329873583339 5.139910279579599 7.863809286903728 1.920377193472657 10.284081117748592 8.097995391550484 11.290988828240984 6.878508855003121 9.193404345299655 10.326469072962656 9.638139447492055 11.604297652801947 10.135897681731763 2.7590391468973765 7.925270359908476 11.389385942022091 12.770439010634771 6.461705370957392 8.657397336147465 13.52933567409143 8.09498939881773 2.041284210284025 5.700422675956998 2.772539586949987 2.611546767931861 4.536239193189523 7.999253476839691 11.129571231026004 11.00399464657818 4.0462220298335865];
euros_km_B=[23.220218915740425 14.451961330059168 14.583673161176266 4.628091006450809 10.292675945370997 24.085770142295832 20.105775070139728 27.114012649066428 20.873129507512804 15.884339191357903 21.937003200923655 10.61858804456665 6.9784338520104 26.791989047940987 14.778028111968265 7.846548045948528 27.098076387560393 23.652120257265835 9.42116458456333 18.334816484722293 22.235144897660806 11.449581856764828 8.431431203273474 20.15879620085672 29.04441083021908 16.127940825342844 12.401267061802082 13.53404757801784 17.72285430953446 27.349320245929782 9.483194859647178 20.862665004606104 6.448319578593053 24.91261071405954 9.482074354558206 23.80934520479452 20.993756745977905 21.600242528714386 6.158698557734654 4.141938822794614 14.550934340469706 15.427527380475873 13.141907579114987 24.53541903371718 27.00573366688958 16.90121772825593 23.534204751352977 10.561539317178237 27.019884257098013 15.140631244519687 16.467605411756825 10.365744081274363 1.439679954806377 27.98993509468235 7.62177472144014 15.742803956586256 16.343587245063205 22.36654226175431 29.946079820633262 28.918298117158997 11.112123733937326 17.038443222250812 8.27694493297268 6.742915083168627 29.890352595629224 12.621370602761203 4.227511844455331 28.09323143764507 12.351019015242363 4.731876693211818 22.975542923871636 19.013317577279153 25.625822580575246 28.424694705805585 21.606273239116426 18.6591457495105 1.3585804762244234 18.132529920268123 13.76782430383646 9.644652630671658 29.6689981339518 15.36764898830818 13.557952987181961 24.57052522332296 29.725290922710773 1.3344794657740626 23.429478217254882 3.244952571095131 7.054553378497231 23.197015774613384 15.656264381602428 10.023123910229828 7.168918945675257 2.8516246528779092 21.107869259910014 19.05590168561637 19.813834842414007];


nDrivers=96;
max_D=[127 212 132 156 161 161 207 218 210 196 221 197 184 149 210 142 202 195 167 134 125 229 140 191 152 210 171 185 230 199 207 133 124 230 191 133 133 216 184 207 128 149 187 126 147 226 148 145 201 160 176 184 188 219 146 156 176 146 158 213 221 200 174 156 156 173 198 129 193 198 144 141 223 227 238 153 184 173 186 154 174 182 139 149 189 184 213 180 223 235 239 203 217 200 235 137];
        

nServices=100;
S_starting_time=[511 210 485 63 401 348 153 5 550 564 530 711 72 347 595 434 621 303 127 466 523 468 405 204 477 518 309 75 521 674 572 75 574 84 628 210 101 670 594 5 46 370 14 323 397 67 64 369 404 670 187 56 312 491 5 32 189 613 577 162 553 200 631 718 400 598 540 285 646 391 602 522 276 506 617 579 429 46 349 137 405 367 299 562 157 314 719 482 623 674 504 299 449 697 241 321 297 346 173 231];
duration_s_min=[63 110 78 86 79 103 101 112 82 102 61 68 60 113 70 73 94 110 83 84 84 89 82 65 96 70 113 63 83 109 117 72 74 79 118 97 74 99 61 111 77 118 88 112 95 104 77 120 111 79 74 76 66 69 84 77 79 75 107 109 91 68 101 111 99 102 78 65 68 65 66 83 107 68 86 93 76 85 67 64 106 114 77 73 112 66 91 78 119 68 92 91 88 108 97 113 65 102 98 83];
duration_s_km=[57 54 47 44 33 55 51 56 52 38 51 34 47 58 57 33 40 39 51 31 56 43 32 44 43 58 44 40 36 35 52 53 43 39 47 48 39 39 30 41 51 32 36 35 39 51 48 38 37 59 53 30 55 44 34 36 36 39 40 59 59 35 49 47 38 38 47 50 45 41 41 46 35 30 51 34 51 45 60 53 59 32 41 56 51 34 36 52 37 50 44 51 60 57 57 40 45 51 53 56];
num_passangers=[86 80 21 46 82 92 99 86 79 95 24 47 29 97 42 42 73 38 29 78 58 23 21 44 25 24 59 83 93 94 46 88 75 95 74 83 43 88 94 59 60 57 51 25 53 34 84 24 93 27 26 100 75 47 97 79 28 37 63 31 43 36 47 49 40 36 37 46 55 84 44 38 31 97 81 91 29 66 98 82 78 25 85 42 20 20 88 35 20 32 48 79 47 52 60 58 98 60 86 47];
BM=250;
CBM=0.500000;
CEM=0.800000;    