nBuses=74;
max_busses=75;
cap_B=[67 42 116 42 59 133 135 113 69 130 117 43 61 83 81 67 43 31 125 26 82 76 124 65 27 94 49 61 116 30 66 112 44 54 99 64 25 117 138 100 48 66 28 112 56 98 139 77 37 20 131 59 41 139 33 138 93 21 79 59 21 111 125 48 73 104 23 106 55 119 102 138 71 77];
euros_min_B=[11.821069082789512 3.5895373679932963 3.2914854429482974 4.634476482345135 2.329777590942014 11.315987364237222 4.62144448133479 3.896802817299458 8.73203847382787 14.502382173548263 11.70308673312649 12.036099937826416 4.0461290722241054 12.610450515449964 4.992403261051827 10.81856244397047 9.103076454026802 7.519117118814309 8.48124148857012 2.5058178519859595 12.099999582276514 2.6124255058651737 10.298823004315999 7.980987941356027 9.582816113690413 13.822057935619354 6.223916531544033 5.009507994643242 1.4175126373116314 14.006613826541459 5.603526901580533 2.9749129822746356 12.711826645930737 11.875755926442743 1.2948617943179292 12.244829791927321 8.45200402868392 7.116169398783052 13.431076481452534 4.610257247167713 4.446145930568136 6.347531663839417 13.06967569730724 7.081249527803866 6.828079106107108 11.988680284461669 11.840034489192325 3.347870091054177 13.043447231849555 7.374735891820894 3.414633205421845 8.962069702789073 13.688736602681738 13.51368826699631 1.1264446871419986 5.139768925375193 2.181604349657426 2.888374773859848 4.211747207003598 2.6502321763940753 10.867938062746124 4.252016060389742 2.247286478530488 5.9413439210617085 6.010173970362636 14.950804938392668 3.456789521774439 7.106782228906861 9.062521308685016 10.639944147292955 7.454784282771913 8.363487039105006 5.74703868318583 5.100911451313159];
euros_km_B=[4.5787463890511955 4.537744641869727 17.2597956299329 23.86611122874466 22.169118498722476 17.7485538353868 15.797059788050985 4.96560327015704 6.102419282104129 19.881823787429767 16.8967196956403 15.812449682220945 18.66538237391075 13.329732930506495 15.46541136244634 25.301779757681988 3.107363756023154 12.986077720340926 19.07286319172691 25.349014705161927 4.817100522531039 19.71817866582293 22.456570034447633 26.168911863899808 27.20544321865107 25.079722273188988 26.611178382549756 14.438302545823069 25.59951301876016 28.142670925212357 3.887639814215029 15.58235601772343 18.548919231032404 29.952184420411943 8.43336414532289 19.32929458620975 13.01919347095008 13.299031073526566 18.209758401297872 13.30134335835327 29.399042747279793 19.221818088423362 21.10425807555809 2.3665310756150086 6.112350850797672 5.673779139389197 12.016463262995265 5.356899527666525 14.717232204180531 20.2330420308705 20.664201887790274 4.314346572301612 15.081201735452476 8.926137922224797 19.879215256549998 15.61461819371175 17.18910050597847 17.928462385399826 29.082946056405927 11.77257464239724 7.393248925751198 28.23984213587279 3.2423249155570772 7.437182538702634 9.284126953128029 4.876103379554775 21.797410586778913 16.234123209378073 16.820107258783302 26.181776570083393 29.550852800718026 14.422538297113782 8.607355009342045 2.7078004141111527];


nDrivers=74;
max_D=[167 229 229 238 136 211 205 127 189 197 169 159 210 172 174 186 158 221 159 187 147 193 211 197 197 227 151 121 232 151 221 139 169 214 223 222 235 168 139 154 123 154 151 223 161 235 156 225 232 220 183 205 221 220 212 222 240 175 204 150 139 224 145 177 123 237 121 147 152 198 208 206 150 140];
        

nServices=80;
S_starting_time=[427 115 627 457 541 563 537 69 195 212 17 530 614 508 249 526 392 380 663 431 213 79 349 82 24 351 554 112 363 22 51 668 702 293 53 343 216 350 555 348 329 235 348 137 526 708 524 18 458 648 597 121 340 125 185 502 555 243 657 702 322 383 641 536 360 336 459 130 590 156 698 77 505 692 84 203 83 324 440 611];
duration_s_min=[81 70 114 74 110 76 80 111 111 61 109 104 109 88 67 75 68 120 75 89 75 104 66 72 66 93 104 73 113 113 70 72 114 99 94 115 89 68 61 72 101 66 71 69 101 108 111 89 61 112 88 81 60 88 108 88 112 67 73 95 88 103 74 112 89 92 99 88 69 89 62 102 118 112 85 98 65 100 80 60];
duration_s_km=[60 35 36 39 56 36 38 51 55 35 51 42 33 31 32 31 44 32 57 55 32 46 47 37 51 58 59 35 32 30 53 51 42 44 37 31 34 43 32 38 34 36 36 44 33 51 36 45 53 48 47 35 37 57 33 31 59 47 35 32 49 58 33 41 40 48 44 30 43 53 30 30 31 41 54 42 41 51 51 44];
num_passangers=[83 86 58 49 65 58 48 98 81 29 46 22 60 60 70 81 64 21 42 78 53 78 99 34 70 91 91 51 59 26 80 94 92 71 47 57 41 100 40 84 89 58 33 96 65 60 37 95 27 24 64 82 60 68 56 84 76 25 92 74 31 68 36 75 62 79 31 94 70 78 47 90 57 93 40 71 55 40 20 45];
BM=250;
CBM=0.500000;
CEM=0.800000;    