nBuses=92;
max_busses=94;
cap_B=[65 60 78 106 131 95 57 62 47 37 35 96 69 134 138 55 113 72 113 94 112 101 90 110 25 111 29 76 116 82 113 123 37 109 27 66 84 21 53 85 137 62 40 64 73 131 70 85 92 89 105 82 58 49 98 42 45 26 131 84 25 123 72 47 103 64 138 135 89 85 89 85 79 106 85 109 119 126 130 23 54 64 92 60 91 54 39 41 63 110 56 22];
euros_min_B=[2.611573171590314 5.417578266576555 2.49714998766195 12.51782132179555 11.050599421624646 12.594222168260623 13.157325214587543 14.643683645069096 3.085175287411328 8.931364156426778 6.964489740178771 6.103687957425399 3.1877003351350517 7.275526282858908 13.952152742856054 14.990095081462677 9.057228786408778 9.10044548165677 10.359054040844676 14.279051221090645 8.382167936120526 14.725315339321234 12.163908584810681 9.826021956424123 5.460578930819122 3.2115990193390376 14.74798841298642 2.555213153635065 3.9721363103176466 10.3741771956608 6.936007618052257 6.018975444723216 11.446544717810546 4.6892619861938245 1.8688159813005703 9.996476178008605 5.94240990722612 2.0417719513406265 6.397939402594106 14.51857552870719 6.764625949308764 6.37204747002892 7.248203023521437 7.48851229874793 13.14650563192071 14.209431032878925 1.6108666570731636 8.269303408661777 9.051359091721318 5.703315149441203 1.4570884225872025 7.899945725281182 2.5085540439384637 14.20643116882197 6.429993163981658 1.4850621015016847 11.363112615614918 2.9932771040661192 14.86124411003109 12.379687563305101 12.57499824999797 6.11767632186022 8.171917683964685 1.2944684910749977 6.058491291948455 3.657449891543518 4.633798756874871 12.693360554926569 7.565699045631469 4.638845154254938 6.9139349799235825 13.98478504453052 4.9840083729241345 5.941614947121472 4.383078048304581 7.427981577373788 12.011858319752578 11.802297987204561 8.965433218486924 9.6222574247145 8.136146745391525 6.011369782713521 5.251349730104872 12.078710999849482 9.395507644408626 12.335897037280365 6.5581759744172 8.615749842067299 12.047414455871042 4.9801272457799755 10.327908528060005 3.3351866684967106];
euros_km_B=[2.9119630529016156 22.322174603083873 7.230862221038059 21.54854839940499 18.16945441492541 4.022077438957018 12.055740473455469 16.359948294224978 8.73064495465883 25.76435876221227 8.717012006410869 2.367971308098031 17.177847145028586 13.608500257331471 22.114753692138134 4.096708403558482 24.20961224497203 25.181864360402038 29.655923197797666 11.440271847652651 27.10155232962741 8.198766567569953 3.9372549272711903 10.777601016290676 23.495066700425163 16.83014260224344 13.737496241555128 6.115998382732588 1.5370746922069927 27.228791164846673 17.530122297316822 27.926663777480453 16.960076758239758 6.897677207788685 13.903697907235143 19.899188045946655 28.367688315828193 15.621445656605413 3.832131936960648 13.965704509293339 14.445853726536198 3.791356865481314 11.994987289163067 9.483138528405123 20.642206949050937 16.21002066242814 10.956384883778904 16.66625701049101 15.941616153665157 29.376073325868997 11.306080111876284 23.407497594595934 27.65496085042234 6.51083376874241 2.299698889411948 6.328938986643063 26.120933606525526 26.18955462183408 20.047342515240125 24.458408726789905 16.918738577022296 28.32581454471154 28.41939358783853 12.9093319841309 7.869636285581036 3.351523479565972 22.31595419706153 3.967508271042437 1.1751517302664398 6.241192142619351 8.588162642704436 2.437119412498688 23.77235257784394 6.785628297228025 22.079296145431062 1.2281710758329574 14.023343491714993 11.918498604907576 7.663193292377395 15.641168181552171 3.340141070746664 29.63964229332783 16.293440706679963 3.9653074428252744 2.091717511624739 17.10974665039971 21.049796376715335 5.617176980634225 24.49290783154685 6.522984368569752 24.862907188931374 24.894038347005996];


nDrivers=90;
max_D=[171 152 228 201 135 231 134 217 161 192 171 212 183 207 203 129 198 129 137 239 150 183 145 151 155 125 152 137 169 197 129 201 233 148 219 135 177 209 176 205 238 165 153 166 130 150 181 155 142 156 155 227 166 152 159 130 239 149 200 235 222 144 232 211 215 164 172 167 235 187 225 229 133 208 133 210 157 233 233 162 228 181 212 184 204 180 128 184 169 183];
        

nServices=97;
S_starting_time=[132 209 679 431 184 637 427 163 574 193 458 451 365 372 576 86 387 354 448 449 154 639 435 66 402 573 472 212 655 357 441 527 60 594 272 422 45 93 258 318 50 445 183 479 436 7 10 541 685 367 275 454 285 124 441 565 153 382 335 451 87 465 486 306 669 148 5 390 487 670 104 578 361 590 55 194 521 66 672 607 528 271 590 482 613 441 84 503 533 189 386 116 578 188 108 59 486];
duration_s_min=[65 70 89 84 71 80 77 62 86 114 116 89 62 82 114 71 105 110 65 108 88 62 105 98 104 100 69 83 103 104 98 109 118 109 84 111 70 85 88 60 103 87 98 63 90 61 69 79 104 75 113 95 110 107 76 92 114 91 110 89 106 106 114 112 114 119 74 120 98 119 105 72 82 89 106 60 63 108 65 93 82 74 64 80 65 104 60 111 114 85 83 105 95 89 86 113 77];
duration_s_km=[39 53 55 33 39 52 52 44 40 36 58 35 34 57 39 55 31 30 39 41 33 33 50 39 46 33 41 58 60 49 60 43 53 47 35 34 44 52 52 31 45 55 36 49 41 58 37 56 34 31 45 53 36 44 56 57 34 41 32 36 34 43 52 54 37 54 59 57 60 55 36 53 56 47 41 42 55 58 47 43 40 39 40 42 34 32 36 38 48 52 35 38 33 35 42 44 30];
num_passangers=[50 31 32 24 75 85 72 79 93 59 79 79 21 90 32 66 56 81 45 100 25 96 35 40 68 71 57 64 82 85 64 88 45 59 74 88 67 81 24 35 83 29 96 67 72 87 84 22 69 75 21 87 98 60 90 54 56 72 47 52 26 71 51 51 38 62 23 93 62 91 83 48 77 61 40 84 96 84 34 76 91 35 87 35 37 62 58 22 30 51 32 37 40 89 48 42 33];
BM=250;
CBM=0.500000;
CEM=0.800000;    