nBuses=104;
max_busses=93;
cap_B=[21 106 30 81 70 70 53 90 81 72 88 126 57 97 123 27 37 30 43 109 44 58 42 87 106 63 59 84 93 104 60 43 108 75 107 24 115 110 51 47 64 76 104 52 112 64 108 66 78 94 131 26 54 24 85 97 75 79 68 58 47 140 81 42 107 108 110 30 87 49 96 88 107 127 34 134 125 112 49 71 88 42 120 43 80 36 41 86 48 131 46 56 22 134 37 137 82 114 109 86 62 134 31 57];
euros_min_B=[5.469785270844513 3.837836559180311 10.186391669294721 14.165154217497493 3.268029777552889 9.761987258984957 1.2278666904910802 9.760166616698385 1.4658071229565692 11.382505101722092 9.671760119723176 6.666333189775478 13.995117877408207 12.19060636805102 13.220715451077757 7.946620472757565 12.385603695236856 5.226983958500281 11.582126927227321 10.323561145897296 6.317546737919926 12.316252679162956 9.639115637109061 1.10342240595157 2.662490983589707 8.68700264666683 1.5946437674684772 2.1518127817259645 10.285396190244489 11.644481258487406 4.549971847691353 6.101385703021276 5.235877921465902 7.591621537305716 7.802834729396728 14.488988627177099 11.095365975941297 2.659764539872287 1.9746967253608034 7.63445539612788 3.7194398178435115 1.3957781154202964 1.2334419456070371 2.478865301731383 10.019568244866424 14.956534778770862 4.951200529742545 2.194761256553833 2.6224217657182747 6.049004460740097 6.841772429977985 11.65787861098874 14.557088260917602 13.442870596086657 12.611435382660739 2.1149728654164277 8.693771290665884 1.5285666626323218 1.0933159063447768 3.069401664691944 1.9752369601156385 2.061183258724323 3.112894213522692 11.56203219291995 4.101430631534674 12.67749989169405 12.84498846354297 12.383531347943507 11.382287642538891 11.453790500273588 13.745171191437947 11.413656568806426 7.1919978372174995 3.115053807712613 13.906453177273844 3.8378066007050275 4.715735258614578 14.57180760778912 12.14383967435435 11.647120234387069 12.862708260082726 12.063661695054437 4.855008108232059 5.782423565707573 11.434321398565935 1.4750238245711986 11.844164540346712 14.912794105632388 11.470745707598445 7.431414190016069 13.014810302257464 14.611434938167669 14.492201201123162 12.624802225192582 7.234077493730214 6.580974398646533 9.666463366563205 3.259770037796949 12.45585484486535 2.5679406701379586 1.6000611563289615 4.155763839098573 4.237453267816638 8.426011625687334];
euros_km_B=[12.352251867518925 17.41310201513485 29.391684479734987 5.345957355757118 12.599182867765169 28.388365991295 11.655163766272501 15.102647656546877 3.3352043624627896 18.640107195375773 16.854631919854647 6.557633922909692 2.131859158026749 19.370279847807964 25.378584686685894 23.562457178793906 15.286501827388127 22.844864027058073 16.15700085994817 8.148839475909641 5.269669401354291 2.1197824655052466 16.470295682571166 26.985164246121766 4.189669767453637 19.55818907764939 28.379495076710718 26.140729511566278 14.238494163449198 5.924000475357836 10.578775534200876 20.691728295470497 14.990623312302944 1.0903106828645575 28.74244086772031 27.680501666767363 9.679279131757138 15.983181854835626 4.412869957794834 10.96846529850193 8.61668605440916 1.3808208936749309 16.010241125519144 22.960956584772692 28.067712614244524 10.644105061605043 28.289426465068146 25.629364603078802 27.105212343819876 16.4934900390853 19.27214887442568 22.559489125515558 27.456870554876346 13.958236682518834 21.175923315346687 22.60782788845922 17.241530483979826 15.933317163755992 10.8043265680809 27.90332937657822 2.8905663269329356 27.000149179136788 26.035271364937934 6.982782712348605 15.536630082295371 13.712894279550152 10.117970946598358 3.4695397689720795 3.254825385832197 2.8382945529243946 7.556871061712662 19.86336884632084 7.933777336746298 22.744963750648434 8.508236817768555 25.644098705292564 1.7618836849058677 8.412480319118199 4.928308369711302 1.414813798329972 24.719038023330004 3.247740021579725 16.497638376203994 19.511941315361394 15.606030006153274 22.148689653109695 12.75896018979268 27.5178970717413 27.67371110573895 26.898648528851126 1.1903014348227892 3.7781203738164346 9.375017727040651 19.951794571305747 4.171375089081927 10.969874122782123 12.914051698016598 1.2499179304143864 6.639724424583966 22.772085773296208 8.160441380283302 29.142515018923877 11.264239847205504 22.360397870343622];


nDrivers=104;
max_D=[227 230 208 144 126 201 144 182 154 166 183 214 222 125 218 216 218 143 135 138 182 162 223 168 173 120 125 126 175 186 193 161 150 207 143 155 193 125 123 127 233 223 207 174 187 206 213 204 135 178 189 129 149 140 194 179 190 237 183 208 128 133 149 160 137 132 141 123 164 230 213 201 206 130 192 168 135 184 174 223 222 171 207 153 238 236 155 154 142 235 189 181 167 175 171 161 161 209 150 178 215 190 154 170];
        

nServices=108;
S_starting_time=[158 700 376 463 549 554 553 363 700 483 565 374 417 659 562 360 249 355 591 361 414 599 39 104 393 11 364 177 316 277 260 396 42 121 473 230 215 636 95 146 461 597 340 339 556 287 68 91 150 681 41 554 672 552 458 158 450 206 60 76 41 22 537 184 281 94 629 352 442 410 678 696 701 406 487 700 714 51 492 490 290 388 209 707 715 303 171 146 137 586 273 18 58 571 518 78 247 42 692 612 262 311 306 150 134 160 222 654];
duration_s_min=[70 90 88 74 98 68 97 81 92 111 110 70 108 80 114 84 64 110 73 75 70 90 68 61 63 118 70 114 106 96 80 117 101 81 83 87 100 102 85 64 81 100 90 114 100 106 101 70 61 83 92 102 113 90 119 102 92 104 97 64 106 75 120 115 119 61 108 71 92 111 98 76 89 112 94 92 113 97 107 98 107 70 65 111 76 104 100 119 84 62 81 111 92 93 92 75 75 108 106 91 84 80 61 90 104 93 67 107];
duration_s_km=[58 40 44 49 34 54 32 55 53 53 57 59 30 57 39 41 33 53 46 40 32 32 50 44 58 53 42 56 59 50 47 44 43 44 30 43 42 40 36 36 56 58 45 42 60 37 44 51 40 57 40 57 49 41 39 30 58 48 33 48 42 59 32 43 60 42 45 52 42 53 30 30 36 59 33 41 49 35 41 47 52 58 55 34 53 43 39 48 42 45 59 34 35 55 60 47 40 31 38 32 39 52 45 42 58 30 41 60];
num_passangers=[68 27 46 96 78 51 37 87 54 77 92 89 44 32 67 31 100 79 46 81 80 24 61 82 76 28 99 68 34 66 65 23 22 38 53 81 84 37 32 25 79 76 29 100 64 34 79 32 52 81 31 25 53 74 51 65 95 67 40 43 88 78 51 72 85 93 73 24 69 60 72 97 95 58 68 99 77 76 82 37 74 77 67 45 72 24 58 49 36 21 98 73 39 70 66 69 28 95 41 78 35 73 21 61 59 99 21 37];
BM=250;
CBM=0.500000;
CEM=0.800000;    