nBuses=83;
max_busses=83;
cap_B=[83 53 100 71 97 106 123 56 36 27 56 86 104 74 93 76 123 114 54 36 112 119 94 107 70 45 86 98 79 124 38 135 37 99 106 117 102 92 99 56 36 25 75 102 130 88 117 62 34 109 102 119 103 102 88 102 100 50 129 55 119 86 73 67 134 115 61 124 62 74 71 112 79 56 84 96 28 104 59 112 117 35 89];
euros_min_B=[1.8309833596742502 10.437189896886153 8.259098363418367 13.26667707976155 12.320577390733142 1.8146796907617688 4.195082610440005 7.65360036685878 4.436873597699176 12.654995393004219 1.6198907456259564 12.577201106785262 4.233913389595563 7.623374634359626 1.5913543664995111 3.0817271723778576 10.933770717540453 14.6814583866128 13.094716680575447 6.025240509292914 1.953119623360353 7.4486242160716465 9.739577847331272 11.614783391570697 12.21448805540423 11.378439663629035 14.754077119722341 10.151324571536895 4.780579983322242 14.97832558348406 3.6268316460228167 4.889098539969017 6.200656408055055 13.2446245905452 3.546030146165876 10.913284266811539 8.683994152055341 9.378456158562056 5.946779420163736 14.968146294536872 14.52442738543148 3.0146435596255543 14.79842640206639 9.98023144021374 13.393227917551057 8.005909504356865 10.141853564417975 10.179378790445178 13.641371217937008 8.396787971696916 3.0415261933814666 2.3785051242561313 11.231717188919028 4.208508322143916 12.697423161834895 8.284513294891294 13.061407205078822 14.93087045319307 14.5364111518284 5.863989348558066 6.542572685764194 2.475240511672953 8.254973217123613 7.642470153865854 9.229856609887694 10.941662903531276 12.514095720805967 6.849185904090811 6.999835957482366 6.676462004884476 4.623517107720316 10.850251556688686 1.4754159884395028 11.366053733096031 11.019761370693955 2.0673203266990736 1.6157039966941389 11.956439135927898 9.108506508929565 9.517235359439379 10.44851281178591 1.7296842930662217 14.733780226220276];
euros_km_B=[22.473737074679878 4.978689522408201 22.34499882225598 2.8126175992541196 8.006972849242178 1.762979728946731 9.050614332127989 25.74158851490133 21.584669050237526 4.133941815651625 9.348245009400523 29.93136945116535 24.47240647731468 17.538941152296864 9.04114413210294 3.238340639556743 12.035997691638043 20.79553273628467 16.13649094219202 2.0425550711377882 13.230820405963508 4.219896222457608 13.28974167063008 3.3515511298406824 12.343938277677657 20.21379384770988 29.848116792054753 25.356088930408813 9.181535067066209 5.948329166959044 15.753013410721667 5.949147921954501 24.44620590177001 7.543459000702013 5.479121783309536 13.819894460487875 14.631540796206718 11.115197740026897 25.621888442792518 5.3078592916099465 21.931491023795747 20.09049330360148 9.57636846531132 7.446656531558104 9.712610508192725 22.664841169109227 23.620700199967573 22.8681762863481 22.917807704729018 29.737015660477926 6.461876907625645 27.06183563796894 27.80461017168434 7.325667822698765 8.127601186094829 14.741689436215845 2.0118172138612973 9.915676042075749 29.843379452946415 23.88088123176919 23.779258910645794 16.1319035468605 9.550570600764585 15.956986763705112 7.81967810855059 8.545495719071214 26.357242926044155 7.394276211161023 13.840221354598684 7.059449843693077 1.9139983224941204 8.501459658482183 12.732072651580884 1.778781134818237 13.264095268369449 6.151016080195325 26.261875342332786 16.940977127321986 1.3543036522788992 29.721389574557005 29.55960599098264 11.099017333200292 15.444432164906518];


nDrivers=83;
max_D=[165 185 145 158 133 161 219 209 199 231 226 155 213 208 191 231 149 162 143 201 200 222 120 180 139 130 225 228 153 207 200 190 141 181 188 224 127 221 239 207 236 196 180 140 161 129 206 130 135 171 125 150 147 154 236 197 135 164 135 139 151 209 181 220 174 164 188 188 227 136 204 184 137 223 191 131 191 207 204 159 191 161 188];
        

nServices=85;
S_starting_time=[401 414 49 29 58 338 113 650 602 572 651 310 18 601 683 143 556 514 486 641 242 604 514 468 438 592 474 128 292 52 311 329 378 83 56 338 470 713 544 39 480 202 354 496 111 469 372 486 570 648 486 237 139 556 587 429 712 494 512 652 20 276 442 194 218 183 379 412 73 523 347 426 35 5 532 647 52 186 365 95 128 459 713 396 382];
duration_s_min=[95 62 106 81 83 78 66 62 74 90 108 62 106 110 72 78 84 81 70 112 98 93 98 81 117 109 86 69 87 87 96 119 69 76 95 94 99 62 107 60 81 90 94 102 65 85 120 73 88 64 116 89 96 95 113 109 66 101 102 77 88 82 73 101 86 110 90 119 65 102 110 75 88 103 100 82 109 120 92 110 73 64 111 69 96];
duration_s_km=[40 58 54 46 49 60 52 55 55 53 56 53 32 43 52 36 34 53 48 31 32 60 52 34 41 32 39 58 42 50 46 42 46 53 57 57 49 60 57 57 50 52 49 33 36 42 32 42 35 46 37 31 54 48 35 51 55 47 39 33 42 31 30 42 37 42 33 59 33 46 52 33 47 44 33 59 39 30 60 36 31 59 40 34 50];
num_passangers=[24 85 68 72 22 25 97 35 46 75 85 73 70 47 89 99 93 99 21 42 53 61 83 21 25 85 23 91 66 88 48 27 56 59 59 45 94 92 89 31 42 54 80 37 93 80 42 59 28 94 25 68 36 80 75 47 79 26 92 35 55 59 51 32 52 33 72 26 94 42 66 44 69 42 35 56 61 93 29 23 48 64 98 38 33];
BM=250;
CBM=0.500000;
CEM=0.800000;    