nBuses=109;
max_busses=109;
cap_B=[138 39 100 36 78 58 20 22 58 104 75 69 132 60 39 26 95 107 72 31 65 109 98 92 113 39 99 88 99 110 117 129 69 95 24 136 96 77 74 120 128 92 67 80 140 38 123 105 57 53 56 117 44 93 53 35 105 54 88 90 134 121 52 24 74 31 84 95 111 101 105 30 74 29 140 125 77 20 105 138 27 113 73 24 23 46 76 106 96 47 30 40 28 93 87 75 78 69 34 137 120 63 60 79 91 89 91 30 64];
euros_min_B=[9.342922400371918 4.45634056228556 14.516810033300256 11.31484344157038 14.70601409595944 1.5929727545028862 2.2667327190365745 13.903812970131405 4.896101791047759 8.966194307741413 6.208998910743356 13.330526741152358 13.99787002996625 9.768973320112064 3.6094126732006324 5.225502833517842 10.759233606245237 10.22231625977261 3.586194268929093 14.749804196785679 14.961792184378858 12.571947047792257 10.089189448938813 2.9652158714843893 5.0379413271767035 10.521772174117439 7.276481665331865 10.402807246341514 4.176816841444672 8.408680869683455 8.326972779474325 13.410292751386164 12.1936022515509 7.6306469920665485 13.501953440559939 6.518246841453357 8.98435732668816 2.283789698261693 9.127695309928061 5.218625391478636 7.650925086802507 9.17602372791742 14.14154902362458 10.622075939391632 14.220734735218631 11.47290063957757 5.095524955629549 7.090207363486721 12.79516474063358 12.112922861757813 6.439326818652589 9.605964123092143 1.3618699818082698 7.224062329109403 13.98563321412093 8.767624464590147 7.1287324660108835 2.131090481110699 4.429265878848086 3.1552448199071197 3.1032638241667856 5.340511431450122 13.369833881745086 6.478467100223702 11.202334558752856 2.4176439626046013 3.884938669615097 8.111653045065061 1.3645561950499427 9.387559293230582 14.141558167853198 12.747750075781166 14.263964224995284 13.078215994478969 10.704690881811072 6.5558172207724725 4.695571686947878 13.97038372156131 2.5481134201596105 2.3558466802735447 2.470444422506459 13.024851739553702 3.792697849152761 4.478921227431197 4.978251035478689 12.40168269242401 4.050612905403067 14.187507929647943 9.120430727583214 3.8435694438085983 14.078314596917759 10.653796490181188 10.083120804486967 5.415814251360624 3.4102013432864506 10.38392696188038 5.498345194674588 8.330940363036785 12.77397828512903 8.566667996559056 2.4106429341030218 2.5283535173606566 2.54982122342907 5.629046412366472 3.1147745972837724 6.391825807771073 14.317121051622795 7.986612671268406 10.54280888074068];
euros_km_B=[5.735771964071028 20.450749758701456 6.032350815268139 7.294794746032048 8.737084498597802 17.510878145864144 22.406129363058735 24.691412204874304 16.66746624395698 17.383496977274223 14.124327638432263 23.281654853074205 27.197046868171565 13.450504711961695 12.550826010723814 16.21106106782812 16.819531010551557 25.35517935101035 2.0131823560906734 26.042390323088593 6.537623220513556 11.13375235089668 28.607413356885598 6.564021670681633 17.23322408670074 27.68794010937286 29.997954186022945 22.211837232493334 26.22892942908918 21.128398360360176 3.01632578597379 15.979145287480854 10.052245568878867 19.872816158276123 5.447369214369294 24.47201230316737 28.75525485163632 8.384023970925732 7.326567302372621 16.01961022855628 13.535031785519575 22.54159115256406 29.3914898173477 15.611070879730494 11.493336465678528 19.152199093258364 19.637080841855685 16.838286126672642 16.19731795475313 11.082437567378483 16.07482036717189 1.158603466617637 1.7354384704246437 9.553522351017273 11.719352681122194 7.713132254619159 29.92079980964693 23.32447458434744 8.667126686016935 26.762749948886878 16.186524255172486 27.748628574735164 29.05311109809082 25.262811337307138 3.2842329355627133 12.662075125407702 3.3841275291265553 17.64693980339043 9.853111876447958 12.58975333278377 27.8307493291707 11.24030010548129 12.28027020076753 9.130333049114155 18.589307865083896 14.433955783607855 25.74705420330515 13.89283193201578 13.322514653716183 8.991347953235096 15.857835708802616 25.91866003152282 3.487944627767992 22.03894022821082 24.760060235416624 7.166620104794839 10.080734078536551 10.86956833026166 1.481943495275753 8.78549386313378 25.369045388519307 21.900154458912837 7.296508850340229 24.847942292122717 28.225127919470655 16.894026054850208 26.68760131453304 4.070783815452963 2.0610645280211837 13.26491657231494 8.51533890991148 2.422626182209851 10.728026267390828 24.15711390997916 13.31667142598259 25.372745838886814 17.63669094390561 11.457013157486815 10.544177700818546];


nDrivers=108;
max_D=[194 147 183 141 157 181 170 239 147 200 182 167 195 175 182 220 144 178 148 126 182 218 174 213 175 179 205 145 190 172 215 204 183 237 238 224 222 131 222 217 142 135 226 189 136 126 166 236 152 140 214 123 224 160 149 235 219 200 171 233 189 210 198 129 179 232 235 233 236 151 230 212 220 139 161 197 175 154 213 120 162 164 165 195 158 157 122 139 174 218 222 126 213 186 233 192 217 145 135 166 233 135 170 218 188 199 171 196];
        

nServices=113;
S_starting_time=[223 512 173 124 536 671 205 74 252 512 514 321 611 312 358 121 204 477 309 612 294 292 470 671 667 720 630 709 111 227 485 329 644 113 122 308 146 90 48 187 712 95 94 412 186 635 117 124 586 666 541 285 496 577 216 701 4 256 167 703 85 67 245 509 126 709 104 436 547 593 627 164 96 329 552 315 140 200 29 522 513 317 393 123 244 635 524 385 23 290 428 273 550 577 262 248 108 247 574 291 519 18 651 666 405 15 37 514 246 688 297 374 651];
duration_s_min=[65 85 62 62 65 114 117 108 93 90 83 95 109 75 73 116 85 95 73 97 69 77 110 72 94 116 76 114 68 99 86 60 105 77 120 65 91 104 64 98 69 82 86 94 72 102 60 92 120 78 81 93 115 72 105 69 118 80 63 62 119 96 96 70 71 102 104 114 63 78 60 87 98 65 118 96 85 104 106 94 98 119 66 82 67 116 64 116 79 79 103 81 113 98 76 98 74 68 101 61 101 64 94 65 91 96 81 86 73 79 69 77 98];
duration_s_km=[49 60 48 56 34 43 43 39 38 53 42 59 34 47 42 32 31 43 40 59 48 48 44 49 60 31 36 54 54 30 60 31 49 58 57 42 58 40 50 33 45 50 33 41 42 58 50 41 41 50 39 44 59 58 36 52 41 59 38 31 49 46 54 58 52 51 34 37 53 49 42 41 38 35 35 52 31 60 37 46 52 51 47 40 53 31 35 53 32 59 49 39 55 34 30 50 33 55 37 57 39 52 33 51 33 55 49 48 58 58 54 44 45];
num_passangers=[55 45 38 70 37 54 93 67 77 50 62 33 82 67 25 78 84 40 78 36 62 27 96 37 97 28 47 88 92 59 34 44 34 64 96 81 50 71 37 82 20 93 74 46 25 23 35 67 99 64 38 49 45 99 32 24 35 95 94 94 69 55 80 58 33 81 83 76 67 20 33 93 79 23 91 87 55 88 43 69 41 23 41 60 46 93 95 94 52 39 71 88 73 42 23 99 22 93 20 20 76 87 64 77 50 25 93 86 47 73 71 33 81];
BM=250;
CBM=0.500000;
CEM=0.800000;    