nBuses=82;
max_busses=80;
cap_B=[41 105 84 45 41 116 112 121 57 33 36 84 71 46 53 133 129 51 138 96 66 104 46 106 117 105 85 58 49 65 84 121 108 69 75 113 73 132 113 112 119 123 111 32 127 123 20 116 42 62 27 45 102 72 82 94 69 25 27 82 109 52 119 49 51 44 25 73 140 86 93 138 48 63 41 33 122 47 91 117 98 99];
euros_min_B=[14.481954580497005 2.5020415347344827 5.35288943242498 14.14348125119552 4.927780936134557 4.842229680650122 7.643208960808252 10.588672282661893 12.181630236943995 8.910985232936564 13.800155263471234 14.151463386972718 10.009153140375691 14.71801973064927 10.907254422903149 11.76255063929227 12.057404689688799 11.720636066124252 1.964035919147164 3.025600602796543 1.875609005014674 10.091945321425602 12.093586762036352 5.835078537489293 12.894633762470589 1.07586372090323 13.046453694258116 2.19495084985097 13.57038298242082 4.2126281201006375 6.5988837580793565 2.7628485967087375 7.083172093177254 10.099476438272951 5.7357881074123105 9.110908596452742 3.3619190180566245 3.2157927670039825 8.792395701780137 7.848992785776939 13.923089694612218 14.236512809994617 14.461643863115976 3.330110724999316 2.7666024790496886 12.423289489328296 6.333910764319969 1.077598526463974 1.8429963994151695 6.169150214035284 1.5322254509574287 11.899491740330262 8.864979578135916 1.4823621309625918 8.116099990098043 1.0240227414687666 3.35892430993508 2.984267963215954 6.212233743851055 14.116081714259824 12.641347509124346 6.939342819601965 2.4922202235368105 12.633429876637015 4.194867636856597 6.159338758476314 4.997484528219313 3.2142115110227083 8.844057337850423 6.195824670219039 13.619160386054748 9.4796937315002 2.7676549812125155 9.729690366083114 12.038743996761365 12.19180129291219 7.267262016800488 4.513613302248458 1.9382331863197995 5.893298332525668 3.1415793695047634 9.360624547339167];
euros_km_B=[11.69074829810917 23.606957822438268 12.832063951436227 18.79026304601398 22.778967562329104 6.346447444681705 26.829461176488266 19.517548155094634 12.78508527567532 18.819901454600444 3.737818342726279 19.923434635102097 24.09256837889503 15.061770429094091 6.563645900138009 12.640973882723934 2.115782266587387 10.923645241392046 18.465955655753326 17.30127489679944 23.339404338263645 20.847530855889573 2.005234649848935 24.43089049255143 18.461984891941793 22.681009321598776 15.072223497088737 19.291131579895392 28.87599628106425 18.25855784954795 25.038691074777873 21.512462281906434 13.193644750490119 3.1879017915630143 24.859949464806046 12.405055442384496 7.444607933257121 3.811038391522347 5.0074883181044685 11.86449798906314 11.311910303044531 29.3983900839913 10.679045357248667 13.344695497009457 19.043710744778046 4.914515442353383 24.224716144483473 21.896450201915123 1.7812376935405272 27.162715592411164 4.756770709497298 20.97291401066224 19.085031531238066 19.17121964598637 3.5445426403748765 7.664783918117413 18.051243954677226 16.96985897871501 24.47120665717727 11.74463459607418 27.28876651507654 29.134589112906465 24.689787618290687 21.745457100380246 19.37680399717227 23.185000870450647 27.513497389948196 26.474592751018026 29.944657916136197 7.095316688932683 22.194672453192577 29.438283996434055 4.667865898794157 15.596846149148043 23.057021916585697 22.036327259741697 19.07311549247456 12.860905944693151 4.569916797319196 18.66657399062178 13.265138957493859 11.171151917884568];


nDrivers=79;
max_D=[194 216 129 140 140 125 167 196 233 159 227 211 235 162 142 234 126 137 160 142 123 161 211 180 156 168 147 120 192 164 162 160 141 200 187 152 192 192 181 148 153 235 209 227 203 130 137 164 181 229 203 203 136 140 135 209 127 138 215 202 157 204 131 183 209 235 164 144 165 137 129 136 214 191 178 133 144 154 123];
        

nServices=86;
S_starting_time=[304 376 509 260 358 551 569 31 331 299 309 346 433 208 424 28 714 392 82 161 122 364 67 203 697 342 679 588 319 328 140 577 109 475 651 321 362 492 279 601 712 168 479 637 166 34 29 596 35 507 351 206 76 113 200 179 575 619 431 517 654 640 14 554 315 348 497 75 467 640 429 679 349 588 661 318 556 219 211 616 523 605 323 203 287 61];
duration_s_min=[87 70 71 101 81 112 69 84 94 82 97 61 91 94 64 64 89 113 119 100 64 96 62 108 117 66 120 92 61 118 110 63 99 97 69 75 64 68 97 109 81 64 104 113 116 108 82 107 114 78 80 111 105 72 118 117 117 88 78 114 93 105 111 91 62 63 119 107 65 75 74 97 80 87 60 75 97 92 68 60 78 112 93 104 93 86];
duration_s_km=[38 60 33 30 60 57 54 55 53 34 52 60 49 46 30 55 60 30 48 40 33 30 34 45 36 48 59 55 56 58 32 38 31 59 59 40 59 43 53 43 57 54 31 44 49 48 49 31 50 44 55 40 57 48 57 57 50 44 40 37 46 48 49 35 48 58 45 37 56 45 58 56 59 46 50 49 39 51 36 42 57 31 44 50 38 34];
num_passangers=[40 28 34 74 52 24 69 54 36 100 50 97 45 98 96 47 57 20 100 41 85 68 58 33 74 49 39 35 44 67 72 44 55 90 56 86 74 36 75 29 73 32 20 41 37 67 68 66 98 36 58 62 90 41 33 71 40 73 55 24 28 96 32 39 25 94 95 28 45 94 37 91 57 73 37 68 70 91 80 91 91 76 84 98 65 28];
BM=250;
CBM=0.500000;
CEM=0.800000;    