nBuses=133;
max_busses=126;
cap_B=[23 27 37 32 82 115 139 85 82 81 126 80 44 64 70 76 118 68 79 41 77 100 110 76 119 20 97 123 21 126 79 24 87 86 109 132 130 138 76 38 41 57 78 121 88 25 73 124 99 48 90 54 54 44 55 27 83 129 108 139 101 81 36 125 99 121 57 75 112 98 80 129 93 42 52 116 65 59 88 80 112 133 70 110 102 20 101 31 58 60 134 78 101 36 120 29 43 47 138 55 51 56 54 80 126 66 78 83 85 35 61 99 93 38 56 94 113 84 110 137 101 108 132 97 38 98 56 51 116 128 54 114 113];
euros_min_B=[9.399400381783162 10.635656674588503 12.177045797816834 12.375370972501623 5.296452035708195 11.243657799217571 8.353763989433066 14.73674080470611 2.174520880294189 6.449783896191343 13.178458240694784 8.424346306561088 14.494449954993273 3.0921743870318172 13.715422907008607 14.665982845169388 14.188840710391084 14.48897787141471 14.53355509774931 9.686055529884632 14.68655658347859 11.634946702465447 10.757744088818093 4.280130202461784 14.92123472883011 7.00349993893984 6.316873592381308 11.159056392049873 9.055111486438275 12.882485300817295 12.42096318309327 7.475174202837243 11.70434688851025 1.9439700738649024 4.107908393330611 11.147388754312814 2.3441901529685545 12.661317602875016 12.963601444302533 6.218687604899795 11.436745615842696 13.401552297843768 6.9312652767913585 11.887574515164559 7.461098748600383 3.712482998164681 3.7981931924526444 9.728061183629091 7.018858510616679 11.069323546105192 1.373822260242262 9.98906839771151 13.007779386780083 11.264282278402481 11.589448362814572 3.979251081223568 9.070080638940137 4.751097374683721 13.221856434307618 1.310682441455627 2.7931534045504023 13.676540010666288 7.936074606264661 1.4364962875879081 11.359982826232784 10.272933611685735 9.422857777067977 14.513074286715032 8.771513080095936 9.462085320675163 2.587560155878758 5.223753591499136 8.285634557207086 1.4894182182116034 12.235069326356877 6.606108547242349 11.31619129782277 13.178034796638789 2.809376873601948 3.9281423759728975 6.184924984538156 1.3171886513059312 1.2125363292752716 9.49795988684442 1.3737324641495596 7.259386655035299 5.656371951507008 5.893910211971314 10.111646334616022 9.049229308718889 12.321917022612972 11.941920108849724 4.624533605860009 8.803091123087807 11.844529547495188 11.810675420222278 11.8849600665526 4.56135822434378 11.258830485903072 2.0021550156760517 5.5645987722222285 7.923734225617137 12.858802864233727 10.988912942994679 4.197927062877287 2.409714419643154 5.321863508279667 14.557219629265413 12.037501680381219 1.8949172484589374 10.885071724391416 8.142780257767516 9.962352420685361 11.307768786668927 14.905904690176706 5.565138979103295 11.452768867080723 10.563247429816428 5.992502100485721 8.972683235493694 12.610756471030722 14.104949798084931 6.482580864615491 6.660416602798968 8.76202719649466 4.408246894746252 2.2656222618547597 11.209714770380959 2.272200687049095 14.329590174313168 11.812530083807408 6.285562288973329 5.942817683666806];
euros_km_B=[10.859271554328771 7.30417241354234 26.37491943908724 7.064822183632748 27.646196142756427 14.924847233318687 19.798581421271646 27.126127568798307 4.044210037418886 22.1650334903054 18.669562341251414 24.168074072732708 7.280930013428672 6.953930357913749 19.863705452040193 5.163348809415725 27.62327924659275 6.194006695268856 19.79490133328265 15.891157520557368 1.7188451235730553 23.87369185320565 10.993310543157197 6.961266062603556 1.8430983430989614 3.9447226569978593 23.90311907572235 8.47597360246717 13.634557636843665 25.687705029683443 13.38330922386108 18.934100294895135 5.2249030476693985 6.821826954946765 10.281118677408422 16.328751508285446 25.474476426669252 19.118582479829374 2.810835818373571 26.65524807817948 23.235072196464518 14.922584286685014 3.10520044234868 10.678186621323785 27.59903405966978 22.09840325664431 3.838041635126176 9.53560256409744 26.350443294292475 14.657631538451502 26.484893236906714 4.095398326713399 13.732667913244644 2.885763487844815 4.605570189080674 17.927515532526687 20.127336732994912 13.785615865095112 6.5292715747375585 13.138097892977102 24.397893692657473 13.679819568478665 1.2929761964965816 8.242636276306037 26.366085206235375 19.424747344542833 26.052458960388552 7.205352046600406 15.037628351642578 11.065012533435251 13.046511669297034 4.421156006933302 24.59471389390447 23.61903994642106 12.545806127585557 2.639774401089444 12.300854087906758 20.90848888776733 23.047146606533005 9.382608077097807 6.8173048432104535 4.682479803255563 16.619894164011374 19.13809901326294 7.108157336829224 29.912916027875575 20.653884374086147 22.735561586249514 9.67728168952646 29.629621267644314 10.728153483063599 6.990655020266738 22.790877393406284 9.567211083754056 16.123809444956173 25.502363887842595 11.768608581960839 27.19605486776144 22.894584831012978 13.191263468334158 11.788482414543404 14.640252539034634 10.906656462585275 29.225268567791332 21.62735701043668 4.0401120035764295 11.21162557433423 18.447608952818324 19.77961933908911 12.216711891823563 4.557903616181919 20.948416179098967 15.968586210988889 5.030166450907211 16.43916355052853 22.387550124269058 28.46038032925248 12.829371329654547 18.253437844556952 9.891611769359676 22.82498823859475 29.983534712667343 7.856243443499377 6.567538718779554 3.7371894002001476 23.036200465769276 17.846208722902695 25.583367951587242 1.7655112985504031 29.379068744630725 15.588425256000093 22.487359540287425 1.6430574280982047];


nDrivers=131;
max_D=[146 226 124 158 176 188 127 147 205 126 234 133 132 180 186 140 235 136 216 126 223 193 229 175 128 154 176 137 218 240 161 238 235 159 125 146 173 184 206 197 233 161 230 150 127 189 222 189 128 181 209 124 236 172 204 204 161 148 167 204 153 214 166 155 187 120 169 164 221 222 141 218 123 165 221 223 181 220 161 213 136 172 174 156 127 208 236 211 138 213 131 228 222 165 203 216 176 236 125 192 224 179 125 209 123 123 122 216 227 216 170 142 221 153 154 142 165 157 234 191 180 232 139 139 212 175 228 206 125 133 140];
        

nServices=134;
S_starting_time=[659 647 345 538 640 3 263 136 404 103 3 148 166 407 191 548 482 497 493 99 245 664 11 427 591 72 535 334 381 177 421 165 155 525 351 119 558 716 37 683 391 622 209 389 27 585 201 623 44 25 250 203 58 33 290 439 154 15 49 316 715 535 216 56 156 643 101 623 95 652 79 38 383 217 292 35 232 308 147 466 648 438 464 588 412 530 116 357 316 678 540 164 491 396 493 476 168 386 117 499 626 473 214 274 391 230 59 140 269 85 423 292 415 452 246 37 614 681 373 179 637 55 138 198 720 504 669 686 566 536 78 611 134 522];
duration_s_min=[87 113 108 83 67 119 75 81 64 113 74 110 109 87 77 120 63 83 102 95 120 96 79 77 69 107 114 78 112 70 74 79 105 93 93 84 88 94 94 111 112 117 94 62 96 72 82 116 85 96 105 71 61 61 75 109 103 98 93 119 65 72 66 117 83 112 75 107 84 95 104 111 60 120 89 98 107 112 92 66 111 94 95 68 80 111 77 84 60 94 81 114 66 74 78 103 118 86 69 117 115 92 86 114 71 84 77 118 80 77 109 109 101 84 72 107 60 69 88 80 74 76 101 100 103 118 120 118 95 89 111 82 61 103];
duration_s_km=[56 55 52 47 58 31 33 41 44 49 51 33 32 48 58 38 54 40 36 57 45 52 47 60 59 34 46 51 57 53 54 47 48 44 45 45 52 48 33 56 59 46 57 30 31 31 34 49 52 47 54 30 37 30 55 41 36 47 31 46 32 33 37 31 57 33 49 36 40 55 36 33 31 36 39 31 39 52 40 41 47 36 46 50 39 58 55 59 54 50 41 55 51 33 44 34 50 59 31 36 53 37 38 59 58 41 45 43 58 49 32 32 30 36 54 38 52 34 52 55 35 33 45 38 35 60 43 33 37 56 44 48 35 34];
num_passangers=[25 31 85 74 99 93 48 98 92 32 20 74 90 31 43 34 54 70 49 79 79 89 33 60 53 95 79 95 66 83 70 61 37 48 45 84 39 65 46 99 37 27 22 28 91 24 34 75 62 87 37 39 69 75 68 60 63 82 37 76 65 58 38 88 97 83 47 25 31 80 76 33 59 41 93 51 20 23 71 72 69 29 82 27 76 59 49 22 68 54 55 88 80 52 55 80 88 62 82 86 53 78 52 65 20 52 94 43 46 27 50 22 96 74 25 86 63 91 30 26 65 48 23 85 76 76 83 24 61 32 42 94 63 51];
BM=250;
CBM=0.500000;
CEM=0.800000;    