nBuses=98;
max_busses=91;
cap_B=[140 126 109 28 72 131 133 52 82 86 114 138 110 74 106 42 90 37 69 92 39 71 120 70 103 88 77 101 69 57 22 113 49 73 40 124 90 109 104 37 38 100 127 36 77 119 129 109 86 50 103 69 60 124 36 33 109 54 127 140 23 128 26 33 59 92 76 112 46 29 112 39 42 94 95 54 31 82 97 81 80 106 74 126 108 79 44 46 77 33 95 89 90 136 124 50 109 139];
euros_min_B=[7.783413974463751 6.39907260633533 4.511984134799955 5.047950109711555 4.619810335104595 9.44403915442239 11.574851415669578 4.59923857072658 14.004222917072765 1.9126726280595658 6.478549624326349 6.910562559818798 6.101029717695971 6.655744674653063 7.680567064551504 4.2495757139618595 3.3321144531364353 8.141229281319372 3.9845286493017387 2.838064602791033 9.598158837339584 1.6379350684374172 2.716365320708415 2.5841657417837567 13.91258529330715 11.579626447887307 6.6123804039087375 14.986849399983235 5.849952095007781 9.378680811702406 3.1992016166077226 12.377487537408822 8.534993390077112 1.0662382177268268 5.810500660078742 2.324233924744192 3.6435638299492554 7.930603753838841 6.190345050432796 4.024848349294862 10.130195064325765 4.170689067686247 7.779933319977826 1.179221596963424 10.681147357644171 10.329078520595896 13.07125306627527 14.696672430258422 3.409193610123287 13.36524837606507 7.589548222964959 4.518982634588523 11.029931930403023 8.952232171625925 13.050821217828814 11.958470419651364 11.783537240190608 13.600309172911915 11.851388685452463 13.182070757081716 9.485238240841678 5.672490335174901 1.2085229493073908 13.702662111157757 2.8789866973314204 7.325834914651167 7.525969948257801 4.439216647930851 14.0506773621907 1.9367065756001183 8.835247260617848 10.684711829506881 12.971806294600936 11.677836862192128 11.972064524061498 14.697650239305819 1.812348351140494 11.041833494389163 13.919784335243124 11.61533844826521 5.362102038358659 2.0847038640088416 4.413330182267005 6.750108995188269 2.1574480789985504 12.594454741091287 1.6465041680530725 7.3965830314268155 3.6416064798123142 6.345682172633753 1.8817517753496191 12.29059773578961 3.742252961880639 4.764951416578647 6.634222676388857 5.074629479692355 2.1388647318177236 4.0488827905676334];
euros_km_B=[16.0227315436319 8.592960898457456 29.425425969395988 22.752472428742895 20.112072763528776 14.899088110104394 5.251687482341395 13.10356402349652 16.52475996663655 19.85784117561967 27.052290569884086 4.13682754422655 3.323365504172331 10.853991377046901 18.643969795575487 27.81721353010762 29.89822375483352 22.224749180638256 8.249167592662582 5.599087602834621 11.699222227641634 19.549943202181908 6.071033515298092 7.523111065579468 20.892629342444792 13.800216091606414 21.32191151943807 27.74601824914991 26.428041053429116 5.4430689180676985 16.79628160891904 27.36287593824057 28.84183107923799 3.395692502466492 26.264149148631823 26.21206523217823 2.277761975165375 15.117200351416093 5.688171275160208 26.35337131448243 10.857530524179738 7.185320426264463 17.97932307587986 4.2962513658860635 17.673637156134674 16.649302918320213 28.9201171265508 28.491008992058692 10.579423367850048 3.365219037666237 6.549367080784384 3.4335193535844986 21.0948247021738 8.796196632348188 11.043463265359199 7.030967790389715 7.7861496889330075 11.553397710013265 26.265847357550655 27.4948290192492 10.23801138403592 12.619559413522635 14.201650995991908 9.115899615028535 23.778381401006456 20.146680167531862 25.245496158623357 24.79979463874358 25.626705072169546 28.858038536429728 12.365845330839047 5.749999535544737 3.5344248309874584 7.911461395585839 1.003669372259122 14.428243517227152 11.25329986636851 11.957894096241917 26.72931224963877 2.026662063471551 15.04383145350291 4.214651020606571 22.741801350248707 4.809647947135507 23.63281394906855 3.062502519231241 15.688623388739934 5.217156822835679 19.282599209138407 1.7923742899998008 5.496110733673734 21.19650315751675 17.316798763886894 24.04421019662495 14.22539090590035 18.166476852626772 28.87360962893612 6.681578543586932];


nDrivers=96;
max_D=[126 129 232 239 171 162 219 130 130 178 132 203 227 199 177 148 178 124 212 208 188 216 177 128 174 167 225 178 142 216 235 189 237 153 216 139 185 227 170 187 176 162 168 123 179 129 165 127 121 225 140 191 220 165 196 163 159 238 161 204 184 124 171 130 226 188 225 179 207 173 234 234 198 214 126 164 155 141 177 166 224 232 143 182 191 139 157 181 131 155 139 140 151 206 171 122];
        

nServices=99;
S_starting_time=[668 411 16 106 706 362 146 454 697 445 448 272 505 533 302 412 477 408 316 248 576 275 164 50 76 197 67 661 524 485 684 464 433 45 167 359 628 48 463 97 556 43 263 1 346 363 720 365 430 619 678 460 436 587 45 415 360 474 705 366 151 57 666 411 225 364 358 667 19 106 230 560 378 663 43 562 304 219 137 542 100 472 529 280 478 394 170 564 28 314 91 580 597 172 459 258 621 667 494];
duration_s_min=[68 109 80 96 67 78 66 60 63 108 110 100 105 101 114 88 109 104 114 78 110 95 70 115 86 92 99 92 78 88 90 60 90 68 115 105 70 77 60 73 85 87 74 64 116 61 111 60 69 87 99 67 84 61 113 60 87 80 100 113 70 98 87 64 87 113 74 120 111 62 105 89 108 119 69 83 96 89 116 119 119 70 63 87 76 86 94 96 112 61 109 102 60 99 82 105 99 110 99];
duration_s_km=[42 44 41 40 48 44 53 60 30 51 55 49 38 38 32 53 46 30 44 38 42 35 42 37 33 58 51 31 44 47 41 32 31 39 39 60 56 35 50 46 54 31 54 35 39 31 50 58 44 47 54 40 35 41 47 57 53 53 53 47 42 59 60 40 44 60 59 57 40 32 48 52 57 46 54 35 51 49 32 51 30 47 45 51 44 60 49 43 44 48 50 31 51 55 40 32 46 37 36];
num_passangers=[93 61 62 49 60 26 36 58 51 97 87 95 68 91 68 23 60 63 52 77 68 98 99 81 58 67 60 83 28 58 59 66 33 60 40 74 26 46 57 66 56 82 27 20 98 92 99 100 78 65 39 72 59 42 69 60 22 64 74 67 95 78 34 66 98 61 38 58 83 29 82 66 53 99 55 38 83 74 69 57 59 58 96 70 48 54 59 74 37 86 87 30 61 93 54 32 21 65 53];
BM=250;
CBM=0.500000;
CEM=0.800000;    