nBuses=130;
max_busses=118;
cap_B=[113 42 125 72 137 82 72 30 69 102 131 115 102 100 66 31 86 23 85 139 61 135 58 77 81 56 107 87 29 119 79 90 30 107 57 107 74 109 80 94 77 109 64 25 38 80 89 54 124 97 76 66 95 95 55 23 82 121 63 98 117 60 95 112 77 126 117 131 49 38 121 74 108 82 129 64 102 20 107 83 78 99 124 104 55 118 114 123 126 35 108 95 103 26 48 134 59 96 109 98 24 37 70 45 40 53 99 108 117 120 98 23 97 30 50 55 70 37 117 84 118 40 26 117 71 135 108 52 119 25];
euros_min_B=[10.159241198499414 7.799952473625089 14.916377593917685 13.621516485182209 3.7456338301936283 7.542010896806523 5.679289121520467 2.942050569545424 4.768554822120119 2.2967796214967873 1.9978237354371333 12.055050177815982 2.6570723896249615 13.515141722953837 10.042768252363533 12.935363794371566 11.84911849391846 1.4851192352891207 3.9433201587983167 7.932884054531684 2.647570703123386 10.042038178987028 9.811186464175389 4.548569119910574 3.6862191030371854 11.241096118023444 10.378765234670869 13.409153719531782 3.1237907255126727 2.241298387763246 13.39804430031685 5.828870088002161 10.185874349637203 8.377589142293452 10.740396609715521 12.91189946699016 13.301062294365432 9.747037233892215 9.688032798459442 4.280142677240026 5.716479064877247 11.846421372356275 13.50661673580719 1.096406419424824 1.557293911071096 7.774756256706807 8.165662502766413 8.45144831323175 3.2221825823560226 3.2025172585320734 9.597960646754593 8.915616634437756 7.620610973702099 13.051272596800803 5.904798559307618 11.728152595334567 14.457073938006875 10.729353020074035 6.737460973154702 5.9055639287616035 2.8346982784090877 5.845985876306912 8.362994383926686 14.1169310221666 10.913765689632973 2.544440152737907 6.717313312887715 5.049906380063694 14.073431183835337 4.563229259922845 4.953705246053765 9.280122401320286 12.153476871735915 5.791312337312378 13.936130167064352 7.998965143530324 9.329140440755722 12.551564108512412 13.496096655316816 7.495504683135923 2.1695620219448584 10.280965657929114 8.215970247618426 8.750777352446182 14.730439946919669 3.904457276644319 6.221381480291026 7.5082555257863834 12.898598609233694 8.775962771198321 7.681831006906324 3.755080850999013 2.0676485031234693 1.8955785652261825 9.718913264477258 2.1079628669237684 3.133999714347749 1.6506657155750006 4.90208151882328 6.939909215681482 1.1126698121859684 13.53355729602218 7.782025004598724 13.189927116537996 3.703480120934823 13.840065778290267 2.342204586534082 7.107522144960409 4.0578988839716565 5.640087357652453 4.5895122766281675 4.966603073576137 14.603257080308389 10.561117837576896 11.56729872600421 8.651150173491104 2.286592471853943 5.1344607699634395 11.051364611393609 12.532289759837974 4.727916685195657 11.872633861631224 10.854834595496854 3.4688221040973968 9.823122954926745 14.339995264230915 11.630576954020563 5.569672466023232 3.9408687614390203 9.144614472853412];
euros_km_B=[4.272812890349629 12.115122221900648 14.992369781987211 6.223918349898812 27.853102509764767 1.6747037436746337 1.9164920824870304 15.559333188051669 7.530423196043456 20.653798159715066 23.095510408914546 24.15408759101944 27.499442237487933 21.24838219088774 21.617462145335924 26.0075516276327 8.903129511781268 25.101998074827065 3.277229376389424 18.093380218410516 15.831309497587204 21.83025793274113 15.36287783135568 29.98420318537929 4.918946256244374 23.2873334795326 26.347572126181763 19.007964382770457 6.326730776024565 19.961880643042946 18.62878761163153 5.389646122276756 29.286602689889918 14.815877937369061 14.524707422238338 8.41539395265027 19.94033469423921 26.372607841171156 3.1994739161559123 19.619419829816707 8.075302686034519 8.863048585897193 8.305549357334536 8.176252523810035 28.45134777690162 26.026975454311852 7.533794599853829 24.791568533896644 24.512738566760458 8.853913088929602 28.435141059922692 16.704767624695833 8.362031182050657 2.6146551929640407 19.488775530888418 2.6703131700023595 7.340049967554698 21.8385832862614 3.288272598843336 3.4170244236404166 4.4883195643509755 14.315999379305929 20.71859529313356 22.740532562038677 22.17565893458208 5.500155791406755 14.208892736047927 29.17220915360871 29.333686202702264 24.72050667526557 29.8931707764857 26.63132562985303 6.679894236607848 21.608219391035824 23.42971301354635 7.12009520098678 27.937095625725735 11.884780296362452 3.8139790061712153 24.47370950654328 20.428250102462933 22.11330866901862 11.740813345297234 17.437593076995476 7.054370690626139 1.8738201453237133 16.80922482994265 20.773559314871406 25.52979250363943 11.430209892751684 26.30484888726846 29.90709042155626 26.766729373198487 27.68315905315097 3.031548199448402 2.724516013679995 4.190948772524214 16.902578890109595 19.313787167726005 21.388907462588055 22.78133735688954 24.27489537463218 9.244060298827062 3.0095481868558682 11.177609976092393 23.664363824715657 4.305078556751376 24.067923911206655 13.828718318625686 29.209547985264237 14.437808504162167 2.0506706937654293 1.434938039648487 28.97901507263478 18.762574234784342 24.53722512984124 17.92656670524457 6.3252695039562425 26.624540092318338 18.937297801799936 4.328782279254261 28.5307930159792 26.616552720737474 14.995456859142761 29.047657417261586 21.279469608305526 24.7325643195835 29.72260192527883 22.38656507609048 12.655220728391905];


nDrivers=130;
max_D=[169 149 188 211 233 220 190 225 127 199 172 121 184 132 146 161 123 171 234 125 160 189 164 120 173 157 150 179 157 199 205 120 200 204 159 216 147 171 240 176 157 131 136 206 184 208 222 149 129 224 205 233 206 147 186 223 164 182 156 162 187 218 231 239 134 147 170 178 160 184 217 168 143 166 196 169 226 166 124 147 154 167 139 210 190 132 234 148 230 179 180 189 148 237 120 235 219 189 196 146 196 205 208 187 202 187 170 227 218 140 208 226 209 185 127 146 137 198 151 166 193 126 120 203 238 138 145 180 214 234];
        

nServices=132;
S_starting_time=[162 175 84 703 303 525 564 126 690 661 524 32 689 41 63 710 215 325 404 461 282 336 708 294 133 446 159 453 483 670 707 344 542 196 385 472 717 643 417 46 32 170 280 275 308 663 649 17 396 252 142 586 471 236 672 687 466 94 128 529 68 525 129 70 473 207 603 423 447 513 239 488 321 107 85 50 390 18 56 24 263 549 338 316 372 677 330 652 406 413 631 266 540 34 261 407 305 451 514 82 106 640 691 341 313 281 327 677 411 34 232 265 262 592 468 309 37 215 499 65 351 172 668 31 314 535 271 640 589 560 588 134];
duration_s_min=[115 79 69 96 72 113 95 113 69 116 114 84 91 87 69 95 69 81 86 81 107 64 112 74 117 72 99 113 99 62 77 102 85 106 99 100 67 91 108 67 84 106 62 83 74 119 85 78 63 102 87 80 116 60 80 116 60 74 96 91 80 104 90 119 111 83 104 86 109 66 60 108 73 82 62 61 73 83 88 84 92 120 64 87 114 88 75 91 110 92 116 65 64 103 63 120 71 60 113 62 77 73 71 110 69 104 111 119 81 67 94 60 68 100 96 62 82 71 87 99 85 60 109 100 73 89 114 112 117 114 91 66];
duration_s_km=[58 52 47 41 59 34 47 58 43 47 53 32 34 51 40 31 36 36 59 31 34 33 52 39 43 59 37 30 47 49 58 43 34 33 49 56 60 38 36 36 30 38 49 48 33 41 47 55 31 45 30 30 56 48 60 54 39 36 58 37 33 38 60 35 60 35 54 31 31 33 57 36 60 38 59 49 33 46 44 44 59 33 41 32 31 45 33 49 48 55 39 49 34 51 38 58 57 60 56 57 52 54 56 41 49 36 47 52 53 55 41 40 56 49 36 55 34 58 42 40 39 50 43 41 55 35 46 55 45 43 51 44];
num_passangers=[79 70 45 24 26 46 84 54 84 86 38 31 93 62 100 42 63 54 85 90 42 63 63 64 69 26 61 68 69 60 30 46 96 77 44 39 47 72 65 24 72 62 74 89 57 45 94 48 66 99 32 91 73 96 68 93 27 69 20 85 42 66 31 38 41 42 78 20 81 31 24 57 85 20 66 82 100 75 48 32 61 71 21 51 42 90 81 39 90 89 44 42 71 74 34 94 93 88 47 83 79 88 97 79 98 88 37 56 30 83 48 37 64 24 97 48 21 98 25 32 48 92 73 69 60 88 22 46 35 38 64 36];
BM=250;
CBM=0.500000;
CEM=0.800000;    