nBuses=92;
max_busses=79;
cap_B=[128 48 95 103 139 126 138 50 41 104 65 34 41 68 41 24 79 70 60 109 113 20 79 34 140 116 45 126 89 92 70 23 74 97 43 89 96 38 94 138 131 106 71 79 108 124 139 89 131 129 126 132 101 92 86 38 78 115 54 66 104 51 97 92 58 26 70 114 62 80 41 51 40 59 28 50 29 99 77 91 29 44 87 61 28 90 97 137 25 31 104 93];
euros_min_B=[1.0885980196458755 10.852853775232054 12.429605958992145 14.999815085092273 8.249443802525594 12.25981478115778 11.74966586935638 6.912154854488351 3.99849692222654 2.3858536877590026 7.185971551573437 2.8529160963656244 5.7599022124314 4.303115694837427 13.177899938730828 6.048019832006353 6.511615983814906 4.687832004987033 13.132302114300167 12.305912493180246 11.853275707166368 10.284508991496057 8.707134582105754 2.0920433072987588 10.39178660471595 2.860534803338985 14.267292799734104 11.015475501235887 14.52614987584881 10.929040957129944 13.533413481599997 8.721921284280622 9.947540805265993 14.430105110931462 8.834741677297764 9.583891852285104 7.898985085740536 12.22436282256582 13.599034452969686 4.70610393675646 9.701438663734882 14.444092153856362 2.53349687330349 11.92707323136468 1.0830552954386492 7.610018057285103 3.1505288487112253 2.809576685847232 9.12538052037432 3.1667031327689994 11.449056116195608 1.3081443622169113 8.536031531988526 8.255259033920158 2.57520610513754 9.555377988996899 1.2131640382395699 1.9300985736934337 5.112310475393615 3.8461862608605957 9.763886692530917 5.4563015578140215 6.74094539508015 7.521156161323714 9.592603567069991 6.742025241850172 3.931064159330178 12.319241154250864 6.402974171043639 4.454031572732652 10.185295772282739 12.60048358674521 2.3207443344104455 6.799109692837311 7.83383049765647 4.819291599926693 12.18939055431994 6.573507620709042 4.92361448681424 3.332411952317284 7.631604560133214 4.1448326262868065 6.915913638925603 4.046447986437565 1.3652770627600113 7.662686716014668 14.12805953183484 6.004829955194455 2.031606551283974 14.039414295226397 9.063569411804055 2.9789251579835025];
euros_km_B=[26.789048054268378 27.724054693340086 16.38954192440859 19.365417651547922 17.068508467331377 27.022489524380035 7.853106966466672 28.25867301055643 2.4517820060963094 7.8923350646511174 16.43576269468258 1.4509182499096798 10.826657894140583 14.61142921572394 18.98271388175954 17.373606725587393 15.532142135784177 28.56902419557986 11.61025003748969 26.820124257336875 29.489754341792356 29.595167507527723 16.678007825612426 18.509297619725437 16.843768043110366 18.056965638339943 8.017179675844524 3.5240759723626263 23.206736221033818 24.730203163235917 10.953400169353058 1.8871129009264167 3.2894597112400232 17.680048873606832 29.608154125966923 5.683125925795832 21.967583274084568 5.490487192773635 2.667110169728262 18.987722056215034 10.253678123731833 5.6713730104975495 24.01843843082765 18.707056846648108 7.574227660342968 21.223392393116356 14.274038691453631 22.317905394627644 18.423673672521424 19.4075759416079 5.741419930324138 5.556755882384029 4.901800972589464 8.791122556607554 7.905298028760317 8.475511288893347 27.304391734819113 2.072470008062883 20.40761177183643 1.2153139066479337 5.449548638425008 2.8986065099465463 2.1324026753463303 22.334627713762114 20.449009798840105 29.89882021390626 12.220566822554268 16.492197804382375 14.708433045047029 27.310683852067648 21.735532285479326 7.81767355883993 3.3656061816453886 23.13063885044581 20.089208740840583 10.961973244378655 24.017267776390952 25.183346489585116 5.45606305760375 16.19945763875223 22.197118638211876 26.912382166903424 19.322187596255972 20.579835776545274 16.78005473553125 9.604502459367982 3.3999336463610463 5.408760719291795 28.42276248152148 19.240678207267077 16.856430976691826 12.978979523702614];


nDrivers=88;
max_D=[143 209 132 169 145 174 196 233 164 221 176 220 147 213 126 208 220 126 189 168 177 140 188 210 187 123 150 189 134 172 183 238 237 130 139 234 205 139 185 230 128 136 127 238 161 128 198 181 125 196 215 135 146 128 195 184 170 220 159 240 202 150 169 153 200 122 190 217 154 138 178 149 186 201 233 169 236 178 134 155 132 161 122 235 199 151 186 149];
        

nServices=94;
S_starting_time=[292 429 52 473 499 154 328 504 17 243 22 273 21 123 502 605 73 701 547 262 117 58 219 180 614 571 458 560 210 71 532 472 194 610 366 633 239 615 674 316 116 484 156 450 616 691 307 541 360 421 123 458 49 225 71 264 479 135 551 224 336 286 640 72 32 608 563 621 256 376 233 551 261 97 511 506 38 514 28 688 189 432 597 414 87 363 715 568 302 434 185 131 368 709];
duration_s_min=[85 64 81 64 110 69 91 104 116 82 66 111 75 62 103 76 90 99 90 119 62 99 99 87 96 90 83 69 74 61 76 81 116 68 108 87 110 99 97 67 98 68 116 88 73 79 62 84 106 99 89 65 66 83 116 89 76 103 120 65 82 117 80 116 95 119 78 120 60 100 117 74 99 89 62 104 78 64 98 70 112 67 78 79 69 63 113 107 68 75 113 83 90 83];
duration_s_km=[30 46 37 31 35 39 58 53 53 58 48 56 33 50 35 59 60 31 52 41 47 38 58 40 60 55 60 35 33 48 39 43 34 50 31 60 54 37 36 36 45 40 46 51 53 38 34 48 58 50 32 36 32 43 34 37 57 36 45 41 39 44 34 38 57 37 53 40 30 48 34 39 32 47 59 59 48 49 45 30 46 59 50 55 51 47 37 57 55 55 55 55 31 50];
num_passangers=[45 99 39 22 43 87 81 84 70 90 83 34 84 37 35 30 68 82 54 50 99 65 77 54 49 97 22 24 27 31 33 91 83 55 51 92 25 47 99 45 88 86 25 25 93 80 74 27 20 85 83 33 86 42 99 70 78 47 46 81 90 75 63 74 66 96 45 86 39 48 81 50 72 27 42 59 93 97 69 84 29 39 57 49 46 70 63 20 70 27 45 80 71 49];
BM=250;
CBM=0.500000;
CEM=0.800000;    