nBuses=74;
max_busses=77;
cap_B=[138 134 125 75 123 94 89 86 122 93 123 114 86 44 41 100 51 24 61 133 80 31 108 90 116 137 94 107 23 24 30 74 113 74 62 51 69 61 125 114 39 105 41 86 104 60 73 111 87 84 84 83 28 78 84 45 61 115 69 83 64 120 50 99 44 77 101 122 37 119 72 129 98 61];
euros_min_B=[12.134485158341066 10.84135447616231 5.802446902414001 9.918379769094516 7.840128043824635 12.404621874049068 9.872240114801963 1.3074634841694703 4.562898508091459 2.514315415686016 7.3386726761127 2.2956620337067264 4.4792670656181715 12.529361159235275 8.921677874825054 3.1849479681779274 8.918190995656124 9.243880847475236 13.042764288657814 1.6821315620006803 4.583540229830012 3.2871742330931975 12.884576634498849 10.265372605229425 7.743614420119717 14.697570017674188 10.472510375599306 3.9384734544835083 5.887524171907094 6.349503621633858 9.136060301761999 13.561168965786578 14.188951502271394 11.865857339829127 2.425184591244191 7.211510163465954 6.851878053321464 12.37494438792857 5.339781497753082 14.357750321986174 11.29343458297587 3.4197878811569904 4.118787096627085 11.3595450265366 5.371918346651231 14.601661793197573 11.571954250363067 5.759206180538531 9.004213471609178 11.060621447383845 14.490384946185461 8.924529151409434 4.754855705202701 12.771739273286562 1.3508838182017842 11.896088393420225 12.092818319537118 8.930806618639249 13.410307343429631 1.8252640085612213 2.591305377223024 13.657520291076308 13.292195049504274 6.016261149000089 12.089033842035544 11.934915346477437 12.512105588280887 8.049139854430367 12.488055540587569 13.30721174136149 12.116354915338341 11.522070178529745 9.502747164093089 8.136231221875743];
euros_km_B=[22.441591709517812 22.219575475591025 16.976899924279827 6.968626090200135 21.387083987848513 15.994206436867316 25.34464597524762 15.888690522319587 18.663827497970384 12.168113196740554 19.951028001841358 3.861496369956857 20.163142901656123 11.068730428416321 10.838424526218766 7.007882204237387 2.236454133896135 17.371078934983423 5.098628586645512 10.989589945103157 16.489991095408836 23.025397717404374 5.949101718849329 29.741941097490194 2.6783616630364206 21.43588027720826 25.301788459389897 8.339636635738088 3.7802421443291667 13.523108961550776 29.71232270564023 12.261520917850381 13.648855282679458 13.050428841448422 29.483569750497484 23.113973751543238 10.40516085902367 8.079787330429614 3.5199083349839975 18.38500693539846 24.586066132522635 28.600413613867644 1.3226126000330998 6.84762867333115 11.848885087647465 10.91628866616104 13.0357208456659 18.666247424042083 17.605451528496157 22.034417726037343 22.6659098565985 20.3916861152315 12.722329754325921 16.710950574435778 22.17284279796924 10.797251845543645 29.571002246748133 29.671666483311448 18.13765982801037 9.383478102366713 3.913636547510512 5.909841972587024 29.3064172977862 21.065581775671518 14.178090592538366 6.034077924102897 11.715449135818007 27.01147506072577 19.43638468727247 24.19652528645981 20.122080097670747 8.302828502891519 13.507719506231679 25.29246686965565];


nDrivers=76;
max_D=[239 172 130 195 159 136 123 222 145 189 216 138 139 173 169 196 208 233 170 187 198 130 159 175 240 204 146 222 202 129 173 169 179 136 158 178 184 145 215 131 214 131 206 126 231 147 220 184 233 171 137 189 164 203 202 206 153 132 234 198 123 152 142 197 156 220 150 150 224 146 170 124 186 233 155 168];
        

nServices=79;
S_starting_time=[17 686 567 407 601 697 690 424 433 656 511 482 615 188 476 16 612 295 607 213 217 312 646 166 498 232 223 102 654 701 65 418 336 466 363 549 397 663 28 43 110 91 496 73 70 697 82 683 706 35 382 460 477 268 205 11 499 369 177 272 292 105 612 639 243 451 217 238 577 501 656 681 148 543 385 328 629 55 269];
duration_s_min=[79 72 82 98 82 115 60 75 67 101 94 99 107 86 119 117 80 70 110 65 74 68 97 74 93 64 113 106 79 90 106 94 78 67 86 64 113 109 110 70 103 82 78 119 68 72 110 85 60 100 84 117 73 110 98 120 68 73 93 100 83 100 103 80 107 100 63 102 79 107 118 65 100 113 114 79 114 75 92];
duration_s_km=[44 57 34 42 35 34 43 47 57 37 41 56 60 50 55 41 48 34 33 34 30 46 33 57 44 59 32 39 46 48 36 47 45 54 41 47 39 45 30 36 53 41 56 47 30 46 33 52 59 39 31 55 60 50 35 31 60 35 55 40 43 48 59 42 58 54 36 46 35 42 56 39 56 54 46 41 34 41 51];
num_passangers=[94 29 57 31 98 27 30 96 39 73 92 67 70 51 42 97 62 54 82 60 72 90 36 53 78 83 22 95 65 26 30 52 75 76 64 80 57 87 89 92 95 48 52 60 27 65 91 81 77 58 100 39 31 62 66 30 24 20 71 80 80 62 20 46 38 82 20 27 65 69 74 84 51 47 88 32 33 80 25];
BM=250;
CBM=0.500000;
CEM=0.800000;    