nBuses=94;
max_busses=90;
cap_B=[84 91 135 25 35 101 26 124 70 126 73 41 66 52 134 123 42 110 100 115 47 58 100 102 42 125 38 73 124 45 30 67 93 87 131 71 66 67 83 89 116 86 82 139 55 120 135 93 116 80 139 46 105 112 105 40 50 102 49 49 87 82 110 116 36 44 51 105 140 90 83 114 102 100 47 60 95 80 103 135 64 139 81 36 93 25 58 125 94 103 82 107 106 57];
euros_min_B=[14.404526893094067 10.43556511361463 6.589612665059007 14.955384046967932 4.459296440195537 13.948932063193919 10.609670215970272 7.153904796084444 7.988388581951028 4.958978124160651 2.336158257861232 5.224005831249188 1.045904510812513 4.8086404180047415 12.949247961315205 1.4670410439076857 14.096378857393798 2.496425600013527 9.733043022513595 1.723846905082129 14.411925986050145 4.463492775853588 6.266090674013684 6.40560335787851 7.366609733479165 3.8207382695864043 3.7857669891130987 3.3406155833616915 5.078781561056667 12.103336372973478 14.214356875309427 12.683716647743063 9.293691776587274 12.84947353648154 13.450585771248603 7.962170830051364 6.491615145627943 10.201626898276363 14.536447844703735 11.661403526996644 4.036284270212114 6.795389634942447 3.2989485878862745 9.988697711515623 3.355848511073165 8.695209079334633 9.502271420129707 5.47728259090063 12.716975631575421 12.422554687719652 6.39409301107788 6.448547732817605 13.194801018108953 12.545803014406816 4.0964367158775605 12.292781964029347 2.8292425114211808 14.26742643236882 11.494245084349062 14.017762878447693 13.220867661644354 1.1458095658871126 10.967406031448983 8.8370060944426 9.95352552536126 10.783122637759918 11.64999535981868 14.861179051906701 8.826390973944342 3.2787418785476437 11.565745097004783 12.269702809710662 14.824573559812281 7.927305204267388 7.831787517308953 6.119269345892193 10.069788738226746 3.660413240591633 10.791194177955479 7.173542319564838 5.537181282868806 14.326733288805666 12.694993342500995 12.316594852995031 8.897936095529838 9.95566539058456 13.978061203501229 8.576018549525033 2.2072306458223676 3.2802018037724263 3.412474640474909 8.430034757426945 9.648230060133487 4.820898082118379];
euros_km_B=[8.638021832472312 16.860008301393915 27.620525537345944 3.02653984972597 7.860500189298092 13.102662996592413 17.12823865688878 7.521993960979222 4.006140365022697 20.96780122021466 3.527935336945378 5.1534726060128175 25.16115373387467 23.873290771361944 5.800301916191959 7.661629288239871 21.97962957827022 5.505346670653797 7.216993962828958 12.413204893623146 21.47084490242406 21.95528858128246 4.7779824652965 29.344448591493396 27.21389440684341 11.34950689115773 28.986007830495435 16.871828254004008 6.387564929099907 7.8298842637519455 19.575439453730866 20.244107752307258 27.461960591775664 19.82373906308798 3.173438116481661 24.166286102430057 9.61782374569051 27.650422809750996 23.549182239427527 22.484307151766117 3.5981737357280466 28.622955047362584 14.232481746914207 13.995693685900509 1.025209932890434 3.075172189005837 6.168335849873326 5.937518691471306 18.573500451208524 2.350408329814651 28.078964798013953 9.622658097510502 15.216811410407518 2.5133467993408622 25.120681126476825 17.923291331948267 18.58732404691363 16.020951992754018 10.93114335432757 23.43113777670357 11.760483345460166 24.84398763468254 3.0311028296551594 5.619125410691259 26.71225802942034 28.615837133751718 10.270242443931217 27.236258954374456 8.58045712707941 20.726569871884976 13.64719176503334 29.43134821577806 9.688069258329318 22.121355953194307 10.558538084143864 25.526081488116485 25.79278188875005 3.9667137904756653 4.8827346874886075 12.849113614852884 27.223298709553795 8.402474273212698 6.932654431332644 10.566933371189757 21.024960709698306 6.958867465372847 29.141519529422023 9.540886214927145 19.592293543566303 28.206916742842882 16.484859872871464 20.889671138984173 18.97304013758798 3.8358015893940633];


nDrivers=93;
max_D=[215 164 233 149 146 178 192 178 176 218 221 211 182 207 204 240 182 184 219 127 197 235 156 230 226 156 141 149 219 212 172 196 144 214 151 159 235 216 208 142 239 153 214 219 218 137 210 170 124 215 205 136 205 124 198 139 135 127 168 229 135 126 150 136 202 205 124 232 226 175 148 155 203 195 197 186 133 231 206 199 194 218 122 196 226 167 141 165 236 190 208 136 231];
        

nServices=98;
S_starting_time=[512 64 96 275 39 180 186 135 537 273 374 126 643 0 645 284 425 221 354 520 181 715 538 258 191 485 75 154 283 104 88 346 509 367 519 332 284 598 176 13 75 62 593 44 266 695 421 688 611 582 185 501 693 385 248 99 12 354 492 707 584 397 397 97 39 556 422 641 301 490 281 306 8 632 442 508 33 219 374 294 256 499 53 661 45 620 197 527 327 151 55 336 25 638 434 275 568 450];
duration_s_min=[73 96 93 106 96 95 70 77 68 105 103 77 72 119 110 94 101 71 61 75 70 109 66 68 78 102 101 89 75 105 76 79 105 92 79 85 95 63 61 66 106 83 69 107 70 95 79 70 102 116 63 96 71 113 97 62 115 72 83 83 73 62 61 100 109 73 61 97 111 76 114 94 82 63 98 101 90 80 103 98 100 77 81 119 95 89 112 61 113 84 105 65 109 120 101 106 106 75];
duration_s_km=[43 32 57 56 49 32 37 37 48 46 58 35 36 31 38 41 52 49 35 39 51 35 60 31 45 52 42 55 60 32 37 50 35 40 54 55 41 54 35 55 38 59 56 43 36 59 35 47 48 33 52 60 32 33 59 31 54 39 52 49 57 52 60 52 30 46 35 49 34 57 43 31 59 60 33 47 38 49 45 46 35 44 32 42 41 57 30 37 42 37 56 52 56 45 49 41 49 33];
num_passangers=[91 88 41 92 89 25 50 28 20 26 79 23 88 20 60 82 32 68 100 42 77 42 47 28 31 49 79 79 50 37 39 68 34 96 53 27 49 57 38 73 66 83 80 52 26 89 79 43 51 45 98 43 44 89 53 55 95 49 63 34 82 78 43 25 43 57 70 91 68 63 38 65 52 82 73 23 36 76 70 20 52 66 75 67 68 62 49 46 34 65 28 48 38 31 63 97 64 36];
BM=250;
CBM=0.500000;
CEM=0.800000;    