nBuses=117;
max_busses=111;
cap_B=[44 66 21 41 57 101 118 49 109 36 42 100 131 140 106 123 56 76 137 122 108 112 124 114 97 21 61 76 105 32 113 84 123 89 79 77 34 87 58 129 123 78 91 105 105 35 99 108 103 75 122 55 50 111 91 119 45 44 123 22 88 125 118 117 103 59 111 41 28 34 52 95 59 113 84 137 100 56 85 92 39 103 139 35 79 59 86 96 35 132 103 117 42 62 28 47 30 86 93 102 69 135 61 134 29 103 27 72 52 90 64 137 62 49 24 71 105];
euros_min_B=[5.35654822480444 4.497746017636665 2.12309957115351 2.268937864195834 11.431515428604827 11.339133391247682 13.23805839397751 13.825717356836861 3.853248124112862 13.61224548800282 4.913467197077323 14.597647033929313 5.605012776689034 9.938569883985227 3.0810150783406556 4.777518915264365 3.7283892399829757 14.463429498560789 13.529570631023343 13.380599586734462 8.346878432101002 1.9031564726048 10.51477186586844 14.050674597021287 2.5767137313086383 12.542651884734418 7.207768510095583 12.292210484246889 11.703480736458658 5.380334915622248 1.8901872503487787 6.942778985220251 2.2762552476448863 1.7586288107497092 5.324865041109863 8.734871138602472 5.229663956361946 1.3498461476630372 6.714347867682262 6.083008377033668 10.584214778350116 4.674049472710191 4.961716384393108 1.664047170836271 9.707338175629873 12.545119001600781 14.257961483368407 12.422268724632502 7.201070176024593 12.002946585702224 2.574925440117112 10.821813773642157 4.11073735497957 11.679816654217351 7.05701682880957 7.319402215881632 9.920098099298164 7.864458246099423 4.778728768869598 8.225698324544718 7.9512627131628095 10.862242321222961 12.574547423285033 2.8498031692093315 6.157751496190234 8.890115582429292 10.091922323404994 12.873947458950484 3.7176761963095264 12.643648129032377 2.574278325897261 9.095372983860203 14.33784739292651 5.9872521827234815 1.3113116532338103 14.887713516741083 3.357009505965594 13.408338260921989 14.882028169343654 4.656803911784706 12.108847350517433 11.273662086781549 5.137208399173129 5.188337918199474 5.338661209567869 3.511855867173042 7.607700057910233 6.5428509345999775 5.96000790360921 2.570165824852589 10.242155991692131 14.970678863249708 10.830428271201587 8.39635639066583 1.6519524319232175 10.915365477727594 1.281029442352314 9.059281914745517 9.421124390663564 4.697206194596509 7.626734735763836 12.861644018656001 11.017652431240368 3.7200099216947606 12.726971416489524 12.500285559634577 2.9437285302130847 8.460163286054616 13.236305360240966 9.10077421130037 6.685275199835774 5.999237491653678 10.004884809169582 5.802238564676824 7.7230361624192945 4.540496037208166 10.59886400784812];
euros_km_B=[21.218948360599786 2.468217342844654 2.4811304259182547 13.875923811282195 26.574329550984594 17.037469947077568 27.4768770398155 4.815606344920001 22.458007911812683 28.270406686172038 18.560933201320587 13.976082622601462 8.370682521051286 11.741559844191672 16.014058565847563 26.368608963075147 25.547479143235936 20.02316771629279 5.8190538065037245 10.854401911881695 10.624182895057604 9.609707808036653 11.343621525122606 14.238828607330442 21.2473041438079 16.846776301477764 11.56153135722332 14.472436620139684 3.2676296396404165 11.321141751284983 9.491184567947052 28.207301680262 13.218489429404688 11.829174573639019 3.773107752563392 29.90469698380607 15.048667498247536 6.101951083426311 4.7996203647119415 4.378960071923434 21.714914231946718 2.219655160388673 29.33269725804346 3.182376999931908 17.730078276916085 26.461424418831257 16.9899307418708 9.721584213874033 14.35402662971366 12.506533213443126 16.570560739885533 8.356363476088163 13.513597582657551 3.2849618945991232 13.29551858467435 14.083751589942658 21.3415879804936 26.449425872563417 7.102136176050664 1.6862940828206439 29.09857964844354 26.691835709756987 25.425508624259606 17.110112275730803 15.931949029454676 7.682140825060653 12.498742138123124 10.545952700186694 15.377096934722339 17.691346642451396 14.24806234487396 18.313683456916902 1.6486397977604526 19.756681365812945 10.06180983510109 2.899179619441132 2.3481169249068583 29.184417671329097 29.761068886936314 4.32857400729943 26.44798564454661 6.306610386710118 4.607290230112034 24.240801218636296 26.91557438146483 3.3745626264906625 3.6324211142739697 18.965551541710543 6.6544750583227295 7.987169647001772 24.856158485861222 9.313650355742368 20.160103995678323 20.357202160080067 28.529248591999135 16.52404305957106 12.403736103388033 10.613914404596802 20.498667993453548 6.767695789448474 28.189279257114492 7.362038058663099 16.448341895980363 23.3615894278578 8.129733832582348 22.517582544992212 19.424012898140614 11.879431790289921 20.10955276586139 4.854626074914406 17.88294196723489 22.097830122261993 19.389923970730514 5.532982776093682 23.99258346005585 28.184014551263047 10.692557493795642];


nDrivers=115;
max_D=[136 177 157 124 136 144 146 136 212 199 168 224 127 126 165 142 190 219 139 149 226 142 191 195 240 140 126 169 151 230 217 163 178 240 193 122 155 164 213 170 149 168 150 185 168 195 212 190 194 219 160 145 234 140 219 159 184 239 195 219 130 156 120 174 215 159 217 134 138 148 212 148 132 146 171 158 240 172 172 159 212 166 232 185 179 221 172 199 208 239 143 230 182 200 178 166 178 146 133 202 147 163 183 150 124 198 163 169 200 125 185 191 188 169 138];
        

nServices=118;
S_starting_time=[405 358 186 671 667 493 59 233 592 125 186 53 651 180 448 169 147 148 44 548 195 716 484 557 164 309 269 189 380 431 37 137 229 305 211 408 490 698 67 551 416 625 277 511 313 401 358 237 100 104 222 679 238 526 213 42 634 489 102 520 681 220 156 258 258 369 192 276 58 405 118 530 454 456 549 384 74 666 715 288 408 280 139 413 306 390 468 417 175 258 162 94 7 8 383 583 422 540 181 176 503 320 341 597 599 581 673 263 657 705 210 113 239 466 686 622 89 531];
duration_s_min=[101 62 95 61 113 68 71 113 67 106 71 106 77 76 64 102 60 118 109 74 99 75 99 76 69 65 101 84 81 102 75 75 66 87 99 76 71 89 97 88 73 85 89 117 75 72 110 120 95 67 83 86 75 119 107 99 81 88 101 104 65 100 70 61 72 79 113 81 105 62 99 90 82 115 80 81 97 110 77 73 61 97 71 106 67 108 93 84 70 100 67 113 67 106 61 68 120 119 73 60 79 108 114 74 79 102 67 95 103 62 67 64 85 77 98 99 64 63];
duration_s_km=[44 58 45 48 53 37 35 33 37 31 32 53 37 60 46 40 41 58 56 30 50 41 59 41 57 40 39 59 51 41 35 46 43 59 49 45 50 34 51 34 57 32 44 35 40 50 34 45 38 43 46 36 41 33 30 37 33 55 43 43 55 55 49 58 55 42 44 45 55 55 46 38 45 50 36 30 53 32 40 45 52 30 39 60 57 44 49 58 41 50 50 48 39 32 46 43 55 53 46 50 55 48 32 34 42 36 30 37 49 43 37 46 49 49 55 30 55 48];
num_passangers=[43 63 78 76 74 71 64 67 91 91 55 36 43 97 70 20 24 84 99 34 79 43 45 55 79 26 49 84 75 28 71 62 53 21 46 98 38 90 49 93 42 34 65 82 75 54 60 85 72 79 97 71 71 32 57 24 64 23 48 70 54 38 83 95 79 46 37 92 41 38 33 47 93 57 23 79 57 71 82 23 95 42 99 21 92 41 22 46 79 86 53 24 76 65 75 64 46 42 23 92 84 67 88 67 83 50 58 23 91 84 50 89 97 84 64 32 32 55];
BM=250;
CBM=0.500000;
CEM=0.800000;    