nBuses=101;
max_busses=94;
cap_B=[58 83 23 25 118 38 35 96 71 31 92 100 93 81 102 36 108 98 56 121 98 139 49 85 106 94 101 30 118 114 82 112 128 86 106 36 107 52 103 83 63 86 108 84 26 104 91 139 92 37 23 110 39 52 61 67 63 76 103 120 90 88 64 97 67 69 82 124 86 131 72 104 26 128 59 98 85 43 54 137 117 96 124 54 64 31 89 64 79 24 69 88 51 80 73 108 93 30 81 134 67];
euros_min_B=[13.685993716929383 8.396367767775182 14.803519871422772 10.335132516283261 5.407942513099781 3.277882834055619 4.229686351376241 10.365353871590761 11.202969996947512 12.519613769893231 13.60794830395246 10.111345737270517 12.693796635787049 11.979525302107312 2.3734799921386704 4.658468044409805 6.969032980754116 9.59130442405229 14.760424098960936 9.136652029900198 2.356221695119448 7.665259499066189 13.529726306192398 7.769749734803167 13.170992052206442 11.728713076129106 6.961400643255979 12.525694879592736 8.44252627238184 9.712958313463805 12.072572528053977 4.319140304702196 6.801299868115022 6.492334982779602 9.484084355900876 9.834049957960033 1.4851583618191824 5.220134698582875 7.395784060673948 4.036598699144246 8.06407482899824 13.794866083562933 8.916803898161863 5.543992061009545 14.119948124047777 7.582740185908408 14.760734390689937 13.591153712768566 13.920877243615173 4.544533506756014 13.013168561375602 2.7142077011585086 2.119560185500225 14.453118815791958 1.4235457571024954 1.0551103336096066 1.2462442052096743 14.798461764990376 13.165202171095071 11.402837497539098 6.531021804923716 10.206337104976221 6.0193414056766805 1.2922648794119675 5.4212889871863 2.2033324331996864 6.306805079845827 9.472168544501017 1.8393324441112764 12.244405177034759 2.5543927655070755 2.4134928027124003 14.669850384487551 14.655159784687095 3.6481110994650665 8.364493891589001 8.136077041305354 7.158921413983264 3.42035544569803 9.543774480127928 8.874506464763229 11.846832629134667 9.979042963552919 12.206375473671699 4.477477838916026 12.992448133012694 8.300404999334063 12.361499517513973 8.98852880416489 7.17501003893549 2.269713510312715 10.306509671455654 9.32308269153831 2.545103084620303 14.31175326987184 12.362802933974702 9.52710374162578 10.815641927158493 4.781058820507817 11.582621133798835 12.228107742499562];
euros_km_B=[20.185475818604356 25.709336932452675 2.054224391840814 10.869779653102745 9.518100598147097 10.40171726659528 13.624762544000447 6.625326066651546 9.644485218091278 12.85095757146669 20.84458653444287 7.692073406738128 5.437450405752964 4.437366045022978 9.516809084592447 22.36271894950043 17.01256356214806 7.022547662358475 7.920770360702963 14.529793330708799 24.86437540464662 11.909244677493144 24.346029171279277 18.018213542747915 1.8165255064366246 13.702947442730178 27.289550255936916 26.22929497314772 12.38681007634755 8.212594372866981 25.43352810500631 11.00725767257713 16.9490513831268 14.843234018408928 20.52626996574099 11.214583626581057 26.569707228323182 19.20920745511196 7.980120045312707 18.978135113571 16.11817042348541 2.1867108150058816 2.8251261386384967 12.013090252902721 10.601756420287105 26.27595122065902 13.155734411504639 6.762687265985313 21.484042955772686 3.7747239006339472 14.20669703114782 11.42330408041756 18.98076210749055 9.651872767884134 17.73777279308574 8.637326587275641 21.094824610821572 10.483882480840196 19.66213153749111 9.095069629178592 11.663772361372386 1.9374906282456137 17.775273972106177 23.59498656422939 3.598843764235242 1.3846643422037648 13.383852661874467 1.6056320692592485 11.468418586641256 4.754126181802982 20.432811572650863 28.599175358468855 26.756768608884684 25.20626725003556 3.824503707837807 24.200616444685735 21.237832320560482 4.738713259243488 23.066605786310028 6.113529453896094 6.685356848469247 26.58351191913174 27.28134913247046 20.59865808303468 16.65018486233131 16.176762557368804 18.267666500932926 8.861647637561223 28.474949736004216 16.736238298175458 2.7662378438467004 20.503975157196038 4.741984166364398 29.161385407300514 10.313567422369918 13.249233721284037 25.3776108709382 21.471819403496955 21.29323009960862 8.13547662790441 29.296854966403952];


nDrivers=106;
max_D=[177 214 181 153 135 231 214 162 153 231 220 207 198 193 148 225 167 202 191 209 177 144 185 209 138 227 209 133 161 128 236 143 133 124 143 205 147 192 203 141 173 141 158 176 212 215 210 219 170 210 142 124 163 218 218 228 220 149 238 153 218 204 217 222 151 197 189 147 138 184 126 189 196 130 170 221 205 238 120 236 240 227 225 190 200 171 148 189 144 146 225 146 134 162 147 211 179 170 176 136 120 133 198 215 130 221];
        

nServices=107;
S_starting_time=[547 168 328 504 176 328 239 542 580 276 187 316 594 465 344 646 622 323 702 20 610 620 346 423 301 77 508 61 34 247 206 363 346 5 363 222 176 709 317 353 680 602 243 397 238 159 302 551 199 306 101 36 241 635 260 347 86 136 368 548 536 172 264 508 614 700 9 714 158 558 200 615 336 81 406 189 318 124 376 564 244 408 254 549 534 648 265 64 686 567 508 640 362 636 646 285 615 74 670 334 317 645 242 71 141 469 670];
duration_s_min=[102 69 116 77 99 96 96 66 78 77 80 67 109 73 101 98 94 117 86 114 66 104 88 112 87 66 81 69 114 74 104 110 78 120 108 115 105 99 73 92 78 93 104 93 116 62 110 83 86 108 93 103 82 93 89 84 118 78 64 102 73 70 91 104 115 115 61 111 63 90 95 77 77 88 75 117 110 112 76 73 82 87 115 114 95 115 75 87 75 70 112 74 120 67 117 61 96 114 87 82 86 113 119 108 70 70 84];
duration_s_km=[59 41 30 47 52 42 51 45 36 32 52 49 43 41 35 38 48 60 44 48 53 41 45 50 34 59 58 35 49 32 33 41 34 40 55 37 32 49 30 35 46 55 48 51 37 53 31 33 39 33 38 54 37 35 46 47 31 57 30 41 43 44 59 45 44 55 36 38 34 54 30 42 48 41 37 41 50 31 52 57 34 45 51 55 43 43 42 58 46 59 30 32 60 46 41 37 57 44 52 56 49 45 36 60 39 53 41];
num_passangers=[46 91 26 37 40 89 99 99 90 34 97 68 75 31 35 89 65 83 23 60 45 30 56 25 75 35 80 97 98 83 60 34 29 36 75 89 34 94 79 73 94 34 45 78 42 82 58 34 83 82 48 88 31 31 94 53 37 40 73 60 52 64 61 88 56 42 44 32 50 24 97 21 45 82 57 27 63 56 65 23 81 72 27 66 61 82 30 23 87 44 91 79 81 25 45 91 99 72 58 75 20 99 37 45 93 94 64];
BM=250;
CBM=0.500000;
CEM=0.800000;    