nBuses=71;
max_busses=72;
cap_B=[71 117 117 44 26 96 68 137 49 78 20 78 101 77 48 56 126 26 131 120 122 131 102 26 134 83 21 85 73 52 129 98 94 130 108 93 137 77 99 110 59 21 119 37 58 98 119 67 109 117 87 118 21 32 130 78 52 77 132 103 102 110 48 59 113 138 81 42 32 88 40];
euros_min_B=[7.773738778427097 2.1601579175376093 5.916262637419086 7.7850325451847935 12.201930475165124 12.331872082583237 1.5957102449080989 13.377236245297196 9.14803340075592 5.74011263844539 4.745669998513597 1.5588227040234965 13.644088031320203 14.928655318875503 6.110430538253582 3.0697221458149357 11.170665595342147 8.524854957277238 4.881166673399288 9.395848898077588 8.52797674948625 6.479912301173822 12.461574869709457 5.92111298133301 2.162928012120621 13.963074594423912 14.277344388662803 11.119031162694233 2.9270284744445796 6.502657536320784 3.524061416800679 12.476562106243062 10.873247221674292 2.6180294171453085 10.786401648988488 14.664737596491507 10.987379312872187 1.8948582148678081 4.480541808764938 9.144111521899399 11.35137135968207 2.3224204034864213 11.808127760028519 13.55018069848096 4.79224191734665 6.462632808640466 4.219308068587466 9.870762189774096 8.434639868658767 13.018127666721835 7.038660792629775 13.014435939750056 2.40626817683604 10.07795574484747 7.9460083056032325 3.5882704704067834 5.164039445390392 4.142779104965488 12.68475112004745 4.8300074620836515 3.012225158827137 7.650969209873926 5.286194174374041 6.95927821864355 13.375801881651949 2.1804564101198602 11.524354637200082 2.7377046145133512 6.13627001383159 9.83203709979401 13.864905995705836];
euros_km_B=[13.332048087098563 14.037054229250055 29.169951356135336 6.163478360196819 21.2886284219786 6.587435734689916 6.128149591546777 25.839397863215932 20.639453950269694 18.18292337549759 17.431554500286296 7.864448868159236 15.971687986989757 6.91015080857286 15.88814867812288 29.175282967708842 16.341539586356916 26.71285855839282 27.915928946643927 27.294980610763595 4.345455279879328 29.530056796788497 23.039007995258338 25.549854439723955 4.9414707238525 2.3105718927740853 17.567526844728107 20.453335854095542 23.328214387184268 18.708537924010372 21.145223155250754 19.896694153909255 17.111405024834266 9.711263290099367 2.6482936690978747 3.6511590873939737 25.281561585165463 18.97914652925641 29.429557153283675 27.342427325718504 17.42544631817489 7.38836018177308 10.041373970943795 3.5896526564496023 1.2064787919064888 27.527359851550838 15.271201583862105 28.8939512668828 1.0510474343737908 15.039204713885926 12.519462676167056 3.5110217738296647 4.565058984183238 5.5375303307272326 22.45545023322247 8.066494163212715 29.480117775016254 6.9808284290347835 24.316038572682324 1.581618984452842 22.962125102798847 22.141937037614202 29.391920499633493 22.082072809932466 13.49929952056196 14.453642845978289 1.7319022732028237 8.726663690104253 5.372269401107792 26.141161590773834 1.7987799083092706];


nDrivers=71;
max_D=[212 212 222 177 201 167 179 176 228 160 234 206 199 218 151 167 180 165 160 169 144 181 201 120 160 190 220 230 218 210 127 120 185 161 163 192 159 179 192 124 196 158 179 233 222 219 128 214 225 162 223 132 155 129 188 232 202 150 190 227 193 172 201 215 148 132 205 186 149 193 150];
        

nServices=76;
S_starting_time=[1 393 221 222 703 331 688 374 645 184 643 69 234 602 439 129 129 581 91 528 306 310 556 268 243 198 423 626 122 32 662 44 426 42 616 666 338 640 402 423 146 413 332 32 103 146 147 473 234 443 680 638 686 109 66 247 241 455 313 300 61 349 52 145 43 591 422 530 480 574 358 207 607 610 23 394];
duration_s_min=[112 110 114 110 70 104 66 81 117 80 75 108 118 83 112 69 72 115 72 110 114 109 81 70 82 105 95 99 83 83 104 107 103 99 69 104 69 117 93 107 63 69 68 73 86 87 99 66 87 96 93 106 98 95 70 76 111 111 95 66 108 92 119 74 106 83 102 115 110 113 116 93 88 72 64 101];
duration_s_km=[42 53 36 51 36 36 48 59 56 38 30 48 31 53 40 58 55 54 44 57 47 56 54 31 31 42 34 35 47 36 51 57 39 30 35 48 35 40 58 56 37 57 58 57 40 52 42 30 39 50 48 48 43 56 38 60 39 36 50 56 50 36 54 31 43 44 48 42 58 51 42 44 58 38 38 38];
num_passangers=[59 45 73 97 34 41 42 40 23 24 27 57 68 48 62 37 29 27 97 63 54 26 48 20 38 37 76 57 21 23 65 73 91 82 34 78 44 52 49 51 42 94 20 95 62 73 28 20 95 80 71 78 90 44 86 73 97 51 47 36 85 91 36 74 69 63 21 71 30 55 47 22 79 53 83 46];
BM=250;
CBM=0.500000;
CEM=0.800000;    