nBuses=83;
max_busses=75;
cap_B=[80 75 57 129 59 87 112 38 72 105 110 67 104 136 132 57 112 118 68 64 75 85 34 35 27 121 26 109 83 112 113 69 59 88 132 51 38 126 101 117 136 55 74 76 88 108 73 100 67 82 102 95 85 139 64 114 88 136 24 80 57 71 88 120 79 122 27 135 79 65 95 49 130 75 121 104 75 90 34 117 80 132 93];
euros_min_B=[12.07494619224392 5.969646286399218 7.130955145160736 3.733976824564448 7.511038610623884 2.699242771088326 6.878764988702743 1.7908174476867063 2.7098635714187935 9.598423273627208 14.111339079111675 10.926459126438937 2.8530922897345468 2.4895752541499827 13.108321296504146 1.8505314190796243 12.177493627602525 4.869235249134935 11.716695055171277 4.410232709393696 1.0280621502111809 9.052530371835724 8.189189189540052 9.698677772683531 3.5238417560073225 2.3179822191769137 4.721944185667751 3.0977792503470987 11.342508519011059 13.619232331756404 2.4359125388628646 14.478014450941755 1.6287389578465181 6.543125371306929 1.5632256192602103 2.5560530570326687 10.333200825647424 13.885144391515132 7.981882421231085 7.678168451413885 3.4323607147820256 9.215478472421758 12.332854571984866 13.993415586774171 11.451083270811147 4.616560022723016 3.1443531193606837 12.959764395365818 11.891459506727562 10.682708061645375 10.06708511350406 7.910966174479441 12.224562078257048 5.078376809588098 6.684923911461843 5.992282947529473 9.428679344596194 4.536537193965405 13.011917505332523 13.382286059249527 6.547605464122945 14.623664589355732 4.589472265168995 8.969385946469654 10.761768656758525 10.953880075634096 13.507853748599754 4.472282470311203 13.02844914222734 12.310783021737528 2.5967581966962383 3.3409896443168208 3.9270613071887883 13.318111236818963 10.64983005924049 7.8665831953622565 9.001898728490875 11.095947414311677 14.709764297746373 10.310076209289845 10.762716239668391 11.359517059045505 5.6457648706908765];
euros_km_B=[11.458644393165516 7.184994247093397 8.119126344957426 25.166578921914514 26.577838022249022 29.469000765922736 14.22797123941812 20.132458898104357 16.245578108100162 25.355992601890772 8.876579899515532 10.103901255010319 19.76574597198379 26.44559472037058 10.361184031126598 2.661251217686702 1.920926493246629 13.383090823152862 26.379930667904745 24.53683090752277 8.768639625217265 27.6931969879757 9.058656271844587 29.651973637463602 19.905712698685928 13.254706905124419 3.5485077150992126 2.8356750324382953 18.34043077606371 29.443636835213884 19.141101992366227 1.0416532294566212 11.129567206875004 26.7395159666241 25.853316051388276 3.114911292879614 7.56973124536914 18.535440878148215 22.975083023757822 15.774373078322826 3.9381866331409014 13.026403788342703 11.137541628668396 16.993030072325574 6.184634502114001 28.327029462685797 4.133001953794671 24.271617512410096 14.154613358132082 22.263815666786034 7.6632016014862545 17.495159631826308 7.227558522602703 25.750357521702647 25.8694356967371 5.82628507536793 28.951248904655245 10.492109439768544 23.651212882573 12.384744921163303 9.921644819331268 24.032335500110197 2.8174153176693957 10.061140805140628 24.388263090843424 16.142596393687413 19.710278798404765 25.512125110740424 10.552978715245 28.770166791451974 25.233464237622847 17.40446809036883 22.025605766130155 2.3387007254683185 28.87039317738991 15.828330784757283 8.196114686200895 5.308220046288119 6.726346665971427 22.369760005598526 27.85286986347526 12.850003084644081 14.556742001355348];


nDrivers=88;
max_D=[122 195 162 125 127 204 206 197 236 146 155 239 148 151 216 234 230 122 236 230 160 222 211 128 174 160 159 164 158 212 187 133 157 132 160 184 180 227 140 208 156 132 160 223 155 224 174 184 130 224 238 226 214 124 159 217 211 199 143 205 190 223 174 188 130 189 126 122 180 209 179 140 149 164 220 198 222 125 187 185 198 195 152 216 134 137 161 236];
        

nServices=89;
S_starting_time=[518 494 159 594 268 556 15 151 141 669 142 398 374 398 673 624 188 659 299 449 600 122 547 224 457 539 632 447 697 373 327 529 248 444 94 565 567 89 476 101 491 182 189 13 326 88 89 234 235 463 590 480 526 255 308 19 682 651 46 395 295 176 703 20 645 389 401 637 90 329 438 286 426 407 467 683 272 648 529 182 681 158 422 140 235 503 141 461 336];
duration_s_min=[110 63 67 112 106 94 107 97 119 78 99 63 81 120 62 87 86 74 116 79 85 83 89 83 69 107 61 100 65 69 120 104 103 109 120 110 70 109 73 98 115 103 75 120 113 77 75 67 75 115 61 74 84 78 92 73 85 87 110 91 94 99 71 109 99 113 87 107 74 74 88 84 66 90 67 81 79 62 86 115 65 100 118 68 73 61 90 81 120];
duration_s_km=[49 53 34 52 51 44 48 59 56 50 49 40 30 54 41 44 35 37 49 32 52 41 31 57 54 39 51 48 48 48 42 32 30 35 35 59 51 54 49 51 42 38 60 30 41 49 57 45 54 52 59 35 35 45 56 33 32 44 58 49 40 55 50 39 40 31 45 44 54 56 54 58 57 32 47 38 53 54 43 48 49 48 43 30 36 51 49 56 41];
num_passangers=[84 88 41 78 34 43 93 33 67 67 60 79 98 97 87 86 22 98 58 87 36 88 84 37 60 68 49 94 58 54 92 30 60 49 57 50 42 36 91 55 37 88 43 78 67 100 29 82 61 37 57 35 79 41 40 88 51 69 71 87 95 50 88 21 50 75 37 44 68 23 23 42 34 97 39 99 32 94 74 32 75 77 67 36 68 65 31 48 65];
BM=250;
CBM=0.500000;
CEM=0.800000;    