nBuses=120;
max_busses=108;
cap_B=[122 86 21 132 109 120 134 84 134 59 131 99 78 104 89 69 110 101 41 126 96 69 24 134 47 138 101 101 66 34 78 111 60 51 123 102 51 53 73 49 102 38 78 121 48 43 100 36 123 98 129 78 98 58 27 89 139 127 69 93 126 90 73 73 90 122 58 98 29 36 44 65 94 86 113 127 90 129 35 74 91 49 80 140 65 80 34 112 103 41 92 39 112 129 63 110 135 81 66 93 70 26 55 123 124 81 102 57 112 120 97 63 88 94 55 123 39 64 96 140];
euros_min_B=[6.893721345417264 11.562436549820086 11.115085651062596 8.596505698807224 11.737480010533643 13.840666303640806 6.16333368004966 11.6861417232272 14.975918121924453 7.352364519777685 3.2465847939422643 11.091041095301653 13.507723817368571 11.193250773617006 7.260462630610235 5.364939792498749 5.590113724567164 5.923550748387451 9.535660247301536 5.656595712433449 1.1387920359157977 4.885396632665025 10.87058624490431 3.5546394910865127 14.58845155962648 11.941579948588934 13.550955517790984 13.995197982724715 12.106826261759187 8.44112096215529 1.5662812238218233 14.660770343174402 1.1482924106017554 6.594537111850488 5.430139335209132 3.3644550503574666 5.509462795424051 2.752047223093685 7.687533383211142 4.687076128315586 10.713512436104496 5.7473124311292985 6.307839732343694 7.948476103900385 7.471932104017612 14.46968818587916 6.211532471493048 2.7272871411395023 8.548495338165722 1.4664648207172013 14.540558256167115 6.656592999111811 8.404540792267934 13.063294668577498 12.571460645055291 13.738129763390607 4.610734082047849 14.958667788786219 6.619666966447005 5.141726407731495 9.91638606129939 14.476047498472171 5.870464725647466 2.02898819011021 10.255128539371373 5.207109405197887 14.304240429474223 2.22335555897119 12.001862805069553 12.751726840627759 9.745572106800392 1.7113528005443448 6.348410362972087 1.2240947488999818 10.511330182023181 7.779083932791703 11.69544495355638 13.569340715041353 7.80756446573451 1.192314868118699 11.276480521005636 3.854386468583124 3.28358832823037 10.358076490139265 8.479262605677452 8.6593177187496 10.466277440109181 14.207311830050408 9.086406810744476 11.01634686107927 6.802630141355624 13.460599555166793 14.946175838337151 10.940854141406382 2.062632376363558 1.2231204402877747 10.740451020425883 2.151070492095224 2.698467328561979 6.9114442799484825 11.45810565584927 2.5501887126334624 6.721257887364929 2.2817002310446046 13.852861430683378 4.022202072814807 8.405319632133532 3.3196166027191696 8.552043649280675 7.835071375023773 12.128226234795834 11.882107942528796 11.005232280012477 9.86763912735426 3.384009007772403 11.67509593424376 5.314375143374719 13.100561659611206 7.497519623004583 5.832453955280725];
euros_km_B=[24.544454322041673 18.784198099033937 6.278009469667244 5.515488936020966 17.63808553805988 21.46990438417473 2.6634501619601556 27.638860058686753 29.31972501951614 15.831901211966345 28.861010071349362 20.14933475735535 11.2975332828503 25.971030896102327 1.8954663861516505 16.84835049650826 5.27582650598964 7.23793892034576 16.912934257945608 2.416902349536166 19.918746190653366 28.97498048074161 20.698687655959937 13.486962809572905 10.391694006895172 13.010776791787034 1.0186813675361437 25.98011640278944 28.79030343505809 24.64473773226064 20.80307572299252 12.326037115418735 2.9642183618322964 9.382123635908263 17.591306566853735 2.477623646749944 20.663118878244354 23.190844751260457 6.237927458623263 10.123133919445891 15.91151130440519 29.377181529288787 12.034052627260426 6.343685759371954 7.588699575675403 20.616684122241907 27.998809252867726 1.3523000004873946 23.5148579448693 21.310449848026416 28.242587790796193 7.320364100637846 11.203310395249748 3.147240936166907 1.9055424997290245 23.22732559113352 22.61588565288093 1.1537775977376197 17.322070590923285 17.586991029852534 24.372423078353165 8.532810236941724 22.998131617663596 7.369098395358363 10.077024281456296 7.5206501923462605 27.748523708330435 20.612724715233433 6.1798248387333805 27.943015765134597 23.870115780368295 11.819405762025664 24.86532902609168 18.40594035022069 25.438668627547145 26.43417277531297 3.675028121494063 8.008034913300403 26.890805459912958 5.408217713354712 18.946240544160244 24.193403726913324 15.833326144435537 12.300125004008853 11.828865640316106 25.68545270937746 10.710201125477608 16.45148040618014 4.288608149294948 12.341378343181372 9.757715999277387 5.60058948811057 14.02265067686609 10.308755551287815 23.691380938081156 24.934937377305204 24.340761712055993 26.176595714154413 11.966159982846387 13.864669153800463 3.2551162569588095 20.251727757751215 4.85131346437813 17.389378905949386 5.524508205248735 9.074730508596897 7.127163602441932 22.96804018746112 15.466694749213643 18.47896641190866 13.14060962037602 26.877935797087208 23.429464740497636 9.864408295835803 3.946341418027206 10.295775711093453 10.079316569691473 6.978235107662211 27.1252154880994 21.92499836087396];


nDrivers=116;
max_D=[228 147 203 181 193 180 128 138 154 152 132 235 171 145 193 233 142 170 201 125 141 183 187 233 176 181 159 177 177 151 167 122 216 169 142 137 205 189 238 125 220 171 238 150 190 225 136 201 157 147 122 222 231 185 225 229 124 149 185 177 121 208 180 167 227 135 191 203 157 168 172 151 172 197 217 148 178 235 147 181 148 173 200 208 150 184 132 223 201 212 153 188 155 176 201 127 163 185 120 220 201 215 189 208 146 232 240 187 159 167 186 237 163 182 157 190];
        

nServices=123;
S_starting_time=[11 527 433 290 243 394 329 238 397 588 92 82 32 305 684 247 696 299 139 191 31 372 653 13 6 121 375 473 639 379 141 104 62 187 128 119 81 720 183 597 668 348 688 278 563 591 98 554 590 168 351 446 405 450 43 387 408 568 447 314 278 218 129 514 393 592 9 69 613 683 623 493 374 702 134 190 568 639 0 585 689 667 461 621 25 424 57 716 285 324 54 408 10 333 479 416 183 246 313 490 334 600 571 70 429 322 31 666 273 117 22 213 335 430 52 354 69 471 657 130 456 373 342];
duration_s_min=[112 106 79 89 80 69 63 96 96 87 83 100 79 111 113 63 119 102 71 84 103 70 75 93 116 65 115 91 99 89 101 120 109 100 113 74 69 107 104 97 65 79 61 92 70 118 83 118 83 97 112 120 85 90 61 71 83 75 112 82 100 60 70 93 116 65 76 109 86 99 85 109 105 72 61 111 113 64 67 104 74 65 104 71 111 118 77 62 62 92 64 105 75 101 102 114 70 109 100 106 85 84 78 91 92 118 109 98 70 100 62 111 66 105 110 88 99 112 82 60 67 69 88];
duration_s_km=[44 56 54 55 32 36 57 31 43 43 41 51 41 31 30 48 37 40 46 37 46 42 38 38 53 33 46 58 35 30 53 44 41 40 31 60 51 57 32 42 45 52 48 50 38 45 31 35 53 53 54 35 60 48 31 53 41 48 53 43 44 33 32 60 46 44 51 37 60 50 57 53 47 39 41 55 53 37 34 48 60 60 55 35 31 47 50 42 31 46 45 59 42 46 35 46 53 35 57 57 47 44 44 32 56 34 35 40 49 51 40 52 31 43 32 59 60 60 33 54 30 41 33];
num_passangers=[20 47 89 96 79 41 30 62 37 51 38 77 57 26 69 73 97 86 65 79 81 81 69 97 40 53 27 44 23 25 62 76 84 68 26 93 54 82 56 55 52 60 32 28 71 88 66 56 57 99 21 60 55 36 87 80 57 34 76 48 34 42 47 84 39 41 40 84 40 52 40 46 97 67 77 82 93 87 70 74 93 99 71 68 100 54 87 26 55 79 59 97 67 52 92 36 66 58 41 44 61 47 74 56 35 41 24 20 47 87 75 94 43 22 47 92 57 36 23 64 40 77 85];
BM=250;
CBM=0.500000;
CEM=0.800000;    