nBuses=89;
max_busses=80;
cap_B=[96 104 95 117 98 120 115 58 31 22 119 98 22 136 90 131 31 129 130 100 117 94 117 136 67 26 79 35 28 126 117 51 64 119 68 95 56 119 76 80 88 101 106 135 48 102 71 25 105 104 71 67 27 30 32 91 76 55 98 106 27 107 70 106 37 35 23 81 66 21 80 48 46 78 112 47 127 116 64 114 89 89 25 79 108 92 138 90 41];
euros_min_B=[6.703284923640488 13.510810546421798 14.263217584213807 7.836500889110022 6.333221710374355 5.284205858375918 1.3582016489213011 13.47417228253284 10.400920121176709 10.099161005521694 7.1643939107125565 13.016552273501269 11.127178160150965 10.250880488325995 8.635049105640757 11.676739372942622 8.912548414661012 11.158562292119601 12.02372891481758 10.318853440409892 13.357102120060357 9.349754992972287 1.7111046238311378 12.011848668176293 5.591534890825409 6.545568844194081 9.987518963507393 3.6845626449170616 4.148205862340695 5.484767175908304 3.00914216841275 9.011146070564152 7.664959950140927 9.99397332315883 6.368220143235982 8.759415306185478 8.442497057385491 12.247418279045887 8.891487481834664 13.782479216754899 12.916217423947666 14.535746515975724 2.1716676822556256 7.09988400740728 13.927863319931534 11.221189768257497 6.872692298327579 4.715487360345702 8.6683088419198 3.3463421959392665 11.75720136049453 1.5129767712395774 8.067876184535576 11.280848977224744 1.1704866150560413 3.9542379826206537 2.9364642034254653 3.5799775404741725 5.066579860300646 11.652238565097706 11.78707887179723 7.3944703245655585 2.1206849976031443 7.871006341634647 1.2826070930964177 5.884338481838231 4.997381911265646 11.463180309584724 12.204349157865707 8.673747405135021 1.6178660087452934 13.095898211811734 3.6067507852007745 3.090220066785993 13.577566758805837 4.03749213903257 7.442619187267044 6.301240802170841 8.630282996988058 10.143895653555674 6.765662721894634 6.559652150361981 11.654795140505039 5.682609054854737 8.748789072223229 4.1530818794308315 4.960409112877672 5.332799502207466 10.135192997004857];
euros_km_B=[22.396067567803748 7.943504362911771 7.291864472806881 5.361074051649982 27.879719698597427 21.352204798720294 2.984667320066654 29.93600339798446 3.269346369273727 8.641935645464132 16.860080288287495 29.651374399033358 8.5359133474568 29.253886973924065 27.887619332266716 8.644895103127595 21.964246656807724 20.24892191358703 14.108493463077387 7.18939747766778 8.592093091035945 3.779798125268387 1.0017300729228422 24.282401804818786 5.459805737933215 15.128469314340135 9.606618780710896 10.594985722254675 18.05507870456061 7.596780066485632 15.646132436240471 25.00269276994962 4.513976475517145 5.570679810952476 23.29249536924569 29.228622467905616 8.53897849533385 7.16372932576555 18.15151233873869 29.877066977667358 7.4550279849534675 16.940762590089594 5.377505592809133 20.598516366267898 23.295414957082325 23.638332494750717 25.778152061272824 28.765152321757483 2.2095533135614023 18.624724735270284 12.285164260473309 7.533647378067419 7.949602003737814 29.569845977340076 3.8965926627561833 1.336700603159072 24.30752346924566 29.184616976433713 10.899956006746345 18.453860712267407 29.791239825752353 14.300854249442178 29.217897706500104 18.058306230368085 2.1960688573357796 9.798745620567383 14.497283404174302 6.247448447638222 8.933501832670604 23.578286425217485 19.357542358470592 22.12024540399696 12.293972718480436 2.6964277542956445 15.104841034363755 14.497865188441128 21.100391358397275 29.85492967913011 20.350325292210268 3.135535780419853 18.884495327954518 14.720434971132436 24.71807786144906 9.119655717520086 3.3338444399738396 25.37992962934287 2.6732436299338156 23.266652023543976 13.771964317341942];


nDrivers=85;
max_D=[135 137 187 191 213 159 144 125 172 124 233 157 191 204 151 150 138 216 203 122 171 126 212 206 135 225 156 128 225 174 204 122 146 126 229 240 224 231 186 226 162 222 146 147 240 197 173 208 159 149 184 236 175 236 208 126 210 138 148 168 196 158 125 231 164 148 208 131 192 147 135 171 151 162 187 200 160 144 129 217 188 204 127 152 227];
        

nServices=91;
S_starting_time=[449 691 538 676 75 501 420 46 720 163 500 350 238 235 150 362 160 604 690 173 634 285 706 536 407 691 694 141 641 120 31 533 34 72 124 579 509 706 542 186 18 93 291 180 196 525 602 81 478 297 400 310 586 567 402 196 218 571 543 74 481 433 571 632 98 709 150 662 360 77 6 500 69 524 99 115 95 159 462 655 437 323 135 382 398 325 213 482 113 218 635];
duration_s_min=[102 85 78 73 86 79 65 75 105 107 92 79 62 80 80 77 116 91 120 64 111 90 83 97 115 110 80 109 114 72 84 107 80 90 111 87 96 114 103 116 72 102 110 77 95 65 114 67 76 102 74 72 108 114 118 104 93 70 87 106 97 70 114 102 74 87 101 94 80 114 72 70 67 60 110 115 120 115 79 80 85 104 60 87 101 61 105 103 118 118 70];
duration_s_km=[38 42 52 31 57 31 31 36 30 42 43 39 31 35 32 42 46 32 31 52 40 37 57 31 55 54 47 55 59 31 37 30 60 36 48 34 48 31 46 44 42 55 45 43 48 42 34 44 49 52 36 47 49 60 39 51 38 52 43 32 58 31 58 56 44 30 36 32 39 34 30 46 34 54 53 33 52 57 55 32 54 44 34 58 43 53 59 42 31 56 37];
num_passangers=[92 51 34 93 79 73 93 92 78 99 42 73 67 64 57 64 46 91 92 59 48 73 85 82 47 92 67 33 61 47 43 20 55 85 89 29 26 40 48 57 39 87 94 43 37 66 22 39 99 58 95 82 22 39 60 39 36 33 50 56 45 64 79 63 35 90 34 93 85 45 91 58 55 96 26 21 67 26 22 56 27 37 20 52 52 88 32 59 66 99 92];
BM=250;
CBM=0.500000;
CEM=0.800000;    