nBuses=119;
max_busses=109;
cap_B=[125 101 119 103 112 95 27 125 44 57 92 138 99 105 138 125 36 73 80 87 46 30 124 21 47 110 119 109 128 39 27 117 89 125 136 119 113 29 77 134 35 76 29 84 59 85 113 140 29 132 55 34 30 66 132 116 66 85 77 96 122 47 106 107 97 93 61 68 80 35 91 59 26 127 50 117 50 32 48 26 48 140 118 76 22 38 27 94 53 21 140 28 136 54 108 46 33 131 65 26 31 134 41 67 53 126 111 41 33 104 81 34 35 129 24 109 121 78 24];
euros_min_B=[13.662787318793633 11.759046260485949 7.0651888090957415 13.39114650347094 2.528377170727033 5.660574884330105 2.714359333769292 3.5543348726549517 5.970834782877094 8.24857195687795 6.692889278906117 11.99647011155996 6.283842042182863 4.784176882401634 5.354836975836233 6.987566136610226 4.831597802886277 8.707423223562019 7.2582674046438385 8.37761044662514 1.0079088531235878 7.349905626796497 5.285043232396674 11.461541891845588 3.097106334852571 11.065821946385629 13.397347873372356 6.631641955304876 13.80246064157201 10.142056710570113 2.8009761196026544 3.559401577003757 3.995973433540186 1.5458536064827268 7.741438817430441 3.246580147523794 12.097505333540223 13.023290402292908 13.439255592996494 7.133792823607377 8.890303967410109 9.549027253066209 8.347913190456051 6.097875316644224 8.440265888049733 5.50458119127914 8.950880762597036 14.346252557560383 3.7840161422603584 9.909149506631616 11.083614959590193 8.376050827046493 7.803095508836924 10.894686887649891 9.147908848759903 1.500534172568363 6.655634511944017 8.568180546480239 2.0509697641746607 13.992747143360116 13.420680348098678 14.060700979728963 8.179494568111485 13.035920737707793 8.391545950200792 12.650398293224706 7.640073425911469 2.8056552186902994 10.722996248495726 3.0619859351267507 9.73878724793674 12.553842657322017 9.020352565282518 6.049161503101834 4.41384563211666 11.64657869842732 13.886004320673205 5.9398099736965175 7.336766158024373 10.65698477757556 11.545651764287287 9.094268813593033 7.528019175565562 2.83546161484447 2.327381562229147 14.00033914422401 3.9173782411328375 3.9151507694512455 9.40855348197217 9.303808603768266 4.336735305303425 1.0701692033240968 13.542276221584412 12.996338409825551 5.969662042724935 4.535793213001138 7.417563446123587 11.448425571222796 2.1966905515391684 4.133728567343124 9.0678659695577 2.6510727825665885 9.737045180290787 10.11733895050105 5.147502545091102 10.161474945702398 2.532334521993058 9.600985227105948 1.7161827647939298 6.727381568909434 2.2847488793493724 2.5045132666970042 12.611079275679321 5.5093680811056105 8.178319351310567 3.160202103944538 2.6760049999822946 3.962830583827114 7.723120151343188];
euros_km_B=[20.08376438351384 19.908034215661893 19.34843555372041 17.97222142830212 17.802255412773878 28.077788409220506 7.33623867220253 19.528562260615445 24.47303741518372 1.8467334914789517 15.177600544225077 28.818054278985006 5.48134313104933 29.19816741563233 7.496903451760634 4.79279079477229 28.16764138189797 15.87014005215528 12.166043683735529 3.8187404676965424 15.422520923039773 6.807567227125064 4.459760625813125 21.27148630707432 17.66322043511489 10.619393536948735 29.35773847557468 24.54203420377014 20.72772657746413 10.350546920418099 19.72850616413593 2.729266487703991 23.618780877510947 8.526642359554637 24.61347603126003 13.544318870142973 15.65094068208068 25.600642631202238 25.002068817334635 28.60402890214534 3.659196906781996 12.963964232071136 10.882361854273093 18.982935113948994 7.031240396639089 11.783757177901762 21.497321030206777 13.5020360620405 3.764448320064138 20.87305894783865 10.564318417426882 15.430300204472092 3.4754482854516096 26.824355310684467 7.487531203323204 1.6021483832314258 2.073264088712294 11.797747064505561 21.80800676987816 22.34039000598366 5.019065148053717 1.8425092906367508 22.32707344361903 11.315714734095137 10.714174956115011 29.329206599848714 29.354078446559832 24.982883124449508 6.7748923422429845 13.629442217663797 23.163144642044003 12.607016382484188 8.131809459156514 16.215994922055703 19.803708002588124 23.14231152266383 8.58854227054638 26.003553994547573 18.86548725123596 26.042465579750584 22.991266456239245 13.305728543158652 19.78567787961279 6.619451184356176 4.8780156990711605 11.82877418446489 11.849288930259602 25.51409033869587 21.890724065941026 6.266785714518717 24.95739929893137 6.953310690275743 19.753925551328617 1.1320165122872865 29.98595969203361 23.314158343270222 21.336075740503368 10.807128455323765 22.76109393912386 24.4387509406581 14.531609463292387 17.753751118753037 27.08976863030849 16.689238728911533 10.179515687095758 8.463769477193914 19.045027463206594 10.610693357111685 16.560031894839163 15.707406542363168 12.859382805916535 29.806372206342136 13.535310006396038 4.729316672536635 4.817738095647657 13.181211063558147 15.304779430294758 6.771104441695966 19.644148306932895];


nDrivers=117;
max_D=[136 121 135 238 210 164 204 190 180 155 148 176 132 224 187 232 192 170 222 193 175 175 157 238 237 127 212 222 174 191 220 190 163 144 145 138 198 143 165 176 236 157 150 135 194 177 138 191 219 217 215 225 197 141 220 172 158 161 238 238 159 232 147 213 152 200 204 237 166 198 138 231 192 206 222 193 154 137 206 158 229 170 197 194 175 208 159 202 156 224 186 126 210 220 134 176 223 159 207 227 171 193 164 164 215 160 206 153 213 240 235 166 186 145 174 175 240];
        

nServices=121;
S_starting_time=[71 223 705 566 14 30 336 197 526 400 595 499 218 152 368 3 706 483 518 692 685 30 605 1 609 137 471 494 286 382 303 430 156 365 632 655 54 146 245 58 370 640 687 699 604 170 174 353 352 196 143 571 243 430 566 162 241 448 512 637 370 137 91 27 453 48 175 708 574 590 667 52 82 555 256 115 363 371 676 140 537 61 332 339 331 699 85 691 563 261 558 595 38 582 681 152 166 420 551 625 577 57 2 595 202 690 266 77 462 586 518 23 303 77 709 94 178 407 625 444 588];
duration_s_min=[102 72 67 106 62 82 115 60 93 92 88 81 86 98 70 83 62 68 108 106 109 118 109 110 93 80 91 107 69 114 69 87 68 99 94 85 94 86 104 83 111 99 68 70 80 115 119 119 80 82 66 79 84 117 107 84 115 85 105 74 67 107 105 62 75 90 61 66 111 68 98 77 95 92 116 97 61 73 73 115 64 114 96 60 117 84 102 87 79 70 119 101 103 64 72 91 62 108 65 99 104 100 96 109 83 114 108 62 70 118 111 98 93 113 113 109 103 63 81 63 69];
duration_s_km=[45 37 57 59 59 40 40 49 51 56 54 41 42 39 55 56 42 59 49 39 33 46 56 56 30 50 33 58 52 51 46 41 34 47 50 36 40 53 45 49 53 52 53 44 32 47 53 47 57 51 34 57 32 59 41 56 38 42 37 39 42 47 47 34 40 41 42 43 31 47 33 32 42 52 38 50 35 58 44 55 30 60 38 48 43 48 55 32 42 35 39 45 39 46 60 43 59 34 57 58 57 47 40 46 58 49 59 41 41 60 45 60 45 37 42 45 41 50 52 50 60];
num_passangers=[47 36 83 63 60 28 92 52 33 55 35 59 79 30 61 49 79 40 85 99 45 88 76 21 31 70 100 87 21 57 53 69 41 51 36 77 22 34 76 65 65 85 36 89 57 66 97 98 36 80 96 51 45 22 64 57 21 73 32 49 49 32 52 63 80 69 50 52 50 95 94 40 72 36 36 59 94 21 68 68 87 62 20 40 96 73 85 66 34 75 95 91 37 48 93 56 62 52 68 96 94 89 64 44 98 27 67 52 77 63 85 90 92 82 81 35 98 89 47 37 86];
BM=250;
CBM=0.500000;
CEM=0.800000;    