nBuses=68;
max_busses=63;
cap_B=[89 64 124 29 77 101 30 57 122 21 59 116 107 118 69 69 77 31 109 133 34 59 61 66 26 68 130 132 23 40 72 61 101 116 126 31 47 74 65 120 135 107 111 55 132 87 59 21 114 51 86 81 104 67 37 30 133 65 96 56 51 118 31 79 86 123 131 95];
euros_min_B=[7.653535863823156 14.200221751121038 2.103567956829477 5.488294226216228 8.548800252242332 7.4901726147992145 4.875743329293041 5.806439943534369 11.531329859831843 4.337578960025747 5.69029706795348 5.208035997238458 11.388794198077399 6.344643291705379 13.8521250757863 6.04290081068036 1.5885418835616316 6.173637561803897 5.519885856297735 4.776162454831416 3.810546542436609 13.37207721925617 9.460086641721167 10.291700868114244 6.6597595586575355 9.835331759334316 14.896550050335644 11.640458059283082 3.43799856367232 2.442958438735667 13.939142729269603 5.505499017768385 10.152915043900535 12.712428256357219 7.585242159382421 5.388747826816635 7.38934063462764 5.962372728929544 5.263253976760522 8.694605973377918 6.092494612965406 12.512425442374823 1.0561386548470066 3.910462511812428 3.7079319228267975 11.5402669344017 8.433639806711797 6.98016817268558 14.659454520404454 10.564526967629202 9.746557453231109 12.91793319153942 11.159697586705303 1.9189157551351819 1.6302045419262803 3.9205418260157874 5.944798712587459 10.711413291917212 7.7719452811287155 4.511995634618154 10.222701844830114 6.163616188085759 4.001208072252705 12.597591785954725 6.908217744831425 9.055557573890455 3.060573504742006 10.456717905140362];
euros_km_B=[11.296306272977539 13.577876952188996 6.871626622196137 26.914253930672007 23.958342776328767 13.262300481540201 14.491657652590208 3.4087250909720836 24.663332537735855 5.257158326816011 11.195760071698276 15.348254355718943 6.9694482785445215 8.272479400909598 22.437355971658885 12.047404573660137 26.728895937378393 26.070916715485357 7.951229311795019 26.56504738869963 11.76761643506478 2.0995101654864605 24.26816871651052 14.94271088199509 1.776505481006874 16.983915116586275 23.44070373838132 13.940195350300094 3.179034146870193 3.302653826421298 25.875357091976976 2.1685107681917133 29.91063289584595 20.434678682870967 12.192503616412763 24.77166636237899 23.431104543969266 14.535784245066381 17.98480916945805 24.576258558656107 18.16044464106995 15.285102374707526 25.323449633131844 11.091253260701913 2.3262331514566825 6.4291961846228665 16.894256733782115 21.223571673479604 12.284603791788268 2.0864678153688807 11.407793693388953 23.660705662974443 16.99414732770637 26.801085930558553 16.623654819706136 22.22726107485451 7.925330432953843 19.408160222518667 18.68808617747744 22.976740764485008 15.226917375686957 1.571715869579307 14.252108790943623 23.894521072633086 20.06656292077278 15.643133795947417 22.80248084521945 1.694603284785988];


nDrivers=74;
max_D=[196 136 127 199 169 164 181 210 222 179 141 221 146 139 175 169 139 193 141 208 231 212 226 135 163 194 174 146 203 201 142 171 220 231 152 219 233 194 127 147 174 204 195 224 211 197 149 204 209 128 127 130 199 224 123 214 162 170 214 217 160 153 221 129 173 130 133 217 178 126 205 229 223 205];
        

nServices=75;
S_starting_time=[384 154 71 73 557 702 1 200 642 380 284 352 686 655 68 406 75 412 177 185 587 633 530 52 392 605 461 248 313 126 485 337 435 20 451 477 318 78 639 652 614 128 230 361 205 598 503 0 300 267 526 611 552 110 403 698 208 177 322 328 10 359 260 47 423 453 345 649 355 709 438 46 617 91 51];
duration_s_min=[65 77 102 76 75 100 113 76 60 91 120 120 81 85 98 66 96 80 60 99 111 98 100 84 102 64 79 68 117 103 81 65 114 115 113 88 64 92 78 77 64 92 110 83 91 92 61 109 90 115 107 89 112 85 114 82 109 69 108 111 83 63 75 105 91 72 75 104 72 61 81 110 102 80 74];
duration_s_km=[34 54 53 43 57 34 59 33 30 35 48 39 47 36 43 32 41 47 50 38 51 39 41 30 38 60 57 50 50 33 51 40 58 40 56 53 33 50 49 57 45 47 42 53 44 50 51 32 47 56 40 60 60 58 54 53 60 39 56 47 43 33 44 53 31 46 45 59 48 35 30 50 37 58 30];
num_passangers=[92 31 72 94 69 39 48 29 94 91 65 95 54 25 68 26 75 67 78 24 69 59 91 74 66 46 57 35 87 72 55 33 97 72 23 94 27 62 86 54 48 35 94 60 70 23 92 97 61 94 27 95 29 27 88 48 76 78 100 70 60 40 79 69 74 51 90 60 79 83 87 55 52 30 67];
BM=250;
CBM=0.500000;
CEM=0.800000;    