nBuses=66;
max_busses=60;
cap_B=[130 140 35 88 113 98 121 86 103 97 56 66 33 77 139 85 53 35 60 28 26 30 43 43 75 69 21 75 23 37 134 68 119 54 34 21 128 109 34 98 107 127 35 110 63 120 112 126 94 37 133 81 73 139 103 76 34 63 74 99 118 74 30 64 87 83];
euros_min_B=[4.953945614823277 14.698752624928982 11.715803931564983 6.659864787763826 4.7978258727008996 2.7009539996160568 11.72058129053065 5.842689399883805 13.404071242243907 10.68814961868823 3.7155811427414287 1.0509857852647284 11.038421279168478 13.556501679596794 2.2179139531454486 4.6467166799680895 6.749962201231153 12.725742941859664 8.038049893899515 9.135036339953711 3.0779641859443645 14.424599775540182 9.011423479569794 11.979677786832447 13.321984539928977 14.414291832010077 6.927737213154728 10.549748188075538 14.682032536648334 5.766980369317413 9.285325860059498 12.50153249056801 3.2098631489451965 9.874680087416076 10.862355475863934 9.52097702190065 7.000503502123561 11.1982929407989 1.4552195103461767 3.9976688321205223 2.2839782718406667 11.716097054389477 4.300454281590459 5.895021230572616 3.024889509312824 13.76468705350355 1.4549863355932044 13.5227398396532 8.63920119835019 11.648159163320006 3.7973146518966048 2.2028198794070057 2.714391406825067 9.632398753999162 13.860272978892809 14.34379743126663 1.1814253884418073 12.140531206005683 9.93187889157328 14.907439356672421 8.218585404133593 9.994507649847186 12.79222182811588 11.868112854722414 4.632299065744956 13.109261059184673];
euros_km_B=[28.680063735957482 1.0113958872738706 11.753508284601965 21.369326873586388 25.03908391236399 10.459873008419743 3.584446551709895 17.55370748214439 23.489401462719947 29.679290775534547 27.67380457686223 9.304346149799692 18.81858847760924 21.660270266246826 8.870353370288669 7.120313979781435 7.97843622537318 5.172606468504023 5.916273518385711 13.289364137691383 5.459916282016479 3.5281583623591954 4.556382217890755 13.866778879793697 19.96577068746339 1.643148215737573 14.731536852339406 17.111667381288825 26.41687673771533 23.99232222565603 6.8371189699915815 10.482544044665932 27.099451063880114 17.705183364964004 11.719194876996381 11.555691008321627 25.072035692298044 14.82541009899616 25.120176092321245 2.7343981308742213 6.287655250935332 9.775978499604182 18.103972438094527 5.579221395347937 15.219369248524721 20.230841295856305 11.373210330716166 8.038696675491277 23.89500435295671 13.546479303741132 13.558116536037204 22.519308187606658 18.54434081863227 12.852746787410544 13.935167415233217 19.049430189662832 29.7488829583495 2.725242492827089 18.97043880636306 18.25502818345479 18.32259615821443 13.545143037913254 3.3172951604631016 22.288953101448364 29.71710094538751 7.113688534639465];


nDrivers=68;
max_D=[201 195 144 234 191 135 159 157 210 140 170 222 226 231 145 205 133 162 210 220 130 201 142 213 207 121 190 125 154 122 145 168 184 120 160 203 147 219 129 186 134 128 178 234 219 205 186 151 154 211 228 131 127 137 238 126 179 191 146 222 148 151 131 223 198 184 234 203];
        

nServices=69;
S_starting_time=[528 391 509 466 324 341 443 26 665 205 129 407 168 516 557 465 330 463 209 495 305 25 299 59 197 625 644 133 319 365 708 391 640 692 492 315 169 568 234 643 94 545 609 516 713 88 490 619 580 392 198 75 460 322 4 551 284 466 662 493 12 428 487 318 143 278 522 537 87];
duration_s_min=[101 101 77 65 85 111 69 67 111 99 88 65 96 110 88 73 69 98 69 82 120 92 66 105 90 67 101 66 110 79 85 63 107 70 91 98 116 89 102 82 98 68 98 115 118 69 112 71 66 77 72 96 103 65 110 112 72 78 118 120 75 82 87 104 119 72 98 97 61];
duration_s_km=[34 30 37 49 41 30 54 39 52 31 56 39 58 49 46 38 59 39 35 36 52 35 59 35 52 44 56 58 58 32 57 55 55 30 42 35 55 31 51 49 49 49 40 32 36 51 35 55 36 32 37 32 60 32 53 56 51 36 41 39 49 53 38 57 30 35 46 40 40];
num_passangers=[86 97 48 93 48 39 24 62 21 34 56 78 44 45 79 48 35 41 21 62 97 97 100 35 70 39 41 52 72 70 52 59 50 54 87 40 69 97 55 66 49 65 60 28 36 94 58 49 38 60 84 42 43 44 96 84 78 48 43 35 80 97 22 42 87 100 87 94 55];
BM=250;
CBM=0.500000;
CEM=0.800000;    