nBuses=109;
max_busses=109;
cap_B=[30 35 138 125 43 27 138 65 74 60 109 111 82 87 106 102 53 94 59 139 132 107 70 110 20 69 67 130 100 131 20 120 105 26 114 52 120 67 87 127 98 62 99 45 138 82 108 50 108 65 58 136 61 105 51 77 127 73 115 51 44 33 66 49 111 45 97 112 120 68 26 24 79 132 94 138 90 30 55 131 45 114 43 33 44 43 99 125 126 48 104 76 139 119 68 95 115 90 22 126 107 105 102 134 75 123 111 28 84];
euros_min_B=[5.329580148842101 6.213790427332752 14.382416366667377 1.747733182012762 13.410984157688674 12.80267664362455 8.504606006231896 11.297233835648457 3.829910633378157 5.182967358888591 12.885363296487172 11.35428818087636 3.28182754013807 10.187400022682917 8.926942662341045 7.772103648706198 2.4927803800890684 10.743902528568482 11.20820560952217 6.008821528747253 10.672293691134389 10.097706514789678 1.9136844656913339 1.7065654735808304 4.5916746810389615 2.2067019390633096 10.184172374020577 6.261097696547716 12.254108583817398 3.6277394938897416 5.4889507447157255 13.03731046049067 13.685677746577312 6.595659219876107 1.1223767448230535 7.988727663941872 4.674803042010781 2.768896827733958 9.254125707813193 11.280145643566865 12.346487073358896 12.801509448372435 2.729865944630439 12.587256192086723 1.8311031515684955 14.784026658573175 2.1748229556196783 7.415003322018126 6.842620900766442 10.153558217327038 1.729750912181734 1.431806248156479 2.9088356332525684 4.354238291501048 4.992340876526547 11.309627463561524 8.547201902132201 8.573076860604761 10.971361195626184 9.215269693327489 8.129867054094738 9.754220619579362 8.578594380115792 14.16521524873522 1.3330254478875385 5.970442959325124 14.512701814008029 4.368885656846494 6.242851404778309 2.6194970578250594 14.489091995176818 2.7672912548467634 13.010140218102812 2.7265373368697006 4.517335740558696 8.2770668246721 11.027586300711683 4.3872814401129725 2.727097827943181 4.451317786870053 4.575309191287715 4.885174894589986 8.0984567593888 4.65145996533424 7.9309758799634835 4.499951185226795 7.465842591787478 7.972552535917548 12.440248983782375 11.781804386911725 7.841934732979702 8.971228761493814 12.788015005600315 14.06291447798003 14.554795086829493 11.57357542801579 10.38539587529809 10.625279286211143 1.2981412985312732 3.988692255219136 3.6882619398339176 6.586358286366593 4.359821297857528 1.0549363697205898 6.34644987133554 7.381850657841404 4.5957592560056355 12.014282537261172 10.426658951184013];
euros_km_B=[11.584661071297218 13.420816927087861 23.966037508045112 2.2491950809790318 23.10292303515605 8.796138079905923 29.9377327724581 16.823162236565878 23.456497372989404 20.771827587144866 8.193214507156167 25.529795386422183 27.172433801451767 4.880680513900428 2.2390882246703674 4.507950423026589 23.093600540350177 3.8324498767241564 14.369007417482761 27.1296407952579 25.17413961261803 10.045876959342259 29.02581654866375 27.747297807960177 20.116068221968572 16.74883186125288 6.183711048692305 9.717393879862115 3.732970981502146 10.143397224905783 28.488537026059312 14.511121828223704 13.962422866905982 27.961236587482965 6.522715153526117 18.179848566882725 19.594960136815583 15.995920004154609 10.100922830618755 17.606634441813267 21.716570428826675 5.944510902098608 9.937927958944085 24.37570495908123 2.4972041583183224 26.095602515920707 28.331688845647616 16.57652080813565 4.317100854162245 16.555745543788866 27.232562357546726 3.9075678257987354 22.03378484872675 19.03538498635764 19.321340947391157 3.926751885875126 23.58607933026346 29.43026240588238 17.01755063271116 2.3241247285359803 2.890800797955415 21.617540496409116 10.956324274632829 28.982406129657377 1.6883055790564019 1.717379282561161 1.7213509818546853 14.672313664876357 13.468177821484899 27.68293189151333 18.518323614949416 7.658717254302788 22.59813429538006 4.766370626420302 21.87440903065103 14.804659340202297 20.973957906707593 19.573690478336342 24.827378778096776 20.55346096799862 10.109803631393886 26.285249976740282 24.504961390312243 1.4023513387079856 25.496586653265265 15.75449493598001 17.074849547621803 15.978950255672512 6.181789283107713 9.14381908128842 17.44494783157129 26.98391366804154 24.738303919075197 5.106688709075245 17.12215935396109 2.928958423325454 18.70761810294866 1.2957109944367453 13.911852809411695 4.168401589310015 10.254899673321408 22.22476323395735 20.81650679056587 13.637669114491665 14.942434254477968 18.698462021617573 18.269186358565367 22.009059163989665 4.947101713205381];


nDrivers=107;
max_D=[159 142 149 161 189 212 201 162 183 189 176 127 122 218 220 139 128 124 172 126 192 221 228 184 145 211 170 125 126 192 180 197 208 120 141 130 148 194 196 126 178 197 126 216 198 148 222 162 205 220 149 222 179 231 150 126 194 138 238 194 184 150 167 164 169 199 144 160 229 189 172 232 165 149 199 237 172 212 176 239 238 158 182 214 153 138 162 125 177 199 167 137 209 156 191 220 143 203 131 127 171 152 186 208 200 200 188];
        

nServices=113;
S_starting_time=[107 9 390 597 337 586 112 277 474 103 82 276 140 690 622 718 179 273 152 11 197 349 252 391 638 68 26 186 228 320 143 437 577 158 77 708 205 36 647 222 404 667 112 472 472 335 201 208 132 81 522 653 673 551 323 258 645 495 250 439 159 330 316 302 334 549 24 206 285 198 43 10 608 139 546 531 588 521 248 476 282 465 13 150 278 554 196 484 562 704 477 128 667 611 266 640 241 685 357 164 590 673 197 147 561 81 571 365 460 98 160 94 309];
duration_s_min=[74 119 109 80 64 93 63 73 65 111 76 66 119 108 73 66 95 69 90 73 68 60 114 79 86 91 73 73 114 106 117 83 82 75 85 104 88 117 71 117 96 117 65 86 72 96 82 87 81 110 79 78 113 100 76 76 120 63 83 72 76 96 81 120 77 104 80 105 86 80 98 86 99 106 90 77 69 77 95 79 87 112 116 73 101 78 116 72 90 78 94 82 88 80 94 71 78 65 111 68 72 97 108 60 94 119 91 114 68 67 107 111 78];
duration_s_km=[48 37 50 45 47 34 60 50 36 37 38 48 39 41 46 52 36 33 46 59 34 59 31 53 31 40 56 59 36 47 58 44 38 53 49 47 43 41 31 40 46 36 32 58 50 57 46 53 43 60 35 44 39 58 45 34 49 31 40 53 35 33 60 33 31 45 48 37 39 39 56 36 54 44 41 31 38 36 50 55 49 57 30 58 44 60 50 56 56 32 42 48 53 38 46 42 56 51 57 56 49 58 45 31 56 58 36 48 60 32 45 47 56];
num_passangers=[64 44 86 69 99 61 36 57 100 83 35 51 88 51 59 80 33 67 64 97 24 58 73 48 64 87 42 25 44 82 71 82 64 84 71 60 60 25 36 33 66 92 84 29 60 93 28 57 23 49 24 48 52 41 76 79 79 61 47 33 84 62 48 21 65 41 81 58 54 43 23 93 88 46 54 61 53 42 66 99 39 88 44 31 98 78 54 86 63 30 34 84 55 97 63 29 47 76 24 33 87 95 70 74 84 79 64 38 30 93 97 47 73];
BM=250;
CBM=0.500000;
CEM=0.800000;    