nBuses=123;
max_busses=116;
cap_B=[118 123 123 98 124 28 90 76 59 57 136 112 122 66 60 65 51 114 123 111 78 25 55 121 51 64 29 54 109 106 91 129 132 52 33 122 31 127 74 95 34 64 55 55 58 70 53 118 114 37 135 81 87 20 68 75 54 75 90 47 36 50 109 117 83 86 28 39 81 91 112 31 112 25 121 140 97 56 30 58 89 72 131 104 139 66 128 125 115 32 68 33 136 77 118 50 110 81 81 84 108 26 90 136 72 73 69 34 109 123 126 126 86 110 63 78 46 125 74 127 60 126 97];
euros_min_B=[12.567782376854732 3.4964467228429035 12.812164318710725 4.855907046353376 8.383420785886063 9.969460552898333 6.0651653560834715 10.768309078079287 12.8900003606568 9.105563119379754 13.404458280705798 5.10916064161033 13.763472911070679 1.9556362701775614 3.604260229308712 7.497316271117825 3.0606942558977415 2.9145555372693983 10.510909525209021 7.3927583094447105 1.083705206280001 1.8374198026745987 3.521783494355092 3.695095345582521 13.598832557354289 8.931146043785207 10.212070239393288 7.80264773214471 9.867310310179924 1.1946516643797103 3.91780512556597 5.029746198390716 4.240059416717983 3.5826692494512473 5.5617367884164395 14.645757255044213 12.952901977500236 6.799051865627826 6.3013041706854604 11.854999583661728 3.1867185453133935 1.5629600854504226 7.879330455777543 4.42875199299803 9.14403163609067 4.233951522494547 7.257627730867881 1.6113252540548053 13.064686576517987 11.256533805704912 13.216376306450918 6.930418039882663 13.108208745903815 10.946124487994375 1.9179087459843753 13.435327273703495 3.2543592763215923 3.4671335380198993 5.658632570302968 10.293873996703885 5.96288564728024 10.410243695975925 7.9388370434806586 11.880060166952541 14.166086605716385 2.6736588283539757 7.349675880169759 4.859214143088823 9.247182917436199 8.88875643325434 7.602967613355271 6.058221665689242 11.516442095884857 10.713019147707922 14.92773084838282 14.524700497440962 14.267842465324412 11.373897369112951 12.221860601742192 1.3819623285861333 10.540820331976228 4.153487354036638 4.906988745062942 8.187621957839074 4.186688052571452 6.122382652684069 1.2290370505934607 12.378241782160185 7.2579690936552606 3.663790244912637 6.303345395867028 9.351262014464378 6.1108558508601085 9.099080512525967 6.678089460919072 13.185572698159946 4.995047383709 11.604989928759654 10.785053506710838 7.0554408952848435 4.71292669066518 4.368285885379688 12.59924431667685 4.493534354936922 9.54208993386932 10.854808059840497 5.650644439112777 7.038352807445369 9.129926331157684 14.02437909590066 9.622129641838916 2.302307825227284 4.25915078727206 7.5771754345167 5.230581584870152 10.239974444589755 4.646532648176658 10.002636234831202 1.007451474986741 1.7408254099021598 1.703156661646276 3.4007724167135085 10.27866827289804];
euros_km_B=[14.230249867233294 24.34349623516691 12.04484877973299 3.051361602995024 18.503983760199393 25.59193314044552 18.677810363387024 19.05529494419359 9.75511911372969 18.896949062903698 4.066078701340311 20.205857807301417 12.043783033532534 8.493950235494918 23.84810555041891 19.248498628253984 23.56528742270997 9.454765569116107 2.169026414950177 18.185174048059004 3.113216928781309 28.36464371876408 12.048673300136095 23.017863493787793 19.158518790768873 3.13260859001109 5.210055296256588 24.579550252440878 29.33443662002862 1.1710306833015443 25.30551625798769 29.280143245283053 2.72771696741598 5.816285379128525 8.169001666487372 7.193257436166299 15.01571967691291 16.645292460523805 21.182136058428082 4.610549886695482 24.44571009693839 29.922677839155263 6.271469416213406 18.266844037281597 8.207197532240272 19.318733238848473 28.328514509151624 3.0156975400570696 26.28929803810918 2.4606238244196534 19.64259472855757 6.515402052654415 21.68209397232802 9.971477203869517 21.98478623073083 29.509339683907815 9.991915927473896 7.061190614435558 12.225599528896074 18.18066267164851 9.211604429469649 1.8867558205273958 9.495661738392787 17.51691149499887 18.944166267682288 4.505987530694551 1.1830928228757536 12.734411760886513 7.098613334111186 10.857559504579921 23.527586828686882 4.9091598435037955 25.339702915554486 20.05826739036998 5.2142382013422806 29.331043935934275 15.21034237318669 20.67486502326233 12.448339524805956 6.942837952645691 19.63166796672381 4.363697632924769 6.228303606932222 23.060613992799496 19.770930804522013 24.28594954911732 28.702446230451848 13.181365116455256 5.939140683543886 12.493099227920446 6.2217763362276575 29.403766383214936 19.062101735509913 6.624098979597417 20.35120913468801 26.29801330975636 2.6539845585816724 17.905625848918724 19.683159692942684 9.20257972507904 2.670775163833306 7.980320165686443 13.382212723038858 10.807765544856965 18.408266235701465 27.191236968083 25.37894462042376 5.425773641929139 9.672184435679435 6.621136716922762 28.834051018709744 21.083827213990993 19.47557349842475 9.619789069807656 25.838960382689926 17.76791336548943 10.743462669751327 21.694279988152015 29.842565066270236 11.300960737924893 21.10156522244948 8.975438333924972 1.622011414030473];


nDrivers=122;
max_D=[174 199 225 207 233 233 222 170 234 237 178 174 155 225 234 188 133 218 204 169 185 190 240 178 177 132 236 229 139 212 229 124 238 154 121 179 154 206 174 153 200 210 212 173 169 180 205 184 120 213 120 160 226 215 133 190 217 175 128 216 228 148 182 239 143 192 160 209 238 201 183 174 227 186 173 238 183 132 191 218 160 189 131 164 151 170 145 234 234 145 184 211 197 156 217 149 150 129 234 225 158 168 237 137 221 160 216 165 188 120 226 166 122 240 221 232 172 181 157 202 227 236];
        

nServices=126;
S_starting_time=[145 296 213 271 299 245 499 496 435 20 431 415 177 611 197 59 172 233 713 321 595 424 370 197 200 443 620 600 70 336 629 612 346 436 621 301 491 578 157 298 555 59 163 79 271 401 184 322 633 39 713 344 264 97 262 430 350 20 266 253 659 505 190 356 271 80 382 267 360 169 240 508 263 430 632 597 166 225 558 364 14 133 372 236 374 5 415 630 468 680 646 10 588 363 440 607 603 685 14 364 510 504 43 688 684 217 353 531 212 608 618 561 344 344 146 292 256 391 28 437 28 152 255 717 504 616];
duration_s_min=[78 120 110 91 75 67 82 70 65 98 81 101 64 75 117 118 61 100 82 94 81 119 70 110 102 64 96 112 74 120 120 118 61 71 61 114 109 91 95 86 118 65 85 114 77 112 109 75 81 87 75 110 65 102 110 79 87 75 115 69 60 71 98 108 86 63 88 108 105 70 68 107 86 67 115 108 99 101 110 118 118 61 79 70 84 101 74 117 77 98 95 72 66 103 109 71 101 107 90 64 64 88 89 85 70 79 71 82 69 63 119 104 107 107 69 94 67 116 72 103 85 84 88 110 99 109];
duration_s_km=[39 51 48 32 32 37 55 43 47 42 35 37 56 37 58 36 46 49 39 41 60 39 45 42 35 33 37 46 45 54 53 50 46 41 45 31 44 52 59 43 31 31 50 34 30 31 45 30 36 38 30 50 57 57 42 36 59 57 57 35 40 35 42 52 38 57 46 60 42 54 33 55 50 40 40 59 55 35 36 49 46 43 54 35 49 54 48 43 55 37 47 50 45 55 46 50 43 45 50 57 45 60 38 33 58 38 39 40 34 60 57 48 41 36 53 30 43 30 37 40 34 33 60 35 47 49];
num_passangers=[94 24 21 80 69 69 99 36 84 57 85 86 89 93 65 39 88 80 46 50 57 72 69 27 27 28 67 99 21 50 29 70 41 22 22 37 71 35 100 48 36 76 52 93 45 92 52 90 78 51 62 94 32 88 83 38 47 65 68 31 42 46 96 92 48 44 87 59 79 91 36 36 62 53 95 60 52 40 76 70 37 45 55 72 84 52 59 91 83 25 69 78 51 36 25 56 20 88 24 100 26 82 55 61 81 57 64 70 85 91 38 90 46 34 24 46 79 46 79 83 34 26 47 62 54 21];
BM=250;
CBM=0.500000;
CEM=0.800000;    