nBuses=95;
max_busses=98;
cap_B=[46 37 131 73 104 98 28 29 105 93 42 88 44 55 112 91 33 105 32 110 65 133 84 86 46 140 28 115 90 125 137 52 70 68 70 110 73 22 108 115 30 69 66 96 62 58 109 140 88 124 66 66 124 131 119 126 129 136 23 69 134 76 25 139 117 126 99 81 107 128 61 52 134 135 86 21 114 70 109 51 31 82 87 136 99 59 48 61 107 119 56 120 110 83 134];
euros_min_B=[6.408982884901738 14.016766446282613 1.2295076322496568 1.2939650769104112 14.02635245509539 7.162416590984964 11.295835149271909 10.039823605009104 11.302584432664894 10.608567925498848 4.387050299319444 12.296531337451139 9.066193041702366 8.259621701065429 2.8928272042036713 13.60568472258042 11.499739178905285 3.2308682775885447 9.015834947123594 8.266233961112258 9.100842624018139 8.99263357009999 2.151640476815399 11.826795863480445 11.303220861758378 9.249110756393117 1.6468533579436715 9.771572470910156 1.7747375369835394 5.21506808695486 8.681324423159023 13.524889912094247 12.042450669065945 7.072046973557341 14.897261220214471 4.464951932737042 3.8157012577417415 7.5390689472525425 14.096159454182313 7.757042735599313 13.579423283075245 4.1234137959614845 14.413177450771663 13.239455857570857 1.0790761668257272 2.1964731152333217 7.214829622263429 8.14878161064522 2.1420329692019084 11.336393349093372 8.326934861276444 4.670258914593669 2.166056682008998 14.913644017210418 12.079608333613393 4.781932273907907 10.109937295220293 4.907471181573684 12.676077306112052 10.92942499960026 10.844368622246872 13.933261349636753 7.8297477247203915 7.9274483329848175 10.02538964984268 12.41586409439849 11.91438428286483 4.613145453422324 14.015716013346621 8.409782400915782 12.528511959958024 5.503588024136826 12.541764113001307 12.922396285367176 3.586362530154041 2.1465092920523974 4.151221255737496 5.585050463010724 4.283174536475441 13.96834371613133 14.761557475493186 7.816378309276306 6.073998172956156 3.5069511028453935 3.440555909076523 2.163812000054695 11.830103578292102 13.720578465156258 10.578239603982805 4.70852509120826 1.5685475646396232 9.483819116532795 9.491612627867662 2.30475341200444 7.337445840320997];
euros_km_B=[11.54761122123625 14.161057690155499 2.2191281139927552 1.3774808518706894 26.6342104342271 15.705879974953914 29.984042497636768 7.21055336016182 2.1676520553275584 26.10282901484694 4.363565821784796 23.17278058472561 21.872375907824637 11.067811264689913 29.292286565474217 24.488038970260902 8.406034046468339 24.552068718698482 9.324382994082683 13.798258591838344 1.8425793701130893 19.950232457201064 20.848954848049523 1.4569512262663167 21.415797268853048 25.670348050875177 24.49117934380624 10.679177838668961 27.17148748527432 28.90463130057787 6.227394721194403 15.171649324791563 25.084816692047976 4.582494733116401 13.253043258299156 11.818362922460043 19.371563465082854 26.47674232435106 23.41980070603982 25.09374775116407 16.334341653587085 17.028827846903038 23.067454762173828 15.81827228530028 23.23208494875744 4.606842844908135 18.698585390945347 11.236640156707333 28.027501020102093 21.415286730075454 24.90710317317222 5.227492377274774 14.87757783522181 23.47351426180647 14.744158395706407 15.635208397531084 11.742093090629789 18.23872394607687 16.300412626609436 23.53140619411095 20.729078256108604 21.05754044321829 29.89582159677906 22.2199449678292 29.420668900263397 17.52527402329197 14.496727759851368 4.213571324485278 2.196864122083477 10.204296787099159 3.3493808534647767 25.449443888640705 28.62349913299917 14.431108869028733 10.438471986453477 25.70338497717492 23.801281011425967 5.269536551272644 10.957972090685312 12.855121507436511 16.33463347043312 7.093413977109664 15.666769767488663 24.292498523485886 12.49517217720447 20.199314955886916 7.80987975185456 1.455265180860501 14.917000766476605 10.898872134083947 9.61941497940891 13.889793821572692 22.567529877601608 19.765358008971063 19.538720472802208];


nDrivers=98;
max_D=[236 163 166 198 143 227 123 223 234 225 206 230 205 133 164 204 173 196 233 163 129 184 160 192 220 187 171 148 140 182 199 194 214 188 231 204 213 214 185 220 135 133 223 122 193 129 147 218 227 215 210 190 188 126 203 178 218 126 145 202 154 142 127 134 145 191 138 191 131 139 180 191 236 167 126 175 169 237 179 176 130 214 186 195 153 125 196 131 205 163 128 234 200 180 125 143 131 192];
        

nServices=101;
S_starting_time=[44 719 332 475 239 129 199 79 95 13 461 589 50 348 538 560 172 643 150 690 167 535 38 445 618 630 513 150 119 677 117 109 50 226 6 152 654 708 247 627 618 166 229 577 75 592 679 32 710 407 510 157 255 41 304 165 182 299 364 476 263 9 697 675 655 575 298 432 252 450 132 500 149 85 110 643 587 647 438 477 18 443 313 652 372 263 393 347 241 333 10 679 110 366 321 713 98 105 368 433 88];
duration_s_min=[73 72 69 94 63 76 60 107 97 101 64 67 87 83 98 110 88 76 79 62 91 113 67 108 116 64 85 102 84 101 97 98 113 114 116 72 101 69 64 94 63 93 107 72 68 103 61 77 89 80 104 75 94 76 89 87 101 60 67 99 103 117 89 107 109 79 106 88 75 83 112 107 60 104 70 111 111 82 60 115 118 119 83 115 69 72 72 109 80 117 79 64 117 97 89 81 65 89 102 76 81];
duration_s_km=[42 47 50 44 52 34 44 54 52 36 45 55 45 37 50 54 35 60 58 35 59 52 54 37 31 37 36 42 53 46 31 55 31 56 30 37 44 36 35 45 60 42 41 54 42 39 43 59 38 41 33 39 58 42 60 48 51 53 36 57 57 47 54 36 39 49 54 58 56 40 52 53 32 53 31 56 46 55 41 48 49 58 35 54 30 44 42 40 45 42 42 37 51 39 41 42 58 35 58 44 38];
num_passangers=[53 34 27 26 31 100 56 57 25 23 72 30 45 58 33 69 72 24 51 73 79 57 77 90 77 59 25 83 49 27 25 61 78 62 75 38 45 40 30 22 98 98 27 90 80 73 57 40 85 78 55 80 73 76 68 51 28 31 81 91 55 65 93 39 56 79 70 55 21 79 73 40 53 28 21 28 55 88 65 57 89 70 85 91 99 55 58 29 94 30 68 90 44 23 73 28 22 22 58 36 35];
BM=250;
CBM=0.500000;
CEM=0.800000;    