nBuses=79;
max_busses=73;
cap_B=[62 88 96 36 95 133 134 59 75 50 116 75 48 109 60 23 95 106 42 93 122 139 66 87 130 30 115 55 112 53 47 113 23 69 91 94 37 107 43 63 91 29 52 77 102 101 110 81 44 90 33 122 20 120 73 30 116 34 35 107 20 70 119 61 139 64 104 92 52 31 103 99 136 123 65 127 139 53 137];
euros_min_B=[10.521749507292002 12.34695618960636 6.406252059678669 6.452325501953672 11.920707473273742 13.327416356487264 6.096136682375056 14.003271855244517 10.11408903546807 14.759116295425427 11.98719402206367 13.331258737393226 13.325153813913374 3.0328276447816918 3.187314154201873 7.8987394298217275 9.820562438915074 9.768780749011743 14.879549249102181 14.125463645313046 8.652599574920043 14.35638898581161 5.736765394243855 5.3986373548398054 14.87359086290073 7.709764928842683 2.548600980073455 4.3308118278894785 6.412663084805827 1.2464493633119065 6.2540191960444975 7.779835423517744 14.240321051275776 1.2252574053750267 14.638986809087477 6.097710383100942 3.776096750848973 6.15641100709316 9.79272084785957 8.79496336493251 3.541191960841245 10.386202785489054 3.943378754030144 5.8750946680335145 9.827385874679937 3.815618690233019 4.038603756772446 13.606444815661487 6.57987320501059 3.2857347500940532 11.573747151294395 13.534732189476717 3.40561592754253 3.806779067001277 9.436800855637113 4.791790127876208 11.956748332876506 10.078011484923746 10.682103725716978 14.260293534027353 3.1721639065403906 6.598635540838745 2.6533442350926846 14.728397541052107 14.074156453418643 12.487334926696239 14.890517458185723 10.664114641908272 13.66112807818922 7.328340830888676 2.3525632498572877 3.4281036599990147 6.250027680615678 11.083044749388542 7.80757474455555 14.480649907916902 13.355307365247704 3.3333202531663426 1.5149111886671758];
euros_km_B=[20.27788878780901 3.5943432763841527 7.798973024784989 1.645617844794371 20.133230198747135 24.545185823510014 16.03799432857409 26.671903503217877 22.854779258181345 29.918869806496467 9.966580252074868 12.536573273485617 21.77048954634394 10.421043649399106 28.672952944125104 21.667706926063698 10.789142305461622 12.967830568446178 20.762682652348598 29.50525784058926 23.482913833505993 25.836767057849972 9.302181611856312 5.396534723605429 9.481720095626889 5.5197655556310155 14.868586818204202 6.488972631572952 3.7103539408127872 26.065473841056974 7.959109429611802 15.907314861423336 14.744142351027303 2.2167794650868 17.853099267029375 25.603722056043857 8.722580130537867 12.70087178805381 15.339655435655795 9.997679066138687 11.87275539110767 14.149507643621025 2.7244310645755387 2.8682017694291297 8.795781237038053 22.42762424521445 22.886419317425588 13.947673192229631 19.523101820643262 22.45467448069668 9.135934322202953 10.666136264893899 17.00691635256662 7.721361835995048 5.329197554466797 2.063904251152518 14.21208309178375 23.35681628238712 9.206544697104167 16.771502487691667 21.707890767717423 16.389638336716718 24.387149606832082 22.429007656320863 19.456688283562208 5.592362386465877 19.535714656509413 6.048949186031038 11.048638233389328 25.079395146470286 25.346007762981074 25.207468170894987 24.572801059275708 15.47539793902018 22.654358429815705 3.2179932473898027 9.903686901270785 11.43970036882341 16.224597423212103];


nDrivers=75;
max_D=[150 145 133 212 132 217 128 217 213 140 211 160 217 196 123 231 121 134 155 210 159 200 175 133 220 172 146 132 168 149 123 175 131 134 218 186 229 199 151 183 174 201 144 160 121 130 183 130 210 122 174 234 225 209 134 165 153 166 131 235 159 120 203 182 178 131 197 176 129 223 174 239 182 213 157];
        

nServices=81;
S_starting_time=[347 568 508 637 104 587 250 641 158 317 262 106 315 0 397 522 134 406 63 690 500 42 154 485 502 6 399 110 190 458 501 456 702 187 90 58 657 79 99 440 286 49 615 243 124 376 717 679 20 503 209 190 588 547 38 358 570 104 33 352 332 595 463 10 597 304 375 583 367 487 572 120 283 42 719 272 24 227 303 70 613];
duration_s_min=[63 69 109 119 96 92 112 120 67 75 86 79 89 111 70 107 112 92 111 75 61 119 84 73 101 76 108 77 77 78 111 87 116 69 72 113 111 116 88 103 103 83 111 101 108 93 93 78 91 68 81 120 88 106 107 89 61 117 72 82 105 72 89 113 118 96 96 113 72 109 63 70 75 105 105 103 62 111 106 103 84];
duration_s_km=[51 47 36 37 38 50 56 30 60 30 56 39 44 42 43 55 36 32 40 51 44 30 53 38 54 39 36 46 58 42 33 49 31 46 31 36 44 60 59 45 31 36 38 35 37 44 47 41 53 45 42 36 40 43 33 44 37 57 48 43 40 42 39 49 58 37 54 47 47 33 39 56 54 48 37 56 34 49 51 57 39];
num_passangers=[81 89 42 61 96 45 96 72 36 27 32 74 56 59 82 70 92 73 40 73 51 40 66 67 35 54 32 60 34 42 95 45 51 55 64 29 68 21 57 36 29 93 21 64 31 24 81 34 94 82 40 56 23 85 63 74 66 57 62 68 94 92 42 74 40 87 89 91 44 61 100 61 43 81 64 48 22 58 80 98 54];
BM=250;
CBM=0.500000;
CEM=0.800000;    