nBuses=117;
max_busses=108;
cap_B=[60 74 85 37 61 115 109 84 46 70 24 130 22 136 110 46 27 134 67 89 135 95 126 137 69 52 139 76 131 130 45 62 32 67 68 55 136 102 104 36 21 69 123 139 51 49 39 136 33 53 47 43 53 52 140 128 95 134 22 45 24 43 31 45 64 64 84 114 77 64 36 70 103 136 54 55 126 124 51 139 130 88 84 52 101 87 110 133 133 76 25 49 87 53 140 108 26 55 66 45 122 45 42 62 59 46 100 34 34 94 24 88 60 44 92 61 88];
euros_min_B=[11.430136372180232 3.6600053015614513 5.2019237178627975 11.434764974927337 13.15224221625478 13.027661600352271 2.7912466533123115 14.059073941972333 2.649905669937241 2.370159422201089 12.568962844645814 13.725969442274767 10.909856181852437 9.42646840284607 14.170553772459131 6.360546058686934 10.525490031019043 9.08010639411274 11.46591413378338 13.432074523063124 1.512756572941931 10.968424839903694 4.031176465755805 12.18560830557318 4.996105962637935 1.458906729127016 1.5905836633938422 14.394445938266696 11.466680515312303 9.47012567784151 7.487558290446312 1.6324846218890061 10.236325049068565 5.314245771987215 12.06188603833318 13.429012282482713 6.3324620698661045 13.32554161152443 6.624071068072386 2.0924142281596043 8.23488110022091 1.6270014288873154 9.860797515508594 13.20659413898007 5.154373487556569 8.672272335382923 3.6681702931040467 7.7192630645975715 13.051250999749321 2.8472550231917597 12.083087994263398 12.74650579299371 6.063101536800666 10.107798517797592 10.96964029402168 1.3695533620312492 12.984392105242069 8.849747663141805 8.022673666511187 9.137592576335715 9.971866808325684 12.733561585205713 7.658865341962806 2.858317390853112 14.298740088212696 14.573931773133562 8.003974480481848 11.502954387505667 14.378779698959589 1.93172412203604 4.486597294225758 13.704809151601701 7.930483096732156 3.9193232847401873 3.293282868398123 11.91174598336007 3.2630065197682696 10.009629036589471 6.628960207682938 2.0089174253960986 10.64108990896832 6.312992841287144 3.4345592573503607 9.574516805298373 2.3591978579346744 9.303122383472793 6.035930128571604 8.54062996556504 4.681040815170201 8.931991069239244 13.664949303154303 7.957122542016839 13.009321503486488 6.0323875984460855 5.679145125654964 5.223789653367037 14.295070993799902 3.2227007186567054 5.071506221262178 10.778904995961117 5.888436544654682 7.959959358593448 7.829097679311275 2.9290089329765223 2.0701747320885695 4.383824569731932 8.293635924555085 4.760974792520547 12.394075908841357 14.342014041114 10.737521062892192 8.609122892039842 14.5361506461346 14.198372205208859 8.598111479202647 13.57058479733276 10.870726565673744];
euros_km_B=[16.014219809497792 11.022490990217609 3.236920757199148 4.388377444431887 1.348481595395019 11.220809049654822 13.797805349667179 29.96093028387218 25.343897835728455 29.35212108500873 19.41806591158074 28.222004799540773 10.339294612173893 23.398297929283032 26.648310936606315 19.58324289011599 29.13707521864293 14.128171002615064 5.765362759418869 17.818795888300887 3.7223629109097223 28.72927697943094 7.180677298327293 28.452788528142204 3.7387696680881186 26.18507642581333 20.862525683938728 13.774737480932973 7.535491885564948 13.735900665661477 5.197793607299488 28.850288699976062 16.334289833829622 2.325500730893452 24.51661859056391 16.32401605976537 26.624440181242683 15.38526135339237 15.24562899807667 29.950938302425435 7.664320487360611 21.281033078202206 15.078121930044402 15.428841129806148 17.241619105901098 4.183475580925679 2.2320639130394 21.41180911093809 10.270811691687284 3.65482173365684 10.84981730905171 5.011672607433651 5.9277078098346045 12.388767927641345 3.6611803862992005 4.227507987538784 21.779868039865924 26.9799615242654 7.31483509011547 2.5946791699193605 27.40844973971704 16.738200238995383 21.914745395992412 25.504805733518502 29.95824005978144 18.72124513392148 24.95957590908024 14.581499935011037 12.880881965538165 5.803202533489657 5.770084230578589 23.40564343134921 7.711910670417006 22.315299069471546 5.456080432432069 4.428084612587512 20.732829699612434 28.252844415653357 16.416895813038952 24.535927660346776 13.589473324579844 21.322285785726937 4.391559577955087 27.923757625841365 16.39822609290269 16.718076508859017 26.700867860540452 19.344072791422363 13.513856645062635 24.309132111022464 27.68307550750048 28.197070704736237 2.556904276775858 10.213495712878125 23.649741981380433 17.463468818147184 25.23845995444609 12.468453941816291 3.06311654985472 15.887520334965261 16.385059896365476 11.199877904893613 3.541917635692454 28.336542538241257 3.956784094847743 16.114187606636214 5.532926712278262 17.325485290939966 17.937229810066633 21.758560302472876 26.047610720685796 28.46074095509836 19.707182163069593 2.398934110678014 13.040595525953762 7.106681944221394 7.8797637291539315];


nDrivers=113;
max_D=[124 221 146 218 145 215 197 158 215 237 135 123 231 191 165 155 184 139 205 129 124 178 232 151 181 231 193 235 234 154 222 129 185 179 128 147 178 140 234 148 231 170 175 182 191 222 148 172 178 159 188 216 191 142 132 173 122 177 228 158 172 146 178 159 181 158 120 186 193 215 173 166 228 135 185 197 222 213 146 179 177 218 139 234 191 226 237 239 184 128 175 140 128 223 240 217 185 162 126 141 226 174 186 222 232 169 205 216 187 208 126 122 224];
        

nServices=118;
S_starting_time=[403 49 185 292 367 691 569 322 110 292 586 338 26 0 92 658 395 182 370 43 544 38 43 55 202 642 550 527 376 185 274 236 80 261 188 235 304 135 478 367 415 157 458 634 668 345 157 413 15 35 423 638 659 175 359 77 209 666 158 11 671 52 621 260 131 502 472 177 348 35 175 249 313 382 277 663 564 263 239 170 514 608 684 625 572 579 566 307 322 467 379 352 98 712 714 293 589 384 347 270 719 584 111 517 637 334 629 373 352 469 309 621 605 387 360 496 47 323];
duration_s_min=[115 101 118 81 102 67 117 80 65 98 112 119 100 99 81 75 118 90 65 114 115 102 105 68 69 75 115 77 99 71 103 67 109 82 61 106 92 93 64 80 101 112 61 66 120 113 89 73 72 101 113 63 66 109 83 99 60 91 85 81 86 62 116 63 96 82 64 69 60 102 105 87 64 94 72 76 109 108 70 111 72 104 100 82 76 93 105 96 66 120 71 97 107 104 98 68 103 85 91 81 80 106 112 95 66 73 118 78 84 69 73 105 105 109 101 63 71 114];
duration_s_km=[38 46 39 55 50 41 41 37 36 50 60 47 31 53 36 31 53 36 50 38 36 44 45 53 49 46 51 39 51 41 39 32 60 57 38 38 39 60 60 44 56 36 35 56 34 47 39 60 50 49 52 44 41 34 37 46 58 50 42 53 54 30 58 46 43 41 40 41 51 59 33 59 48 31 37 50 37 51 34 46 54 58 57 37 50 53 46 32 41 32 53 45 33 46 30 40 37 52 48 59 35 59 38 43 31 41 33 48 44 34 31 39 38 33 59 54 57 45];
num_passangers=[88 28 21 73 70 80 65 56 58 57 22 61 67 25 42 80 37 95 79 85 52 75 80 36 75 76 85 65 37 71 100 38 76 94 36 52 33 80 50 62 87 53 22 94 38 45 32 52 66 94 20 91 27 53 90 39 92 61 41 88 28 45 63 29 32 57 64 21 94 58 38 51 80 72 51 47 60 88 66 28 71 29 73 78 68 46 53 52 82 79 58 29 52 94 60 73 75 72 29 64 94 47 69 99 61 74 98 68 38 35 87 30 29 36 20 47 35 50];
BM=250;
CBM=0.500000;
CEM=0.800000;    