nBuses=131;
max_busses=126;
cap_B=[122 30 101 88 139 106 45 118 82 24 28 52 24 50 133 125 74 126 122 65 124 55 136 124 87 29 81 117 35 110 43 49 26 124 106 95 53 131 47 133 103 97 122 100 89 127 56 83 40 100 79 82 53 24 37 49 55 50 125 90 30 104 94 103 112 94 135 137 24 77 51 114 94 123 73 31 94 98 134 47 45 45 119 29 56 40 63 116 140 93 44 130 40 125 94 61 67 79 47 70 57 37 28 92 59 69 64 115 60 103 78 106 131 102 56 52 72 120 44 114 131 44 74 100 122 103 56 82 37 25 114];
euros_min_B=[2.221048399393287 11.191776930217332 13.455155831530345 4.645133696881647 4.477734581098293 6.9379086574657975 6.805564960376565 4.170564528894988 4.3885672120140775 8.246359885320446 2.0487529477242052 14.566866001344597 14.48359471527649 14.096961928311332 10.488094831854012 11.647427533502713 12.532204707338593 10.103872855673345 9.847899962105817 4.654602624725959 4.580897900047456 1.9851880903948775 6.322120729058241 4.51874669850578 3.120204268612812 11.082302423531171 5.101747980386859 8.29955222572236 5.399657925506421 3.404119388612074 12.291256692064549 10.436622520648463 12.39685954045143 1.6915786381848077 6.405060427479629 9.119742872101632 4.513376336343152 6.0977314271385135 12.917459905629087 3.8528592622829736 1.3084855660579782 3.7993149087898797 7.866992913030479 9.895386390725857 8.048492810059622 14.934747511859388 3.546014315275281 12.473483570847684 11.316122340273012 13.39035562077567 13.900902790626171 10.741387614297079 7.1076296272460375 13.40293507846825 6.937175216845025 11.266385182436427 12.497707148202084 10.617578758280398 10.997290672911673 12.545296290884412 1.7401875070266022 10.618012509448677 10.102618191392216 8.195852250194598 1.6458826704430576 9.518178692471713 5.774652758817613 12.769655583074242 14.255520573526725 11.835375495714581 3.459083381336214 5.226285111761479 2.8910579017095808 6.343248031752118 10.111297779273015 9.557893716552288 13.802741958246191 4.6387300754902725 11.731729502232824 5.419523090819233 1.8108675501835219 3.829554737021536 2.285738506263168 7.345798922788297 7.317154882863056 7.907042581719245 10.276382343423109 7.092849723313669 13.156999633530596 5.646517014756465 7.858373955107703 2.249743909809444 3.7260543251331963 14.107813984738552 5.142197288254748 4.385033792397306 8.577857391710092 2.7512080477108265 6.757531372922076 12.737319221859265 8.12608600024933 4.342442688642512 3.7347885074454656 11.576489153825689 9.336650741942565 8.248759271816407 9.418110739284689 10.883557569848467 13.482266116936316 8.53316154543576 6.131354216433943 13.430568822754768 11.940394102517118 13.633052069689992 2.114934162139786 8.773731941401328 13.904771665803212 14.183733694769707 5.15393094993074 12.263501715523828 11.148684718663779 6.8184982149900755 11.06039152783639 7.088136979122048 11.718289103741068 6.793257327973571 11.02077065808835 6.593737198057273 1.749193855265692 13.563313325342744 6.425752351318154];
euros_km_B=[16.677202182892778 6.007528461546566 23.338461447500602 24.959337269034535 2.867391161326396 26.2113007856321 26.069298636595647 12.44424121920476 1.2237890495123325 5.560411638764949 6.459076944301466 9.201916183091269 23.171648245996035 25.12615259224081 24.282973479276983 18.494062725565247 13.294784282128113 3.9352953298301054 5.750926469129699 6.382696246953282 23.041243855617903 26.293894877262876 20.216317358558268 29.994069773450157 21.097701562035418 27.887716672487844 1.4169312416993058 24.022573603423165 16.057047415438614 2.8735406589438903 18.340403553501126 24.361022988184967 9.700021651331546 25.033041504570985 27.92838870592713 9.660744154972704 14.784895962661096 10.696177354915097 11.373427286929193 12.673443378966514 28.21450471461323 1.2267462230797397 17.43621129268236 29.877293627157698 3.9971661423368765 22.58186444654161 27.281951909838806 7.737291667432333 21.214489526668363 3.6664327246819273 19.190887093885348 26.93991456183647 25.16186392251011 16.764009391719764 6.631214683289333 29.425976846370002 26.73543924254849 4.617775482759335 13.591178781894511 6.678357341257175 22.97532384938987 19.061082204283213 24.126136906029387 3.222776743090162 22.343344292362737 4.0628141136903055 13.226264617850797 17.49287901753662 14.580439096872784 1.1126162416681677 27.157638444249375 29.1753680323963 28.378073845134036 24.569675394185165 12.072677918584976 13.45661518925852 23.278009676438383 8.233110072422294 21.918520337609003 9.112096118964168 1.1451067949793292 8.154821713596192 1.464224998889584 28.6997229373605 6.0129627890926205 22.73051560734075 23.633120185641996 27.891766180897253 12.897158990110485 6.64948959647028 17.838714524597826 22.764439376967644 20.58702278157362 25.40386089117853 1.4321669244309945 4.765044060576165 3.2875775359298993 23.524616756093252 25.31317404343821 16.704927651800393 18.859328782720805 6.324545700098064 1.637690103163357 20.797419056792936 27.265913957814288 7.628962067279099 13.6897646550937 26.461917466670297 14.531515317718046 20.982456594535382 7.811282229887487 23.98623491812028 2.576307934693128 24.591457555922734 3.3365289908746614 22.438680636467836 22.73406195812936 1.0412876268478228 15.042225132423534 27.22172921699684 25.218732170993363 18.46488106058194 24.382378937067106 27.88070017740331 29.19681520497346 13.442119210203765 17.3703922627837 3.1514683873120486 25.847828188083778 1.0175749614058598 14.87725516358204];


nDrivers=133;
max_D=[235 160 193 188 213 151 221 170 209 173 131 218 126 191 143 202 216 173 167 233 234 182 201 125 173 134 180 140 125 165 181 214 240 203 198 210 210 185 127 178 239 132 194 142 231 231 209 137 236 217 193 184 192 155 223 143 171 145 139 156 151 183 222 136 228 155 214 172 138 156 201 129 191 210 201 199 177 126 171 185 130 153 155 139 191 188 161 146 145 231 237 231 193 206 166 205 172 157 122 146 223 168 223 232 202 123 176 236 219 233 132 229 165 228 188 162 142 121 220 207 149 141 126 230 201 204 145 165 193 215 153 199 163];
        

nServices=136;
S_starting_time=[289 641 386 389 624 92 3 371 15 48 376 391 322 255 100 204 470 402 340 171 103 165 665 509 647 158 520 364 435 390 347 692 598 146 452 87 686 314 333 259 287 405 254 571 688 468 70 620 519 677 686 29 550 536 434 703 86 311 278 549 317 536 35 400 155 495 345 205 67 304 235 488 174 422 637 107 150 377 339 436 10 469 605 75 292 133 553 404 210 443 88 317 154 406 61 38 706 461 456 511 575 379 380 42 232 509 694 61 100 380 475 544 422 389 46 557 5 334 405 494 71 407 686 72 612 412 405 450 438 320 309 119 456 572 297 580];
duration_s_min=[105 72 111 82 109 117 88 64 109 78 112 69 86 72 65 118 106 60 77 93 114 111 86 86 70 69 64 120 100 99 92 82 74 73 104 89 94 86 74 83 75 80 80 78 91 69 73 72 68 84 111 108 92 80 67 104 90 95 113 65 95 114 86 118 87 83 92 104 95 113 107 66 85 83 104 99 113 89 74 115 111 98 70 106 60 103 72 90 115 84 114 77 86 74 97 85 119 60 114 117 108 112 85 90 75 77 107 89 96 68 68 81 67 88 88 85 67 97 93 88 105 104 71 92 104 72 69 99 115 79 91 104 112 112 103 88];
duration_s_km=[50 59 34 55 34 32 55 38 42 43 39 55 31 50 34 50 48 52 55 59 35 30 36 41 36 31 51 41 32 43 48 53 33 40 49 47 43 54 59 58 41 54 30 30 33 48 55 39 36 38 46 35 30 34 50 55 56 31 41 39 38 58 31 41 31 54 39 56 36 52 39 53 47 47 55 31 40 33 39 50 30 56 53 32 30 30 30 40 55 54 47 39 48 43 44 52 34 34 37 51 57 57 49 32 40 32 42 32 32 42 53 57 48 55 48 50 59 34 52 55 60 32 47 56 33 59 54 32 60 50 60 39 34 47 50 46];
num_passangers=[63 80 82 45 34 37 70 26 38 57 65 36 64 44 53 68 94 36 82 20 63 74 40 87 35 84 68 66 69 67 29 100 28 87 87 41 47 84 55 87 75 85 58 75 47 40 21 73 39 31 94 95 76 46 52 38 27 38 67 82 37 30 23 56 93 88 70 54 25 42 37 98 70 93 76 96 74 59 99 68 99 82 52 83 40 97 88 73 60 92 57 50 49 43 97 60 24 97 63 72 62 91 31 26 48 58 29 100 25 39 88 73 75 24 95 57 29 52 22 24 33 89 94 30 50 38 31 32 99 50 29 49 97 28 55 92];
BM=250;
CBM=0.500000;
CEM=0.800000;    