nBuses=101;
max_busses=94;
cap_B=[44 53 62 55 46 137 32 69 38 99 129 93 45 72 128 137 109 51 56 38 78 120 120 133 21 126 90 93 31 96 59 134 138 113 105 26 59 22 107 82 105 114 43 91 70 67 110 73 36 117 44 52 57 134 70 108 49 134 51 105 20 55 105 131 110 38 97 112 95 135 64 60 96 67 65 36 92 84 31 40 29 65 130 66 111 59 84 123 87 72 37 28 85 22 122 114 115 114 30 61 127];
euros_min_B=[5.939183875516777 10.916555603852933 3.635610219459698 12.283424240057654 2.187345229731692 3.7395574941326366 5.146766987890146 10.540735018532084 6.5171872169547145 8.316110656976688 3.2471769066523404 6.817345498913118 2.7787304252966036 6.327675336191192 3.9863812066717843 14.430427312012846 3.8206808865473976 8.571174212424921 4.114223960820841 5.923873494272426 9.052822107979447 11.87568408643426 1.4284729626778716 1.7559393730003778 6.08680687213066 11.541271992254929 11.068267415999248 5.1645473132697255 7.136924167054115 14.232503274663538 13.775607090572382 13.949025198626195 5.274608787636969 4.18653105159149 8.03994053149603 6.673370586117547 1.5141998757257613 11.354575863198697 5.142283165316596 6.245379966000078 14.821463562522483 9.297406229001659 3.3251228664943353 6.0645514174147115 3.2925549080388246 10.997105422257782 11.65492597701402 8.346183387648427 2.8618507548364622 9.94270297068445 12.618836001604862 12.054539389071103 8.36112020696729 7.42830440597592 7.163988671313039 14.261500419397018 6.439828332931768 4.300052242690532 3.1492817484820135 7.735886229555894 1.0008129884063939 10.944754792862136 9.63113858297236 10.036588252739767 3.6645562811985153 11.668300989081567 14.659563847327767 11.46142539441303 13.052971007147363 12.874450432933296 5.496661183880528 12.999673896851053 1.7431076471581741 4.826909885565771 4.942921300141448 1.0524203463382968 6.863919587672184 8.60236890292378 8.840761194192567 8.066198273328954 7.962625631642298 11.430771174017494 1.3153540299712771 10.163691016958143 13.572950992393704 9.03945461362825 13.874389868160428 12.608049289667084 11.153262738356124 9.919440192848718 3.5338389821380645 13.443793486378485 1.0876521375321715 1.39771316840152 14.222325888525944 3.609072153739583 4.248405860756146 6.277836047475441 3.0975234007477734 12.160089518241252 2.9779154179913463];
euros_km_B=[29.826582554335157 19.593106425205985 11.224060951577414 6.387694423459312 12.476666814825515 27.559760955228608 6.339577053265781 17.31424197940736 22.70528647087601 6.733531884399458 7.233352092014282 21.64399899381017 21.341222200610574 4.719759829893725 12.51611465137107 8.769538933111594 25.313615445770374 2.1020544304416853 7.001085584639908 3.460640277961421 2.8781176715815118 10.181136782668148 15.739306414920907 19.294781502497415 20.16427673240543 3.938232753344738 27.849471013864306 26.040375615838588 8.546436023674772 11.160612211486278 3.6280771797974376 5.10124845614297 7.983718332194837 10.481940272152212 21.61564521253297 26.181212790159094 19.32377602824242 20.533416762958897 16.977473419093123 2.272776022248234 25.653667016262492 25.519570549821868 29.265917137817272 21.384171895900195 16.6733355273168 29.66938516431733 19.924077398360257 20.395950946805428 22.318366314872073 4.16411521536788 1.5830936458341145 12.333677438888582 15.932767074374066 22.806172245055677 6.147276922480752 22.862017314046888 27.29154927000387 24.2091878177798 29.086126282016505 15.741002829284037 27.49682918307747 21.986668303200723 12.001115558348825 7.177314287361202 3.7838366905508884 22.83665962903772 8.815271264643194 27.337134271681517 25.931669223762263 19.436180202389416 20.654757225232938 3.337257417404458 28.74903572711617 3.341953535947848 24.135241491695677 9.068646239655614 15.53846033581267 27.433169562297714 3.2658874114964007 15.094217496616983 20.84808432178375 20.94903531964566 18.63667022710206 29.63461325399506 3.4125609063169065 4.9219395245790025 23.56067179312662 14.227345664838094 28.709955171149197 14.602921231115543 7.487698689154456 20.835741309985 28.345779496363903 15.866285601895227 19.316638239063504 18.174228746330925 25.34187071709811 1.7599045652846814 17.33445217205871 13.621582446913116 12.707881450426013];


nDrivers=104;
max_D=[127 199 178 197 179 145 203 128 171 197 146 232 238 223 144 138 223 176 148 214 128 184 188 159 205 233 163 141 188 201 124 224 173 199 173 194 196 176 214 238 181 129 228 173 238 167 164 167 198 196 203 208 165 219 186 233 215 208 175 215 208 206 184 220 125 160 173 238 126 155 187 166 159 142 161 179 146 163 188 216 120 224 185 237 166 209 240 235 147 126 238 157 143 170 215 143 218 203 124 159 170 154 123 153];
        

nServices=107;
S_starting_time=[702 169 401 217 117 381 645 182 274 52 169 590 354 296 116 259 620 423 376 186 222 126 507 181 284 681 379 664 516 565 124 714 617 398 201 94 99 717 659 515 601 456 609 514 564 65 491 226 542 652 221 652 649 489 335 479 283 150 382 415 314 406 360 492 79 177 560 628 658 454 441 291 500 407 226 336 224 424 714 96 525 229 595 411 548 433 508 623 641 705 453 356 272 176 570 98 198 94 112 361 460 265 285 381 581 235 194];
duration_s_min=[71 96 84 116 117 80 120 98 72 90 98 113 94 82 66 72 111 117 77 86 70 71 91 78 102 118 116 100 119 101 89 116 115 106 111 93 95 100 60 61 100 115 97 120 115 91 62 91 120 114 99 107 115 107 91 89 85 115 112 116 106 82 86 89 64 104 89 110 73 90 68 103 66 99 120 70 112 93 77 82 74 96 60 66 69 73 110 64 67 113 97 102 106 71 88 106 91 100 105 72 65 80 97 115 66 89 82];
duration_s_km=[46 51 43 40 38 57 35 54 32 54 39 59 60 48 54 41 35 52 59 47 44 36 60 50 59 44 58 47 33 60 36 50 46 51 35 57 52 59 48 57 42 52 37 58 56 30 57 57 48 30 39 46 45 42 50 35 32 35 43 42 36 42 31 31 55 32 43 57 41 40 40 52 52 32 46 58 33 39 49 43 57 45 56 45 49 39 50 59 34 43 31 60 40 45 60 54 40 38 37 45 54 32 58 31 60 44 58];
num_passangers=[44 86 41 72 62 24 39 29 57 62 95 79 77 55 98 32 87 91 100 28 59 100 35 24 90 67 42 91 28 40 91 47 40 66 45 68 61 59 39 91 51 45 70 92 86 36 59 77 93 86 95 43 100 23 35 64 92 41 21 77 58 41 86 72 100 42 63 86 84 55 58 75 94 38 60 63 65 62 48 32 55 54 71 95 94 83 77 79 84 56 29 59 23 55 67 38 57 88 60 21 82 25 78 85 38 87 76];
BM=250;
CBM=0.500000;
CEM=0.800000;    