nBuses=95;
max_busses=96;
cap_B=[44 108 121 89 41 133 105 97 92 92 51 28 126 136 137 28 112 54 29 96 54 123 138 100 61 31 64 51 29 127 92 114 45 28 139 79 138 62 122 77 81 23 90 138 93 73 26 32 92 26 101 66 134 77 87 26 128 27 94 94 59 61 57 40 20 139 22 60 23 79 112 135 128 58 34 86 121 62 122 87 23 38 29 116 78 71 56 129 106 45 87 130 71 63 122];
euros_min_B=[5.894496314727552 5.0249770578880195 13.432299609771606 4.214192461028212 4.700846180108503 11.526629640093491 3.50288720074276 11.218210449120207 2.0570282796708907 14.63057213945427 11.043799273560301 8.803678021296674 14.10639505131323 10.136844581331278 1.1636142273744885 11.118404254551171 10.678472986602824 4.409940706815756 7.304242831432728 1.532902269374715 13.895546822496419 12.859581331709109 10.664939506650567 3.5766258813638663 6.171588593481111 5.25286971550376 4.097019266259122 10.506045664780759 12.337792074124192 1.702439306776596 13.14151360943061 7.072478656033564 4.8586753265270906 9.100708036482825 14.959939733100548 12.384111943094569 1.9536807766539728 12.983332818226543 7.627359246009883 14.271455208680592 4.014712676944941 6.364543986054536 1.3294964985130906 1.3578512915361667 2.8157739105523216 7.639640006977166 12.643815052567373 14.220140684495295 8.573756868940862 5.649024211823615 13.420813651097191 3.0940027823234058 11.042540538105996 10.382703455557738 14.48236082492588 13.517153377041721 9.61251653074662 10.341334274120092 9.149752015989911 1.478994656339563 3.31856276235742 13.856984172704681 9.560896640897639 13.088976721632324 9.470479648278335 8.942914882446573 11.740685311265052 13.953265979436381 11.915162932092947 13.569269409081308 13.18050463843823 13.229180508860392 7.621992610047364 4.573109083738748 8.09680261939205 2.8020831572876466 5.788427786767302 4.385598817363508 8.358387075541927 9.65593248560494 12.45496978008349 3.897750909235166 5.153516275340725 5.060570144757544 11.74204877019947 1.4600663500800235 12.277838674871507 9.747676859647973 6.079804683443848 6.337148816128119 13.468921347424207 13.414457064608515 8.364562952650079 2.892414362292812 11.859995534835743];
euros_km_B=[1.1138493203540314 12.13838428757478 7.820998151096266 13.620428126587568 7.389603818880013 12.684659215441107 14.572135920757036 25.20483898430191 25.259989932133294 6.3138076265910135 20.36551040289577 23.510476854660013 27.021120907565823 14.49825148098916 7.913685972336914 12.911706552960364 23.41685935556417 26.00124219821556 18.175119733384356 26.00998697577019 17.51469019991961 13.114727570730723 10.621352556053937 11.767697677297773 15.193330038982653 17.62773250381739 2.1973565398394714 26.67142559645075 5.660718354162102 9.614573620783746 13.904692436691018 6.661494617637329 9.020693896803678 17.410764662367736 9.781386986100609 11.613971611906356 27.964694243442054 28.79864302307452 12.553015570810752 26.215442620457253 4.394232689081633 12.538519004069098 11.583915612593717 7.123655261598186 16.055690040586548 8.477269346349704 1.5175032813891156 12.937297707007831 15.022539129262247 27.829709358689204 8.217884929249038 20.12078253726072 29.92354790507057 5.918857462868111 9.008681265283624 8.689151924403829 20.67763764417086 7.01476461420207 20.293894515277415 18.00400161549843 24.950480292562375 16.21924697857223 22.053545282248546 9.081019830136801 23.7031683799801 9.899741945660296 23.148967828147498 24.299210662450857 29.697382014818 16.36674783960607 17.207017939296712 28.62191211016243 26.646042340410087 20.34788581208825 12.013696848312566 4.053010772648478 14.783317084294504 3.796517890759388 7.51641392628137 26.846492172971708 9.492970452486944 18.290968208226953 22.260894535376526 19.078883793362795 1.836011108837997 1.8559814297062835 22.54952330738501 14.413455015918098 5.489390470674836 10.341595370207186 28.71983840245588 13.975350067740193 28.9890973646966 4.469693108468866 12.970534638259275];


nDrivers=92;
max_D=[218 189 205 138 197 133 171 208 151 182 133 186 147 172 173 145 151 147 131 231 121 209 199 219 154 209 124 203 218 156 175 227 211 150 144 199 237 130 238 202 204 130 209 174 223 207 127 209 240 127 235 210 199 204 143 138 190 143 127 154 239 135 180 143 128 142 195 171 224 218 171 229 159 124 239 208 152 162 195 188 147 236 170 132 120 175 194 235 147 150 159 196];
        

nServices=99;
S_starting_time=[419 291 686 165 402 345 612 705 167 504 35 557 624 374 714 566 494 3 592 674 388 132 294 245 317 203 691 598 218 65 156 587 579 38 256 103 629 297 548 172 672 183 104 569 10 674 580 711 424 400 292 101 405 145 523 176 228 575 710 300 674 429 654 97 133 176 9 269 710 332 424 277 453 264 127 312 484 604 685 196 93 364 714 304 76 700 32 494 453 87 594 529 432 402 15 569 530 695 335];
duration_s_min=[109 78 118 87 89 79 67 90 95 70 65 90 60 70 96 83 109 80 72 69 69 79 108 86 109 82 106 106 87 102 71 85 106 66 120 102 60 64 102 109 114 62 81 70 89 113 105 89 101 98 85 76 105 71 60 86 88 103 66 108 73 120 65 80 80 69 82 101 64 104 72 120 90 81 120 101 101 69 98 108 119 99 109 88 119 63 111 85 117 73 101 63 106 112 73 87 119 116 90];
duration_s_km=[39 59 31 49 41 51 38 31 31 59 44 52 46 58 43 41 38 51 47 39 46 52 40 34 54 53 60 46 47 36 32 47 40 56 57 57 58 57 56 52 51 48 52 35 47 33 47 47 32 60 46 57 42 31 46 44 35 45 33 37 53 38 30 30 38 50 51 43 54 33 59 30 43 30 38 60 50 47 34 58 46 58 55 45 42 59 52 37 48 53 40 31 45 52 31 33 50 48 45];
num_passangers=[88 88 51 94 66 26 87 49 60 50 86 79 54 90 88 58 65 42 85 35 60 20 94 39 80 40 95 33 41 33 73 45 59 65 60 63 57 77 24 88 39 73 92 98 20 51 100 70 92 66 62 38 29 91 58 89 68 84 59 28 25 82 91 91 100 92 67 48 62 63 41 49 52 71 32 91 78 21 22 66 50 34 72 42 55 75 78 56 63 78 25 86 66 82 57 84 96 95 29];
BM=250;
CBM=0.500000;
CEM=0.800000;    