nBuses=70;
max_busses=67;
cap_B=[120 105 140 48 67 106 99 34 140 73 58 43 55 59 133 139 52 43 102 21 119 140 127 140 114 49 125 68 58 60 38 59 107 55 115 32 28 83 33 37 125 108 26 63 25 117 31 46 95 74 42 132 47 91 82 97 120 118 136 122 72 101 73 119 20 108 122 54 34 130];
euros_min_B=[10.113903433467595 11.721276836933626 7.3414408711585795 8.060937085315658 6.917123169778558 12.362672630767117 14.712511272896142 11.571293133721015 5.157124735664267 2.651782622797369 12.701999902008962 6.7965351880224265 4.953216173891499 3.942018537119349 6.884492759108985 12.988561977169633 12.369971662674601 14.702778807321517 3.030431481815426 5.829166023512547 14.491056399127922 3.4550299861974434 14.630960162002435 11.404389100669334 10.580014921156012 12.5472761963112 7.404840379948291 5.568136055521614 10.634377255700725 7.894271260727095 5.996356799691087 3.5824749048832327 5.232211821212594 1.8381388805446213 13.578751364140565 2.972071700644271 14.415828259347366 10.697214921203376 14.294924980175855 4.673263928256856 10.074606000762504 5.0713642706612925 10.96354277348818 5.340590559587103 8.925701830026778 11.62778726662645 7.5391587106982225 6.246512807397713 7.118461224762227 13.842425221604318 10.219328205641217 2.736296729083476 11.298530112893786 7.370412871902871 8.853632760681075 4.676582253521595 4.4173724442732105 2.215610575394723 12.451878474985302 9.798861548352374 1.615832471633498 4.235132194500877 13.71514295092081 6.493998598456588 3.2459476836360355 1.8060272151537051 14.815626784313181 3.607504069652699 12.877528194766768 3.6489240236715617];
euros_km_B=[20.263510352234235 2.2366402779893706 7.772226052420367 9.866412757155825 21.832868177460455 7.497796756550648 27.455481724804258 18.75686306313435 29.34143126898075 29.21236699920507 20.066546392025806 9.520558755314648 21.8678658460264 12.022703345624711 23.460841009242834 19.680327587177565 15.403842259753315 20.984899559957437 9.949620872338846 16.69760623873654 25.369941652490926 25.439032222804798 10.842395698960365 24.155600977774483 5.590988083779646 7.4655718536696405 7.370620769976902 17.868656844641045 17.73656648418373 20.71726254653953 11.810897483985652 1.7806182868395992 17.628531937225336 6.170538196409518 15.312041523037403 25.157726786923117 12.844088502441403 13.400970298965783 3.889117023514319 3.6466245442863 16.102228101713628 7.331563503891292 3.4578873827953798 7.879795058032259 14.396462383600628 5.076181893100842 23.40957887799429 26.01785310896075 29.96551038153435 13.492064206800189 1.8462530565149593 17.41848841301738 2.2199583188214533 17.610103517629703 18.44426242393433 8.723387892368203 15.74527838674475 15.739699243835028 11.239778685969455 3.7267647412144007 17.92833616972569 23.301202175202707 11.274292020640852 14.648692084577908 25.181043522680355 25.660187296591243 11.688291792584456 16.23954238480621 23.00339619562922 18.604791662272355];


nDrivers=69;
max_D=[121 238 130 145 149 136 147 182 155 235 212 198 147 183 200 140 190 167 144 221 210 148 178 137 122 234 232 176 212 156 204 184 129 121 216 230 163 121 209 225 189 218 228 233 144 142 159 226 161 214 155 211 200 239 175 189 188 224 171 191 120 143 121 153 133 128 240 146 182];
        

nServices=73;
S_starting_time=[552 694 287 719 305 218 301 541 71 366 550 41 300 511 121 33 556 446 36 392 55 551 117 699 316 67 202 107 166 220 443 527 625 326 233 415 152 415 482 247 132 133 281 3 604 169 126 80 410 99 117 618 677 512 658 127 641 313 96 619 629 214 213 634 582 16 85 569 109 465 41 247 586];
duration_s_min=[99 79 110 113 99 71 65 92 85 73 91 66 116 112 117 104 65 99 93 109 112 92 77 105 63 97 118 102 112 87 75 77 78 114 66 66 88 114 87 62 106 83 77 115 106 104 120 93 76 69 111 67 88 82 62 73 71 109 78 104 65 119 109 110 68 88 60 82 101 106 103 113 63];
duration_s_km=[33 39 53 54 36 39 49 43 52 31 57 52 57 50 59 40 43 44 54 58 52 42 45 59 51 56 48 55 58 31 37 59 45 60 35 54 51 57 59 40 40 43 49 39 46 40 52 37 33 42 31 57 49 57 57 50 54 43 52 44 46 41 31 46 56 43 47 35 56 52 46 57 32];
num_passangers=[77 84 71 21 98 30 68 36 84 69 99 37 79 55 90 81 94 96 88 56 25 92 89 61 21 44 77 42 79 97 43 84 89 95 98 76 32 52 35 66 37 71 43 33 53 42 99 43 87 73 55 67 61 26 80 21 42 66 24 84 83 59 68 72 75 79 60 71 23 39 42 59 63];
BM=250;
CBM=0.500000;
CEM=0.800000;    