nBuses=110;
max_busses=105;
cap_B=[59 54 66 31 104 126 116 74 28 81 37 85 97 57 50 71 139 81 98 103 66 74 124 134 27 135 35 30 81 20 124 140 28 73 95 34 95 35 58 86 112 51 66 100 109 53 104 22 93 123 81 26 81 125 119 68 33 134 127 103 103 59 56 20 87 62 47 120 48 54 72 120 123 40 114 96 87 77 21 99 136 26 50 121 38 134 137 75 60 128 44 121 80 60 132 94 95 122 133 37 78 54 54 135 119 98 90 132 53 41];
euros_min_B=[6.1252488368479465 11.333691895264476 11.533782989013309 2.165445998709465 6.634554985515797 4.9126392287019005 11.161711621872133 2.5907828234056955 10.093470219819404 1.5220540273946574 11.95143303799071 8.01385318843228 6.792850188919799 13.42564892162775 7.915513616063327 6.8750173081077035 14.579351989490418 8.87420797069387 7.580095986623709 10.50907061206774 10.981629923317728 1.5268584890411443 1.0377866039959485 7.276003538998242 13.565308488490126 1.242931131197788 9.604912422476495 2.496753282620244 4.533777120377101 2.839801198858043 7.622436057946674 6.494039496985623 8.701583898411295 8.40332144251493 2.801625779878179 5.728093930630491 5.932135623287095 3.4758821670260485 4.874486954425125 12.922043428614806 4.623800895515407 6.371382534572182 3.5887630917432167 5.399850588686091 8.008332371096532 6.585350910549833 14.231784712816713 11.423392095054302 14.752100116802174 10.003884188385806 10.749918202936879 10.605348413885592 8.246989904038461 8.13438331164987 9.200210228228405 4.011575058506958 4.457902996148775 10.97094240809479 1.0109516415890392 6.608503870758145 3.798960264217608 5.5113418209703084 4.544440326545306 13.113611837386177 13.463353196534532 7.930183160728617 3.585347901739231 3.053268830367926 6.863957164607294 8.519821958277417 7.223420168388525 12.588095434584744 7.811571675907434 11.716797492367444 9.202145390378618 9.23039654780385 13.202311761977816 7.422074032621876 9.15117398509589 5.239640741463739 8.570981639612306 4.23228833813162 12.689697880532387 3.533984837285023 11.732891741514514 4.563993931746358 1.4208203533626895 14.451490385593459 7.845670387517834 2.9558438090662436 6.972419764089677 3.2505753662466006 10.375969514559817 7.696352987776019 4.632448559989781 1.3780608680585371 3.086884429158199 3.31621258835913 14.299708298584125 14.790413350818863 11.452281588868352 5.389143866174912 8.687282612175693 3.0269333798197886 3.5924633450619066 9.446185315315368 7.65497780106692 13.02055593780143 14.476715762424014 5.890884114604361];
euros_km_B=[16.053022722503286 29.569905484583774 12.790950896345045 26.14706257642666 28.253137643815123 13.43447096772556 5.315084849506735 19.556412351665042 7.531803068881656 3.956831249603049 9.886303891152556 17.02226707178202 18.49521364354371 5.586890763442585 25.659852731631556 1.9378476066814574 28.511861525777636 6.347152349308239 27.1018243199355 2.8425843148341587 1.4673796248494375 7.288835916088202 6.772725138503378 7.678075152301839 25.979622957753847 17.707758963403954 7.008925196989273 29.550447613815948 21.745244653255863 29.447730445747627 23.154556859921698 26.643345949008637 19.577300892187804 26.661253150445297 23.294371549878925 7.661731432665155 14.877757058988342 10.775333573606826 5.731675616775341 9.248091550519703 11.847363709958405 25.933352061160154 5.613583582390078 9.396750634783528 1.5351206378743165 15.5802343201678 24.36702296872385 22.496677321666084 22.87592129709511 19.52202556083132 12.450908710198497 18.25050596216031 22.086339891808073 8.838446658285022 3.5728212127479333 20.166109311826133 9.840885903861105 3.3186377821124258 2.85286322105825 28.43096527260704 16.85276016576323 25.565409687084944 19.993021474678912 27.232838743790516 4.358693791838348 25.19128115517151 19.1963933717753 4.710506365926655 26.29541504269831 17.45175494046325 18.69616560955579 26.661417633820747 3.3455305384271576 11.24868155163328 20.743922938820194 23.93178267494646 28.258395222907506 6.323490386571542 17.596517695535034 19.40090605515037 25.230275029188515 14.316409242987703 6.557378241037989 6.508661159179248 20.801432838591445 22.63364723121607 17.07455629617535 6.211499110519519 12.996174749620245 5.436850880753507 7.245413088964788 7.615811584009561 7.740156254639135 17.436296257565555 23.56882636324708 2.8694705653480446 11.977578414299915 8.151592165072309 18.801928040729322 19.6139629818872 24.73083919800043 28.565405891249362 2.4588628685360394 15.418026908049999 28.111515215725156 20.821656604445792 28.36751053397183 22.430754987198796 28.86252874092678 17.050939139320317];


nDrivers=106;
max_D=[223 207 232 156 128 154 135 205 154 235 138 187 171 210 202 167 208 198 179 237 237 211 190 190 162 210 200 188 131 152 230 185 186 150 181 193 165 220 229 225 131 162 145 181 189 149 222 141 202 215 148 192 232 175 142 210 122 134 148 156 174 231 157 198 130 231 223 142 191 165 195 148 211 186 192 224 236 196 225 147 128 175 195 183 180 175 146 128 188 198 203 208 170 228 234 206 191 213 220 231 124 207 175 230 127 121];
        

nServices=112;
S_starting_time=[301 509 152 210 472 93 154 134 477 600 482 689 519 466 162 672 117 147 444 170 553 196 507 367 402 162 529 175 161 471 183 250 151 260 507 652 508 99 484 265 68 458 435 690 487 181 383 234 466 128 283 253 404 572 595 629 118 617 17 467 129 378 701 225 407 556 652 485 162 657 31 328 308 570 514 559 610 386 579 377 84 494 387 313 409 413 707 47 539 689 627 690 521 431 536 528 119 709 499 239 592 636 476 450 44 478 439 88 670 159 377 686];
duration_s_min=[116 89 113 68 114 112 63 64 63 116 110 85 106 93 61 118 68 68 110 79 105 119 104 116 76 108 91 109 84 110 120 120 89 88 118 74 106 82 83 62 108 80 71 74 65 95 109 113 104 120 83 107 91 102 93 86 113 85 78 82 62 71 66 75 67 93 63 108 113 70 75 63 60 118 88 63 82 119 70 68 64 103 85 64 108 107 68 71 114 60 73 112 62 110 119 84 113 105 109 102 101 113 65 85 92 102 97 107 60 105 78 72];
duration_s_km=[51 53 33 44 36 36 45 34 53 44 57 58 49 45 45 57 33 39 42 55 48 48 41 56 47 35 38 56 34 53 58 46 50 58 31 32 60 53 50 41 37 48 51 51 52 60 52 52 48 39 43 48 51 53 50 50 38 47 57 52 57 33 34 37 44 32 31 54 55 35 53 46 56 59 46 48 41 51 43 31 30 45 34 32 50 50 47 33 58 37 41 43 40 43 53 42 44 44 59 43 34 41 48 34 37 57 57 48 59 35 31 44];
num_passangers=[85 58 79 88 91 33 70 42 64 63 50 61 82 43 51 24 33 93 98 57 99 51 58 93 51 43 27 42 56 63 43 87 31 47 31 34 85 42 67 66 59 21 61 98 42 24 92 93 28 36 95 25 53 61 96 75 66 95 31 30 31 82 78 58 55 89 68 86 54 25 33 56 56 83 27 70 68 47 85 75 88 88 66 91 41 61 62 69 30 23 30 92 97 79 29 32 37 57 78 83 59 99 95 40 48 82 24 35 98 31 97 92];
BM=250;
CBM=0.500000;
CEM=0.800000;    