nBuses=68;
max_busses=59;
cap_B=[136 101 35 77 74 80 20 111 119 83 79 82 126 113 135 135 113 111 135 73 25 47 79 34 23 121 98 57 42 58 120 70 42 42 102 74 61 86 101 80 22 102 45 78 96 36 93 33 139 80 135 36 139 109 79 22 89 67 43 40 75 112 114 138 52 88 87 55];
euros_min_B=[10.844547217213323 7.340098029303389 6.907686208048987 10.903887850616194 8.843562210805825 1.2031635412241464 12.353307099026477 14.56436364491537 4.434703228900957 4.92412688874434 12.05616275717372 8.088424939989185 10.737407850367335 5.034030053011382 8.289856826865243 9.995400092555098 13.903420155641486 3.3188269761614126 1.0106774814573996 4.670739697398652 3.0806279029820285 13.829514807837915 1.1291419745354712 11.428821376936138 9.419270616313092 9.90939643456832 12.51166096417154 10.53394428701676 10.85600335650194 14.87173982388295 7.022552511803108 2.847652380702641 13.08469470325566 13.56505543803336 14.180615430604178 12.51071554397397 9.832652471439271 11.380516149872168 3.3196752013189395 5.95800126814402 3.1351240875782307 14.488958857989942 12.984857384454193 4.511012006201715 2.2058887361037227 10.052347063160534 4.931192299521431 5.294843845145529 11.539661865587322 4.929690190260136 13.792208266518399 1.8195218023308237 6.160805467238188 10.762001327394069 5.063594023494629 14.945045540557103 12.076855911222019 13.500062501885594 14.038284046017198 5.342265177722541 12.634563878467613 10.888010695020053 9.497296355283954 3.872980503556237 9.548465478545332 7.515063133043601 3.929493698537792 3.3532083176295604];
euros_km_B=[27.09629782142539 24.882388684256643 10.538532594719413 28.7885819808116 26.27272103121271 6.691075672898118 19.516693779356114 16.733969680595678 16.603283416447617 28.87111870851164 8.556177365065068 27.838235988491263 5.805450207635304 18.908903003608152 29.719650566410333 3.604304739886232 10.142746831914518 29.810994063309543 18.967315919130716 10.384305236843725 26.44547772083875 9.826059450621267 28.109258517567838 16.27262207251384 28.434481883827992 15.176650898172474 6.351434412500371 4.49479824552176 15.886489478783655 11.587320159234336 27.155084416756978 7.619962621925364 28.530398790540897 10.986966357730596 19.471538076468573 25.57561289816757 19.456352683241654 21.04323792007981 26.594115689476812 6.982646760877456 26.54339104673136 4.163874346841353 29.37249513623185 12.085259587212814 12.441767754812307 16.8394637079941 6.86500537202749 12.607081896915748 26.84472685087874 4.569282920281431 13.876046606633745 20.730538748896528 7.6697437561784225 5.281644944143029 15.121037648834127 23.126563971883606 25.71790472170363 20.128948850632174 7.8666765151096705 12.956534099882797 22.040950807300668 13.326501439421806 3.5066253788174246 14.096864034055889 5.106912861369354 14.851132552356619 6.594171831753387 24.23960991360631];


nDrivers=65;
max_D=[174 210 171 231 228 124 122 185 182 219 147 166 132 218 178 217 194 234 174 153 154 144 159 173 204 130 192 238 179 156 237 145 228 134 166 217 190 204 221 158 160 196 137 220 230 197 135 227 179 218 225 160 167 131 191 225 142 200 122 196 219 120 157 152 184];
        

nServices=70;
S_starting_time=[9 19 350 122 645 670 150 217 145 674 4 441 127 75 615 95 441 544 720 152 275 358 99 387 257 155 663 590 210 472 444 492 408 180 448 267 54 498 385 466 668 179 254 526 293 306 237 643 48 463 286 551 459 286 164 510 5 24 206 605 269 162 381 48 606 58 102 301 687 634];
duration_s_min=[63 60 70 72 115 83 94 66 64 89 116 93 112 62 64 78 82 83 119 60 85 83 82 92 106 78 99 80 119 105 115 107 105 70 114 77 81 76 120 69 105 120 75 112 88 92 97 98 62 71 111 72 80 78 77 90 95 76 106 96 82 110 97 74 80 117 105 95 81 65];
duration_s_km=[37 59 31 50 38 55 56 55 59 33 39 45 49 57 31 37 38 56 38 40 30 35 31 46 45 42 49 39 57 38 54 55 42 54 42 36 47 45 44 41 31 40 37 37 36 45 52 55 59 37 37 56 41 47 45 48 31 30 43 47 32 48 57 30 45 42 57 45 52 39];
num_passangers=[92 58 33 67 54 36 53 58 41 72 81 67 48 51 45 31 52 59 38 51 80 30 93 56 60 79 48 78 98 34 54 76 62 30 37 39 22 71 52 85 98 34 43 100 59 54 43 100 33 78 96 60 89 70 67 37 89 99 51 33 52 91 39 47 80 91 68 24 71 40];
BM=250;
CBM=0.500000;
CEM=0.800000;    