nBuses=117;
max_busses=112;
cap_B=[110 139 21 45 107 137 80 47 100 104 114 84 29 28 23 66 45 132 66 98 52 81 93 49 75 76 133 58 64 138 116 88 73 55 81 96 94 124 52 32 81 103 80 124 104 46 110 46 85 55 58 131 83 65 93 41 22 30 35 38 127 46 100 98 75 26 44 50 124 101 100 39 80 26 112 100 27 97 92 140 46 61 59 132 26 67 53 86 132 138 119 49 101 43 62 60 66 84 115 83 34 134 24 129 78 53 36 128 116 130 64 127 62 104 108 63 44];
euros_min_B=[2.8740840394161413 1.6073527085406756 3.006649890849032 3.5844677016400164 10.302522819008596 7.934290025360157 5.644665047324795 1.909948160057937 9.353012608144558 8.0044135803823 5.928787813041264 7.2747665186218775 5.750163475722008 11.138882024684738 1.5027082280374329 1.2568589625956466 9.520538590895983 2.5493449074249837 13.058786124260914 12.162509388442409 3.362518641919385 7.111841331183168 3.203630278519178 7.335672028639915 3.142210364057212 9.056907840844472 8.955185616422618 9.973150648705241 1.2550250796344735 13.665067835024804 2.979132689898297 9.29365502665252 2.478378794707547 10.249425042990776 3.110537188238622 4.33555525596546 6.537525097593899 7.855195807673759 7.87477159102467 5.9554851917632625 12.641829125999038 10.73887158687949 13.654070433099992 13.122642275784546 13.529420569812947 10.657946232674433 4.862833636502064 11.667435014329698 11.457929973641079 1.4229189874886705 13.584018865942802 10.684162844136328 11.439156919014472 5.044235617000759 2.8462723580121994 2.831854219129898 2.017152479149358 12.498491983412702 2.252692703422746 11.983162912642587 3.0600669278609347 1.5710800587151366 4.035994097311669 7.2531217169605515 10.573432669950918 4.773420350551458 13.222167647925735 13.09309955202253 3.3501662310013707 9.354245991840932 1.695926814610045 4.003596034710502 12.412041445416506 9.179017425713836 5.571577244910123 8.042142075157285 12.488343335645304 9.687993117605677 1.5395498116549382 11.264140068956316 1.2522947297250275 6.154993803274257 11.104462176918348 12.011815536116687 8.404750524914132 11.156861943011913 10.83874145075447 7.323575549619633 6.881169085319206 5.517122769151138 5.1503893551539495 8.008187040592041 3.006814428131155 6.601198645764147 7.759966033974035 10.060365439726572 11.116864697402447 14.2848471204137 12.24233663544485 1.226328624696914 2.053933505877164 1.9057672402471666 2.2048586641530887 5.2400948395633105 7.988803042887064 5.300940635137551 6.173345488273763 10.893426752495762 5.589788166221572 14.64730125448585 2.6416723266821847 12.342218501666101 13.593745780378152 12.734801979351582 13.996758946668944 9.319995318422016 1.4442083655389149];
euros_km_B=[8.929342399226158 29.50290078089305 11.843349561434442 23.778958467158436 9.454201833892768 4.1279242719836295 27.386217411757524 1.1822664443286441 9.033537158307483 18.516827547242872 28.270619511523304 18.84462998165446 15.675270565584256 17.205164391220254 15.304139392542808 17.709842167199557 17.489673724935276 22.314179806246628 23.509819189767587 27.851553708218372 29.97940462806512 8.740383204864575 1.0980995851950293 26.797197499733365 17.465500685177098 13.379383212070799 14.85921671103888 29.740378045064674 25.029392758983903 10.32933907369744 7.971469464550169 7.073395111051246 13.915485901184125 18.738829006301277 7.717225329483009 22.22224414382822 5.7397101626654115 19.64030585356122 13.015571000895976 7.22420263200035 3.7061470848980105 26.78653035956514 9.357871397828466 1.2334058036588922 9.588944880153289 25.76630144965267 4.839458501105039 10.07144149100224 20.86046700022251 29.170580383923244 3.852364752296956 15.35078819533563 3.1718959625958685 5.386600871260324 2.83905449087856 28.011644496059812 4.613836166963829 21.432276246092403 10.717057018777561 10.935293467862186 12.964101201678623 28.802756415528833 18.746663966393097 13.464060981016395 10.242244061811219 22.87695905111316 28.449591597163366 18.60062302575605 3.5042581258148755 13.755422019465282 28.80105962354873 27.101384010130957 23.738278723849014 18.37054984202353 7.075965443628131 1.3823867263549978 28.679291146972798 18.587570087447215 15.2477891440871 9.233194536445371 22.965707087165654 23.88070918672461 4.2776931773348 6.8449610410694435 24.886461605434434 17.302993675601222 21.649960432106525 18.6824934055623 24.011648992619577 19.378199868640404 7.555600442254838 24.86515757164342 12.941188986772357 22.192802846046014 1.4732476242518833 9.874060478612918 6.147094690837271 1.5880010876133173 12.273223204937041 1.3310384609904102 2.803632596030039 29.0498684677781 5.261147892608983 27.640694843006628 24.943342119277588 5.729880799857498 19.106637249005843 12.29498069336265 13.001355198238405 28.687238171294855 13.549469769045801 5.7801851503751385 10.558885823744612 25.181412336472643 11.123584147139807 13.324999453254616 7.6879283348149485];


nDrivers=114;
max_D=[219 233 123 178 213 150 235 191 163 189 178 199 196 229 132 168 134 127 198 157 200 121 141 184 236 238 148 210 188 133 129 133 178 218 231 144 140 235 198 205 138 199 204 171 166 151 187 196 144 222 225 145 190 223 230 150 130 126 205 131 160 195 171 199 222 239 165 179 145 134 161 181 125 128 167 166 212 212 199 149 179 144 212 180 209 127 131 184 174 228 135 227 229 202 131 218 183 181 123 174 134 220 214 195 157 218 225 142 150 166 199 211 200 184];
        

nServices=118;
S_starting_time=[138 602 465 316 522 675 455 307 251 280 275 373 525 364 426 153 318 387 34 407 371 546 150 33 45 395 443 113 6 194 316 191 297 480 425 234 460 54 539 505 138 381 496 667 699 366 223 714 158 183 596 400 456 108 282 380 146 658 420 645 496 575 251 560 455 666 699 683 559 547 229 620 643 227 595 174 467 504 561 23 606 260 452 60 622 578 686 462 514 622 325 489 63 660 504 318 673 501 548 539 86 194 534 285 601 655 524 136 539 252 619 80 592 484 52 662 172 418];
duration_s_min=[73 87 81 78 74 74 116 67 86 112 90 86 104 113 91 94 69 78 107 90 68 100 112 90 77 80 66 84 78 95 86 117 115 93 99 76 78 99 120 74 114 109 84 93 111 65 63 120 102 80 80 91 91 104 101 64 75 70 63 96 91 83 60 74 111 112 107 115 115 113 78 95 72 63 77 72 93 77 81 115 60 98 91 79 91 105 86 103 93 84 101 91 64 103 76 97 118 104 107 77 60 96 96 82 88 97 60 90 70 113 75 80 84 62 107 86 111 115];
duration_s_km=[37 33 52 51 60 47 30 45 41 55 45 42 31 54 60 35 51 45 54 60 36 54 44 58 33 51 45 34 42 53 41 39 45 46 58 52 56 36 31 49 32 54 37 43 46 56 36 46 59 54 42 42 54 32 45 60 40 57 44 48 52 39 41 56 44 35 40 58 46 57 49 48 42 58 60 55 39 30 32 40 60 52 59 48 51 39 36 58 32 52 42 52 40 33 53 57 36 55 47 37 50 34 34 51 42 33 53 30 55 43 52 47 56 42 46 48 58 30];
num_passangers=[93 80 47 37 93 76 86 82 27 62 61 69 86 37 34 88 78 96 88 39 64 49 92 66 42 56 50 84 35 50 79 35 93 79 43 64 65 82 41 52 46 30 21 55 52 39 28 71 73 65 59 94 69 24 99 64 27 93 90 89 62 74 95 74 31 55 60 73 67 61 40 46 89 96 32 78 73 52 64 95 20 59 42 90 66 69 30 79 72 47 42 88 27 83 93 36 79 67 24 43 62 23 55 47 83 49 89 47 87 33 86 81 52 30 90 99 96 45];
BM=250;
CBM=0.500000;
CEM=0.800000;    