nBuses=74;
max_busses=69;
cap_B=[114 112 40 88 132 99 134 46 32 90 140 126 46 125 73 83 134 92 118 110 68 21 66 25 74 96 62 110 109 127 32 125 104 104 122 112 81 62 84 34 91 132 59 110 64 73 71 70 114 97 70 138 110 43 40 81 137 111 49 30 140 135 22 121 91 48 133 108 122 90 131 125 101 131];
euros_min_B=[14.881288573195254 13.469566172024663 14.264489847224795 6.448434002214287 1.6322905802069492 5.329482929266931 14.818594941291776 11.267298318622869 7.7043384869994975 1.9567681028450308 13.562311651340849 13.542820298421772 5.471613607912703 6.366702109185397 7.90884783490964 14.902440421211107 8.450077643756417 4.049247807651414 3.8497594609407124 9.202698694694522 8.523122085609858 10.605751895639354 6.526814259152752 8.571991850301202 11.66493655173147 9.894806974656738 6.578605424000578 6.431354807640689 11.461457290527749 7.139614829229454 12.588010937856748 11.066783150551457 13.442746112612495 3.142722865351817 9.086635009584075 14.798431691701749 4.759251305154368 8.975806315432177 12.042292337457104 9.292529375495986 14.874662325623841 6.656111351316016 10.78403320986846 12.824379020057917 12.609774843588593 13.214665330949606 2.1357678794520814 14.442893561849733 5.129687459629047 5.7768955894047265 14.303301791824758 8.1565244165261 4.1382084925925025 13.300155551753535 11.44149680258001 7.348564356386938 12.848697025525386 14.576581329112827 11.813745012064615 6.990529443890336 9.22479574646852 6.342922595755025 12.3627316070276 11.753687829246717 13.81958243810696 9.899925795992718 2.9347938429190217 7.9561875755901 8.504395531068544 8.280538266189323 11.990851491057324 4.6067553903726814 6.56613978759453 10.65400608132086];
euros_km_B=[16.923348638304027 6.3282567094435995 16.98270077304268 2.4037544113602287 23.260113297060155 19.27495227658619 28.25681454093397 16.333776203093926 1.7503365623002751 5.095847534219182 25.929684751855167 26.242058349586166 28.566905993622537 1.5516266110827879 6.193945846041044 16.647577898815364 24.368012522663758 27.6576575565908 11.373837879598275 10.647011466048594 21.777183959501617 7.734996280521726 27.790274415976068 4.700588115391462 25.629081389055425 23.353019707819687 22.586833138739305 19.26528048451031 20.117455046279378 26.174907132205153 17.317657292732832 15.390082568408873 14.707113756540947 11.118003591303902 23.09195690330006 4.126690256662593 23.88769020661808 1.385021048202925 15.470001593270805 20.1750896854698 8.864781749242034 1.221287320523858 10.150743844039333 27.66564993375222 19.783705922073256 3.808097065361529 6.925038430355164 10.288078602529293 26.610571903294563 9.108125780668702 10.365466837850875 1.010209799147551 9.593152408658272 2.026403730956344 27.993305070068732 6.022988818253208 12.374399111851323 16.749204390826783 29.348821142787965 6.419378046090373 16.94452476764256 6.6807749092446755 11.231188584850669 10.613174140871319 20.97343303346729 14.562840038764737 13.238416177756909 4.45812591170109 26.49251106258634 11.692779201798427 1.287039372380794 2.800308550826771 1.4517395355372447 21.169342645187847];


nDrivers=73;
max_D=[162 220 175 160 195 213 225 197 127 181 203 196 176 216 120 202 122 210 204 183 198 230 141 206 229 159 165 230 132 191 239 239 129 202 173 199 180 157 206 227 136 220 143 208 210 174 236 131 222 221 164 204 211 120 154 220 189 142 193 188 218 231 122 172 156 203 229 126 182 212 133 206 121];
        

nServices=77;
S_starting_time=[569 29 72 626 394 312 267 114 311 534 51 275 693 202 466 102 272 255 542 469 202 3 662 42 388 321 15 565 162 655 526 570 641 120 625 147 642 318 155 316 132 187 481 586 685 78 295 334 587 538 97 77 417 668 396 676 147 608 342 249 59 263 301 74 137 518 20 397 542 303 4 337 106 43 458 85 45];
duration_s_min=[116 66 71 66 78 74 111 104 70 80 97 75 79 73 69 82 89 105 75 107 106 110 97 88 68 90 78 79 110 73 111 74 72 92 73 102 107 103 96 108 108 93 88 91 72 61 104 97 99 107 68 98 89 87 83 99 108 118 83 98 117 117 117 109 78 110 66 100 106 107 116 89 67 114 105 66 102];
duration_s_km=[59 34 60 44 47 58 53 51 42 47 56 44 31 31 51 33 55 44 52 52 35 55 32 31 60 51 31 44 54 49 52 50 57 39 56 47 60 30 60 49 52 43 30 40 48 43 34 50 57 43 52 41 43 31 48 40 32 56 40 54 56 40 45 31 38 42 34 49 58 42 39 58 50 48 57 53 37];
num_passangers=[90 72 87 77 53 80 22 93 74 50 81 59 58 100 98 77 53 95 94 39 79 47 74 24 99 88 72 32 97 38 66 56 93 48 31 29 87 35 23 66 46 61 26 27 57 100 56 49 41 90 41 74 99 76 86 42 38 77 59 58 64 77 40 76 75 50 58 79 69 42 82 21 72 31 32 97 79];
BM=250;
CBM=0.500000;
CEM=0.800000;    