nBuses=80;
max_busses=73;
cap_B=[68 59 74 32 129 85 20 102 140 39 128 139 52 36 113 51 69 97 134 24 34 96 67 52 33 138 126 137 82 110 23 76 44 60 109 73 128 63 29 77 92 50 55 100 123 128 54 101 51 42 82 79 83 33 38 105 36 41 96 49 103 123 116 115 52 66 118 54 94 73 29 50 54 63 58 133 84 51 61 73];
euros_min_B=[10.87130488488414 7.0032688100884615 14.929972581002389 8.596919103532032 11.314619174467172 13.668593096711184 9.759734635416589 13.157056328702499 4.203776134810334 6.411708309186965 7.3817982994678975 3.007257642670496 3.802466569488909 10.58265748095484 10.023283071345874 13.795248335810882 1.9250995514712466 6.216959089434859 7.964643473051845 11.334296948284909 3.276327419566973 1.9529349742941857 10.216331664289793 1.99004296983422 5.22935552434623 5.147135570369128 8.093871178270142 8.549274222706112 1.4494424655301656 9.196469975113766 11.245562934456869 1.9077135033808286 11.045890485855022 1.3042221632318558 8.966103891406508 8.283884463503707 10.554933755431016 10.334917839150604 1.4561802979098721 5.116254046433866 13.02252111187947 3.492527542223511 8.283238882087424 1.6104730003427647 3.483534533171971 10.649685168644162 11.026380283528283 1.239048529492959 14.852620628830632 6.441290486563127 11.252290457262987 11.629102622931185 12.958566307302311 13.318083122311394 6.816499028680333 3.642534692453091 5.318302174045405 9.260745629374512 9.598088647994372 13.851455665058 3.904901620921595 5.863252908903715 14.588535567102415 12.679935458425934 13.207362667363487 8.02667616660905 13.961764981488388 10.616036126626017 7.692334627917979 7.670881451130034 14.893180787560096 8.964724874778554 8.409651078271352 5.925913150489576 11.9309374905202 5.624016012695367 3.0147506060604488 14.289616944157423 1.8659943964819024 8.158848333579797];
euros_km_B=[3.3936157108534126 3.633331902103417 11.124968502718207 5.304846160255457 19.74789010369634 14.036355439242243 7.6629743908784835 11.482763615189508 24.055811910856804 5.683525453812056 5.84003473444745 27.323087634188443 15.316821572765944 7.80323875655052 23.969597314902387 6.28883675386899 26.044597639546247 10.223189124093288 21.096839293032556 29.295845002732353 4.002833239686053 7.8598353890398025 9.228329218922694 21.390343089497318 23.605302762241806 10.040924576599911 1.782975180825321 18.28669673688143 27.783190253420695 1.1784200134706557 27.83989216183091 12.506706896294286 7.61674808575706 15.071008983403667 4.101030720235661 10.741649785548654 25.36361369483225 19.665440677775173 6.011208589035238 7.515067028255718 22.31424202613526 19.07235237044092 27.857535377943314 22.059504657878062 5.568424346248306 1.8702789249487686 1.8964623786964983 16.483637886226816 18.905737748304908 15.72263220810093 20.530441315944756 15.54739066437682 26.630784006198354 9.126869322265549 5.653322681216193 21.775849969818033 27.275975082724894 2.507660466331418 14.580975332677776 5.095062274431015 17.009110929766745 27.768338109656252 28.791752659533618 25.995864270582477 5.366856337616634 23.731908508015167 11.826279247519352 23.989258821368445 6.501186615320671 11.772669718525963 15.192029251858017 16.99848978933537 28.602630093700515 2.56980044651278 28.00187899469436 24.363716245854175 12.430387311376663 26.1315175926317 20.526470240611022 9.994202871977059];


nDrivers=84;
max_D=[121 175 150 126 189 180 208 222 177 151 186 206 184 218 143 215 154 186 235 233 239 190 149 175 194 167 213 120 211 223 194 192 206 211 170 161 225 218 206 201 223 147 136 193 148 149 130 167 225 170 158 160 195 190 227 194 126 218 214 217 238 238 184 138 125 160 122 124 169 125 203 234 224 216 233 150 228 176 154 194 215 164 133 211];
        

nServices=86;
S_starting_time=[330 326 686 232 174 513 319 127 586 436 320 680 660 621 142 333 396 183 521 315 467 80 612 273 79 125 39 128 256 76 225 331 8 71 358 612 3 87 277 325 281 574 625 714 296 660 10 53 539 141 381 515 546 74 191 320 234 263 255 375 125 136 62 178 303 417 653 212 713 148 111 176 373 578 658 628 472 706 181 388 106 552 592 315 269 556];
duration_s_min=[80 99 114 68 79 66 116 77 114 96 64 118 78 115 97 113 62 80 75 69 62 66 108 115 73 71 74 116 75 82 84 62 108 68 84 81 109 99 68 100 86 116 86 91 77 91 97 80 71 60 69 93 64 87 63 84 104 69 83 63 83 65 64 90 102 117 91 107 83 94 120 76 83 107 118 66 99 61 75 68 87 61 120 68 108 120];
duration_s_km=[34 43 56 36 47 40 56 55 43 38 50 42 56 35 52 39 37 53 47 36 57 60 33 55 31 56 59 38 45 57 33 48 56 37 30 60 48 58 43 59 47 50 43 31 45 36 46 39 35 55 44 44 32 44 38 40 32 56 40 52 32 49 50 41 59 50 46 57 45 33 56 56 54 38 49 43 46 38 38 45 60 39 47 36 44 36];
num_passangers=[71 29 76 39 40 33 38 72 41 75 85 62 87 84 69 41 30 87 32 40 78 49 28 48 36 54 44 61 96 70 52 69 65 39 28 84 93 70 38 56 61 88 38 20 28 52 24 36 52 56 90 93 44 74 57 54 99 80 97 34 86 45 41 37 71 46 61 85 74 28 83 63 34 61 77 88 34 80 32 47 92 65 48 72 53 94];
BM=250;
CBM=0.500000;
CEM=0.800000;    