nBuses=98;
max_busses=100;
cap_B=[32 70 95 64 44 92 127 67 65 125 117 126 41 22 127 43 28 90 31 124 90 42 47 42 78 63 53 59 45 41 30 83 99 71 50 101 99 119 22 55 23 45 50 78 136 98 78 128 98 42 69 53 79 35 83 34 36 102 30 78 70 25 86 131 47 122 100 83 48 99 21 69 138 88 63 108 22 131 104 78 48 109 96 62 54 26 116 135 53 34 86 139 83 26 44 62 100 72];
euros_min_B=[9.84487649342233 5.733252976775477 14.845073800776412 2.288884174613478 6.896554477787159 7.834535410678825 7.822710520027755 9.361007340568873 11.473080865189004 6.977699029088299 5.526914737882885 6.958980119242996 10.768202361137353 1.538667012115473 1.758907755509607 9.096466702029147 9.368457319713688 13.455464605070532 6.390583986700749 4.076028521345978 9.484764006616752 2.42926496538605 9.4132605510349 1.1768408813232532 14.883524348258605 9.214010321228207 8.924158094486154 13.728207103038873 12.142368134311473 1.6580626041645934 10.891801831044166 5.431892349566267 3.657542493149548 2.9539132026398383 9.15616383651494 13.701476913097196 4.074638729327409 1.2509288189614574 9.479176504570333 7.793027502714563 9.11167297652754 5.5239456929326325 12.006247355088348 5.029903054937412 5.704128835582025 11.21381317232146 4.491690611610491 10.736905829560653 8.309556386764426 13.28579112483756 10.518605376772582 5.4078517922195966 4.652370692946668 6.83370765479845 4.551172941592446 8.073279552335709 12.408220343172648 2.83533953403224 4.295643374777814 13.911444708287016 8.830531617825981 3.0504583109841437 6.6164723720308976 7.5439465345024965 4.180439100551161 8.999116669171734 11.061151256939642 14.438577519632695 6.156824701364149 7.238591462719339 8.958242321890259 8.779437066336062 12.516686409385342 8.651304167691867 11.585056989255483 1.7720775667051598 4.077540151290766 6.556150475933832 7.241407615992946 1.2005561590854104 2.9754927819761017 7.829747656887358 13.76423164624985 4.930360226737559 3.045072876768706 3.5447134183316926 6.163887155998478 2.475305927954886 4.025465553446208 13.855773205261201 10.58148722185903 7.486154879984194 10.516740185977696 13.808667579099842 12.877039859876891 5.187578360694127 3.8683384067738302 9.566925792325096];
euros_km_B=[24.473406014695566 24.427309407890682 24.157027171592848 4.484083075583227 4.5785902708832396 24.912174682876895 22.23854969035631 11.644565135045552 11.532137693687014 18.25251139295343 19.766914546027067 17.99194739153277 20.856634975392726 13.862880195891844 27.472969410378088 19.36638665686142 23.592987170042736 1.7119013781835746 11.641371771522962 20.144010261674687 14.226376103022371 20.893460671562853 16.097953914702064 26.17596816601565 29.62705756629565 17.96264198726029 7.8783099456813686 27.069134442892846 6.492525352993905 15.448138933450469 4.531062541543661 16.372539160448277 19.392251197436128 16.2766080866684 16.174819128851322 2.5451921111571747 2.1929720332655758 29.54241126763597 4.6032276888516535 11.04508298131015 12.310657837120543 8.442322813668447 22.041241245062082 17.251096937146137 27.591686157236172 22.863958083518053 11.071823411923493 4.584118435703347 7.671336775544941 27.266897318553475 24.136742318589775 3.8168615578156455 23.590039733633194 6.211700969140903 18.97224304864596 7.478027997203744 12.724059894649624 10.200756041459101 23.834320774549916 4.0091625452918445 8.801562314350779 4.6850178535488 7.4896061485973595 28.309232138535826 22.60073393951647 15.521681468900717 12.661899865562813 24.356256776414323 29.225723177014526 25.30479307572116 8.90980998889505 22.8090302136834 7.915863017806771 24.520305336205436 23.44362810439738 26.018079511743277 5.20282848344802 19.08053388468611 24.8120118104516 25.326195822375634 21.670399359048346 1.0813583954977672 6.181706204625011 15.638153112364481 10.12905114256464 29.62654616056402 29.84585363410356 13.454263317096782 26.089935956838698 14.106072614616979 22.599681424425487 4.458013820132539 18.340301445271052 15.352323432980032 2.0201582819600263 10.40508509238973 24.63176502084234 23.96080150313454];


nDrivers=100;
max_D=[156 146 139 179 214 182 216 218 201 203 189 199 163 130 132 153 200 147 168 211 169 218 141 191 219 122 132 232 207 203 179 168 203 125 183 124 179 216 226 225 233 163 127 179 233 186 139 176 203 163 143 200 154 193 224 240 127 165 197 221 198 122 235 181 191 162 124 221 216 121 169 191 169 194 140 129 126 152 141 132 181 194 231 190 229 185 185 221 160 175 190 151 224 178 145 203 166 229 159 170];
        

nServices=104;
S_starting_time=[59 591 164 514 531 583 46 616 71 256 24 88 494 629 181 299 390 9 281 407 638 58 54 44 628 17 109 604 419 421 393 270 615 235 302 550 534 643 564 154 461 549 555 701 456 319 631 566 25 208 433 245 616 147 657 386 196 107 237 524 422 547 263 24 45 270 3 214 257 478 322 106 452 205 436 510 131 60 440 475 363 450 67 604 690 311 357 613 277 86 567 510 604 539 187 512 191 538 397 411 156 361 168 516];
duration_s_min=[117 74 92 114 97 95 112 100 63 82 66 77 100 102 115 68 77 68 75 120 74 120 60 84 71 116 107 110 109 111 117 70 114 106 99 82 119 88 60 94 72 95 98 76 63 71 85 107 83 96 60 60 70 99 90 65 113 116 99 77 74 67 85 67 84 116 92 67 106 91 101 91 106 96 69 117 64 116 84 65 63 100 83 118 112 65 79 104 115 106 111 77 94 109 79 95 82 71 72 111 92 80 111 108];
duration_s_km=[41 57 43 34 44 49 32 44 36 34 42 32 46 52 45 46 47 45 46 60 47 48 49 54 37 49 57 57 58 58 57 58 49 42 54 45 38 50 56 57 34 44 33 35 48 48 36 40 53 42 59 53 44 31 59 60 42 42 59 59 52 55 38 59 31 48 36 59 47 47 55 57 60 35 41 43 49 31 40 43 51 44 45 35 36 46 36 58 50 30 35 53 56 44 44 31 53 41 56 51 33 34 47 49];
num_passangers=[42 35 57 92 50 53 45 28 96 49 28 88 62 61 99 48 42 88 55 44 69 58 34 42 37 20 50 36 37 88 70 41 68 84 85 82 71 42 91 72 93 59 22 72 29 58 94 63 50 27 89 95 47 80 23 87 67 81 47 95 59 68 39 51 25 68 86 35 54 31 40 40 56 74 28 26 32 39 50 87 55 58 40 69 61 72 85 34 90 95 89 73 32 40 89 39 47 42 67 55 32 43 64 23];
BM=250;
CBM=0.500000;
CEM=0.800000;    