nBuses=124;
max_busses=125;
cap_B=[136 115 112 32 70 113 131 41 31 107 30 70 20 138 125 100 101 140 47 23 27 76 72 87 94 37 135 29 63 93 68 37 107 76 140 25 91 33 89 63 20 39 72 62 130 116 85 79 27 114 44 117 134 68 36 51 106 140 72 88 125 138 105 36 46 62 57 87 95 34 79 72 79 107 42 124 96 36 59 45 86 110 67 118 116 40 56 93 83 92 34 43 129 75 103 88 22 87 65 124 100 78 42 36 83 132 92 31 127 78 59 125 77 99 95 78 46 95 61 106 125 33 93 48];
euros_min_B=[1.8235123458282176 12.265272630938188 12.193490242404817 13.02134829093777 1.5312364508754805 9.0026723437829 12.726552105669631 5.929469380692556 12.644428271174421 12.972373527457204 14.574379408312994 5.0975234472091335 5.926732435263359 12.485649838381832 11.36198447711819 7.688655149489609 9.12234362282309 10.341428384590746 11.255202391402799 10.513852616420616 2.2814845752551207 5.056776685450657 1.1057594388290284 7.591531668046025 3.480590745213514 8.760616209603198 8.795227265434686 2.1025840954459785 8.801329014857622 3.5756401633850516 2.778543592439939 8.732757192141083 11.304463707624906 8.499244071755086 7.603804314040017 3.9902782173521216 8.336666033765617 12.16609404447731 2.472280647204216 7.531150183057718 1.4170512133424351 6.644255475226863 7.99046394294175 9.216906828281264 13.008205756109739 12.489846961092981 3.093187808117876 2.811878799019439 9.375105900452699 1.6592402042032914 2.1962170300026673 14.347559517311467 12.519204150690387 1.6859863209617525 8.864761981875448 1.449133372079562 5.102944022493849 3.7518016433400208 1.12261396079674 9.425808161449945 8.992784833101247 8.57668037871511 5.085691425293194 12.38814483257019 9.287068582472699 9.603406727579372 8.622474692515528 8.991046289211278 6.940195328622152 6.512954196701838 2.131713512584567 9.508394149064326 14.738053240405435 9.089037991406428 10.62483945631275 3.5842404342905416 5.771163000735461 4.5913464670443105 4.300015232835925 14.009824740529359 12.837887082754525 14.26347356529619 11.704500198590818 8.505729010652377 14.775212256112633 12.527520086489783 5.527222206691944 13.816439554798961 10.108066647802874 2.838630750229198 9.367737782209348 2.882694689310026 5.001629021482906 10.725965211697314 1.998548517851086 1.2626986254113919 6.426154213746112 9.851930561254997 12.731855093560513 2.5850997716570654 12.224447684297953 9.444621269269273 8.467512153203819 1.7627416163596141 8.006515240912169 9.391547526022398 2.3146527826486483 11.151197059476207 6.545588511591241 9.465080614764247 7.358039452028496 5.3596696012826035 1.6342514737943519 5.7464824775309 7.867495299145807 7.695616205221291 5.807435941839206 5.448036531142511 5.7654554554885475 12.966689673623263 3.363245845627546 6.728553183424658 2.3393096657765713 9.603349336589414];
euros_km_B=[14.873227297094635 9.849182625139647 12.200524510614809 4.522821821516749 7.790032901018703 21.027963990110116 12.516548507914859 29.36827350249512 14.0103238192029 21.806818907313364 16.795487591226397 10.496325602439933 12.734316624724586 14.991234528656916 9.893631881536601 25.366617720350256 16.8480061766386 2.8989266446460262 13.168026050496174 20.717740028796776 14.201865958992165 14.03995057244129 17.12129593972053 13.996804384094832 29.389171721976396 5.82048596105057 20.21205708068973 25.33282020529442 3.976475513561952 20.050569534958253 24.158602324863526 21.91169537116335 13.93091782241599 7.472856521122611 27.87023715173422 2.400736941468954 2.6343624617438586 11.004665381756809 18.1485647846055 21.002643482522306 19.508743898864786 13.45659960462146 22.803429835209226 24.11151073782146 8.983762901704168 16.22065328380193 22.180572564145717 29.203920336215706 3.950871980614219 8.278912686734172 15.786134092546813 18.14714293471047 9.591004957564792 15.947185462459254 22.533138040227783 17.61228701479927 12.39549023676281 22.322615839339836 24.535090903784585 15.474313290432784 27.226244054066658 20.393417714117202 3.4828371560378963 11.19552007926527 19.628579890663605 15.131152364927436 7.434250345354954 20.8778126098389 9.900021565998271 23.568080925164352 17.290540139459512 9.750261325597087 22.805280284988825 13.890608237161986 14.730033465598899 24.822318465498068 29.615542926896634 29.055670021940845 23.94291279392346 6.8064272052753 3.361996969004679 10.562422635046705 2.109738403062905 19.795179487250753 28.558624375312167 8.96604328928058 27.26107226007783 28.463003886693052 9.86823926510883 18.706936292491957 4.928647630953862 23.1251454944188 17.821109579888226 11.542147371003917 1.493112687873074 17.914071534349304 1.5577862718322746 3.6128400380943058 13.946087997030759 24.22134464739963 25.364278030906558 8.422049957832968 12.189374823511812 19.119863788620876 17.849168287102017 21.023342945093543 28.804943360705597 11.617981247483089 6.000952809837915 28.592986927028818 27.202475850378754 5.015405935496778 5.908378649692484 8.614545417223257 18.37588060604495 14.67850697479039 4.4374882680923395 1.18690726954808 22.42373884523679 9.791925866573413 13.051693207874191 14.808439338665448 11.335986825122223 3.5969165322572634];


nDrivers=128;
max_D=[239 240 220 207 145 231 157 183 200 228 225 121 156 225 180 203 147 172 201 123 233 204 213 145 186 148 201 129 142 238 138 210 235 182 179 149 150 122 151 238 186 148 154 233 122 201 233 222 237 168 230 200 152 142 236 165 191 213 226 180 179 128 238 133 202 239 143 208 125 226 215 201 180 235 133 156 210 210 173 125 225 206 172 126 203 179 202 236 225 166 133 146 200 124 148 139 178 129 138 172 128 148 239 145 174 130 163 180 221 159 185 156 237 160 205 171 213 213 168 231 207 221 120 158 207 166 153 126];
        

nServices=131;
S_starting_time=[84 279 511 45 693 710 11 262 211 210 119 615 198 115 479 202 412 675 156 570 696 315 193 146 401 15 567 103 214 29 630 147 538 521 627 266 609 538 96 686 373 379 327 142 434 627 661 111 281 178 301 443 321 69 688 198 281 339 438 159 288 451 167 645 12 326 367 345 482 228 162 610 319 340 604 593 568 562 671 196 532 458 307 175 388 689 515 181 386 454 281 330 706 359 552 93 656 646 666 476 626 717 217 576 251 361 97 22 317 260 209 720 612 476 254 674 198 348 316 352 506 570 521 35 302 366 647 699 219 318 660];
duration_s_min=[105 120 112 113 62 120 82 92 90 64 60 71 90 98 91 87 103 92 83 64 76 107 77 85 118 68 97 78 112 70 100 66 100 65 66 110 60 99 72 62 79 67 101 117 100 101 76 103 89 83 94 74 115 61 61 89 68 116 72 67 61 75 78 83 110 109 84 98 77 91 74 65 111 98 73 70 80 82 66 117 102 92 115 95 78 114 66 108 120 69 94 66 63 105 94 99 93 96 113 118 60 94 91 67 87 82 96 108 108 83 108 72 102 93 71 96 70 102 97 74 73 86 111 102 120 113 100 76 114 100 98];
duration_s_km=[54 56 58 33 40 31 50 56 47 41 59 52 47 41 30 30 43 35 49 39 42 42 58 38 49 42 59 52 54 41 43 32 40 53 55 34 43 45 43 31 40 59 43 44 39 56 45 37 47 38 33 60 33 49 42 47 57 37 40 57 30 47 44 45 59 39 51 36 58 49 40 48 51 48 57 41 31 54 47 45 33 31 44 31 54 32 54 45 39 31 33 43 59 38 57 32 44 36 30 52 54 49 42 43 52 37 33 50 33 54 42 47 53 32 58 47 52 47 50 44 33 35 46 49 55 31 35 41 39 55 38];
num_passangers=[57 90 36 45 85 72 76 96 35 88 92 46 47 78 88 26 77 34 31 55 58 98 78 44 20 66 51 30 78 100 53 78 31 30 37 84 74 77 46 73 69 25 25 65 51 100 74 93 30 82 100 52 56 59 67 49 47 73 81 91 79 85 32 57 79 44 96 84 29 90 28 58 70 94 72 60 83 20 34 82 87 68 47 65 87 85 54 77 83 37 82 68 71 86 61 67 79 57 66 51 91 80 99 24 74 21 74 98 24 95 80 39 66 39 50 65 50 27 52 29 40 26 54 78 86 63 67 70 86 79 99];
BM=250;
CBM=0.500000;
CEM=0.800000;    