nBuses=85;
max_busses=80;
cap_B=[25 33 132 132 47 100 67 95 82 107 74 57 36 44 103 135 98 65 46 45 123 92 55 122 94 80 41 128 107 98 68 121 110 133 89 20 135 108 81 83 78 57 110 94 130 54 65 122 86 96 107 122 42 100 82 105 45 106 43 28 132 67 36 103 122 78 125 64 90 51 57 110 33 42 111 44 73 106 63 75 72 25 61 38 106];
euros_min_B=[7.802345822008912 12.414290890706921 3.3736313694484297 13.10924221082815 11.031746246875691 3.3068264533906317 5.305925188574568 14.065940992716902 10.774153387391268 11.842384525729814 10.156386753419007 14.410446812668807 2.7688728121326935 5.138911717174846 14.380561274819348 6.897867906638067 4.907476908142628 1.8307193176468821 13.61658075266247 1.2646131281376993 10.89810557179163 7.285015577570702 8.442180377250363 13.279290733674282 1.2449023031730884 13.237655020413966 7.533931679885454 4.007447637250555 12.504182827424907 9.987380522254162 11.57966733435642 5.013926237506968 13.999194461953632 8.436387520098446 9.960975455490761 5.320020124773859 14.167821612752277 1.887520776066125 14.146501818816697 1.9907688352881503 13.713109379238906 6.062915624086067 6.256731478902589 3.20842792530539 14.900603238536169 1.9281764233085008 7.810205692715631 12.755483872928288 6.124073290739609 1.5251925039184555 2.3333743513791116 10.326788540789149 4.788464834900702 2.0587406327784317 8.485679376900315 7.499945089669749 12.638082605843133 9.961298896573739 8.877505879618138 8.639940721668712 5.49684155303156 5.684566176280715 6.272137827722376 1.6428993311638882 1.148856064119505 1.3856650970786717 1.4137846612108163 12.624681531280418 3.2632400010988993 2.4680896017074305 11.515494387034883 12.66319271548214 5.04484291130425 10.592747830566962 12.507381867330729 4.408495621812783 12.791395954526507 8.060731153330043 9.84547452058577 1.0219715269013834 2.2216875794440183 3.0583853633209803 5.266523274655314 2.345849132534006 1.4702579771312918];
euros_km_B=[17.48514352249127 28.986938185394887 2.8897747383716506 29.502582816360437 7.761353676836425 28.95116251758905 18.626547473222978 12.435574289073543 10.698013775174525 18.44216156409297 28.91983178819088 9.851804166360052 15.835983225946993 11.279393126875743 11.128994884466215 2.5043973426648214 16.594698916690344 10.897275369275706 27.0039410979941 2.455439516459668 18.111592844736737 2.969676339094453 13.851239914567644 26.952868294284933 19.48551171241806 23.683118572605 6.060757387289466 27.079166140344366 26.7692394814589 21.627933166033458 29.646001669063896 24.022571441737682 12.33240710879481 23.34697508203861 27.289989800467104 15.500917864386107 10.457668482348538 14.164680694682103 22.163501456923566 25.905004668420002 8.59622151793188 20.646297025084717 8.521201229764555 1.9205722772336253 23.217549374291384 28.13609289232065 1.498882275474354 20.66146813240676 18.338914109171753 19.521892999110204 8.804902678226462 11.984792110021425 23.892520882370075 7.5697592002739915 26.45714979562742 4.863193004649187 1.0796020614552564 3.2251558383714016 11.519094950667814 28.082216416672036 12.45806300666669 12.673737453552807 6.195265714885289 2.968717927458403 29.158158246088913 12.604932590430895 7.492619443798846 27.256890122843355 9.131452838470064 16.415374636970853 16.353611813054876 12.683738264711101 12.119143882021723 13.904263186232116 19.41908519972012 13.785711367656862 22.712534168595216 11.060117776732309 10.276454989869308 10.673649667506297 29.86717527642757 10.2179722778661 9.048047288426236 8.699696579583144 10.81829378186005];


nDrivers=80;
max_D=[132 163 240 223 233 158 178 187 160 218 210 159 221 204 189 133 190 126 198 213 230 187 206 185 198 216 207 220 206 132 182 235 240 163 123 125 187 203 154 153 171 201 180 124 193 187 196 229 163 122 222 223 166 167 210 239 222 223 179 188 127 190 175 129 193 229 183 222 138 198 134 168 233 174 146 161 147 224 164 188];
        

nServices=87;
S_starting_time=[402 666 241 157 279 507 424 49 637 545 12 449 327 199 417 418 148 26 545 116 11 651 111 694 392 83 273 133 285 481 333 619 658 52 410 208 668 325 434 483 518 190 43 656 590 633 63 135 39 506 564 351 542 70 336 607 450 77 462 319 278 499 46 400 16 680 300 620 34 492 530 100 687 703 339 618 55 662 33 554 646 126 586 121 490 626 386];
duration_s_min=[118 107 76 98 98 100 114 75 63 102 97 77 67 115 79 84 63 85 94 99 83 78 110 79 77 80 72 81 117 113 116 91 104 95 112 78 106 117 74 102 98 104 83 78 62 87 64 70 91 91 100 76 95 107 91 114 81 99 99 65 100 84 64 88 83 119 66 77 106 75 74 84 113 60 71 117 82 86 100 79 87 90 75 73 93 119 97];
duration_s_km=[55 59 37 58 41 39 36 51 52 44 58 45 45 41 32 53 41 40 55 33 51 41 42 34 48 48 38 31 44 53 30 51 49 38 44 33 54 34 39 56 53 47 33 60 42 58 49 32 38 37 33 58 34 35 35 48 39 46 56 37 58 52 41 54 43 37 41 31 31 39 39 48 52 41 52 39 40 44 45 40 40 31 38 30 30 38 49];
num_passangers=[30 32 49 30 51 78 68 86 79 91 40 30 95 71 93 21 87 88 88 57 95 49 34 40 99 83 37 42 36 65 50 37 32 87 41 57 71 87 94 49 91 100 57 69 46 89 38 24 81 38 43 90 95 20 47 50 56 66 26 33 59 84 90 44 79 28 45 82 94 84 100 57 89 95 52 89 92 98 59 98 61 24 25 42 99 30 98];
BM=250;
CBM=0.500000;
CEM=0.800000;    