nBuses=81;
max_busses=79;
cap_B=[103 46 135 93 86 54 30 82 125 119 110 81 93 132 97 110 94 73 107 121 138 71 130 58 76 131 120 77 83 37 138 35 120 33 126 78 34 138 60 65 23 140 111 61 77 103 140 85 96 90 120 137 86 92 119 102 74 73 111 109 85 55 56 78 48 121 94 106 20 34 41 127 29 44 83 52 94 91 92 59 110];
euros_min_B=[4.167181756286999 3.581968260159132 10.993736560165708 13.55180092776092 13.865905340415262 1.085025363765105 10.782216369137403 12.997054839439475 5.119432985255595 10.740959901890092 7.655687067750032 1.9759287144779907 9.689658914154105 8.39517858034803 11.5570209127008 3.3459972984233923 13.957577240975503 2.8250141719669486 12.903651948491117 10.391242320509141 7.553452173226372 8.833117593673816 10.391955953363661 4.666726601431124 11.33395662244945 1.0192185854387752 3.2341251993396902 6.589999285956491 2.0594351028346893 4.290460576316374 3.998054925946256 5.776676662612278 9.829804514159179 1.289004817941104 5.262048443322739 3.5839441172617903 1.0705628974575228 10.12573654186691 9.765135272252035 1.975471831747491 5.560369933707385 14.429215079732213 14.980753325991232 5.051117219522596 5.03873417123055 5.905032611139032 14.193289563308864 5.5182823681633 14.592444232010696 8.64378979146541 4.946391093100408 5.345247514375569 4.368037345995347 13.428898697921284 5.10739032770976 9.109565871556377 10.063925695104317 12.311410037966539 2.8156606978428833 4.437211525975721 9.816316088136288 14.709115032973234 7.15529955277038 14.867412724815424 11.498298648107408 12.477730827649124 3.4780518605009134 7.354797044090274 2.8896765639776554 9.552230801957247 11.304222459406493 4.133585812041593 4.588776360085902 10.135319296267909 10.345668750772449 1.9404406065722228 6.505050351452446 1.5549891229611035 9.955021339582327 2.1713084414844204 9.289539383071263];
euros_km_B=[1.8663412272493027 15.875082238390409 18.514016899274033 7.782819482130422 27.04551340347739 25.190511200856314 9.37311468931753 10.117257659780565 28.96972250103767 14.624008710948607 28.999100335153333 22.71991676847554 16.170938423074322 10.114777881381016 4.938343867306709 1.0869014964362547 19.914538065219027 14.619589814156377 26.023876316395874 22.607778977107944 21.534123607525675 9.032096316123052 9.91035465634357 3.2034515576308316 11.514389216813164 11.690954262171381 3.955827104186639 12.602647920919761 10.710509158687778 15.960470798326 24.470900843881584 19.324214750984666 14.318595343492255 23.032049192580942 26.496692176351363 15.329291096053067 18.46762272524823 29.44810122241093 26.301174566634053 28.900650382909156 15.647765682641634 27.954778446574334 20.250360691538376 7.613315094337254 21.166355512173595 10.36570838711291 5.960578798319648 28.412990287055724 12.027184767843595 13.85067707329283 6.309870033606434 19.07524954197265 1.8559607627932295 23.45857481832697 14.895745161791847 29.711539057100218 7.943297198137313 8.265255560900055 22.795772434198838 12.589363331458866 16.929655934379106 2.1232255628575576 24.23969844597154 6.441526908542668 14.897866145405825 1.8376763266431497 16.75271533100534 19.53798647140269 17.08933515699139 11.05083876455555 19.401520551472192 3.3047165543092882 21.330612869639193 6.888893371608055 25.30793308576064 18.850357442579018 11.407470792348832 23.083253147728414 1.3068152338539145 20.658053894279345 14.728593636791286];


nDrivers=85;
max_D=[228 194 187 203 187 162 190 166 202 188 204 240 235 227 200 140 141 229 149 215 233 154 191 211 200 136 228 203 133 187 168 143 200 192 238 174 127 204 218 175 156 214 153 205 160 235 231 162 206 233 187 162 141 196 144 130 183 199 166 219 209 140 120 188 171 185 199 174 200 175 157 212 229 123 169 175 205 220 147 161 202 157 189 139 150];
        

nServices=86;
S_starting_time=[152 308 331 455 9 161 196 352 433 521 12 214 576 622 635 143 182 423 528 578 423 331 593 249 55 460 22 116 143 330 357 367 244 652 1 273 66 331 162 539 649 429 632 471 132 54 332 143 420 165 519 606 228 506 556 628 404 410 346 79 115 367 102 336 499 251 719 353 515 250 575 640 540 120 73 666 38 321 471 681 550 260 1 661 586 302];
duration_s_min=[89 103 76 64 80 101 69 97 87 107 84 114 70 64 75 72 85 115 107 89 84 120 106 80 78 76 98 67 75 99 97 80 112 104 95 106 89 106 106 107 64 64 68 63 93 71 106 108 84 86 74 107 111 118 90 90 61 66 64 73 117 106 88 79 106 103 90 88 112 117 74 110 102 109 107 112 78 80 120 78 117 105 115 77 109 90];
duration_s_km=[52 54 30 46 57 60 41 46 56 45 32 58 54 40 37 56 42 36 43 41 51 34 57 39 40 54 31 42 40 59 54 33 52 31 31 43 51 49 54 31 38 57 56 33 45 43 52 51 47 36 51 54 39 49 30 42 37 36 39 46 34 38 45 37 45 48 53 47 54 32 40 44 36 51 50 39 34 45 58 48 57 35 42 45 56 56];
num_passangers=[84 76 68 42 52 28 38 29 41 43 75 67 87 32 58 57 59 89 34 21 95 25 70 44 87 47 68 57 84 63 63 41 96 58 78 52 34 79 37 47 63 63 35 46 77 60 57 96 64 96 56 35 85 31 65 53 45 54 78 73 49 63 20 49 91 81 41 74 71 33 31 46 68 74 83 34 98 51 91 34 58 44 93 90 26 55];
BM=250;
CBM=0.500000;
CEM=0.800000;    