nBuses=126;
max_busses=115;
cap_B=[86 64 37 34 38 129 54 22 24 48 80 62 82 39 22 28 100 77 89 140 39 36 66 93 112 23 134 26 60 127 87 105 31 49 127 134 91 48 56 31 84 54 91 107 138 22 25 137 66 47 49 67 116 24 117 99 95 117 23 76 118 126 39 126 59 77 140 63 135 96 115 91 75 46 101 35 28 82 140 35 58 36 137 52 71 50 127 136 66 104 109 100 132 97 99 34 108 80 96 49 99 93 21 55 56 65 89 83 24 21 44 37 84 105 81 129 81 67 35 102 59 47 84 41 130 103];
euros_min_B=[9.691896900645805 14.685998693072497 8.12581689555612 11.259492783052638 1.0374432666676663 9.173382826416848 8.006485697359857 1.9658680494899936 13.77368311020544 8.306737525135993 2.3589173350682318 5.033360362340589 6.345732161675192 3.859932438717983 2.339509672841678 5.488336770444197 2.9730238639633315 12.45658445082624 12.041115542190788 8.337867386429453 3.457380467657665 7.63623099424108 2.39972340430206 11.295149653479438 10.739266872006208 14.365582662508348 7.705485130034877 10.695116102704068 4.115436462108177 7.611687571319319 11.553167320253095 12.788897891479621 10.4650803994212 5.433291271724267 14.348443012181745 11.840212256030208 8.455829208544065 7.806928769650047 2.0831056418426037 2.082901419661796 2.379440250472742 9.023819882282968 3.708671498070996 6.884744648486542 2.505245447935411 12.084579704350908 6.351843194630079 10.407338657006793 9.440064166020315 4.400976286050508 10.366749728715465 2.610671706865773 14.515028748979994 2.75320106787714 12.84133898980716 10.392093096247805 9.132615069891683 13.912526321031175 7.6527057715758176 1.89433243217971 14.884830474688975 9.07987345285968 9.963895216432956 7.520329373186033 14.294815584063189 5.647475717236284 14.956178736329338 2.358178794594531 1.5558946763465185 8.018358832215348 8.03310768938772 9.63827242594696 6.163761179400981 1.43451446529551 13.574805693659634 9.786760455764473 3.2222297448539363 3.7546791955246457 10.504944892019132 7.573658651078636 14.774224826657827 10.423118488325866 3.2431822165376873 12.719931938164605 3.386803028421573 8.225319849373093 12.712188942439148 8.2410319238347 1.8889942874517645 10.881119326183763 1.8206265584351529 14.87539040543385 12.530541431368684 8.049134831322487 7.518783239783727 9.190294819035419 4.0454246229802635 1.8824034444423314 13.086370496583168 11.111268784909914 8.64964793206544 2.9485532971044606 6.5767213109426645 6.245953211313239 14.107435509328031 3.7929308921269094 3.160126586949609 11.131905779810168 2.2571294674033497 3.956602261524412 9.840949711845132 12.920983917991759 1.1183590467770432 7.031394087739562 12.930819924039202 9.044596263950213 9.054957235035191 11.207111451823126 2.336841975540893 1.1049536142660112 14.460418474701832 3.0268929115995213 6.466412548191655 12.210227779604619 14.543403007658195 8.52539948067507];
euros_km_B=[14.721549125642905 19.437549187002258 11.187007980660745 8.200827652982513 22.439594386076127 3.52305704871502 4.4023110748594005 15.200352674844229 22.25045664349121 26.75914536564288 2.3336632166718667 9.666784115769618 6.739018625162327 4.153310365862996 12.450536156500416 12.839549423075024 25.93610516153187 25.540483285691806 27.213473884990318 14.08589677179609 29.487569543466467 7.912830232055509 16.696079455666077 16.847053702197215 14.472273213500229 29.34456096199864 24.04407473715629 26.319334242897646 12.138116014307045 25.514704617351537 28.29788570332263 1.5080769740491644 4.257370865705296 5.550341705465918 16.6372047388422 7.105385004206251 24.748183781209402 10.93406169938224 16.010207946758456 27.65421772527596 2.6597555576901635 21.411564892108206 28.11474763764841 26.6442235945687 5.959648477648667 25.28750373789894 13.892750247607667 10.328846389713238 6.263841676203416 23.421273321748917 11.252456173687797 24.703771989233008 15.570691900890406 8.65665284364998 12.582297080848553 2.688965952083166 19.139562956762305 16.48788200037321 25.66818286406192 22.838283510904862 14.835516263205227 1.1373021321764654 5.770983237473981 26.765138149787767 1.84459836363613 5.835753241885135 22.849322790111486 20.59304954639055 24.962086172288284 23.856177197639802 27.889257347048108 4.290980707758605 25.597471402241844 14.992072529316005 14.986664202717723 28.62254360718076 9.461421327649164 24.630043744019673 1.5016631988388731 17.52638810892966 20.293989459627714 16.985303520424832 24.09976586316438 29.91571529372258 7.385252719650609 17.695744232663568 25.220197900772895 14.63607398209578 26.198773597321026 9.852496637538776 17.016081809057123 15.916312546145837 9.810861662517556 3.7787960974965036 24.70350514617149 16.25708604611044 13.077558520837043 19.82299972700093 7.92404288754463 5.2401589918254805 20.20446315735285 10.26331545484655 3.784095705595038 4.085822026730126 1.4733385452641081 12.211591127197556 19.65014520393242 29.744498704883608 29.194465887619156 28.23229076399991 27.11425691610805 1.4614381543794124 5.412106392605827 16.16856641676751 1.1601937502551913 25.136036396188647 8.023698949438561 16.365996902194688 3.750634402628065 7.510179903435476 1.2101109026487382 2.1667341518645946 12.017227904631113 21.792440974524705 13.152024674829022 18.04508495381909];


nDrivers=124;
max_D=[228 180 157 120 238 178 170 175 182 230 143 212 228 157 210 150 181 137 237 231 239 219 129 137 228 210 191 166 213 171 169 190 138 207 143 143 170 145 221 221 152 223 214 190 217 122 143 192 146 182 178 131 172 212 216 171 204 135 195 124 233 230 224 136 136 156 177 232 191 214 149 128 151 226 136 155 178 164 150 208 202 154 176 145 137 214 237 139 174 168 145 145 183 212 216 128 192 196 156 200 132 125 233 173 180 180 174 230 146 143 232 194 137 188 167 161 213 224 234 166 134 162 151 185];
        

nServices=128;
S_starting_time=[438 267 119 25 675 494 83 622 510 631 348 599 132 194 178 261 196 368 687 410 343 245 433 209 576 570 628 476 310 143 47 60 189 600 644 641 509 296 290 352 31 417 93 336 43 670 251 346 139 340 670 134 627 279 676 584 363 29 4 487 659 703 633 98 694 681 336 643 200 612 432 349 304 64 456 336 684 329 14 68 440 14 76 517 15 347 434 282 648 344 35 436 660 128 262 269 5 184 129 77 110 432 520 519 648 591 641 77 108 113 278 668 364 718 611 216 39 496 356 142 29 30 668 357 247 395 711 683];
duration_s_min=[111 86 95 97 71 115 96 102 67 90 94 77 64 82 110 67 74 93 113 74 97 101 80 73 114 120 60 85 70 76 96 95 89 60 98 83 95 99 99 108 72 119 90 93 91 76 63 72 106 75 98 87 87 104 76 76 102 99 77 97 86 111 67 85 68 97 76 98 76 62 84 117 97 104 109 85 94 63 90 60 100 105 68 88 65 98 80 61 98 117 110 76 92 81 76 66 62 98 88 111 97 112 91 71 80 94 87 91 106 92 89 85 118 119 102 90 85 92 68 77 69 99 94 110 117 93 94 61];
duration_s_km=[36 53 57 54 31 57 60 41 52 53 33 35 37 51 56 49 46 45 58 45 43 41 53 37 39 52 30 38 38 45 36 38 60 32 31 31 52 34 60 45 30 49 39 43 34 37 45 36 47 33 32 47 32 56 48 47 38 36 57 57 33 49 45 57 55 47 51 46 52 37 46 30 42 53 30 55 53 34 38 60 33 47 41 46 54 42 49 55 60 32 44 52 54 40 40 38 53 44 55 45 44 48 53 33 55 51 53 47 30 37 54 51 46 59 40 41 58 55 31 49 60 31 41 31 46 35 48 31];
num_passangers=[29 60 73 20 58 35 39 28 80 28 76 51 95 71 34 99 20 33 89 53 78 22 27 23 53 69 95 38 30 96 45 79 52 32 79 55 36 90 44 71 52 63 37 63 85 45 34 89 42 36 33 35 57 22 40 48 100 51 40 68 66 26 52 54 70 77 69 97 70 36 27 95 20 20 56 88 62 47 47 75 46 42 21 77 75 97 82 80 53 92 69 70 70 51 43 72 76 33 97 97 90 47 49 83 100 60 38 67 82 62 95 24 28 96 46 33 70 85 44 24 88 33 60 66 63 88 81 46];
BM=250;
CBM=0.500000;
CEM=0.800000;    