nBuses=116;
max_busses=117;
cap_B=[99 71 25 39 22 53 78 72 68 101 86 61 131 91 36 140 44 130 52 110 137 99 96 68 47 56 20 75 118 47 50 30 138 60 21 62 76 23 56 127 92 20 103 125 126 62 76 45 79 125 39 76 129 37 127 119 66 136 99 107 80 112 126 20 99 45 36 29 38 118 138 27 63 61 43 114 29 43 31 113 132 101 30 112 91 52 26 61 25 127 88 39 61 27 95 64 31 123 82 89 138 41 33 83 139 87 73 134 107 33 98 67 104 29 60 69];
euros_min_B=[9.64440324408713 4.210336699909724 9.869475714719673 9.871469553613395 8.594830092949532 12.278838466527633 3.288233900678752 11.048755936216489 14.23672787630428 9.335274835761885 8.506151190960821 13.453265740688767 8.98355990631361 4.194150365722663 3.368160591968153 10.700069847358941 2.289677073292533 1.0001951526869453 12.231702413273267 14.339739418363244 8.947058979545018 4.580572532951563 3.05668517867797 5.201820900123181 5.9350129303278045 14.225379760773379 10.657574827087545 9.824255960740675 2.7280699740818273 11.725127529775275 9.307163181121133 6.792997442284594 6.428413730520374 13.927512898160975 13.178285581482257 7.215902335633222 1.964780179080135 5.664402100225548 12.207784868121598 14.002271221673556 4.008257194508456 1.248593301678681 7.549718776122821 6.854157281109686 14.269411561518812 5.2834255067512865 6.554055320495549 10.449615983196336 11.654885632855283 12.588165461927094 4.336386539617253 2.934987164918451 8.092967373752288 6.200647386496217 11.24856237110498 14.314818091843623 6.5863441316581515 1.382486915197708 12.656361256089973 1.7556121486244625 5.2480183129437075 11.925585704117736 3.3659600440784483 6.463255968355085 9.256768419045597 3.285698378657603 7.3262312066305695 3.7667482931727214 10.602446024817308 1.2119749573916656 6.755424092103972 13.366352055679446 10.741190175952637 6.096986944693838 6.5270869860851715 7.668562779317842 10.960076961510879 7.179373862834632 6.36794354328389 3.491838899331199 4.350425087277471 5.524757607758735 5.822188257458702 5.346811534196975 14.523343223157886 14.789444552944083 4.367481015573266 9.329583584763796 14.622018561672908 7.757509551621801 3.207404980609394 8.662753196005362 11.17486416999129 6.99362114828025 2.953542582107623 5.915433576117942 2.9933472461409 11.55331997716163 11.558435911423292 10.826216530898002 14.03589130621381 3.2182347698095115 8.16533795481616 9.418320452890935 6.828759860918035 3.997420284006701 6.324494334484251 13.555291267668778 10.627868838105034 11.239392181465309 5.572883866374287 7.754877555006716 8.000073806533814 10.79714297229948 4.317122162189757 8.333792050358536];
euros_km_B=[21.989681490036972 13.899129140902106 10.190844747508816 24.69644398078948 19.399212296250298 17.58682248537918 17.385636519749642 6.98382409176341 7.984418037650884 2.380593535601628 13.735080602916675 10.215270224604536 6.637787690761467 5.94434122907102 20.205901672692782 23.72373136841525 8.797623160496567 14.535291736576964 13.126867425870959 5.666489449031578 23.995514178011405 13.55688018443221 15.020364888311725 14.261635210224746 26.350225334956544 21.20426721109944 18.14341948448842 18.8998104179748 15.072081965900448 29.35185073862894 11.68040702242441 15.32105961460061 9.083007495543795 15.318047565024878 8.752410376908736 6.043490848695071 18.07839529142775 23.96609164808177 5.1565666782732285 27.077539289509343 9.593458126263558 12.982716399906353 15.013203392884916 16.876625237045857 27.661620576309673 2.118275317920312 29.443817690683616 7.819278942679224 25.404542479161055 16.846137047809414 18.195502547301956 29.759136013709046 22.261858869775615 15.211345771099058 29.159757940843406 8.512958103648876 22.864210776647973 5.030941264104065 15.800336609783638 11.126235450136987 19.23697827970682 28.22952300572758 13.784269683166132 18.649551094135944 29.460276125259337 11.258108829081182 15.328078597525172 22.331916283176838 11.361861336509305 18.69201967368928 20.787062324130915 19.689658917773343 8.955070373917955 27.95559947727867 22.1824512482965 27.980440610277736 2.385410274446338 9.072412122652857 27.476129807964618 25.83300678536644 28.402845329219172 16.15474398727487 14.436000213553225 26.00042982411614 18.00473008871489 13.40464626759427 20.014542974665638 18.35101829020867 9.266203763935101 5.859106359337992 19.72923895318545 19.506968642283343 24.826324992705825 9.74120366607099 10.932858486520887 16.493630664886577 9.61198851822351 23.434678518268218 18.2809581617413 12.481227103044223 11.772897659716492 2.3319501189999325 16.975373607868725 17.826884316256116 25.891759872717795 23.241413760106322 3.6113160904168966 14.858624778576173 24.460278827466215 7.084761722683654 24.8019437617276 24.81644215664163 26.900740961916163 20.87488431102621 5.986350903077414 10.913317621823426];


nDrivers=118;
max_D=[122 120 130 154 183 152 190 239 197 200 133 216 190 210 128 136 223 146 186 151 232 184 176 123 124 215 131 188 138 159 229 165 207 206 216 161 233 235 202 120 197 133 222 232 225 226 235 231 138 143 235 227 228 123 186 219 191 164 130 142 184 230 188 231 152 181 153 123 240 154 200 139 207 212 197 163 149 198 121 228 193 137 203 234 137 159 151 173 220 177 221 219 224 176 166 123 160 192 208 234 179 179 131 141 229 170 149 167 210 234 228 216 191 218 191 130 154 165];
        

nServices=121;
S_starting_time=[358 692 21 297 22 438 2 366 337 183 469 141 489 592 709 578 32 233 559 157 42 217 465 569 631 63 360 81 564 638 96 576 327 706 174 658 440 668 405 705 21 470 414 152 537 460 395 32 191 262 276 449 268 483 319 364 302 484 642 676 261 148 66 387 520 338 459 673 716 190 146 416 471 534 538 306 715 210 254 355 627 98 42 631 337 95 541 68 351 309 496 174 73 196 718 137 414 588 634 642 62 696 376 682 398 644 392 11 396 152 119 562 344 543 426 703 681 372 36 544 694];
duration_s_min=[94 67 118 88 119 92 98 100 96 77 113 119 119 120 89 61 111 117 87 109 77 118 112 84 71 118 104 77 117 101 82 92 70 74 101 89 116 92 68 65 90 60 76 79 112 76 63 86 67 88 81 66 96 104 73 100 68 111 69 98 74 107 104 108 97 93 78 67 97 68 96 82 99 106 97 106 118 113 63 108 90 115 117 106 73 88 69 81 119 88 66 117 87 115 73 69 80 116 62 110 65 86 117 109 83 111 82 84 82 112 106 60 120 89 110 111 106 78 102 78 118];
duration_s_km=[56 40 33 59 36 52 38 32 38 56 39 37 34 33 44 48 60 55 49 37 54 56 40 40 57 48 41 34 33 42 54 58 41 44 35 42 33 38 33 32 33 54 50 50 34 34 50 57 58 51 50 53 42 58 40 59 43 43 45 43 48 47 55 54 47 54 37 58 42 35 30 32 43 39 51 59 58 36 58 59 54 32 58 36 55 54 50 43 50 32 45 59 50 49 37 41 36 35 35 37 55 58 46 48 51 60 35 38 52 50 45 56 52 53 50 60 50 37 45 52 33];
num_passangers=[57 92 56 26 61 91 54 83 95 87 59 74 57 21 82 58 36 39 32 32 50 41 22 78 48 40 91 50 49 65 30 66 48 63 33 56 43 95 55 30 43 95 21 40 67 67 86 69 70 43 57 71 37 60 34 42 79 65 64 39 50 87 85 60 40 84 66 73 78 47 52 69 66 40 68 46 39 42 38 32 72 33 66 42 33 55 50 24 34 69 65 50 69 91 88 100 37 89 82 42 46 29 85 53 83 82 22 76 65 76 81 41 46 57 32 39 51 100 65 64 92];
BM=250;
CBM=0.500000;
CEM=0.800000;    