nBuses=91;
max_busses=95;
cap_B=[124 39 23 53 139 98 40 45 59 112 30 38 95 58 131 59 97 102 117 137 86 73 49 99 30 134 97 90 53 110 130 81 80 27 121 81 32 90 115 32 71 78 135 26 105 90 26 30 48 106 103 79 94 81 59 127 83 140 59 49 54 81 83 134 95 66 79 113 129 130 104 52 116 45 59 24 118 23 58 120 90 129 46 119 66 73 69 43 106 80 134];
euros_min_B=[7.983755061517818 7.127058486477811 4.494794378920855 8.144409487128918 3.3650518736977792 12.015330144084512 2.96544838097197 13.915979697720296 11.039232156956253 10.346182201061135 3.733216405984866 6.656112421953109 9.637367129186396 2.7990300319477246 12.912705785389443 14.478226532265428 1.97873868542991 2.442054871555851 10.022781958413146 12.440755532280347 9.505531776498099 3.6181817249054884 3.354596430438625 13.94344733778263 6.0968947352105785 12.243627608786113 10.90718824732563 7.84306220892189 1.5747340078638248 7.755123574969513 14.910202651435247 13.425814810976982 10.599092944218071 3.6866546351624736 13.780891003851517 3.3211556298097697 7.334991449231438 9.660587117898734 5.717037278022508 3.879051716887574 6.216119976785675 7.380349474737248 5.413483263323847 2.8489969882172304 7.409376670799227 1.6624519605108197 7.973245660120667 8.762123906941554 9.146000944992538 12.445416746105241 11.331494066283355 4.919667782943548 13.84377918575429 1.6928837692700818 13.668806553798197 9.661436196179217 5.681798103161489 4.902063375455259 9.017854715797181 3.8555007518722366 4.761542765656056 13.480562923156624 6.957480213106911 14.139333662094616 7.0683649955596115 9.411980097115721 3.2115342443603554 7.91710000467242 2.170754225056987 2.5547132620295256 13.54940581758309 10.074443546058996 8.260854236994344 5.134556208796247 11.111387368251407 8.489297067891531 11.803795565084933 11.20634778467713 3.2039249001568804 3.2040175608716126 1.949906703632255 3.8685169812737064 7.089522645244669 11.197786411816418 3.7992817970033324 14.241679910910829 10.018593409049814 4.675387119466384 2.771232876429827 12.609939530282517 5.790747724601963];
euros_km_B=[25.75508014365075 22.502671698477698 13.187003240034777 9.470317422448817 15.345891749284371 1.2111930570742206 13.368972820271914 1.8504180151715637 17.142929009158056 11.545673518630773 1.8764604006659265 21.998203371780473 10.815440735905229 10.556106152631129 19.21799974003897 26.455950390818025 14.356424267964854 16.416681387041745 27.132694224024362 7.615043289162347 4.373588719868435 24.838141619750125 22.86290048138043 6.862905078810177 28.18994303711245 23.43288377112145 10.983816484709912 15.175948504901301 1.4080300980674054 7.567082181479419 4.4680094084102375 24.845008502459624 25.242533632995887 26.12966047846511 9.434282318054743 26.071621633445492 8.86463624162911 16.276386517587117 21.56274513610655 1.893166202213354 28.37323578811176 10.064612128939048 3.3676626300600043 9.70405509753095 20.81086477860642 24.56631842524332 16.208888412658503 11.214347473166864 17.34469894568561 13.152180537947636 10.052876457713923 15.870626835454221 4.397042732609865 12.25131839987965 23.087870306153974 9.417285844709273 6.185469803540239 1.8834026290081747 26.96311881802069 1.6758192764664857 4.182329328594054 8.68786179446657 4.52854671937973 1.61153298637735 21.441653076242194 1.1141541548458558 15.775158497281714 2.1835594828240974 18.38993343779494 20.15542055040357 7.581535743923721 7.647205865910216 8.25097986448868 4.0198815128943135 21.746443274059775 18.37962734391206 9.76774747820997 5.48430906531663 23.033414425875947 20.26182033287388 19.399469023766713 15.606466469664278 19.432008193995237 15.806825115841042 7.294267475010798 6.869357474136254 20.029172285082744 28.636826313489408 16.711598538908465 24.46615603503542 16.846779029259547];


nDrivers=96;
max_D=[219 194 186 193 197 123 136 171 231 196 168 188 177 232 238 232 135 182 196 173 240 183 185 131 213 160 160 143 224 233 164 147 195 207 146 130 167 221 167 124 145 187 211 124 138 143 197 123 238 136 185 133 138 238 189 199 131 165 210 200 228 232 125 208 238 121 217 163 143 131 227 126 160 150 131 227 226 147 223 205 218 232 206 139 204 212 216 152 213 166 168 202 140 150 168 122];
        

nServices=97;
S_starting_time=[701 534 502 270 445 339 402 711 424 619 328 644 568 668 535 587 556 391 139 251 629 54 697 362 672 41 687 65 698 719 371 148 581 312 239 513 249 30 485 620 623 619 420 318 352 667 526 650 278 589 509 663 612 312 168 228 500 211 425 51 165 693 482 568 471 531 114 112 714 222 431 285 268 456 587 388 534 427 135 614 131 283 382 652 501 471 542 292 410 604 558 192 269 439 8 695 9];
duration_s_min=[109 104 112 75 102 75 71 102 101 103 90 80 75 93 114 117 96 69 87 114 81 110 90 116 116 104 119 64 68 95 79 118 115 84 61 96 92 87 85 110 70 94 92 104 71 85 77 80 74 90 74 71 117 120 88 118 69 96 80 111 109 120 95 91 81 113 103 68 100 108 110 74 87 68 115 74 93 92 98 115 90 103 111 70 86 95 87 81 66 108 117 86 72 113 91 105 113];
duration_s_km=[34 50 40 42 48 48 49 50 37 37 30 44 46 34 36 41 55 40 34 34 36 40 33 32 39 57 30 45 46 37 42 44 55 59 39 55 38 37 41 58 32 37 55 55 56 60 53 47 46 45 58 55 45 48 36 32 45 48 58 37 31 41 60 50 37 51 36 52 36 44 43 39 59 42 58 47 47 56 35 48 41 31 50 51 51 53 44 36 41 56 56 58 34 39 33 31 44];
num_passangers=[84 95 22 95 99 75 60 36 71 84 24 99 90 23 33 37 31 91 61 20 98 46 60 25 31 98 96 90 35 77 40 30 21 43 83 80 25 84 44 30 27 69 82 37 46 96 54 23 22 72 23 91 44 62 99 26 41 31 98 29 38 63 90 93 80 34 30 73 34 59 46 42 34 80 73 64 82 45 89 84 96 80 53 33 72 88 69 67 74 54 35 100 49 82 25 56 82];
BM=250;
CBM=0.500000;
CEM=0.800000;    