nBuses=94;
max_busses=98;
cap_B=[45 125 21 61 140 54 82 101 123 26 57 55 75 82 47 114 21 76 134 115 129 124 69 134 72 110 140 127 21 76 73 113 43 99 23 28 86 97 61 20 130 25 62 47 29 47 46 125 34 102 61 78 111 34 34 115 58 33 95 79 84 129 36 39 24 54 107 69 34 60 30 99 99 68 104 93 136 136 62 116 62 29 96 67 116 21 96 60 34 77 22 106 44 81];
euros_min_B=[2.945904431115104 13.033346675988671 7.075659740058672 9.773117089098195 11.541065057640498 6.8381480209191885 10.081942878277337 1.4584546076229703 12.869383249569454 8.641092038631182 11.644416275083483 5.738290636654748 7.595540182880241 14.458500337447141 14.279212622509942 5.832047029164478 12.543611357578879 13.82619057337909 11.89873897226094 4.918952096516083 13.907168197114176 7.699336905004159 9.753316483331865 7.078572319764428 3.880869367915862 4.627453575454341 3.303082104181713 4.050645980435229 4.494002849772466 3.103430891373918 14.515235334452374 13.9555144447258 10.750169202719563 8.262524398217623 6.1998737591362625 8.70523503203917 9.815903234444901 1.4884562425269994 3.3842018152593214 12.228762535033946 13.66201459077839 7.640644996267486 8.540804979322608 5.341035244463059 6.520515439127336 1.829666760489667 10.675151439453435 7.1283065499994525 8.235486410611092 2.6842735206691977 9.273322414858365 14.279356636581669 5.302103304208908 1.7087865467021561 3.5293421110983307 2.5558091208486378 1.947964174768264 12.859208279559958 2.884965221936576 2.4150615049614688 8.860036190142829 6.949994847824023 2.6468025505325663 1.7084292229173872 13.52268719863591 1.89628120497474 6.890732136462162 7.263830990583067 3.1260787200757587 7.207042889515785 1.3823497103497808 6.7620838251085225 4.8615388022565575 6.5046835450240685 10.347687647642234 6.92292056099809 10.816091585381926 3.516869771228298 12.139884472000963 4.909360742688719 9.29058067963002 5.478674178611803 8.979864195520271 9.61905813551395 1.6077778270560603 7.5414310830481845 3.9967735043698855 11.38151612953273 12.986506454605317 12.431383458831343 14.33630100258317 2.39731306619455 6.666898170856129 13.57929021255211];
euros_km_B=[5.820676231226729 5.5860085992800155 23.559360494170395 2.83052067151689 15.292139923526967 12.467635253908444 8.386709961110196 12.664585940024956 29.014586237881257 26.12641223243304 11.06709600042326 18.722936749330515 13.402618049905543 24.740493994254965 13.786306585584269 14.799298859336037 8.781615783857937 25.023400896806066 4.586074135708492 18.112725694050766 7.485533579327131 21.41768215655756 10.394228487159431 25.090222962622246 29.04142074226769 6.754878194925401 14.767465292485516 8.421019621842323 24.692003468554475 22.266672898530523 4.858259536131366 6.1183520549428625 17.81581082294143 4.4251805020903525 22.994984012007134 3.294733987362495 25.087496562523857 21.366033289511147 12.445419400323322 7.418833336108334 7.930548962936077 14.427836562487435 20.013433379293982 7.17290485836483 22.10905192931955 23.330906153770275 8.587256259366542 20.51604027411162 22.803591718407045 22.447472955176856 17.061520265545962 9.703980828638418 7.1925568902197545 18.770759017622193 14.659242448215489 4.370220357171505 18.625613237621423 16.503592293498613 29.725772780525528 17.94158435630161 17.42084163637799 2.037274385399335 3.1768750216575814 2.7488143970324246 21.866495549958223 21.0945630471394 7.408805503041594 28.2926816626088 26.170937444166583 24.32502950348031 23.755192158751427 7.247105331240514 7.750892565575068 17.65821669722989 12.071605286121088 3.0088849272762617 12.855845264335427 10.749513360236604 1.4463364605372073 23.761671883977048 16.21203549843117 27.505899119806116 28.36064162485981 10.880253399773801 25.222962470321864 19.557198991601684 4.978872753039918 24.767743289067532 17.8699078008812 5.330836781348065 20.804791636743342 22.082930578933304 9.541768886866254 18.431342912654458];


nDrivers=98;
max_D=[198 130 126 229 166 166 147 124 220 159 205 156 133 124 138 189 120 225 167 238 208 159 229 216 129 155 184 152 237 238 146 124 219 168 236 197 170 204 198 230 226 125 232 160 227 235 156 186 196 219 228 197 211 144 230 223 126 144 157 120 159 155 220 123 219 203 221 156 205 132 236 156 201 165 196 132 162 224 208 154 175 147 191 173 217 185 204 224 185 123 145 200 217 223 146 176 125 236];
        

nServices=99;
S_starting_time=[190 224 343 122 589 644 508 685 585 84 60 555 279 142 366 133 624 31 522 536 211 541 315 316 278 265 711 541 66 479 504 368 605 294 389 403 101 202 422 499 587 380 137 497 577 391 175 695 104 493 11 66 715 155 450 557 482 44 76 162 363 262 655 578 236 217 575 615 694 634 94 68 202 182 692 416 243 2 479 267 538 479 175 289 4 312 282 493 488 425 47 23 320 350 135 289 153 85 674];
duration_s_min=[103 114 112 99 80 69 67 62 96 85 117 89 98 107 115 108 98 107 61 86 86 112 98 82 88 117 97 93 68 96 100 114 67 94 91 73 120 60 63 104 69 67 105 110 74 65 111 76 63 92 71 69 89 63 104 100 97 95 116 67 66 71 83 86 85 85 92 112 97 96 90 89 94 91 94 103 90 78 82 60 101 73 120 108 62 111 70 66 120 66 76 118 68 68 100 99 91 87 78];
duration_s_km=[40 37 46 50 52 60 54 53 39 32 56 45 32 38 50 45 37 33 31 44 36 40 36 32 55 44 51 38 41 53 53 57 53 43 60 42 39 40 48 30 40 33 58 45 54 55 56 40 54 47 30 32 30 58 36 42 44 56 39 54 58 45 43 58 42 33 37 37 52 51 53 42 47 50 51 35 55 41 34 47 56 45 34 31 57 38 46 55 36 55 47 45 58 54 50 51 56 39 51];
num_passangers=[35 71 30 55 93 43 79 74 85 20 83 46 72 98 37 52 81 50 49 88 49 41 36 62 38 26 75 78 97 51 87 28 88 82 60 83 78 51 83 100 26 58 32 25 72 23 98 85 86 46 27 30 25 62 65 35 78 73 27 51 91 99 43 94 85 91 89 39 58 51 46 21 51 92 23 90 84 99 33 31 77 26 29 27 99 85 74 100 45 85 63 91 93 76 71 83 50 22 65];
BM=250;
CBM=0.500000;
CEM=0.800000;    