nBuses=71;
max_busses=58;
cap_B=[124 110 67 117 130 135 125 35 56 94 126 70 93 127 97 69 107 76 124 119 29 139 79 24 79 80 64 43 139 66 24 63 103 38 43 59 107 138 45 95 100 85 97 52 43 41 20 87 72 92 53 20 131 83 23 32 66 99 81 46 102 111 32 40 95 57 132 135 103 95 105];
euros_min_B=[9.748791286670993 9.848340295043533 3.851158262318194 8.43090593398567 1.8753585636580266 12.082773911850307 9.777802615982539 7.748629934583615 12.799488866718146 7.946682567832056 3.40497593704602 10.412821849362853 4.8353264370860725 11.106193103484983 4.217988946222022 2.650079211365096 6.141875567957798 11.090803453155031 11.369806457504145 9.667583255860073 8.566835564659158 14.202100673943978 12.400749164538459 1.0712206711675487 2.7888232758729714 2.8254156182721295 8.716127075468615 3.484614012036422 11.036943017302155 5.1719521222173785 12.7921132489731 10.38865685676293 11.825657547051641 10.172295923738178 10.70990025215783 9.54668201812683 10.621089668556978 3.202211832932999 7.225434765630093 14.485081171039486 13.175164483267764 9.243694357888154 6.37052585131982 5.244578041002927 4.776722477625911 9.820023337066335 7.462069138185496 2.899215434791937 5.894887951609437 2.37989480513835 5.58330514731484 14.08574998521275 13.675712952977674 6.71016891942633 6.62223702378923 1.8475603126237614 10.21148131575474 1.2667586011314589 7.189446990663302 6.28017332678353 10.478431556879942 11.557742632238963 11.682731252530985 1.4107579564268615 13.393376201317226 6.013737848640382 12.311246371593507 9.355749295937509 3.1695918305238315 2.6747858119699837 11.018904912493703];
euros_km_B=[23.818030980604508 2.4743277221094764 25.396890362333544 23.43447512104716 14.54621305014824 12.591390370982637 15.717418228902217 26.44229384053597 6.647447769454283 27.41551387235687 13.102186873838086 6.167782455260129 21.05417232428151 16.16760184152512 6.133665610421505 20.886542700204956 9.768184932609268 17.726061265829845 15.48641978271881 28.6334359894112 27.36898398425168 19.85468422484208 17.90808282695667 12.722782046193672 13.547832741992702 11.812705226507724 9.61901469365822 5.769509893682093 20.892957260314066 4.195994625384064 10.381503236194401 7.395073313353754 2.540716867317625 13.549326265471787 1.8768783732021324 17.852935158311443 3.5705097572863354 1.6274138041873114 28.144470885669023 1.478442970455009 3.4143326189332464 17.980038955138944 28.132281872604263 2.017064165841571 8.752526279504515 14.179983811915744 13.809084116992075 12.37260260741075 16.58984987243268 17.32375447906457 3.476410393576443 27.142637485828097 15.293324241993355 13.517737338993712 14.82585043026869 26.024440664248615 9.009023278596146 6.866487452911765 17.368152751564725 22.969438192732675 7.5277231406687255 19.674570619599642 15.37126140681996 25.250874114727953 20.831290805570127 7.2565151280268365 11.34709500921111 10.640443139165852 28.229732835638217 5.279349721694576 8.865311907384385];


nDrivers=72;
max_D=[121 137 211 195 157 221 152 131 209 238 141 143 120 221 165 207 220 225 147 228 204 123 203 164 191 172 181 200 139 163 140 136 197 228 207 172 201 229 233 125 175 239 240 216 121 191 167 195 171 222 228 159 152 220 195 120 151 197 147 177 175 203 237 194 228 181 189 235 234 199 181 228];
        

nServices=73;
S_starting_time=[267 496 714 194 418 340 288 320 507 226 181 540 219 672 146 419 701 27 436 713 225 619 591 287 720 206 108 415 688 30 498 315 172 490 67 415 583 586 581 442 427 556 584 416 102 359 713 624 102 113 149 345 40 163 648 305 191 195 515 95 232 573 360 446 566 340 575 604 514 108 278 458 585];
duration_s_min=[106 115 107 70 113 98 114 83 71 84 68 119 96 67 77 72 93 86 97 113 98 97 85 114 62 64 113 76 111 116 78 96 73 92 63 86 83 80 94 89 88 69 104 69 88 91 90 113 93 106 83 90 120 110 87 86 76 68 90 116 65 114 73 99 81 65 85 96 96 81 96 99 85];
duration_s_km=[38 52 48 34 55 45 30 60 52 54 47 55 59 39 36 52 52 44 43 32 50 40 39 37 32 60 49 42 48 57 39 40 38 34 37 31 54 54 60 41 56 60 45 30 30 58 52 52 49 44 52 30 45 48 37 34 53 59 49 59 35 46 50 30 33 31 31 39 47 34 43 60 36];
num_passangers=[62 70 96 63 40 66 91 22 79 31 45 34 85 36 95 100 46 29 90 79 69 91 73 22 45 72 56 61 40 47 64 29 95 26 56 84 21 95 72 54 82 33 27 61 31 32 89 64 72 20 79 82 56 63 32 30 76 61 98 100 74 87 71 22 47 82 78 83 34 68 46 44 74];
BM=250;
CBM=0.500000;
CEM=0.800000;    