nBuses=103;
max_busses=94;
cap_B=[40 91 111 112 137 112 113 50 97 97 113 20 21 113 83 100 67 133 99 26 138 26 135 40 37 99 29 118 41 108 106 114 32 108 25 34 61 84 68 67 32 51 89 47 75 40 31 65 33 70 140 32 23 120 82 136 103 87 55 86 123 74 78 107 45 126 29 61 112 112 121 106 122 115 110 49 70 129 81 94 123 91 105 124 122 50 47 85 72 116 27 96 29 113 42 136 112 54 61 119 46 112 20];
euros_min_B=[6.444219060067544 5.288219710119242 11.930141047957093 5.240057551194863 12.145926649237712 7.614451926820637 11.04485374456441 12.140076550112019 10.326094147919843 4.787519630013827 9.422406770883159 1.4585240859330777 3.657109867891746 1.95589252999162 10.827676898073877 4.16070831923715 11.757020846127784 13.8044779556352 3.2352164917661685 7.041491004095173 10.058160888707961 11.73731619874776 10.33304419616485 1.2432508627067718 6.760380484032449 7.593581854459598 9.150528847827427 8.002803400132604 2.62291285043518 4.329675250597633 12.242609874219891 5.164168911318367 10.649625508623167 12.788605351285522 6.2261550423562095 6.142566012277493 8.129954813235797 9.09264620474661 2.4498846355508554 13.77771013354546 10.065355750466487 7.823131508478019 8.38371522410068 5.857649181375293 7.093544630719304 1.4356297899305923 10.14407078743675 1.1665038836467891 10.578187248362067 5.8156929262814945 5.888527736220519 4.713027853347092 8.111062811420057 10.660151091732883 4.482789268588037 1.2964928568997525 14.880742204107978 11.068582380013659 9.588809613458592 4.0361668593822095 11.574148971015461 10.08956237290645 6.622012860502656 3.7198749999755822 11.218858324410954 1.4640349121748215 11.913119673329728 11.576377677613197 13.418326423335275 13.435922780156929 14.802211825830868 1.023736229518842 11.793763052641005 9.550498076100803 7.328309187085476 10.758458522517806 13.291327525731539 4.445430858920883 8.150415822008782 4.257245783166214 13.514408142698564 9.092587893726439 10.421762715765489 14.751963283795087 13.390888056688272 8.32968778826509 4.841473469200744 7.766606429781884 2.319824408836998 6.406103229827852 12.299576870697349 8.968117878498061 13.907224842851555 7.674021560107042 9.649011328571953 1.4813361367475002 11.834947532764842 4.6905191312921115 6.860006338376033 5.64715103245371 6.18339805892942 2.213591684043765 9.769184553381622];
euros_km_B=[1.9479248767877326 24.34966107621889 8.752676120627818 1.5904148217021665 10.75739014044167 12.857985658686987 24.383308287899933 4.359575712986349 21.981664358788727 5.6434467787450115 27.63267848169219 24.481959584013484 27.916146768080218 3.04073761244204 16.103643230314212 22.44995435819366 23.25356791985504 28.381617400812413 18.066457990555634 3.744198001527902 25.55396126299103 27.203147342079262 1.4689955236929833 5.319380423131097 17.864462630100242 23.9458263912799 2.21221709027214 17.92160858230195 12.937477261939621 26.219871913495236 18.29960732668775 1.2719306437419 13.672591712256287 8.454464082247762 17.028330174944298 13.564184284607833 15.925983494047601 5.003942085360551 2.987665013206996 28.837134442010186 18.655240737089475 16.574899948566298 8.854634655409141 20.111144134989786 9.668586170679712 14.590014648500631 25.525256005506122 9.81866698838202 20.9635796615726 25.120320280108714 24.660260210065694 13.2220251071186 16.64492932918941 28.675755781681875 15.645238663544948 14.291352909144127 29.383700328487524 24.481747722332585 18.124513455259187 11.698750603841793 4.171648703113108 5.443762174732528 7.721369700538507 22.844872342668 14.54491456024039 12.424095827310728 23.313995509765956 22.498050101908134 14.402898853977781 1.3527733747212292 20.266850797552873 28.807799911003578 23.28301222485691 17.360097269624163 23.076466295670933 10.164038750214598 29.042345742968067 1.6487486992712235 14.12930144635504 4.556731443855699 11.461504329699581 5.302542745239925 3.0466796671652085 22.89015225967901 4.873326718529345 28.504702500406307 26.54039414233421 19.098255521569723 14.195652593699384 1.4312177835921167 22.56993586571726 22.844942189683465 23.7470550695726 9.821987799558032 3.0159011804404203 5.6795618760116096 1.4931331819082345 29.605915244048912 11.951240972663578 15.386470180150793 21.79313122514608 20.77257442570967 17.180253348171764];


nDrivers=103;
max_D=[183 213 146 234 170 163 206 169 182 178 180 176 145 209 129 129 142 238 181 229 176 148 220 170 208 143 137 174 134 230 182 209 174 163 122 220 227 201 121 229 221 206 227 185 143 142 194 236 130 126 165 193 225 174 193 210 122 222 162 206 232 150 228 222 126 232 203 238 161 141 130 188 214 202 134 227 200 238 147 133 154 126 208 125 171 235 229 135 164 218 146 217 146 192 237 203 165 208 210 180 153 240 141];
        

nServices=106;
S_starting_time=[551 251 457 64 346 248 559 626 433 169 609 293 473 621 283 324 320 658 704 321 114 487 53 504 523 664 484 539 379 565 597 569 248 711 277 531 49 177 316 115 229 707 240 91 414 103 207 434 270 268 323 580 423 220 339 665 366 540 684 541 366 321 188 591 521 385 401 251 110 36 223 424 363 281 465 662 113 204 152 571 692 566 544 498 526 180 405 431 149 482 111 51 103 633 131 566 385 656 469 614 14 175 332 137 5 313];
duration_s_min=[87 114 101 119 60 120 104 102 118 116 60 64 95 63 94 117 68 87 64 73 89 73 115 62 104 88 66 96 68 73 90 67 92 77 74 101 111 90 103 81 74 119 95 100 87 103 66 90 89 97 71 107 85 81 64 109 82 106 87 66 109 93 114 75 72 80 108 65 105 62 102 91 105 98 60 75 112 87 119 82 87 73 61 94 76 105 78 119 75 88 85 75 98 105 96 76 87 118 85 86 105 78 107 93 107 76];
duration_s_km=[47 49 44 59 36 42 51 52 32 40 56 39 46 54 41 40 53 37 35 48 49 49 33 33 33 31 42 50 39 59 41 60 40 36 42 55 32 59 57 39 32 33 56 59 50 33 36 49 48 46 50 45 48 58 52 30 37 51 34 52 50 44 35 47 53 44 50 45 60 46 32 55 40 50 35 44 39 35 38 32 34 35 31 54 52 59 41 57 45 38 33 48 48 35 59 58 50 30 43 58 37 54 30 59 38 58];
num_passangers=[62 68 92 49 47 86 99 88 24 54 83 81 52 87 56 39 86 46 94 35 64 96 85 32 99 55 75 89 66 45 88 34 78 41 94 63 69 60 86 98 46 23 47 42 72 80 72 71 67 98 28 23 84 87 58 21 63 52 35 42 29 36 79 64 25 67 63 75 57 96 21 28 38 92 33 51 58 97 45 73 62 64 59 30 95 25 24 69 22 86 43 45 94 67 88 48 99 38 27 95 85 62 79 53 51 40];
BM=250;
CBM=0.500000;
CEM=0.800000;    