nBuses=85;
max_busses=73;
cap_B=[24 127 90 85 64 86 43 112 28 37 109 78 109 117 93 64 58 129 87 72 22 139 128 121 135 65 84 111 80 54 91 98 97 85 97 83 76 77 94 20 74 62 100 52 48 140 33 122 130 109 61 138 59 128 133 39 39 37 124 80 30 61 78 135 121 137 50 36 42 60 35 96 39 131 20 32 70 35 137 116 91 55 104 63 100];
euros_min_B=[14.32127722242946 6.060190383215671 14.716049867692199 9.73627323053774 10.259946377318002 5.343986325416813 10.191916584247865 9.041501597433681 9.323685778537284 8.671216005961544 5.548670466692266 7.931712278636595 4.04593119151014 14.767323104991835 1.8461048976439278 4.402664823036151 3.062959848480765 11.604608317359688 9.119554814461745 1.9143651779405904 12.263696999843027 10.044577707590179 5.536406526684032 1.82415591306953 8.881042936740162 6.792758071455731 8.765938774577343 5.9620264061232415 7.086569106528167 2.4668669800330902 2.695671672535891 1.5405986475758864 13.006922739595476 12.992454719209473 7.512148706637006 2.628252150118615 5.425715350172571 5.815554298348337 6.2746081068342985 3.558326425068452 11.026353598939146 9.288017461462024 11.84358852686912 7.326380035302121 8.998862431084573 6.646535596205842 9.565307390982946 14.284228693478736 13.283862393653298 8.636796755515883 6.135133183433617 10.161229855212268 8.21704630323941 12.021592049265493 11.396597606978247 4.590543249415118 13.183643732813298 1.2025821630539222 7.8295650589623955 1.7121989559891149 10.266948452294766 13.930636582526915 14.564112164675949 2.7176681825217464 9.978431803816141 3.503337685643271 10.235035821663566 5.511695418497452 10.61139365501157 5.270697520371907 10.035936714289694 2.4616628057205965 11.365081002603072 1.8227495074693216 5.132392530505859 6.768892235422559 4.355120539765597 10.540293584536228 4.351642995675241 7.956224548093949 5.88698459185148 11.584471934820563 9.138510051262083 13.16296139914945 13.07262600717326];
euros_km_B=[17.536157017759244 14.28734840607957 22.743411076056233 1.3783460348023147 7.372345585848049 11.889081545702028 27.00459046221199 28.218341653966533 10.067317391171377 5.181458396643642 21.763098155200446 10.167921424840387 17.69106186216361 24.243971473487846 13.529186855596764 12.230661683707774 12.281311440908373 15.479461826154976 27.355628315760672 23.168764792189112 15.853759520379542 18.700323485520695 5.717612703638478 13.393739506974415 19.68522255842586 2.247065670020794 27.09944240058911 1.1001028010761842 20.01222766457996 7.443074823546847 27.847703209358873 12.468285711028681 10.218596214591404 29.417300502517236 13.84031547064976 27.49832772207102 11.951479635758636 5.527382110139347 16.695313519176494 4.387231115039688 9.673888791592395 23.831135194787276 15.65380205450847 24.166163031205556 15.410668859939618 19.5086037070744 16.544375936033767 12.61242579641466 14.827104480849734 12.646168019381188 16.75710951390803 5.287947315694195 2.3362158015869787 28.475927859236435 19.224725541798207 5.114161890113586 11.20440956088469 20.757556681894133 20.39327623931068 14.221060212902469 10.23630823383144 3.2355247862805836 24.29853652852046 19.081036719119616 16.816437837533478 12.16381296219919 19.19097422227765 17.785005276800316 5.68013990433844 16.97993485838074 19.93854006732407 8.870308798245876 24.335465815007797 11.579215732892473 1.9480512212959695 7.652957237011228 22.775923739478586 17.314463257914664 22.3580774540054 14.461073908271828 22.085481461323837 2.1074041453365004 8.81463396759339 16.401607885325376 21.512257952818036];


nDrivers=83;
max_D=[240 179 129 127 188 121 197 149 227 189 181 238 130 217 210 196 240 147 193 211 160 207 152 237 170 192 230 192 146 180 240 174 227 156 137 227 218 236 179 229 204 146 202 160 229 208 136 183 229 201 173 127 133 219 235 174 231 212 188 234 221 208 177 124 179 235 158 176 141 198 204 219 152 233 185 234 129 179 167 146 187 186 183];
        

nServices=88;
S_starting_time=[524 467 475 373 149 541 534 201 713 613 441 710 31 213 407 524 114 86 519 417 331 345 260 704 149 240 43 366 81 26 504 477 82 389 190 470 534 564 176 241 694 637 551 544 301 405 172 56 701 423 144 467 105 429 418 176 71 78 69 188 81 318 464 411 351 295 261 629 438 682 682 476 528 75 347 462 351 491 387 38 207 175 549 397 514 139 710 388];
duration_s_min=[64 87 83 82 97 73 88 97 74 83 117 72 75 104 65 90 79 99 70 70 89 65 114 100 79 91 117 114 92 106 86 87 117 88 67 97 94 105 90 83 103 82 116 107 73 69 77 73 116 114 100 74 119 100 63 101 100 100 69 75 84 85 80 79 111 103 62 113 94 91 91 116 85 113 120 99 103 65 69 106 118 66 95 64 62 92 75 114];
duration_s_km=[33 37 32 36 42 44 36 57 37 45 45 45 38 56 53 43 38 42 54 43 31 45 50 50 48 42 39 60 57 55 46 59 52 54 48 48 36 31 40 49 53 46 33 47 60 50 35 52 38 58 48 42 42 34 31 48 55 42 45 32 46 38 44 57 44 46 35 57 31 43 49 46 55 49 49 34 57 51 53 47 55 36 46 59 57 54 53 32];
num_passangers=[41 39 32 92 81 36 54 77 66 70 31 42 60 85 58 34 33 86 53 81 53 58 28 80 35 90 26 36 86 21 68 38 93 53 98 45 20 35 43 81 89 74 40 54 56 83 66 21 42 73 96 51 49 34 80 89 46 52 33 44 25 48 29 57 78 36 47 45 71 95 28 94 85 81 84 75 89 26 89 48 97 55 86 75 47 28 23 79];
BM=250;
CBM=0.500000;
CEM=0.800000;    