nBuses=104;
max_busses=106;
cap_B=[80 56 74 82 122 72 57 44 115 126 51 131 51 35 130 57 69 32 46 120 65 33 122 47 107 20 40 137 127 74 130 79 33 101 112 22 120 102 129 22 30 113 71 78 35 20 96 127 123 34 26 110 58 23 78 138 84 134 38 54 59 20 78 27 98 62 46 88 40 50 78 34 79 96 93 24 98 129 72 26 130 118 121 74 93 134 127 54 87 122 81 125 56 122 129 77 51 37 109 118 99 92 38 62];
euros_min_B=[7.893971874104373 10.597010241676747 8.190644886844806 9.123009723892395 4.3773386062693005 11.910097290845519 7.010393158156775 14.997326428826135 6.791920157635271 5.9419656180428735 13.552920228453555 5.5556475127432385 12.057947921482583 11.135372224473187 10.519559533099763 2.8933954417342695 9.402411253441878 11.016047246089062 3.584010168495959 9.134027729241161 4.520627748002975 8.689078204586037 7.206198671789458 8.631364432386404 7.754102398802827 11.47460882827934 12.456942221898892 14.4072032654038 1.1278908487745787 3.7088296652303665 13.933189825864002 7.929961405606947 14.894207997372076 12.121837405615988 3.8953299555980694 9.560037538867183 2.874122576924531 9.294779913490693 7.773957191034804 5.118902878450017 1.0942257981906642 13.745033735268073 7.30278606748836 4.307167914285379 3.3435510816633727 8.103043036913 12.948278670717661 10.669856308695596 8.077393165463643 7.75369492206979 9.916005522741424 2.7108870262196842 2.560704928189664 6.747877176220513 13.47550477441041 8.946642340081471 7.8298591115848275 12.180859398326515 5.835157661313308 4.362561454311573 5.313174526910283 2.633175374942918 7.410058453094836 1.7334968032207354 14.434461375589859 2.453164410595206 7.607986552034654 3.9693632418290834 10.545958596816687 1.3598963590670394 4.783087605782577 3.2037290475139324 9.147768697233543 9.52923913362236 4.2483267603404595 6.253644061925212 1.758189848259332 4.724837346531318 1.0829184037332362 5.743467822602202 13.090058068513523 3.6140600356537385 11.440932031820475 9.982853362867017 6.379233272294943 14.427752390978089 2.330732233345378 11.235417683849889 9.602061497329194 8.67411214869163 3.267202057331002 11.621542619597193 9.322394625820069 12.10002419050213 1.1869679436681322 2.6529971206593754 13.53093765586269 9.386298484848757 3.5105667605820434 13.339106743967031 7.830434189126147 13.558016866726991 4.7503580458001915 5.554572400268725];
euros_km_B=[19.74044391925607 7.932720566472192 23.886800600952192 16.903473402697774 11.238568176183735 3.976761057916149 28.992699364885887 10.594222255410923 3.336098375990299 3.7979882424380884 15.168973320017958 28.770742281190426 22.406814830874698 12.8078885913092 20.903491271963876 13.84682169885964 6.990294637373111 14.55874641647517 1.4372011146051782 9.33929051629399 24.652167472214686 22.95717332871751 22.241406359564223 27.420289792701766 13.086314436395108 15.339024699860028 17.197172620248637 28.366103120626867 12.18016103486902 25.871011371679288 29.092089985188032 3.459638931024608 16.10843346407937 25.39502909982605 16.4413458946336 13.982135671642842 6.048715334859562 27.480745990212927 9.880491909644478 25.430595251749804 2.824691057541294 13.667436147957543 25.521399584596526 17.63110638940938 10.141384465848816 24.081721431159377 6.1769295007630864 2.075893068931773 16.552139400574028 5.314296131568564 12.532117175389892 22.614873537608887 8.410644324892328 14.001432930617982 3.4194720974403543 8.368291918585193 26.28542046597691 25.264876713948215 10.843622857120552 13.440960449539869 20.65338968479762 5.863604277544334 2.216160606847252 22.168557679875633 11.524501107605149 16.277946289805087 6.338070871399912 2.232639535843206 17.263134390722932 12.441420830703642 3.0503742943037624 2.0585268572895448 24.32924269504508 20.402737525715008 20.922430411519816 4.409431011160814 1.4872564989431942 16.376525191538512 15.33887968788741 7.670018452301817 7.264593370890704 5.722794389311408 9.698559506099675 7.715322711223946 14.71066493790982 9.349544016629974 24.92721555629654 14.650904505829306 11.644853793644586 15.834987682987665 10.200380506640364 21.186986852716423 10.286082815628838 25.230553500123282 24.579280881226353 16.27253191010415 13.92393696176831 3.8778292977992903 12.184069955820759 20.320504190135118 11.302509162048107 16.88699750087762 28.437979759848574 12.353219322796615];


nDrivers=102;
max_D=[127 129 227 174 209 171 219 199 132 206 211 150 196 212 184 124 222 185 240 133 230 200 240 227 160 154 196 164 155 182 129 186 200 166 131 191 161 202 188 181 123 192 200 179 217 146 152 143 173 190 135 130 154 133 143 139 137 173 182 135 165 171 213 158 186 198 168 205 150 179 131 192 138 158 221 215 229 188 152 221 210 121 149 153 194 148 215 150 189 125 167 213 150 147 226 124 178 223 211 150 184 193];
        

nServices=109;
S_starting_time=[204 261 383 381 522 218 425 673 138 696 362 405 23 196 103 656 532 352 706 108 636 94 132 481 605 614 638 11 541 501 76 450 634 360 717 345 81 212 588 94 167 287 283 122 185 156 105 34 24 538 223 453 63 197 713 228 539 388 208 167 656 256 414 23 121 410 134 534 95 371 138 109 531 217 316 425 403 218 587 612 26 107 462 672 363 153 515 1 445 172 290 538 43 340 626 566 609 617 395 423 586 210 259 379 507 618 492 714 706];
duration_s_min=[113 67 97 112 90 100 92 73 110 103 115 116 66 94 74 118 113 112 101 96 89 116 89 96 119 109 100 72 117 63 88 100 85 111 103 106 103 93 65 104 109 89 91 61 104 109 71 102 114 120 102 72 113 97 87 83 112 71 71 100 77 109 117 87 90 110 119 73 67 70 120 114 107 96 78 72 99 95 87 118 61 72 91 119 77 105 102 65 93 65 100 86 79 115 91 97 89 111 95 108 69 79 78 73 112 78 103 102 115];
duration_s_km=[46 40 37 44 42 34 36 50 46 55 51 40 38 43 36 35 45 30 58 42 33 40 37 57 58 53 35 40 40 59 44 45 32 37 52 40 48 38 38 49 40 43 33 45 41 35 35 48 32 42 30 52 42 32 53 49 39 49 31 57 55 35 36 35 44 42 39 59 59 31 48 58 39 55 37 34 48 38 55 60 39 58 57 39 35 46 52 36 52 31 59 38 57 35 33 54 54 54 54 48 39 47 59 47 53 35 58 41 34];
num_passangers=[95 78 83 73 47 74 33 83 75 97 58 71 69 20 92 61 25 92 50 45 90 26 39 52 62 47 80 76 62 72 72 36 76 70 40 51 56 68 99 68 92 58 35 21 46 41 55 20 93 75 53 99 50 44 60 55 76 69 64 75 49 78 86 55 86 47 64 20 71 95 71 20 85 82 65 61 32 41 35 76 75 99 67 31 55 55 52 78 52 23 84 68 24 55 51 79 35 49 46 76 92 88 46 100 26 78 66 38 52];
BM=250;
CBM=0.500000;
CEM=0.800000;    