nBuses=124;
max_busses=124;
cap_B=[138 126 99 24 97 83 96 42 107 28 43 31 131 58 40 129 44 113 126 138 79 90 131 25 130 91 128 86 27 100 72 32 108 85 33 55 20 41 102 74 106 68 42 82 23 55 116 44 123 25 78 62 68 100 86 66 54 99 93 26 100 117 36 106 91 85 74 126 64 79 106 90 119 138 83 34 107 77 61 70 66 137 59 95 126 32 136 83 28 123 129 22 57 39 60 89 85 24 63 106 115 112 76 87 127 36 86 54 96 29 40 80 133 85 119 97 117 93 79 23 32 28 101 79];
euros_min_B=[9.18547737371029 8.601233366437622 7.575800355743347 10.976849666896257 3.9732296102880946 4.660494736062365 14.143463871309848 6.534524503183467 9.958849487882754 12.104143597365574 6.0156768359824415 2.364545680429261 12.855082571906905 6.107213927458764 2.052596950174588 6.031898038538228 11.060420422957154 11.451044429057838 14.587172228782219 4.28967316946169 5.389185935090932 3.3752442035902375 3.8045897434054883 13.23033628913279 14.211347645703768 7.296742604142397 10.94570827969545 5.681486250823512 9.92069494426196 10.400338428049238 14.034144198411962 5.676590479765852 10.824549133800346 2.018948384458368 10.847254239769825 3.6191422388327528 2.33845653930024 7.757221269391323 7.975256518109555 6.435384360268758 3.765236984442966 6.800846974833 12.846765432989976 6.316367854897846 14.432428970053456 1.5065082428629295 2.176529791708579 13.055738163671514 8.474834016877939 12.562299458134774 14.044623804488728 8.264587477944843 7.3533536356088876 5.844995549097972 1.3830722312465293 14.10619632253671 5.22456162689753 7.202043756999727 8.223168919588101 12.447045340185298 9.368403483562757 11.983552407580262 12.274766614103376 10.582590167814923 6.0645057630887 1.1165819466384348 4.654511784147765 1.7833170647052998 3.3673130332018357 14.79925079718067 6.680652399146867 9.449153085179823 8.570330128265152 2.1750208347731514 11.807019578544383 10.085570871576365 7.390500528574192 8.202692493193794 9.145902952353717 3.843951426752351 6.282246332222552 8.647125882859731 6.275422095848018 14.35950868459704 11.495279822956023 10.93237439344287 13.820253473385346 10.117934544668648 4.457843011859558 1.1571799467177153 12.997274484759833 1.1177344508085243 2.9428584308821186 3.069943340966266 14.483267007546281 2.73513451807362 9.448138942888459 8.006304179391513 8.074606104582262 14.977527702742842 14.168241494281439 1.2596864470113147 1.0240136457115658 13.319532309538332 14.315880895112002 9.216172781351124 3.2702651744857834 11.89022250266895 12.232701705548823 13.139268799552305 4.80996004293584 13.056850377146711 14.471825316378371 11.272098009033828 8.584280128955404 14.599385398634613 3.602317164377082 2.272631053340238 3.4715405928561944 3.8480463607508684 7.368041221668535 12.08092976950682 3.0913653125687235 13.394679351484301];
euros_km_B=[21.990733153822045 16.65966377447367 22.15949723160858 20.65143144579632 16.9429325971313 20.481633233708735 1.1411306721171406 19.879725063720038 18.090381801079502 28.61276082696435 15.410088325762837 8.578972470418872 8.640195765103284 14.0772854417032 4.251035119441312 2.628507070088911 21.027243919033054 25.78739181938114 8.597066674648719 20.64993055950189 18.793794713236956 18.220189903439177 13.66847561715032 26.299540870435706 21.80513671754976 22.914825189684723 13.699448406627765 19.22841043422125 23.2953402382562 20.628252092992984 8.417989821338809 4.11301897245293 3.2417737182527673 8.160901389177429 14.415447376574503 20.336647401108003 26.91648240889571 18.30006949702509 14.315535025734675 25.3513642405781 5.320116773661547 16.96631549646256 6.272758547708627 27.387259781239283 21.741305924639292 13.996844744144038 12.660329083130788 5.2221369169092196 14.335126263149155 17.904724277715566 27.019864697054217 29.83229499826983 12.029021328387486 18.72319560081976 29.20208201167964 21.938945293993584 18.763062168026725 13.094790940170506 2.9392656539853625 22.570529630791576 13.011167100989217 16.41048830234641 15.874841046812971 16.980992011002442 8.856199307218473 23.252550195503396 5.076303880970545 8.586084649061794 18.09584687414196 6.0321588513809985 26.993689591485168 3.9202574855039605 11.787083784231578 12.474898671104983 14.279334308144264 28.49072681460699 4.0007112805685185 19.793028765957924 14.318932564249604 16.20113231772321 14.557903828144365 15.035674824346438 12.100220885781223 4.180745037793782 26.049386777585447 1.0953430941495301 26.534223922664513 4.1365199202196905 27.46261598248908 3.825347215012311 17.735430457883588 20.801904316855484 26.03320356182226 13.803057965673451 22.24700397985624 1.0055709805526525 26.3166579375333 25.35013211054973 17.200737692717 10.132911398958733 17.18712265794854 27.558863295720723 19.398782731561443 12.511497010964169 5.421916618317913 11.872398007364763 25.15482740912347 19.59022602551175 7.848505609125116 7.43572204870497 12.485122491443231 23.774734611435534 15.144198181475632 25.766946615252277 24.695021083116416 25.06706053617634 16.11878074467342 13.544224472686187 8.347070751403468 4.6676156091645264 16.563912514033397 13.550016581962073 20.90912138161777 26.477891243613108];


nDrivers=124;
max_D=[228 122 183 194 163 146 228 151 131 214 176 182 189 148 124 125 224 171 217 127 214 232 185 141 140 168 158 149 166 219 151 203 124 168 151 130 191 162 121 216 166 155 136 157 219 155 120 142 148 237 154 200 224 137 174 209 230 161 132 215 188 167 219 168 179 165 169 123 120 128 181 169 142 189 227 181 202 190 141 167 134 148 162 226 215 217 124 177 188 155 154 147 130 141 239 229 228 133 146 171 145 172 205 206 147 208 225 213 199 140 191 152 195 214 154 184 185 197 224 146 211 146 141 152];
        

nServices=130;
S_starting_time=[664 417 376 296 205 59 79 177 264 563 138 21 564 190 115 13 306 249 523 397 699 42 358 368 503 613 36 126 511 508 500 541 15 668 464 404 601 175 130 107 226 71 419 475 249 397 459 293 277 32 372 432 586 267 712 154 543 154 419 87 471 538 599 314 600 201 485 711 258 314 392 83 415 118 690 690 74 175 32 485 203 709 234 554 710 629 64 528 621 282 149 295 475 717 494 250 153 2 293 351 559 489 404 716 334 183 203 145 421 52 554 354 190 269 456 274 264 582 70 694 718 121 244 672 493 410 334 576 92 688];
duration_s_min=[105 64 93 92 111 118 116 69 98 112 107 89 102 91 115 77 113 66 84 117 107 73 66 69 90 90 74 79 103 76 63 80 108 107 108 120 87 111 95 117 95 81 75 81 77 109 104 112 65 108 84 75 107 102 119 68 109 103 71 81 77 60 61 73 74 105 69 91 96 100 80 99 78 66 92 94 64 69 116 97 69 68 71 74 119 63 104 86 120 112 89 105 67 60 95 80 74 103 65 86 85 102 62 66 81 71 68 102 101 94 119 70 99 108 108 93 96 108 79 69 87 106 70 79 111 86 117 80 86 94];
duration_s_km=[33 60 42 43 43 30 54 56 33 39 39 46 46 50 41 32 43 40 35 37 59 48 49 51 35 45 30 46 37 57 60 49 48 38 57 55 41 41 58 39 48 54 32 42 36 42 54 35 52 39 45 39 41 47 31 48 36 32 31 54 56 58 30 37 45 51 60 38 56 33 52 58 41 43 44 52 32 38 54 31 47 41 39 48 39 55 37 30 55 46 38 51 41 47 58 51 45 46 47 38 31 42 60 49 40 32 43 36 38 57 57 59 39 55 52 45 45 31 39 52 59 40 56 34 37 54 59 50 43 37];
num_passangers=[75 29 25 66 71 22 93 48 85 30 47 41 65 70 88 41 65 60 97 43 92 73 57 57 32 30 52 39 69 35 66 26 81 86 40 94 41 48 41 71 51 68 62 71 73 69 73 37 49 41 66 66 55 100 30 47 88 90 88 88 29 92 91 23 91 50 97 41 97 92 58 23 49 89 25 74 62 88 71 67 39 61 66 54 49 61 34 51 95 59 48 80 88 29 83 49 72 73 54 63 80 32 21 90 42 49 42 74 88 57 40 99 88 100 51 81 53 54 20 71 72 29 77 34 69 78 21 88 67 79];
BM=250;
CBM=0.500000;
CEM=0.800000;    