nBuses=89;
max_busses=86;
cap_B=[48 71 124 30 77 124 20 116 111 89 92 57 40 110 127 121 105 50 98 44 119 112 113 123 72 84 25 113 98 54 56 59 89 21 57 113 77 81 64 82 108 116 27 69 119 89 127 137 105 134 116 79 115 60 71 117 44 103 52 111 71 97 53 20 61 20 57 83 91 139 78 69 57 110 34 67 74 112 82 104 25 50 105 95 35 129 136 82 129];
euros_min_B=[1.317958503400716 2.5932824258620664 14.811051886512082 13.465174264578465 10.004172768550243 2.686393155726832 7.330134347857932 12.447198190285471 4.020969908465822 8.913342187880412 14.240681649098658 1.5346894498296486 6.465035037665695 11.506739672703164 13.898808237866481 3.6936162588333907 5.381456409418956 9.423325934327247 6.550085340644971 2.4564668867985517 12.289513634271971 9.729813411077957 12.864557606958135 7.7961087317424145 3.648399274690802 6.450987735486559 14.24632135090811 10.230144756822053 4.3216704338318745 5.608411600798526 1.445593811997242 8.775492793570283 13.639471861473588 3.137665417691569 6.874084328593498 1.4712392417035969 5.344003295318398 8.782813225949514 6.477802811001629 6.210698018857448 12.497994477262619 7.626972881012743 12.357504381755312 5.400738769980149 9.101675660971699 4.972283514402299 8.63808521654581 7.8759770811121035 6.462101357120453 10.471078246766986 5.319671684411815 8.730009360359198 2.143832279905459 10.357975793247622 14.4424753306601 1.090475542914136 4.515009680628208 11.873380491944173 4.349431448775171 5.550070525669156 4.505450448421503 8.647348774017125 11.961370183008153 4.683441971906038 10.103791833098283 11.70166174462525 13.573966351766218 9.941935249234875 11.056200680301831 5.968150840467722 13.506166507751553 6.913929831501687 11.921378854367816 4.3352329117290305 7.3582441093248185 9.688396509437831 14.426825784521617 11.060057750142652 13.527213101997875 6.617346294600463 9.921399361379866 5.232569415442987 12.03078505962948 6.021032614612484 13.592576294731176 9.84000831953505 13.600498073647076 9.946742541727328 13.024607539817044];
euros_km_B=[1.5507612201593184 6.480474654648768 16.49101753904694 2.940665853694667 2.3844101833393325 12.66780920473161 16.418773763899342 28.334930449410315 2.7848037063550763 3.5795130925656866 3.652757463325417 13.909514836145089 28.23915032592157 3.7782633867589923 23.623911307965166 4.740311600006768 24.289815926989487 25.371445753342506 23.501466349059058 9.283579221962231 9.105354052665183 15.718785363967243 4.304505849412513 13.363565556281447 14.590189038707564 19.740937528113367 26.615646846957077 5.576031591832746 3.8711228196917142 1.0419875086877917 14.66278608463605 10.987338654481716 11.07469558171248 15.910132900298684 13.560577695947767 15.04597499123761 14.268881958946503 11.34866264679919 7.353702813652497 4.696258037638236 19.320116537257817 29.06921302929672 15.443778235882156 22.525041754016506 4.43045940711173 25.629582806219204 1.7750398009938642 16.30805502412019 6.419573455149431 1.2064994737001578 1.8366078917059023 2.6540324542578375 2.431700240687646 26.390709293923965 4.183051769748957 17.311149548808885 25.329874541169442 5.311306379352649 24.081904336191528 7.853141203980789 5.26930365899362 18.54117072043058 16.96145323936982 23.862359807854315 27.58130346284726 16.737015332355355 1.4462181860822994 3.054574008629161 11.445783312376303 27.369173940788706 20.910555396613994 11.912551803910198 16.976203271433036 20.204010110584036 4.482204128390861 24.76803089259001 6.493324198816946 17.286587302783943 29.380480823122554 9.105209936482387 5.054052963291354 13.573537413549655 26.012279055061555 7.917963758042649 3.0107310092924777 14.379519175416661 19.59030950109843 11.423372106617961 12.875152283331694];


nDrivers=88;
max_D=[165 223 195 186 203 129 166 235 135 139 212 149 233 181 179 187 171 150 170 148 173 138 229 179 169 168 218 168 184 184 200 237 238 222 123 235 193 203 209 196 174 160 185 201 167 240 122 122 157 144 199 128 137 184 196 195 171 146 185 181 240 240 123 174 137 166 168 183 233 204 223 190 122 183 123 150 147 152 147 163 193 179 176 161 236 120 165 186];
        

nServices=90;
S_starting_time=[195 51 139 528 337 245 432 327 147 544 473 38 87 439 291 618 642 484 126 548 378 374 557 709 501 442 700 650 481 635 171 682 535 525 490 621 584 181 580 503 420 525 670 601 599 120 149 274 83 454 66 529 388 656 549 411 396 339 192 173 222 421 74 15 135 659 606 348 406 713 133 253 413 683 374 642 644 601 148 604 351 139 400 633 75 38 16 351 566 407];
duration_s_min=[96 98 74 73 66 77 62 89 96 95 64 82 83 104 66 109 61 82 93 68 64 115 88 88 94 82 83 75 70 113 97 112 77 72 70 98 79 104 64 100 64 70 60 81 77 71 85 62 81 61 114 77 62 64 77 108 94 90 119 62 105 102 77 65 91 110 63 108 90 89 63 109 95 78 99 90 98 89 64 99 120 71 109 63 83 116 73 101 79 88];
duration_s_km=[45 33 47 57 59 41 56 33 30 56 42 60 33 36 38 58 57 35 42 48 41 41 34 50 55 51 52 55 57 54 45 37 51 43 53 47 50 56 30 45 38 40 57 39 42 31 42 52 32 34 51 60 49 46 43 39 55 35 58 59 33 48 55 43 52 42 41 60 49 60 37 38 48 34 46 51 57 37 37 31 38 40 37 45 33 43 40 59 41 54];
num_passangers=[34 41 90 73 33 99 64 79 97 62 84 95 54 65 43 94 49 48 45 79 30 27 58 20 98 25 64 48 88 82 50 34 87 45 87 70 91 52 42 29 27 100 70 68 36 77 92 48 91 26 44 68 51 87 46 68 66 68 35 24 90 92 67 28 83 32 93 47 68 85 65 92 58 83 54 81 50 86 22 21 76 59 98 75 83 97 85 51 69 39];
BM=250;
CBM=0.500000;
CEM=0.800000;    