nBuses=81;
max_busses=79;
cap_B=[104 129 136 137 47 91 80 123 100 77 116 97 29 34 41 97 96 119 120 121 79 92 77 123 108 58 85 128 96 31 105 73 82 53 114 62 114 33 83 51 134 115 85 20 78 27 137 54 112 28 134 125 105 41 38 24 55 108 40 109 70 116 122 86 111 106 76 50 85 103 74 139 128 95 97 32 29 36 130 94 87];
euros_min_B=[14.278235694533057 7.2237992440772105 10.475128583494223 2.380699113948335 8.673087627324318 6.718689330406032 13.654892175438029 6.154111503025831 4.76810353531139 4.73477319857124 6.7779214914011625 1.164298012160783 2.4650821702496764 10.88486477959204 12.381380044342666 5.405747582377765 1.077356258597652 3.508390319744519 1.1075317510469116 1.1146713446155643 11.372864973152168 13.799721937162772 8.02514179720169 13.435582782907115 1.1888788618623647 6.918864443307017 9.511023609436904 5.897799085853853 2.436164482295003 6.497454796635127 14.879543373355485 4.318929546786945 14.211555076476282 6.288919915693516 1.4374172445360536 13.611241535839945 7.8060570424613145 12.70426459414667 4.539765597587391 12.655473612819598 7.2956296725914696 6.008768376410323 10.639413131973505 12.816244421955028 1.9359939841937075 11.056621775234834 11.419920690078627 10.364178240923838 2.6263239021509355 5.195613786134442 6.764206031703003 8.929365356282485 14.094284295105593 3.74836998933909 6.135451594797566 2.8259278239347605 7.684080607705404 14.122481740977628 14.442995226878537 12.977587014617448 2.332592258504031 9.040742160490764 3.2122876051570897 6.16520138363218 5.238197583518364 3.5989463189031463 1.0360759834324524 2.671867245433451 14.559089315434155 4.358198336054127 6.076640893087803 6.2322417260654435 7.434041294426692 6.785391842458617 5.504432230136078 2.242774299081351 2.432499440545152 14.57716473089421 13.780184798005866 1.622686810539174 14.839887835048842];
euros_km_B=[29.33991462170705 13.701174737396556 17.16781818531977 27.66983507304709 1.8728431419917508 16.27804142037715 6.493419945044118 19.347751925505904 13.870061793118342 12.874612356265292 27.165003399487382 7.361076260284899 14.597541757424038 20.960525746624167 14.478712821368804 19.464373400711985 27.670950726256745 10.283682456693347 13.097147315659017 13.754943732222998 11.67560303498789 22.958672086689383 1.1392352138161659 11.886589469327404 4.975075408507193 25.06897365113433 11.63615082855083 7.933288681641005 4.445988453781734 24.134143371892335 6.118447097867788 11.671690709836524 11.583176428115953 2.511482433450958 3.655390352860254 20.05923182948848 11.38246452880148 9.779265134432407 5.267856602614151 9.887543538502035 29.372258889502746 7.695886055559546 8.231685448690746 22.159657274436285 14.895835614936908 23.229322293184683 22.018181458153617 13.70000700684302 28.287891861078748 18.961341230429827 8.580319067265187 21.471462671702948 13.712083189372017 24.776285949819403 25.7711720353863 10.87999324314511 27.731681953527637 12.959346552505087 13.277266253815148 11.701844029251351 12.153915590579025 5.124062375424135 8.781309885635682 10.026070955289034 22.098937919300898 9.246436276833437 28.20342892664209 20.089420508608345 4.229612865431287 3.672963944261019 21.47497141004973 5.916484084797293 18.563932018936462 13.665778917001681 9.70269955620216 26.031131278217508 22.616207024424824 23.5083851734392 4.6467601127324505 11.877240542764046 11.676364038746582];


nDrivers=80;
max_D=[171 222 136 158 185 232 125 151 141 139 123 150 200 123 173 217 198 125 195 206 206 233 152 180 166 122 181 159 129 229 129 226 168 195 224 182 233 135 133 230 186 201 166 190 231 235 196 185 211 126 216 202 175 164 227 193 188 225 223 178 151 197 237 171 178 125 147 152 201 133 156 158 212 183 239 132 178 135 197 224];
        

nServices=87;
S_starting_time=[583 277 422 517 555 599 113 69 111 242 660 276 567 218 358 351 401 203 333 543 223 292 478 397 27 41 668 586 189 590 628 194 109 222 77 667 497 184 18 573 719 218 134 278 602 318 108 149 587 159 478 585 330 3 425 436 185 657 519 403 524 611 563 445 7 540 577 76 530 552 311 660 566 296 685 532 629 261 692 573 623 541 569 514 580 167 224];
duration_s_min=[88 63 77 97 102 86 114 77 66 98 91 104 66 63 111 118 62 115 118 93 110 96 66 96 114 80 109 68 87 112 73 93 68 116 86 86 85 109 82 98 64 108 83 117 108 117 85 79 65 61 107 115 77 71 118 63 72 87 111 101 71 68 98 116 89 98 86 112 65 99 100 104 101 89 72 83 117 66 103 70 83 81 67 86 98 117 116];
duration_s_km=[46 57 58 53 35 54 46 53 43 55 54 39 56 37 42 54 32 37 47 52 45 47 45 38 47 34 56 49 50 51 35 45 41 55 57 49 57 59 34 53 38 52 46 34 48 58 35 60 47 44 40 49 49 42 54 40 47 47 30 32 58 60 33 55 34 50 47 45 38 58 54 44 44 39 30 31 46 48 57 48 41 34 53 39 41 40 41];
num_passangers=[58 58 100 62 82 97 61 84 77 58 50 87 54 55 88 87 98 61 54 66 100 73 70 98 88 34 46 93 42 43 25 98 100 25 54 93 56 48 49 52 92 25 26 82 24 30 36 41 61 78 41 52 29 52 38 79 32 95 27 100 44 56 100 82 38 36 97 45 60 95 20 51 47 58 44 87 78 25 25 89 90 53 100 59 70 80 46];
BM=250;
CBM=0.500000;
CEM=0.800000;    