nBuses=121;
max_busses=118;
cap_B=[77 102 108 84 30 26 64 47 49 126 101 135 64 43 74 103 86 50 21 35 99 128 130 29 22 93 88 70 105 62 22 97 122 126 31 44 118 124 56 74 98 60 58 85 89 122 115 76 63 46 92 107 68 46 87 139 117 81 123 111 99 93 54 58 48 101 24 34 21 57 109 81 74 133 42 92 139 117 91 86 83 98 67 137 120 88 73 82 136 54 122 105 71 83 82 86 38 83 22 21 130 124 63 136 42 139 118 32 26 29 134 136 42 58 38 64 94 91 34 122 88];
euros_min_B=[8.342248730976284 11.1258698919845 4.910231797886689 4.802865701372989 2.7253311311382635 6.328075860194516 11.807694666414722 10.968020201150882 5.672594117828116 2.8018767213919493 3.037339901522567 13.616383866276827 6.957977628420778 10.296736349391264 10.60101344539645 5.67977641921472 13.588302263412935 6.920795746857214 4.935370547207627 2.1736280361954226 10.877211478850716 8.502115048993 9.848563931024543 12.102335454673916 7.719552027326667 9.183648553172182 7.342655794198953 11.591660266758385 12.606029745296263 7.169695266822323 13.462743603614237 4.622370002767917 2.2569986163744167 9.702293001023577 14.277052739119766 7.7818794302156835 4.876792459119729 2.27889785889998 3.4987288606742872 9.376116719720944 3.1940926776542904 9.921489561880692 12.553591554167761 10.782019199110001 4.897903896637344 9.344303550109938 5.229241500929382 8.526079581797317 8.95706421930722 2.1724313591824753 6.329369758354813 14.241085427377307 9.399962516863193 14.819121733871745 12.80175908242168 5.99555938850022 11.605242842548211 12.773380372942201 8.331479236561496 10.390995746625478 4.655438239049326 6.116281479460781 7.118285292742698 14.355615454125335 13.358644289028767 13.838231737941223 7.877316939837437 1.7880056130838786 4.213963719124072 7.791858116598688 13.1620007594471 14.76515132149038 6.470120036239933 2.005541176820601 8.297416713042105 6.109759110192356 1.7593213320149201 3.8682418538687457 14.937562142376706 1.775085850137066 3.2479736535628416 14.047896936817198 4.929495158433065 6.430251932460272 11.106206846519479 4.5548328523533135 13.530379465033931 13.743573126846107 5.428868852139419 2.3742899028407134 7.570640308855162 11.000286753854912 14.289225735924138 4.569417833497221 13.807102231382908 2.655437499135606 13.272585875286957 7.072037731179993 12.813427991480161 14.487479083382471 3.2348562968728243 10.605562039233595 3.4089943353231353 10.645275355727254 4.595573884818689 13.541359262473847 7.627460903101054 11.296805223929924 14.594693383468186 8.639911599947295 1.238522731090733 8.006431434604867 3.8455569140975303 14.591779572821771 7.98099196015746 5.27415610009369 8.786899993968088 12.153889694075893 2.4581840624022964 10.634420951016677 12.56046402361049];
euros_km_B=[15.251216123927806 28.769492353113794 15.222266286154179 14.096359745410496 2.7918446713813942 23.034836400938705 28.06415287484506 15.086729414535887 18.66131747651938 28.630044669949534 19.6213061857983 25.20007320346587 19.9878063952391 3.516178799177998 7.674010338824053 14.873462943903746 29.506025928865515 25.159411333382284 23.551284963823665 3.935806276156111 7.976588135602601 13.831598906545482 21.618651679417713 15.951753304418817 1.6197189595670907 15.881172558066972 5.247712758963848 20.271469247918535 13.15737006136242 11.392947671324494 28.407411014007216 10.658995466769468 22.921286870212896 12.594329287139328 28.368562666061496 8.326783939496288 24.402032416326687 20.55063570582347 16.700024450406204 15.262416772137541 17.307936546475084 18.285702021518297 12.68709533428002 17.1862725087536 27.32232214295408 13.940271772354812 18.234814358645483 25.81546565681363 15.558000022572886 1.7906697297934986 12.353390424349426 24.77225366040985 14.1303207095825 19.79340396452904 19.769637479938034 27.0873671286354 27.735153823247163 7.487571478566596 25.03143445862003 16.991966781200915 10.755955331981571 15.82242780080055 8.62165355105522 18.103157409098873 11.443635931132103 19.2418247104234 9.664470537764519 21.00615134323228 2.1836560681914317 5.823135733475587 6.834917269023303 26.586675537804382 29.72835450035025 16.366067768686975 3.1312865117434256 7.380863900858643 14.682145173627248 18.274618827132848 28.921006665667456 11.969832514881647 26.837677485843287 5.978115963941187 12.416365436347663 26.710868619430123 24.41867007615033 25.66807939329343 3.622441826246714 5.509253313167588 23.769689877387535 27.04829120099689 7.328177750894961 12.923404474327342 6.985236947946871 12.677342193648652 7.706963248395156 4.492584279671316 9.79630916383726 12.640166140172184 25.21835957923926 24.962582442316812 16.48116919911644 7.225790928410409 13.283549890840613 29.229462167037546 22.625941726852 17.14156870138742 26.14832504479867 8.529231898350613 12.270009112995767 22.450152924957628 19.6673403875675 24.30813421494222 19.93598191357417 27.11792494723884 9.741180842924225 2.395738272977829 19.355321803342893 5.158672681277488 13.018408503595687 28.43973990893431 4.579560333785443];


nDrivers=117;
max_D=[122 130 142 171 172 230 209 184 147 224 215 152 202 178 168 183 170 186 139 213 215 193 157 230 240 220 164 215 203 180 226 131 131 233 236 196 228 219 120 168 149 231 171 213 198 231 174 128 237 168 239 226 190 130 178 181 122 204 167 192 166 232 193 173 176 237 227 157 164 196 218 154 230 174 166 169 195 172 174 128 189 192 198 183 158 191 238 152 209 144 190 234 201 173 198 168 215 227 192 128 134 128 161 157 154 133 238 184 183 189 177 171 160 120 234 155 158];
        

nServices=122;
S_starting_time=[646 264 670 524 290 263 106 274 14 530 646 220 406 540 573 262 581 96 511 144 166 689 461 501 105 264 77 440 683 213 348 130 582 150 298 375 624 497 84 125 502 20 686 653 457 433 306 394 284 293 605 215 615 318 624 531 700 519 661 504 30 180 680 227 109 692 230 79 83 359 468 541 65 600 531 386 268 247 357 281 598 434 257 90 231 97 155 322 224 640 682 435 99 161 239 218 153 149 652 467 463 567 635 321 462 182 183 156 566 500 663 67 661 196 522 94 107 701 448 252 171 583];
duration_s_min=[84 88 73 96 119 100 102 65 89 74 92 63 100 98 70 105 61 117 97 73 117 95 69 87 120 117 67 68 116 76 74 77 103 111 116 100 79 74 76 102 95 97 76 103 102 84 75 62 100 96 112 77 66 90 72 116 64 119 71 109 88 73 66 114 75 119 63 116 77 78 64 87 113 117 111 61 71 104 69 84 92 68 76 69 65 73 82 82 100 96 120 110 109 71 89 66 104 106 114 65 89 92 97 97 71 91 89 86 61 93 104 115 80 69 77 86 68 65 83 111 109 65];
duration_s_km=[60 40 55 39 56 48 37 40 54 43 31 45 50 34 60 36 35 58 30 31 49 57 52 50 58 36 52 33 30 44 46 49 58 40 31 51 35 55 57 60 54 30 34 53 38 44 55 49 31 55 45 42 30 35 38 59 52 30 33 49 45 51 57 44 32 46 43 43 47 53 33 33 40 46 42 43 59 43 54 46 55 58 60 40 59 58 31 40 56 43 53 57 47 45 33 47 51 59 56 58 38 45 36 42 43 50 54 44 30 59 35 48 60 30 45 52 43 33 40 33 50 47];
num_passangers=[94 100 80 98 80 95 86 76 52 66 65 42 38 31 87 23 59 76 74 93 88 22 67 37 38 59 74 34 24 72 34 73 97 28 41 79 23 50 22 58 98 85 57 68 52 27 20 97 54 62 72 88 65 100 60 71 41 69 70 34 26 98 73 96 99 44 91 43 45 74 83 80 43 80 46 88 55 76 23 70 46 21 47 81 27 66 47 64 49 32 69 40 52 51 61 75 33 36 54 61 72 43 59 38 75 30 98 59 72 25 83 97 31 44 52 43 48 46 89 83 45 30];
BM=250;
CBM=0.500000;
CEM=0.800000;    