nBuses=71;
max_busses=61;
cap_B=[86 25 54 132 32 123 20 80 113 129 129 129 50 101 51 79 39 139 28 125 29 77 68 55 124 107 140 110 72 140 25 37 126 71 104 55 130 126 65 135 66 66 36 43 23 122 31 94 115 45 118 47 64 117 107 22 131 94 47 135 39 104 24 75 27 88 131 79 75 115 115];
euros_min_B=[12.21990422511064 2.9356377301426946 8.465962842532463 13.696443435258011 14.673187639765443 4.419075839522642 10.634293101311687 11.006076985435516 3.289899270468008 12.480761484551936 9.983876329510274 4.638066331829914 14.645914418516242 2.9783049365495833 2.006483582125557 11.39597178011964 13.052484238994493 5.888100365021906 2.3884027532820373 4.319246888258697 13.626858785985135 5.749835998952053 14.208722275463225 11.330252892480974 11.141794094377737 7.6596937480705884 5.910591822556465 6.911306293935704 8.623604576238701 12.407591918405371 3.9193552600959047 14.137056166672263 14.890240102605636 12.91880550014381 7.97113305495321 12.414785920194742 3.5696898513126376 2.979714331743824 11.570243675747879 12.187510437009172 5.671338536226128 12.57909169204326 8.428972220768488 10.91909823567984 6.733432280972195 7.2992283603381125 4.316359451299902 9.145744268762176 9.711387223609762 10.457679474822534 1.1209264667754937 1.770245405736611 4.093010920300095 6.832369260778626 12.467699078260656 12.54279708011302 12.140800994290203 7.461443485587512 7.765448351367027 9.242243250172507 6.462177139978598 9.492693205659544 5.628434536918808 14.833548469869436 11.617022755283811 3.6231757295231866 8.374738818271307 12.276079860048466 2.573573606588444 6.231406225481255 1.6131465401104932];
euros_km_B=[1.6333102076710488 1.5824862809284002 12.034133555297434 6.116105592970912 21.326978001474636 7.800853961700261 6.2400387084929605 23.569522560399765 16.785496311562525 28.721161128136373 22.353098738597314 22.376915789498863 5.377869352818385 13.459160595270019 26.389023311952375 21.884164805437383 12.154099411550295 15.280445216577647 18.920206901789136 18.885830811436374 11.225663766128246 1.7531965386854762 19.191177139110895 4.773197097703688 8.616259024076571 13.7514052845101 13.208910395515687 6.329876322309448 6.168979913901705 28.912251969585004 16.554795246010443 20.246717084229562 6.2620859889157865 12.96793911062122 4.67823303041521 23.305888393210292 7.289702529575638 8.00020108438404 12.13906006146072 17.886216629579945 21.84147635397697 8.949582273579361 17.968480109012003 25.68997442468175 4.128675587206579 7.792412069245519 23.87783298708263 28.530397969682074 26.597311520994946 8.090146436926702 22.39388497415442 6.235425150705807 14.940161027895941 2.0659709123244685 17.822426086377195 16.349656687259902 23.515621112174507 15.253706023780571 24.551325623063814 24.05538242161005 2.503635640604917 16.6891329297135 4.660760934796574 28.628810727310782 12.816090424803503 2.422005600434103 7.621137107969666 5.690192547823526 20.998880994789417 16.608089759882517 20.338661967936957];


nDrivers=72;
max_D=[162 238 167 133 161 198 200 160 238 123 208 194 207 231 219 163 211 148 231 125 123 232 214 217 147 160 209 145 192 144 175 162 142 210 199 212 202 216 137 157 187 170 236 215 147 138 189 131 146 158 175 160 188 217 123 136 136 228 231 186 210 239 213 122 179 156 205 160 160 159 229 227];
        

nServices=76;
S_starting_time=[1 216 310 272 635 300 647 564 51 713 103 190 241 681 396 78 470 347 457 472 161 216 369 621 156 41 429 28 236 680 715 600 436 586 675 683 434 226 687 305 4 584 668 415 693 369 0 619 639 567 320 599 394 586 273 299 35 714 131 88 151 36 150 417 577 522 41 679 614 426 297 251 334 224 678 127];
duration_s_min=[66 72 113 94 112 112 65 100 113 108 100 89 77 77 96 85 105 83 64 108 90 99 109 67 111 106 88 72 113 94 76 81 106 113 70 61 107 66 63 102 87 108 76 119 70 110 88 105 74 74 70 84 102 82 76 89 91 114 85 91 117 80 94 68 78 77 80 74 102 90 71 65 90 118 61 83];
duration_s_km=[54 49 50 37 48 59 60 52 33 58 31 58 57 49 53 46 39 39 32 45 58 54 34 41 45 43 30 39 54 45 35 30 46 34 41 47 36 44 41 34 51 31 38 49 56 34 33 42 57 58 39 43 42 35 51 40 51 55 54 52 34 53 36 33 35 60 41 32 44 58 31 31 52 44 54 36];
num_passangers=[30 78 73 24 44 37 36 65 65 20 24 20 45 98 26 69 52 86 78 74 28 91 54 82 78 70 52 51 65 50 85 78 70 84 32 69 81 86 37 68 74 99 52 35 40 64 63 96 54 84 90 50 64 81 21 92 54 34 53 85 36 40 42 22 93 54 93 77 75 77 96 29 42 91 77 88];
BM=250;
CBM=0.500000;
CEM=0.800000;    