nBuses=65;
max_busses=57;
cap_B=[51 68 115 71 98 103 23 54 58 128 85 27 30 132 105 39 124 36 28 131 91 124 110 33 45 28 124 96 46 70 119 84 88 36 54 100 41 28 130 112 107 74 89 129 125 124 92 60 92 22 52 138 94 76 120 131 74 83 81 40 21 41 70 139 93];
euros_min_B=[1.0029264323222462 6.080173539815451 2.371397236007197 6.353948461413747 11.85650586418954 6.631145762225885 10.873597103644192 7.703041774001449 3.263952653494374 4.062131810902905 9.618010059085657 5.12483514172747 8.68712569767026 10.189583443371896 5.8081012090758195 5.118845373227453 6.389580748195082 4.676661408220006 6.016445756157383 14.779708655314336 9.497055511982088 12.568209759937595 1.0864288328134066 6.135716565428312 3.522557695036734 12.686266754479316 7.825076197416759 7.21329568068651 3.34716150347426 4.467083674471167 10.810776290227636 9.813256269394252 13.493150880846168 6.071022203638469 13.326426756111637 11.136291556267652 3.449095754653756 6.170928008441555 2.228948543357012 3.635713892793845 13.648816451700664 14.613315118967817 11.780753953302284 5.424643209122237 9.693996960391328 5.566149161771717 13.320549145705565 5.221074804626203 3.4970891507179207 6.214827740305667 3.2198527281408316 11.659146356553403 11.811636349345346 12.488983221961197 12.632272780672466 9.329165727402895 1.388537943869288 10.649877238294533 7.465565479938197 5.458940271304616 4.605755779372646 7.784615503268395 7.2856425220850225 12.597209094416113 1.5687463933565282];
euros_km_B=[22.161872299156585 2.2851393077776576 20.404893642639795 19.963706784486728 2.1495286827595437 13.027262681694161 4.3412391788962585 23.68738882265815 22.496866056913227 12.584477643232924 16.376416754554235 26.549611569251493 17.780228904007846 22.669908700665733 4.983065556767494 2.0783632122291653 27.15109166127373 2.4361343416574845 21.814796123712416 9.515634531352623 22.52506998890616 18.97127313746149 14.424207158256381 4.146820513955896 16.647204163169107 17.56069758050786 20.817258258493712 19.159664610648093 5.190592459300454 25.705120701924077 11.22418352647615 14.994604057538524 6.442950998387167 1.5801969700404832 23.66627735907519 6.394794452029795 16.692168968585953 22.29871156395863 22.70915247475811 4.8068042148792145 8.964599622454912 27.349333535822947 28.14427714496459 25.847012866110916 4.460236909027432 15.233501542461818 13.677135753123702 7.448737759507424 13.440569081656228 25.08603782114166 25.17906560292161 10.640608027568781 29.637142685022777 11.561067495452145 17.207215931314146 16.584112063714375 23.348215858351747 19.7070694164374 25.03168865979525 27.014466583413597 28.83312719883172 15.279986207653318 16.049541417626024 29.947902804710875 21.20440194140194];


nDrivers=67;
max_D=[214 122 229 196 137 138 185 122 123 132 128 189 198 184 206 192 131 186 157 151 121 159 145 230 213 223 179 155 237 183 180 193 166 146 179 131 126 237 211 192 165 154 213 123 225 183 199 162 123 139 121 224 205 237 173 190 127 129 196 178 139 127 160 149 169 171 189];
        

nServices=71;
S_starting_time=[22 689 85 278 73 464 101 268 648 438 421 299 387 87 637 687 295 351 187 76 381 219 340 405 316 598 32 137 380 313 149 83 484 566 102 718 543 56 432 81 443 393 222 202 195 315 571 420 488 341 96 650 704 691 151 144 459 220 323 399 104 31 437 625 440 481 252 59 358 677 415];
duration_s_min=[74 114 68 92 65 60 114 62 61 116 90 68 67 110 94 64 114 104 118 97 65 105 111 108 95 109 115 82 77 76 91 86 93 86 113 86 119 72 117 96 74 118 83 90 111 73 76 84 91 109 117 117 63 119 67 91 103 69 78 100 96 85 102 89 81 75 115 64 85 71 95];
duration_s_km=[55 59 49 56 32 41 33 32 35 57 55 34 30 60 60 30 49 54 42 33 41 36 39 52 32 39 30 58 35 36 45 58 34 33 47 45 59 30 52 35 56 41 54 54 51 33 46 44 51 39 49 39 49 34 39 55 50 44 32 45 36 46 38 46 58 40 40 36 50 39 43];
num_passangers=[32 47 85 68 47 30 33 66 99 64 95 55 88 20 21 99 70 41 59 40 96 72 53 88 57 66 56 46 51 34 79 36 70 62 30 79 82 48 54 90 35 67 47 59 37 22 75 97 96 53 28 64 22 25 77 83 88 93 80 65 32 37 52 29 85 80 28 69 84 30 30];
BM=250;
CBM=0.500000;
CEM=0.800000;    