nBuses=89;
max_busses=78;
cap_B=[48 87 108 118 44 135 46 47 132 84 126 39 37 99 136 131 127 136 102 38 131 85 108 27 70 103 58 122 37 125 62 33 65 91 56 48 90 109 20 57 130 100 57 87 58 29 53 54 52 42 41 95 32 129 72 116 36 36 57 70 115 103 25 91 99 124 107 72 46 71 104 82 32 50 111 62 41 65 102 138 126 127 26 109 73 126 93 27 98];
euros_min_B=[10.753401894110626 8.16876651889302 13.85297298386225 11.940337229235467 14.63579580326625 5.855611904168343 8.542714366823494 9.172148434258435 5.9593151668193975 3.123097783191783 5.5592860380216385 11.948070511135306 13.136206724137523 13.841010490516537 12.710160055665332 4.070897042034403 2.6088437024777944 9.081796924465296 1.5479113811981315 10.196019155596527 9.443935098642898 10.4273052173634 11.384619420271758 10.225654318674643 10.566347741903266 13.95308151951751 4.5762052652386265 2.927199199310193 1.9344296374465986 1.823279722811312 7.783701857544944 8.886654841735165 11.413345368990507 14.268967821800642 11.395116639483692 12.918321445826834 10.923955853578065 12.978668977126674 2.619094320659885 6.496154080450188 6.922076725921806 8.143589358745151 13.379352301294222 4.961489045148008 14.982429768290428 4.235906787398883 13.022873374890594 7.9785108823034365 7.20214912097641 13.135409380856586 1.2161346488920737 12.774800805387638 1.3869510619504404 6.41722539070577 9.653575198038931 4.5728416885881265 7.4406317784610305 7.744069064681994 10.746836544038672 10.902169288954509 3.463552130345656 3.5830729276827045 5.562170344298032 12.900966857137414 1.628984691856378 14.971819265653616 2.9688011970671164 1.8040436294744056 7.584084010018669 12.375280663817101 6.167622782804113 10.855031912323984 3.5977643812126487 7.793654389765445 9.4856249608248 6.187342067901383 9.178120958991006 8.147572670517505 11.95349153465882 1.882572138655943 4.487908807115507 1.097620669154913 3.443227961716122 11.36100224512058 8.034063674026662 13.129251791098412 4.913496354352196 5.386608420370935 6.613610104453351];
euros_km_B=[27.59487734723991 17.299023194044523 23.55134178305928 25.038200780069257 17.26379012347154 12.151405346235782 8.45458264538431 1.6762277119127296 27.184643063072812 16.200651035105018 12.799077355287887 3.3157171218025363 13.835506560447943 13.406172495988967 21.248443286733586 29.913967952238536 21.224841895780063 6.818580778232493 6.760734868519291 2.767516722699104 23.28346638596346 15.249072968640197 14.364839908338991 4.99701224060257 7.7948847948701925 1.1024148813934693 25.477785580795064 18.509807035734756 13.230979812356043 26.471665545559077 12.97535255777155 11.499737176611427 20.57486964144782 20.849368516369164 17.47555369057156 15.72991469570761 23.709670787028053 23.311533863023634 2.8283922910020713 2.893079592286796 14.80808193887897 16.80902300484457 20.540546355819956 7.893163486739733 10.018347569986876 11.539976951652706 4.569758576009738 25.880288590974292 10.401342711692354 8.3519713623768 25.840151330794345 21.11380074679992 28.274487194679825 20.608381732703823 11.301315062246115 18.426811513354004 12.008123218219458 25.82751209575494 27.569409325069174 28.097576100585407 24.754864023958874 3.8919066410505 10.516766153754482 24.40545019165475 15.683123640681895 6.795465263817993 6.815071703351277 27.668270361735757 7.146302004365762 14.85582133622873 21.23112959341614 13.113296528449974 10.807822376434503 1.708173231837209 1.288891897986618 23.78797818801387 28.866773427849584 17.362937212920126 12.460865253893811 29.11064620088937 7.765755501205527 15.534462557589015 5.889172247247483 11.239506750904233 10.315847594460761 12.788660157025195 20.79647124152391 6.2302887235437385 17.60580053507396];


nDrivers=85;
max_D=[155 190 207 230 230 144 141 139 128 121 153 233 239 217 195 229 156 199 176 132 240 186 135 208 132 185 183 221 129 189 217 148 138 173 181 174 231 162 206 170 173 142 122 170 132 190 224 218 221 131 217 152 183 200 158 135 212 202 210 183 147 140 167 147 198 219 212 199 215 134 161 135 148 205 176 226 129 166 120 158 131 123 135 154 200];
        

nServices=90;
S_starting_time=[307 252 281 592 16 208 155 328 155 342 37 560 458 465 466 178 274 666 47 570 690 465 713 666 495 619 217 450 359 417 171 68 441 94 173 592 54 214 330 144 248 163 336 394 697 329 59 576 611 559 157 549 621 633 409 581 174 33 621 76 217 673 307 130 217 240 416 221 688 136 502 97 719 697 713 339 173 411 526 403 172 107 502 610 206 512 321 527 670 521];
duration_s_min=[91 102 88 117 115 101 66 105 80 101 113 99 104 63 89 72 113 105 62 99 88 118 114 119 80 99 81 79 97 106 63 116 89 81 103 79 102 69 83 61 107 100 85 64 61 96 105 88 72 83 65 109 73 84 101 84 65 113 119 70 91 64 76 117 67 96 72 81 68 76 90 107 116 86 90 70 103 79 89 104 118 86 82 81 114 108 108 68 91 65];
duration_s_km=[31 53 38 53 40 54 36 58 59 53 46 54 32 30 47 55 38 54 41 34 54 57 60 54 31 50 31 52 35 53 50 40 43 57 39 36 42 55 52 54 46 43 60 31 39 56 57 48 54 32 51 36 49 31 30 44 43 53 44 41 30 30 53 56 57 59 43 54 34 37 58 43 60 46 59 42 57 44 57 59 50 42 34 32 39 39 39 46 40 48];
num_passangers=[43 33 24 60 75 66 81 77 43 45 82 98 77 64 59 88 52 25 41 75 91 53 21 77 60 61 53 23 69 62 30 64 43 89 25 92 79 83 66 65 34 44 62 79 84 71 81 45 38 71 54 46 31 32 69 81 44 87 93 36 81 62 76 58 58 44 57 25 31 49 84 56 25 70 72 32 55 90 61 73 46 36 90 45 36 45 54 76 41 25];
BM=250;
CBM=0.500000;
CEM=0.800000;    