nBuses=70;
max_busses=72;
cap_B=[54 76 109 53 135 115 25 41 53 46 37 57 82 123 138 132 88 26 36 45 120 123 125 136 51 85 24 20 44 73 129 76 69 71 80 123 87 136 34 107 70 101 32 21 135 20 77 91 55 101 61 32 59 119 105 89 32 132 93 109 90 63 43 133 21 24 50 101 25 135];
euros_min_B=[2.2420186544797103 13.478469612276951 3.2915403629682927 7.171973098679165 12.943158145725874 5.285867603562319 3.7167305754763946 4.766673159698827 7.321234401263688 10.997139718879595 8.563555677475247 4.497071515206353 11.185788517000766 11.35047204932481 9.910926422059507 4.290994746714328 13.120124404117112 11.41225325801474 3.2706121651234215 4.617292198937668 10.917536062853134 9.409316962350552 11.769016606921209 8.857021474493532 11.127450830499447 9.940256738272485 13.568579251433102 5.058413508532217 9.417076443303536 3.0634779702105464 1.5905355777651666 9.682009731229991 4.2435366269491945 6.140560483364221 10.394844445718832 11.107350182863868 9.455769969901048 5.901563804747859 9.340212406416002 3.610709078671275 12.44932583321597 4.087291513053786 12.008170058744028 13.659842226412593 12.702955237761984 11.595446109943243 3.156165823464776 2.770489624223927 2.658249234348407 13.874363427542924 8.66291565401555 13.277581502844575 9.258244739686557 12.399793236411615 10.643800979804473 2.2194600481599887 9.496461565646847 8.208858836109725 9.299285238706123 4.967629845210374 9.540831872223455 2.3183933201471847 12.235418170100196 6.547193596006295 3.8724774372803386 3.5595551306331705 1.6063552483750345 14.903999050851258 4.647446345993945 11.644146197730787];
euros_km_B=[19.118012546658072 17.828851228483263 13.499952181775049 21.73730356581603 19.610739462965675 21.465558529105856 17.106721520093764 2.759747707502221 11.44346035656799 9.964006047041853 25.993901012881874 28.86161892050114 5.57401152354544 9.310305397772614 15.679277665024577 11.520466580147122 1.6752613014354012 4.443573469645486 27.429178259678476 10.66422216937367 16.31493879379614 24.816052117529832 10.663556086888427 14.385223565925973 10.08287075688633 23.867950664874236 22.93666512677296 23.16381430618348 22.70710305785178 3.572286610727177 2.603050418207609 1.2074200507211543 3.760030863100143 1.019067218727134 29.933240812906156 10.662347113028156 24.122975546160948 7.40294498852986 5.896138836352378 22.904605449064675 11.732921025043943 14.173312927195493 8.402014469970965 2.1171290215263885 22.2063325232483 19.61136228545877 20.178191404544148 11.770046558627536 6.617905590963725 5.4370335327743895 13.03846603561368 22.694314689711426 21.244899147221396 23.965713186169264 2.38877848358041 1.5206174631491853 15.057854943497908 9.534420095056774 24.925776500436935 15.642900135217275 23.359099973269327 18.3751602040098 20.088070087571687 16.57819979682769 10.756819091915855 9.654576721670434 28.71684058974708 10.849979152183234 2.632355307169672 3.788741086430373];


nDrivers=73;
max_D=[199 161 200 195 200 209 211 136 144 166 219 169 157 156 232 208 127 133 223 140 193 190 219 221 237 181 142 226 212 209 161 165 215 127 182 210 154 204 191 210 238 223 176 205 194 207 153 187 226 122 129 185 187 171 178 143 188 152 151 155 211 183 175 227 148 153 192 235 144 209 156 139 195];
        

nServices=76;
S_starting_time=[600 31 602 72 670 388 540 377 218 599 55 223 583 682 172 527 65 585 676 494 560 451 316 395 397 660 108 553 183 371 1 151 334 332 549 448 687 148 232 154 433 170 430 348 69 694 255 119 100 204 290 7 113 372 383 577 371 668 160 675 320 609 8 444 589 665 379 565 623 265 503 638 87 634 605 199];
duration_s_min=[82 61 74 65 93 116 113 100 120 118 93 69 101 90 95 73 85 110 99 98 120 79 111 112 73 95 78 107 66 74 90 113 70 111 77 106 62 120 111 79 82 60 94 84 119 73 89 100 118 120 90 114 98 65 90 76 111 79 112 74 93 84 113 76 60 79 77 91 74 66 114 99 84 81 92 120];
duration_s_km=[52 32 42 46 56 49 40 56 60 48 59 46 49 47 33 33 53 57 33 50 47 54 45 51 55 54 39 47 58 31 56 52 52 34 46 47 50 47 51 45 36 45 40 36 34 36 33 52 41 31 55 45 39 43 32 32 36 34 60 43 57 49 58 57 45 47 42 56 40 36 55 38 40 58 53 46];
num_passangers=[59 85 62 79 23 60 43 20 63 52 68 28 35 42 75 53 92 96 56 92 36 55 43 81 21 34 79 80 23 20 93 93 87 100 76 36 73 91 99 92 45 96 89 69 33 46 70 46 80 85 75 66 53 22 38 63 79 96 42 89 49 69 43 29 68 69 25 93 70 31 91 36 51 33 34 74];
BM=250;
CBM=0.500000;
CEM=0.800000;    