nBuses=76;
max_busses=76;
cap_B=[22 138 62 34 49 126 122 70 139 94 40 35 29 40 96 97 41 59 139 59 106 110 73 65 25 61 80 67 34 89 77 44 38 54 80 99 100 23 111 76 43 79 90 39 139 58 115 113 134 104 101 26 112 140 68 83 36 83 28 57 23 97 57 63 126 41 107 125 39 49 71 100 104 75 62 129];
euros_min_B=[9.505000389029174 13.218063813964829 11.857362679498808 13.520155183972253 6.782202018067358 11.541847787689589 4.436116483791285 13.284737328713103 8.227692285569109 13.462966667759789 12.70799575934115 11.966753848274786 14.004525183006011 3.8624034480252094 8.853964837588975 7.867737485855422 14.765623385957188 14.824631600718766 6.833542839536937 10.968191399041789 13.422534250745429 14.095706357146701 1.2579662782735923 11.835220620123621 5.489159135166496 1.408819986349721 8.218257263308065 14.31659110898 6.0844485937297 4.786083623484654 14.94513643557565 14.946741623049114 12.885076471672036 8.006484984305294 14.880955952948359 14.245433371982674 10.531725595706726 13.725875154865918 2.5493871509509884 9.91224601354433 9.177400439656504 7.727876293602298 3.7362971417949096 8.84456218457997 10.317753572160152 13.364310075878123 2.9032872805535455 5.536056738253789 12.227920623574732 7.920226405112125 10.694696714396542 4.688726879275226 14.45430531465672 2.8611752275327893 4.735916477618593 4.320246311641295 12.924874800388158 14.244110298883143 7.052882375343445 9.96160706040323 3.8307087168635165 2.807454569305909 6.691493029495174 2.9344167758528545 10.723162657738772 4.5596878655782875 6.827579926229799 8.496432719244813 3.013786364177604 3.138486829121903 9.490065945710311 10.156094894122472 2.7166224969556536 11.413844362652913 1.5664722240002946 12.293920540371198];
euros_km_B=[26.684597914328545 28.050908057323557 25.791703599284883 4.051672080288267 24.991232086362626 24.42368903727033 26.938886100606975 20.216428992831652 11.438176063359062 2.248933877900944 1.7183705105424427 19.16027311256341 16.50838713665268 28.474309419901036 10.107741573959602 9.701525657835958 16.745487235948488 6.127029039415769 14.950578048961493 16.957702847788397 21.150449828000596 28.484267368582593 22.0644493732901 23.56373977006621 1.0615545388792527 12.262290615420264 10.509432865691908 20.334642190131717 21.432483505909197 21.702134520291818 19.287259195693753 9.798042293936524 24.078151817947724 16.33487662615081 28.7681306444178 5.541620752878424 4.941554994000916 19.89938153448671 12.383604726246446 5.814494319814732 26.120410696410303 25.781986494090642 13.18667464396243 14.089248466412673 19.55114551070686 29.93108463762392 22.493501695477967 25.45176643674564 11.020002852698447 7.146792237473143 14.080214829644232 20.74188609731146 13.047116912839037 8.891715718660908 20.290408062967757 3.6349959756310426 22.965733404329082 1.0611174916323454 21.586895572653585 17.0348047857326 5.349788660393859 2.3743588144762278 25.06786955801174 24.148416677534442 15.516644870845214 17.27372028338816 10.924970589388472 25.81683116013837 15.72386208484975 8.503872249914174 22.897050833420153 19.601049983418445 25.229598869175852 19.966059873931606 17.215575730990228 25.05116558182108];


nDrivers=80;
max_D=[225 208 132 220 129 130 165 176 183 163 155 210 193 218 151 238 144 163 160 213 234 189 150 156 240 236 122 203 203 146 226 193 164 209 137 126 192 221 164 149 152 220 209 158 131 134 175 212 154 161 183 184 129 196 213 146 167 184 180 182 133 182 191 206 166 233 182 210 155 212 170 217 180 163 217 121 154 177 145 212];
        

nServices=83;
S_starting_time=[371 467 270 271 567 193 307 619 587 178 277 556 505 455 269 369 86 383 130 632 320 571 348 190 19 298 418 325 141 533 396 473 523 317 372 609 335 108 465 157 5 311 41 304 326 229 169 169 532 115 335 524 705 708 269 114 418 409 308 117 181 363 100 349 12 357 668 236 261 650 259 190 598 282 302 634 50 111 665 502 250 550 98];
duration_s_min=[88 64 94 97 77 69 116 86 104 93 86 80 90 85 105 94 106 76 85 113 65 99 64 74 63 88 92 98 117 109 87 74 106 69 110 109 69 114 76 78 118 89 117 101 117 81 102 62 95 98 101 74 95 95 79 72 66 99 87 73 68 88 114 66 88 113 103 103 70 107 98 107 72 97 106 120 68 71 87 119 119 94 117];
duration_s_km=[51 43 36 46 34 46 46 60 58 60 39 54 60 48 39 56 49 50 53 46 36 31 32 39 36 42 48 30 58 51 50 50 47 56 41 59 30 44 43 58 56 43 38 45 37 48 52 38 42 43 35 38 39 30 59 57 47 42 54 60 57 49 60 57 54 54 54 51 57 43 43 45 59 45 54 36 56 36 34 54 54 33 33];
num_passangers=[85 54 75 77 28 61 76 59 80 59 81 76 53 82 49 66 28 79 54 89 66 94 77 100 86 85 76 53 93 99 46 63 93 75 62 21 26 87 72 72 98 39 78 76 31 58 80 58 21 27 79 92 69 24 44 27 46 23 34 64 66 95 92 43 54 99 53 20 64 53 28 36 61 29 41 31 70 39 72 40 88 93 94];
BM=250;
CBM=0.500000;
CEM=0.800000;    