nBuses=109;
max_busses=102;
cap_B=[52 28 138 66 118 72 31 36 58 81 129 140 79 120 98 26 47 123 98 138 110 45 50 69 129 111 77 127 140 62 104 40 112 33 53 130 112 117 43 106 134 82 109 48 138 83 95 29 62 135 73 59 118 126 60 62 127 91 31 81 119 80 70 138 20 115 75 118 21 93 140 50 63 96 75 140 69 41 63 58 51 115 103 121 81 57 90 26 100 64 120 86 57 107 97 34 41 107 114 119 49 100 88 71 132 140 106 43 24];
euros_min_B=[4.346176874152906 10.181213726785737 13.289151449836748 3.2793503189730933 13.722366006792308 11.278831902730422 3.305654046065497 11.988034888795898 12.79056125099033 11.542900423003905 6.156693782740531 13.501243154918194 5.656152813512441 8.914134430159937 1.3450172007568701 6.7862664797554375 4.466641623064481 10.384565065461613 14.639357832927928 6.732016666462686 5.311932126255677 12.9421673678567 8.846284427909598 9.35970298925577 13.946986486047287 5.8870328236723335 12.773078829070945 6.366497992275481 10.317636843935734 4.503771975979141 11.706238621889863 14.445899985325587 7.3317299406574605 4.701042688780772 6.021956683691173 13.767271447682498 9.679474185841425 12.538608037970734 3.576568592136697 8.773879745763578 3.0560332491057225 4.2253005344864 12.782296209257218 7.389074755473613 10.687950560461974 12.084636575922302 9.458503082538193 9.090135251726771 9.491787640162306 3.1501579885971918 13.939658818565139 6.695403667219258 8.069569390155566 2.8019510872026583 10.369630602394597 12.884460039675925 7.305165486712643 1.7531056580765978 7.806413605357731 13.57966106095306 4.221110959632333 3.2925685183129607 11.734898424425767 14.034521171399378 7.387746121501078 12.020906779545761 4.20367915665893 1.4383689478245294 14.769652214050065 10.278926822830554 14.79273850374042 1.2242517585047406 9.8847783064822 9.418654067718531 11.650336387971425 6.819662329998188 10.453615345877846 1.911205437556087 2.434170037692545 6.801220140706205 8.700263397961876 14.225907689877596 1.2916890401495555 1.9509603143110783 2.526611774601667 5.184573959189972 6.3955630824476986 12.871334850289372 9.248581787128076 14.941332405324431 4.6271097544210225 7.106675768149188 8.37017491081624 5.915405508933546 14.025512021971076 13.15867654606426 12.807811930559637 3.4419122913547424 11.483622123347676 7.87005374310273 11.869863840072343 11.507653714014246 1.2156367581862098 5.096709037263759 3.921076614243728 14.647267995171774 13.962483192671874 12.559393969453225 1.8284093665288645];
euros_km_B=[9.222631664484123 29.63929395540671 6.43246865943126 27.525025170326632 29.26286584707196 15.994688284261612 3.858507517349523 15.441828545985606 1.4269628626665347 12.023675339119164 7.181558072976644 8.223947708850709 4.360993795668268 1.4547942546616213 25.392188610437575 21.03285612926225 12.02092512731016 27.530299885391404 9.193180985817744 29.236386015047557 12.240279727317663 28.870857158651823 7.43052428518232 21.090804463711418 24.04073881081937 16.028160435047226 21.27953917022236 29.463054153287228 18.805062467643612 5.270576428544147 12.437958332059983 4.278734268360826 15.236910154898728 14.708823777437104 24.327779754746782 19.88561476160642 16.414639199736808 2.64725842101487 9.00177738051769 16.648760373635717 20.201280556350632 20.66048607644964 28.787497592589382 6.18478458910325 4.199362580674652 5.792690235491769 8.595533241015133 7.863765191892349 8.687889840923221 14.324733161198662 22.863979763841993 29.449619238850943 6.88324864031444 19.98526223093176 5.400655817034856 19.035088282110667 19.8937985844066 20.077421547012385 24.591021512575768 20.090122194281445 22.253706693900128 24.70333371800375 26.497245968074274 12.03789640136536 19.75113721165953 16.546254252650314 16.310065626196206 5.732519243568354 21.564750131764324 8.4234280825088 24.265984017398864 24.177528580223246 6.903427034728586 4.697704481324876 11.549337804922866 10.398755877955589 20.06980085800634 16.799678281674375 27.1473892853806 28.26492764062733 18.427880785211872 27.394007100496456 24.373729803508322 12.868650289494756 7.5202626076449715 19.155663617518368 27.431941725224057 1.4176124256506446 2.8097014826003255 28.306711264815473 13.679043416674087 8.038576534632742 6.808573747839016 4.547634550295019 15.093564663289618 25.045022153160126 5.288545959946244 7.091253868999181 15.328158345169001 3.7682993879279683 18.507700188314114 14.24978548253603 24.9029816716525 6.2553631347495395 25.050961180729214 19.020624036414386 8.610044929881223 23.98840373420038 4.876996259005441];


nDrivers=107;
max_D=[221 125 200 204 229 143 208 230 173 212 218 193 232 217 145 205 206 150 210 181 152 175 172 197 221 203 150 121 210 212 200 132 188 129 194 216 132 189 170 161 131 156 171 142 188 202 229 226 176 172 203 239 166 215 146 165 135 218 199 127 124 166 156 133 151 237 213 167 151 129 148 126 180 199 200 129 122 146 151 217 218 175 190 238 184 135 128 231 133 135 132 171 155 132 188 130 216 178 172 228 142 230 144 166 202 135 196];
        

nServices=111;
S_starting_time=[34 109 20 604 457 100 413 499 78 683 244 496 448 219 301 14 382 448 380 63 667 167 468 73 5 9 663 220 188 505 332 412 540 61 74 647 361 526 1 255 44 522 391 136 465 170 356 225 248 166 302 78 33 689 374 222 307 556 312 696 622 164 468 580 318 190 413 350 635 651 301 694 69 501 559 487 268 704 453 587 69 282 583 639 646 292 169 362 308 232 157 92 88 678 597 12 278 520 373 328 167 631 480 20 280 201 153 58 49 183 628];
duration_s_min=[113 80 97 118 83 105 93 77 102 72 97 79 116 118 120 76 82 69 70 99 63 102 81 120 85 78 114 83 89 74 90 83 120 114 99 104 88 68 83 105 97 105 67 88 102 98 92 91 101 63 87 97 114 65 108 120 60 68 82 91 90 112 98 109 67 107 72 66 67 79 113 73 115 77 101 91 78 90 64 91 102 66 103 88 96 72 82 80 60 66 70 82 78 62 75 102 96 96 91 64 94 83 115 62 62 120 88 79 95 91 94];
duration_s_km=[40 54 55 51 51 50 44 55 40 51 58 57 37 47 38 53 47 45 35 60 32 34 50 48 49 43 44 48 56 55 34 59 46 54 50 31 43 46 42 53 59 47 45 49 51 52 48 36 31 31 54 58 51 57 57 55 55 59 60 53 58 53 56 55 48 31 59 50 59 53 50 58 48 36 39 48 32 59 57 52 56 44 49 55 55 41 33 45 57 31 46 31 38 58 55 49 35 47 44 40 57 58 44 45 36 54 30 34 50 60 42];
num_passangers=[22 71 82 98 20 66 46 31 69 34 81 57 71 20 77 76 84 48 36 60 31 70 98 74 98 51 92 72 66 33 38 87 34 34 72 58 50 50 54 88 54 34 35 54 69 89 82 49 48 29 76 95 97 92 21 39 46 61 53 33 75 71 59 80 45 42 71 92 84 48 70 78 42 38 50 61 21 56 76 64 55 59 62 35 25 38 78 75 97 58 47 94 46 62 73 39 43 83 62 86 26 48 33 41 75 59 76 91 37 95 96];
BM=250;
CBM=0.500000;
CEM=0.800000;    