nBuses=121;
max_busses=122;
cap_B=[102 58 123 27 135 65 85 125 111 52 57 83 97 64 101 112 93 70 43 83 107 55 65 82 110 59 127 63 39 56 134 20 101 107 123 31 20 42 126 134 30 29 39 116 65 64 68 79 105 86 61 88 69 73 137 122 41 42 69 104 124 134 117 67 136 117 77 34 73 125 140 112 131 97 103 129 69 105 133 20 59 79 67 30 41 94 76 65 79 114 50 114 89 32 90 20 75 134 130 27 78 138 68 72 135 133 21 62 86 34 118 95 38 20 135 139 46 67 115 86 52];
euros_min_B=[1.6549670005905648 11.829717467760398 9.178201099232336 8.396134618689453 9.274817599215497 2.086498221224256 3.7335072759194885 10.961124868613876 7.3121810683768 3.495624261247119 1.674415271185423 6.320660267493201 12.5870064579344 3.8362485946449842 13.481722294034366 3.0513665548043143 11.849051299166288 12.83326614550555 7.134563854309875 7.803933005733521 7.0641070616322 5.33823225162452 1.0465782376013413 11.580453287472187 13.767247818915605 5.888503801989319 13.413981954133126 13.072052955632088 2.2319877202587417 8.599420767891349 1.1633084390546982 4.319487588492078 12.567748731549063 13.568462508157493 6.588523942392932 11.555020435558264 6.047557395682931 13.849135719829372 2.229318281135212 10.773344560271351 12.40965818517544 3.8500587529770494 4.383124618474628 10.61444676134442 9.520415921257666 6.375001846278711 9.755809712144359 7.332532618289999 2.0383215155364374 12.201787821601634 9.332144222909934 9.69615237956879 8.131560181721493 3.477979879538522 10.83283940838981 13.711887485108909 6.503141794629972 13.310385854593985 9.380806801532204 9.934572233205134 14.502348983004563 12.548712092882532 2.7144251445172536 9.534943752555515 1.2586268079057636 3.5793617827127795 3.063993241109298 3.662933154055793 14.08621881985922 12.842042277925056 3.3264075782492033 8.90873449385685 14.298296590231233 12.503930842657207 2.1809218400191286 10.610286839571952 12.61327164338738 6.091474292276868 7.363135080113885 9.050104721245344 7.445256292641011 6.740063140323744 7.404217450676604 8.249926826067995 3.8244106505500968 2.7580822532010334 14.237656200560965 2.1436776504548796 11.782283720854934 9.987072649730246 13.124803392521097 3.1489155371522743 11.868164008747293 7.966560917798287 4.391152448032867 14.741559032280824 5.680785703218504 12.5249442677755 5.310100384707639 8.340583527062126 4.564335117111829 14.385817910128074 5.581764576098145 7.45776620557115 12.456507029299557 5.245585778381104 8.825130198118853 10.703525683761825 9.827789660040368 7.182686486828025 6.531174278353537 7.371233963202489 11.684879668530268 10.025639499689218 2.0719043442985785 13.199835612641433 7.852890485122181 14.634261655456577 12.054290223149657 9.425687854966107 12.17947630982535];
euros_km_B=[12.56811784964684 10.05662135585743 16.505847657967827 2.498484540106971 20.755066219873417 1.9775444915624223 18.165376047682898 22.04084323494198 12.944380013403455 26.73965631297161 8.43693597307212 28.962918329152362 10.837412238460203 7.459872774033392 11.997411866088223 25.48703869895217 17.673187124741847 2.5685625799899183 24.882938016957688 5.953454533222303 17.670246736595825 27.539597302912096 18.029885516897924 2.7744923309965595 12.076086883852303 6.368199518803337 4.836928366543036 21.107155021068046 9.735040595607872 26.036629787482422 1.672325288045895 28.339000273056705 2.470731589653916 13.868619006796397 6.440527743049885 22.766162197318383 4.275512930193482 28.79179320824172 7.821516759263044 6.3003198414671955 27.693337109082385 24.72846235379935 10.340488602282909 28.481997190357337 8.168450681266641 17.6600956912318 6.338995742195804 5.008243387993305 15.504216071705411 3.266612733916138 20.99773972305131 29.87882422239528 26.072839271197605 4.724140505933316 22.568148798797406 4.199523077844402 21.31088765885116 15.177263712366033 8.351184587515384 9.014160344212003 21.942825293640922 11.186769855939355 4.602148771731723 12.868360522210256 24.19738849528258 11.418415187726174 17.773673943885974 11.143231502722001 25.02608425213053 1.413067026068891 25.630363452494556 21.29275295703204 11.35801056995918 8.195860628601299 23.069664410296447 19.617483458813055 3.53904800987047 8.795024529946346 22.527212150044072 24.652240436641797 25.877294472339646 16.339615330597557 6.8500456821022215 27.44486892277241 2.0337071811846106 12.662911256008238 19.668292091382792 26.59131285843933 23.85170927509499 4.239482317299324 9.56958394029205 28.864382127490718 20.64464115479076 15.35611292768653 4.022956591971503 7.780517573655546 13.319322415943923 26.660419935401283 9.568954400586925 13.09550705255996 22.686187588144808 14.27299428728563 5.933089158122 6.105073225544592 1.652436436721799 26.79108821613563 10.713622793981076 16.230809382436973 11.137798756724111 10.107987982130208 10.635388003505565 5.709178331452005 4.495440633367003 13.92335137273367 21.103450239039084 27.293099674166026 12.512605822549576 9.22071998593605 26.3970609779211 29.614310411585645 11.193609917135532];


nDrivers=127;
max_D=[188 152 205 222 168 205 151 206 155 219 225 215 196 160 221 192 155 122 203 240 204 217 226 234 237 154 159 214 176 130 224 149 187 140 131 166 203 218 162 221 150 237 181 236 165 181 141 227 120 168 173 192 147 174 203 159 230 181 178 220 168 204 152 120 223 194 233 174 153 206 240 193 227 223 146 132 150 185 232 213 124 239 139 179 127 139 127 127 220 156 209 179 195 192 128 220 195 229 162 198 188 156 230 129 196 125 129 144 209 155 125 149 197 177 206 124 202 155 148 161 181 201 180 184 127 170 160];
        

nServices=128;
S_starting_time=[520 202 631 254 351 677 247 506 196 438 172 263 88 219 76 155 257 712 189 460 337 207 90 60 424 554 284 411 243 674 405 681 663 43 481 140 650 702 608 186 70 204 127 490 174 83 62 692 131 505 641 565 38 698 164 542 179 667 51 188 292 482 206 345 60 98 582 421 485 293 435 694 293 562 386 88 650 593 487 514 528 149 205 438 34 221 641 483 511 471 291 604 684 240 198 421 56 710 701 523 82 165 586 455 38 550 570 147 276 7 236 608 95 219 679 134 576 712 435 387 228 326 608 698 198 28 690 632];
duration_s_min=[101 92 118 95 104 100 85 93 66 100 111 64 80 84 84 80 119 73 61 94 76 89 105 88 92 88 63 104 99 62 117 79 105 73 68 106 119 74 87 82 75 67 70 78 89 112 81 88 67 72 117 107 61 99 66 120 108 100 68 77 115 118 94 104 66 100 76 73 77 73 101 100 115 95 80 93 75 91 109 110 113 87 81 92 68 107 109 90 87 96 119 109 91 115 80 111 100 97 66 89 112 107 62 98 70 118 113 112 102 120 63 68 85 85 89 92 69 69 68 117 114 63 109 94 105 93 77 110];
duration_s_km=[54 51 35 30 34 30 56 55 44 40 32 43 53 54 57 49 60 46 32 58 40 57 59 32 44 38 31 47 56 56 60 31 49 56 58 38 46 41 42 34 33 47 37 46 35 31 57 41 45 43 53 40 48 30 45 39 46 33 30 47 58 53 50 60 44 49 60 54 48 30 49 54 52 33 33 52 31 54 57 49 31 59 60 60 31 43 48 43 52 47 56 42 48 31 34 33 36 55 30 32 55 36 37 38 60 39 30 37 40 51 56 43 31 53 40 46 52 49 47 32 36 49 50 52 53 50 41 38];
num_passangers=[66 70 37 62 82 60 69 28 91 98 40 37 24 84 38 45 52 28 30 84 63 25 90 71 57 87 44 71 38 30 44 31 43 90 34 71 31 55 65 98 80 41 30 64 50 99 73 86 49 48 34 31 22 25 98 43 82 23 37 37 32 53 62 72 69 98 35 78 58 20 88 91 22 83 53 66 88 100 54 51 95 67 72 39 43 69 71 20 63 29 39 40 97 66 65 38 84 70 47 85 52 54 84 88 62 82 29 54 42 98 86 92 41 30 85 96 78 35 91 90 47 49 80 64 85 47 66 50];
BM=250;
CBM=0.500000;
CEM=0.800000;    