nBuses=91;
max_busses=93;
cap_B=[46 91 134 111 20 95 119 50 115 57 70 127 96 138 123 51 39 65 73 76 23 128 96 58 109 104 129 65 44 104 118 70 23 109 28 132 132 63 132 81 27 133 47 136 131 87 117 127 33 109 70 33 76 77 140 87 99 96 116 45 58 108 121 57 127 96 22 31 111 30 21 24 75 120 138 116 114 23 49 31 40 25 55 59 30 52 58 65 81 49 68];
euros_min_B=[2.1822419719533093 3.435341600859866 1.097251504127888 4.599245558115473 13.80208080227633 9.468798106039037 11.564784973444656 1.52761642005977 8.91239793226027 7.182394270575054 12.07224347672427 6.435718523352382 3.3646698707774894 11.954356904642543 6.355628755282512 13.775006077697412 4.070455568891895 10.837274108219166 5.570202776629035 8.687515982300404 11.733115711751472 2.4042037533723213 2.9765980811413275 8.202743696583063 3.992778736574593 11.877397087067168 6.883558075203226 1.643643754409055 1.4836304976461756 5.842780400792522 8.555634909527184 11.80006127930713 12.63553074269247 2.6624513925092264 10.731210088399097 1.7637718149916082 1.0733288496208395 2.545351573765029 14.367035997023256 11.880059497155534 4.254472500114439 9.555156457030005 12.003189015925209 7.311696090443325 8.875148041905028 9.93598252667108 14.884117589600983 1.865869751543391 3.454342332327219 4.053265282726864 10.377941949233543 8.679425312415727 8.148722246118814 9.472759513247404 13.678743084046777 5.024568056222906 6.276834771055656 8.969703422895439 12.641769483681733 6.435821805494803 11.167654267303382 11.777786131899138 2.547036640964331 6.773475239796474 5.013814867614853 4.977877930915191 3.7614731993926407 3.845238336328709 6.689167709327653 6.909218513162564 3.3106544675485705 10.226145128474293 9.034464158078734 5.494848014831721 10.612011410017207 12.528575280401112 4.3458772671359185 14.221770828481683 5.180961526971728 9.91760876562695 10.811756542571056 14.659516107193141 11.786323039210139 12.141016307696658 1.5571981599929374 10.469460767256766 14.712875776661846 12.229178691653095 1.2933174576758195 14.919172566386385 11.11069614333786];
euros_km_B=[12.332706679027694 22.435843880531312 16.85054615251058 21.838271113078964 10.734548291065662 11.576393509596684 8.414071170479307 27.05168184414596 15.12227729681684 13.153744152212163 14.418059181216751 24.132643273719808 23.49285344959756 2.3070300417512604 12.217546936215864 5.720933788476209 14.535663466476993 1.96567946969633 10.685952328967408 16.741246842852817 21.942166326856217 7.63461935270672 27.018201989290247 14.481434448311086 18.66586706656866 19.233984548811492 12.962528783210265 14.107487930930706 8.168201705903465 8.129505048176444 18.269577372961688 5.115322844348473 4.342840456215642 3.8621874468259785 19.65931702887643 24.519940921923382 7.944223117015444 12.50955388892837 26.514726870470113 19.447816685923133 18.51170136851907 5.40370881461897 12.520493001724448 14.980552535414638 9.24176510982178 27.47926068005805 29.316372477740245 20.499975123037768 23.911091122386594 3.21347368644515 5.483923877502627 1.0834719668270325 15.870403387978 22.58170463696782 25.49506244770768 4.356100410062199 21.113620226943997 18.776166159778505 28.775694147759683 25.733856712073965 5.936027390230461 13.08727970373836 23.100979532762118 14.234113418131699 1.3122225890810215 29.49528496359492 6.291629391954533 28.195641434207726 2.3918347271892775 26.09998225851942 19.53663100653319 2.1375540657410945 9.833023242043232 15.12794837797035 22.09836655316485 8.488956789616855 10.62350907376188 1.3847208057290663 10.047209653783874 1.149084530977353 5.8856956353035965 26.016344202356873 10.650328165875129 6.704355123937194 8.24204261826613 7.502497940029434 8.172635346619586 3.4474594255525104 12.658462413218395 17.365425107843222 22.103779560054395];


nDrivers=90;
max_D=[181 195 231 213 194 127 222 170 144 153 239 200 213 177 193 132 195 198 153 131 197 131 222 178 185 176 192 154 148 134 224 208 167 171 227 155 212 160 134 142 164 180 173 198 154 175 165 137 202 141 120 227 168 138 170 169 163 147 163 234 193 177 135 212 147 231 229 137 148 155 123 238 190 214 225 134 225 167 208 222 204 238 158 221 161 220 194 172 148 152];
        

nServices=96;
S_starting_time=[448 340 402 637 150 9 309 240 653 566 575 641 59 381 557 219 612 251 457 355 547 680 451 353 19 408 716 713 228 212 538 122 226 639 439 451 101 262 574 530 244 134 564 430 517 256 655 397 578 409 328 360 689 97 253 285 215 705 593 435 114 323 146 259 587 657 270 1 157 661 551 174 173 58 62 526 681 503 588 84 623 301 561 509 316 445 545 602 570 154 36 19 197 327 559 417];
duration_s_min=[63 69 118 95 93 99 98 89 118 95 78 108 103 93 96 71 117 113 103 98 120 115 93 106 64 67 78 103 110 95 83 111 62 109 107 116 99 65 66 101 96 68 100 60 99 101 106 73 87 97 97 61 112 80 67 74 81 104 103 120 117 101 65 90 77 110 78 88 118 78 80 62 75 68 105 78 94 96 94 118 89 94 63 81 75 79 88 104 74 100 90 96 106 107 103 102];
duration_s_km=[47 34 50 60 39 47 34 30 51 33 57 38 57 37 43 57 50 54 58 49 52 40 52 50 40 52 35 41 31 57 37 35 58 60 49 38 47 41 46 56 59 60 30 32 38 56 42 54 55 47 36 45 45 33 47 42 38 57 47 48 45 39 56 46 53 42 52 56 55 35 37 57 46 51 33 57 45 59 56 33 59 60 54 58 52 52 34 50 37 30 38 36 30 48 35 40];
num_passangers=[46 69 65 26 95 50 67 53 96 36 89 23 36 57 99 28 20 90 56 76 62 59 29 90 61 34 31 92 100 93 89 99 51 98 83 92 31 42 52 67 40 63 95 36 74 24 94 99 45 50 89 77 70 88 98 38 35 30 66 87 26 74 88 90 72 25 81 78 84 49 99 32 65 92 56 67 32 52 93 93 81 53 20 69 25 25 35 33 66 46 93 88 54 53 91 43];
BM=250;
CBM=0.500000;
CEM=0.800000;    