nBuses=74;
max_busses=78;
cap_B=[30 105 48 35 136 109 101 115 55 106 77 70 80 105 124 122 27 22 51 108 30 32 107 50 107 124 124 137 56 121 87 42 77 78 55 44 98 54 82 91 66 27 54 101 131 75 45 117 76 70 33 97 95 29 136 77 97 75 74 66 37 65 116 87 21 56 127 72 27 37 56 81 37 26];
euros_min_B=[7.9413939002607465 5.422778280181637 10.16491950996828 3.438275188061472 6.735786672599963 12.065706677093972 12.792410190808601 2.552432180684902 1.8937404075089799 14.564921793645915 13.621339784707114 3.3723152442921114 5.851442255535224 8.696414493299105 1.8356528761402349 10.605788132942994 11.10344736851222 8.069189639848094 13.964845744855378 11.364207761471318 2.9430378651075086 1.6678452629029965 4.443177163655187 1.96123759508354 4.121783331831544 10.636843763427164 2.6569641203715957 7.287956247729988 1.326953486271149 11.700265113235922 4.355246995608168 9.733559149319586 10.748964231344273 10.449023134591659 2.085731618184412 7.160389386423999 9.6352825322131 10.52508918966302 5.807411662066597 8.05572416306554 7.81067597104394 12.80323401404901 5.852786714874977 7.474080415214084 7.359162638852367 8.817742277243802 2.4434951301434906 14.751834988372973 5.601367064942211 4.405662721847957 12.24775238197651 4.755654499658723 12.228966090203418 13.040129374384218 6.27535581342523 14.051676225747826 5.257363895195622 5.982248248092297 4.924211720424492 14.050231946300704 8.292225878943707 4.978366317348449 14.367044541883557 9.916896453428798 11.950305519234922 12.933598886068303 1.0490278936213833 12.468530317255613 11.205368043598629 11.422548860542364 3.3182065757119226 1.9795220249109706 11.663680685051661 4.1102164841860676];
euros_km_B=[14.396768964133704 13.68486547580237 29.204372069059445 16.702265647662394 18.53728838914719 27.62114012496884 9.78737150081002 24.082030826498293 13.808092773576325 10.058860939532861 11.835045816747751 29.22623097645765 4.006691107847873 4.398792284030386 8.342279923722243 25.73077280727182 15.099005241020905 16.965180554699792 9.503999587101067 24.35283877800284 3.6538492729841927 17.523881879302515 16.290694867419983 16.88450999083055 29.30135332963527 5.007343869219171 19.389703865128944 18.071363787618733 24.112225293329477 17.11703671374167 14.154381240846222 21.474779599219225 11.77789532749739 27.56240253287817 24.94172040175326 16.486677375819486 2.762246650773428 2.0848304813145018 22.600154392245003 2.3674362375254376 20.385525545421725 16.866090260439858 16.192024418266122 16.906691646303173 5.165363887310502 11.510919425785138 18.042559970953825 12.376436810549674 15.69199501886651 25.725676361715408 3.262454563728263 6.145979353275881 1.3529667291034424 12.650734945544304 19.727494805264136 17.74925188817647 16.882880076660033 24.853913331000257 6.153098441227297 5.030898778494728 3.455511716349637 13.123493357557235 16.781725332870998 3.0728820718407266 5.977904280205473 9.440813416536505 1.962252338963462 23.781079303922127 3.48386063982582 23.62302834346224 5.0375172724010815 20.522193002205263 1.4619869793071025 6.55587671853148];


nDrivers=79;
max_D=[130 173 163 145 192 212 140 172 149 206 222 216 198 161 145 195 218 219 134 163 124 148 229 210 140 215 138 177 142 190 142 141 166 158 186 180 215 181 186 189 203 158 201 120 146 123 123 169 201 160 230 202 164 206 200 211 129 208 152 215 186 234 183 142 120 188 228 236 159 212 220 171 195 199 139 202 143 184 151];
        

nServices=80;
S_starting_time=[162 575 108 113 300 213 230 536 444 485 304 489 41 140 442 212 386 108 312 132 406 648 4 480 678 682 551 708 707 409 516 149 585 323 264 640 20 22 360 447 112 334 396 700 437 36 22 488 23 431 700 127 393 439 207 503 310 552 393 309 629 310 487 96 543 122 411 34 232 70 482 388 631 276 124 475 684 38 384 663];
duration_s_min=[100 86 75 92 96 98 92 99 98 60 76 86 65 63 85 85 93 107 80 79 68 117 93 67 80 92 88 60 88 117 68 74 67 80 89 73 70 110 65 64 70 80 92 85 107 107 118 74 96 120 64 111 103 111 60 96 66 98 80 77 78 84 88 110 91 107 103 62 73 86 115 89 84 93 113 108 108 68 61 62];
duration_s_km=[43 52 31 53 30 31 42 57 41 39 39 56 46 30 34 35 42 50 33 31 40 32 44 50 40 38 42 50 57 59 48 34 56 51 32 52 56 46 46 39 35 37 36 48 30 33 47 37 39 41 58 49 52 47 39 48 50 57 45 40 36 36 50 52 40 53 52 59 56 37 33 47 52 37 49 46 31 44 58 36];
num_passangers=[69 68 64 78 83 76 22 53 81 66 35 34 32 85 91 79 38 78 37 66 30 64 77 76 96 45 43 90 71 62 25 91 38 53 95 46 25 37 83 50 79 61 62 57 69 85 62 32 95 37 72 64 78 83 22 38 47 88 95 51 29 37 61 56 33 76 55 47 77 81 25 76 54 98 75 86 63 25 25 62];
BM=250;
CBM=0.500000;
CEM=0.800000;    