nBuses=128;
max_busses=118;
cap_B=[62 58 87 61 58 68 23 56 125 39 136 117 87 62 38 100 101 109 95 84 69 86 25 56 62 68 65 140 60 22 89 94 97 121 73 106 97 76 22 38 71 93 29 35 127 89 109 116 41 117 56 77 54 129 34 114 120 114 82 80 66 44 103 102 117 91 67 132 132 52 69 122 56 33 69 117 108 63 26 33 108 35 22 91 109 108 112 118 77 138 53 93 57 75 47 114 117 44 123 98 120 116 106 128 88 73 98 41 125 113 74 20 21 116 26 82 101 126 52 91 56 53 71 85 33 21 129 122];
euros_min_B=[1.8795470065071596 6.473344611491633 3.1531756634724584 9.960408634401405 2.578068803018554 11.96932609087023 10.136487791183024 9.397051946875347 1.8439637988971707 10.794302375535366 4.484852549822042 14.05882769977781 3.6226168507378604 10.363852261533276 14.043048587926192 9.946097434284297 1.243867389784964 2.946096010876837 2.408290743384499 6.485626368511297 9.692118074353779 14.921673363477124 1.631518571972959 13.533922605586437 10.705795245331966 10.671850078134105 2.388926156690193 10.132385349612006 12.775245667897483 6.431401362021403 7.649978639717423 14.379377936994365 2.5680468162750545 12.47995826170294 12.252666750901067 14.31420927755529 8.795988378684154 12.11418110159473 5.2018715666235575 13.419196593554027 6.10086381836315 13.00281746140076 13.057326588428923 11.172416849229815 14.73888968571437 11.495669084948695 5.148747458766218 3.68307446805969 2.0194512514321494 11.232882653302019 10.72979201412766 14.864165940971105 3.3899087276494155 2.2002537105825657 13.109424051253692 8.7566151747742 6.132921408446643 1.2285966968982331 1.8035606707438567 3.6290968443004394 4.192958028549451 8.403983355339301 7.193552975665287 2.7600378040716276 10.77401441055047 6.655504125924432 10.076704712412434 2.166038186138902 1.8795212536050985 6.324748488394587 3.8924015982112126 2.0617686132302206 6.07802223130299 2.910881351733406 5.127651530000329 10.841955317595144 6.231266833724935 2.7375669126386426 13.568879701836712 8.56498210690475 7.555255062929444 3.337184369752553 13.546717484461041 13.67300379212281 1.043185396099675 9.000206683426763 2.446912012491691 2.9338920554890233 7.862053390100691 10.891803317416093 2.740768116075505 9.185919116330862 3.0257907854226924 2.2577550955214134 13.687303946847301 10.745635717806506 13.227106067153253 6.49941536317851 14.507932911434587 8.821257670146885 10.39493150682856 14.220010649322855 5.968253584224064 3.8186185067106004 14.484269068331585 5.0509093540335455 10.152025957446336 12.245644606084001 14.252944745235471 9.430659821165895 3.073403747213279 12.12870822897372 4.909408948719423 6.669368389843574 11.753891808856771 1.597627555294214 3.952358110830044 14.46702554059945 11.160209604374181 12.414927997719067 1.240750958359328 5.821633086845889 14.469377828551739 2.183415271191687 9.103821517277169 13.739375814499962 6.815530712172526 11.921219999375795];
euros_km_B=[25.417001136474504 18.516981892606893 29.47355167417724 22.68448147058863 4.822372730492949 22.202869653175853 3.7617703211946933 2.288478846177563 12.679116669784161 14.787901072831154 3.2399619335914474 16.27957875937939 16.861334289362322 23.538232779838527 1.5250497390474056 10.592093822339974 5.870820044566225 26.608500739033282 19.007594209708234 20.576807724192093 26.18349738714872 2.29112274869115 6.444332290286392 12.361944289604748 5.050366775435452 11.638245470376445 19.737381960485035 21.74628224913024 7.819229079416295 15.99126144903783 12.38579555429288 8.358069862500336 8.54931556253575 23.357841555571213 12.978542292258732 28.23197307140868 10.378374912778252 16.64248662986783 22.878875576563875 17.807515694342214 2.5250542044079753 15.813063304038257 14.054727155059263 27.906017611596024 7.3426080791574275 24.32086836474127 5.240233488101326 1.3825253925296241 21.432336458977357 12.1829530506891 23.285966068989264 11.74636664251398 20.59085213872503 19.470933817503226 9.601853860654545 3.4014709842767186 9.9685965791261 3.138021952831475 27.354707279504115 19.056126450309403 8.919848727832417 19.17361504406608 15.5881035677251 24.48968542983434 23.450767983894007 8.107591106865708 17.284357546034943 18.741145802474485 8.234508200273401 1.981104791907423 23.348034330281145 6.807851141145376 24.429462510951236 17.74183281514296 28.93061906596555 5.4225222422703165 14.780325269989026 12.116252977609566 6.307580091830484 24.651864148735925 25.13373613108202 16.05689814662081 9.538495143627612 18.636688499035376 12.907661607372631 5.418385028710732 20.07529169323561 28.407778835400546 1.7764714478325336 26.820558416305577 23.320624134588186 11.117270717845548 9.949260527088727 17.968229885170064 2.6653791870919417 3.2855171827655774 20.07273107820871 26.77134716366956 11.096993949273966 15.578816818861467 12.27353823069304 25.061321686211162 11.53772587358451 29.219650019606334 12.809782478188573 28.95969266840936 6.0670779675099755 21.527623731559792 13.03184524773203 12.836149043715665 28.733683232150028 6.178778838650613 26.9593070523922 19.803900436443385 6.422758486812675 4.7024561677752175 25.822122655985538 28.67145858002078 20.78263087095299 19.093755518586054 19.48326977639648 24.8050382305231 6.303304724800224 5.648275531643525 16.294466037751228 28.806129955851727 12.31941098882918 22.506244579401926];


nDrivers=126;
max_D=[204 193 154 213 232 219 194 181 165 173 162 178 155 214 227 169 197 155 155 170 202 125 240 174 231 170 211 161 123 160 173 123 131 216 226 215 197 228 120 177 197 235 149 156 232 143 169 141 192 152 168 230 192 237 169 177 232 129 164 142 224 225 139 203 170 234 136 229 155 178 124 190 176 162 129 200 224 171 153 151 209 166 165 147 137 192 134 139 199 153 144 171 233 164 139 164 228 145 240 197 169 209 212 159 155 200 238 168 142 225 195 152 203 195 198 147 165 196 167 176 188 205 180 228 120 189];
        

nServices=131;
S_starting_time=[398 502 217 558 578 480 330 487 692 436 333 71 171 184 632 281 212 97 558 60 81 713 640 275 558 252 46 662 347 325 498 188 637 171 505 623 521 367 534 342 293 632 690 533 574 580 256 95 590 184 584 273 45 693 507 540 518 513 146 376 511 296 635 174 555 542 27 523 668 615 633 239 542 711 9 52 369 646 523 632 328 709 406 39 426 629 165 422 463 262 310 397 137 173 720 92 341 646 417 283 463 148 400 683 521 629 509 244 37 362 220 44 429 34 674 318 164 170 133 108 719 247 275 485 123 473 339 622 196 329 542];
duration_s_min=[99 91 88 103 94 81 113 102 89 103 74 117 106 66 97 60 87 114 116 98 89 89 114 60 72 82 79 109 108 120 76 110 92 64 120 105 108 62 100 115 98 86 97 74 93 63 79 70 65 114 96 108 117 104 111 90 104 85 91 73 66 67 85 71 108 98 97 119 120 99 77 104 91 115 102 68 88 120 66 120 66 75 109 100 61 67 69 74 61 115 80 102 79 81 93 109 105 79 93 73 86 116 117 112 111 102 84 63 91 65 74 92 109 75 73 113 72 83 89 107 113 70 73 86 114 62 85 93 113 93 69];
duration_s_km=[31 42 47 44 30 36 31 45 57 39 32 32 42 56 60 42 54 48 47 40 35 42 49 60 33 37 48 40 45 50 54 36 45 34 36 35 57 55 51 46 53 30 54 47 57 39 60 39 49 51 47 38 47 57 39 42 41 32 54 60 35 55 59 56 60 47 39 51 32 52 36 32 53 48 54 41 47 45 37 57 49 45 57 34 39 34 55 40 57 54 52 36 60 39 46 55 30 38 39 35 52 32 32 35 44 57 60 31 49 49 46 56 31 33 58 40 57 42 42 55 32 56 43 32 56 45 35 47 57 32 54];
num_passangers=[84 64 42 79 46 87 38 30 72 60 81 89 56 20 68 36 22 96 34 77 95 72 29 49 89 98 93 76 59 34 92 72 34 29 61 29 69 27 29 20 92 67 68 43 97 76 54 50 26 91 39 88 99 23 67 54 50 39 65 28 29 65 42 34 78 88 44 98 23 40 96 74 30 39 64 75 83 95 65 54 88 75 61 72 30 96 35 78 81 48 92 58 87 26 23 100 60 61 64 64 23 84 87 88 95 93 82 78 32 42 55 43 53 76 30 71 74 39 41 92 50 41 92 20 39 70 28 59 36 58 51];
BM=250;
CBM=0.500000;
CEM=0.800000;    