nBuses=110;
max_busses=99;
cap_B=[28 117 116 74 134 55 85 25 129 123 25 115 97 68 37 68 68 70 101 37 39 33 91 83 118 56 104 126 20 77 74 65 81 74 87 109 22 67 119 104 36 103 41 21 39 122 60 67 46 100 110 34 65 99 92 23 42 75 82 45 76 43 75 53 111 43 22 110 82 90 122 127 140 70 116 86 60 30 32 82 52 50 59 87 102 45 76 96 23 26 79 134 127 105 76 71 108 23 107 76 30 69 43 139 101 124 88 109 116 115];
euros_min_B=[1.732925191128885 4.338644869734039 3.1996966760164542 8.791733774851267 5.964896678518874 13.319390776435059 7.766439544396209 10.347139919920354 3.6489853889720965 2.392608387500667 12.161999392947976 10.491658383047538 5.7702042375128375 9.712112354594193 2.5492215412082624 7.649535539618994 1.7107236193936122 6.541677205280436 7.143748733114124 1.091640651425685 5.976407930470529 7.920777057750972 10.593720041169403 5.868090331297296 6.082695959979418 4.701202884691012 9.483478511199767 10.928629479947372 13.70490971592422 6.803414466748011 14.49055519206435 3.8464100622192077 7.197548316841013 2.0751808943290886 11.5497845209622 14.155649548960852 3.937627652085135 8.299580042079342 13.393427410725462 4.96202304229542 10.034435145277978 12.069628077997546 6.113763859735725 6.8956123968090814 11.634300926212145 10.38438229685558 5.256686613481688 10.685878780244295 7.329318889028663 13.00999572271297 3.2712592777024585 3.920752014710774 3.2021122190144826 11.178857307690478 14.438896192935472 11.234763102790877 12.201052287643389 6.896996668417958 7.277323172247699 3.780268416763594 9.424780984881345 2.865499264901907 13.411767458789951 12.061194719187686 7.533591614583052 9.465403117409823 13.26873034592439 4.682781688444313 8.349941632235083 6.681227604405865 14.669145705700986 4.693364738592878 2.7251183124310048 2.070400565099557 10.994343535656101 2.2795076613760825 10.536509782224714 14.19328957784337 10.911504086953114 11.100244447108466 9.6959572252393 13.541136771760145 2.7864796337368993 4.623172378866854 13.12593780228543 5.44101365916854 8.15277264633232 10.370505057190869 12.149533389694906 9.535306878459313 3.7776611590259117 5.56223251410888 4.969642786090084 11.528149121370506 11.527775119895823 5.772517968471262 11.548547910168597 6.544407048538432 3.436455184489778 1.8913053768797008 4.503718942429296 9.551915912616042 10.601345665116835 8.181733799202155 14.797201792285062 10.52659947224175 7.799282363325645 6.639210152532448 5.8768236544180885 6.838370112895315];
euros_km_B=[28.032470900980556 16.83376883077917 6.430950962489855 24.098419833578003 18.07064804382209 4.562475775267405 6.779436438771273 16.85123603372888 18.35338504138723 12.732315190337287 14.88719699989361 3.9777753386995083 19.63838830161492 5.591943370408268 5.2063111773188275 20.91889931001823 13.07077849748802 18.78944227690685 11.053840071849885 3.7819338096091974 13.814443766478165 7.211152166477494 10.853704279646129 10.9107273714263 19.915440616199096 13.002621543952639 23.36773425951882 22.123255622013133 9.921705963306197 23.8540480065978 28.961320136587204 2.469380202485081 13.115462901456931 20.255540448651672 8.74103217124518 15.027464076838072 4.613512770813662 29.52176081214272 2.7973552517928204 4.054471646818145 18.520386138029092 18.568021598886766 7.92998022451412 21.589652958606255 21.397359657215976 29.25186112780614 28.901832540510604 9.327833438366344 5.3337460885826005 8.774098225702275 23.14659199094176 17.297331881002627 7.321272241736281 4.140333941553743 27.457459798094867 4.6131849790976815 2.5291719427063244 10.652442490434332 16.71851277496036 23.447753731257073 3.25505492949209 15.811732436375681 18.09462628843146 1.0745508913239008 1.1842434291051687 8.335235604911476 15.309200413532873 12.029195416795698 29.822971612153616 2.1726032833611058 8.365002707229841 23.016446037066235 23.879032003072734 13.10196274398741 11.144866800483367 29.489950199421443 18.11972698097543 28.796681672539467 24.90688962407305 28.027765363082402 14.539863354543611 21.544355121935133 10.401137873529576 9.341165941477584 9.14463678095293 12.137151062469252 8.902438084678373 16.84012719549998 2.385587781906361 3.1487670664744507 28.618281907344837 10.854825027350975 15.900766768552746 25.6663984381606 18.52792209582059 22.50661962657655 4.538830986582035 28.77123256094297 9.631511317963676 6.83950534087895 6.364418175196251 26.947861514941692 9.963191748864828 24.978617348035943 26.626351300551843 11.638248357571358 10.442156168587475 8.583682459823423 3.8915855063125155 10.05055274508121];


nDrivers=108;
max_D=[195 217 120 232 126 167 158 163 202 153 173 142 133 199 182 197 192 153 202 134 160 209 226 154 233 127 215 177 225 169 220 132 165 184 151 228 222 151 230 219 153 177 121 239 236 233 174 124 210 148 140 124 129 163 158 238 170 131 193 162 180 147 219 156 169 137 238 125 181 230 122 133 152 160 184 173 160 239 152 150 142 130 226 125 156 121 167 151 224 185 160 149 203 220 134 216 233 131 163 174 235 129 239 127 162 192 135 240];
        

nServices=113;
S_starting_time=[277 591 355 469 105 532 611 595 179 468 689 548 606 444 402 716 648 629 425 7 530 84 177 284 265 549 42 503 592 437 644 636 200 182 450 123 484 384 16 570 515 238 384 34 680 161 705 144 661 274 600 568 569 457 192 620 100 684 374 295 669 28 569 32 588 457 225 559 564 286 517 524 667 442 142 200 584 447 207 717 563 371 361 237 508 175 466 93 26 173 450 648 302 577 297 702 17 76 569 637 593 687 700 542 369 108 508 465 370 648 652 30 60];
duration_s_min=[77 62 117 98 108 97 111 107 117 96 75 111 118 84 60 71 66 82 98 88 73 106 105 90 114 67 107 83 65 101 89 81 68 100 71 86 108 104 88 113 96 70 70 63 88 73 108 74 110 91 96 79 99 118 66 92 104 112 96 77 100 78 106 116 74 63 70 95 82 114 106 85 84 118 73 95 69 71 77 104 60 72 96 69 67 63 63 111 64 78 64 114 66 101 92 120 67 119 96 102 75 96 120 118 84 109 63 117 112 71 89 85 118];
duration_s_km=[51 52 57 56 53 39 44 59 41 41 53 55 33 60 56 52 49 46 45 30 47 34 37 30 41 48 35 51 54 53 51 53 59 41 56 31 46 56 50 34 56 58 54 51 49 44 59 43 34 32 58 36 39 40 36 53 33 55 47 34 59 44 53 31 33 31 46 43 48 51 43 53 41 48 41 55 54 46 31 55 41 35 59 53 50 55 52 52 49 54 45 56 48 35 38 38 49 47 41 32 40 59 34 35 40 51 32 51 45 39 46 36 52];
num_passangers=[64 50 86 36 53 60 82 44 42 36 100 98 92 81 97 26 40 60 61 43 60 68 64 49 58 66 35 22 33 24 65 45 61 81 25 52 30 54 97 77 77 63 66 71 21 60 60 30 71 44 40 45 96 20 72 57 87 98 38 93 69 70 91 35 47 41 99 50 74 54 66 43 80 61 85 81 41 48 63 31 39 80 44 59 79 24 27 90 27 38 42 41 28 28 39 86 57 37 90 41 28 67 22 63 61 96 84 70 50 62 77 67 69];
BM=250;
CBM=0.500000;
CEM=0.800000;    