nBuses=91;
max_busses=81;
cap_B=[27 37 87 100 47 56 108 93 21 116 137 62 73 124 51 103 37 44 101 109 140 73 128 41 98 29 74 74 25 70 55 47 86 41 88 132 46 103 105 69 63 62 120 113 127 130 97 47 69 55 39 134 121 118 108 125 99 125 113 47 29 44 23 83 131 107 65 132 66 45 75 124 65 22 82 46 47 31 23 33 90 85 50 106 82 106 120 80 101 118 132];
euros_min_B=[13.469504306768089 3.8139553422149 6.76386210922597 12.575910624463901 3.1706557711942533 5.096490436618917 2.38193938756198 6.32187203247895 14.351244394217487 13.14156124814469 5.2808548650014195 3.7638096098551452 11.125709503544385 1.42424723647574 10.171637824495418 7.028306085165901 9.7683697543577 6.043416530394335 2.5387131439046593 3.077167529266603 3.534480520697146 10.14284410075008 14.105323005141528 2.5989350042614783 7.509724878735293 5.405869069544769 14.917247829547193 9.675216250530386 7.478075584330652 7.95650028744188 6.742450055523329 9.55034141214649 5.096018301970139 9.55807701434768 2.687583627686516 2.4271774112548545 11.823986145323547 10.415583542707644 11.567912414800814 7.468387744240546 14.159220599209418 6.669757737270808 11.33759334338467 10.649105330038442 4.3601868819809315 8.24851757295421 9.805262244580609 4.951025596303708 14.585417403425739 14.897281047081915 7.255915280449953 5.932532844792982 2.325888236667707 8.048066797971192 1.8839847197990405 9.43557171422472 11.651215921776089 3.8765283094241236 11.234048241083705 9.750374062902909 13.995100779727123 12.669391428833979 3.6772953939887607 5.447878552480981 5.632639600952416 2.5301216016822217 10.411663971184607 4.589750952362879 2.8237478474224327 3.1182056914929297 12.58334931348649 7.758422309281902 9.762829311294716 12.759869286783942 9.197872911024543 7.142170638824775 3.1779874022730765 12.395869536595336 8.9529398586534 8.029345621116848 8.488903794710513 8.095273895526763 12.775921709999121 8.492985911969459 4.416244155023831 12.435374174023096 5.321881575266296 13.071577720754004 3.7198709235546588 2.340604964157066 11.72275942307624];
euros_km_B=[18.47664290756819 18.07211454164745 5.534136290077873 11.821342408429006 8.48673025251712 10.143988351647629 13.693548919036068 25.426676794604294 13.183131565235817 28.284010419844485 28.302263629589493 19.17343146718362 29.444557836638822 29.054422989975322 18.33520584015965 16.50513896204812 6.085250879889955 26.80379120434207 22.567269706082296 5.684593660892032 12.404373160720365 3.7750817810409396 4.1176738182553825 7.105844619110223 1.416749766903723 14.2803238144671 14.063052633430848 7.534859728230247 2.6660469839410306 3.390121861834776 19.4030191398548 16.90575558068946 18.27395093252049 4.891138994895135 24.053356765792802 24.307187286944277 12.353256888191378 26.86328647010648 14.638981988107771 12.426713812651775 20.00591165336482 24.360347938492666 22.479717222617488 11.216465778277177 26.431768144244586 20.99240521290508 22.684268531093043 4.913961238672022 24.91583908487365 29.181470142561686 18.392813362676584 23.775949824673933 2.981916813505837 8.921984600948594 14.278496824832743 19.971645185171784 29.246330148521587 15.82734364919611 3.10833180552082 23.589235949777663 7.7870568465783885 28.780012904511306 16.40124033502972 4.9557575271882115 6.090401793366636 15.967051267851037 27.178337070042982 20.600881944011576 24.25683090784275 26.9822022730246 13.076422438699634 9.273661431899871 25.469194442503166 12.365429687200075 22.41529016461552 18.683591570654922 10.409982278817864 7.646336333828823 24.649416307399488 3.0936172317857182 20.163494989529454 13.370133205548768 11.200695240661307 28.845721258723223 7.188087985170414 19.290705097528374 23.225484755276 21.020704110555783 23.167788474046702 28.140082599977994 26.545324655891594];


nDrivers=89;
max_D=[165 190 182 188 156 202 229 144 216 167 180 230 165 166 231 172 198 239 237 185 168 140 149 172 167 169 229 142 179 178 150 172 153 167 192 205 195 176 184 142 168 233 220 199 153 123 138 216 169 237 123 176 211 227 147 161 123 138 208 152 149 151 224 223 191 152 205 212 178 224 143 149 215 151 204 227 218 202 169 235 144 212 201 169 138 201 206 139 152];
        

nServices=93;
S_starting_time=[270 89 54 337 453 356 356 572 99 573 126 29 152 298 343 640 281 599 620 509 350 422 346 276 13 182 428 354 647 564 170 237 41 398 178 676 10 189 374 59 538 234 712 553 529 218 240 14 2 471 719 492 270 13 175 538 226 73 239 562 269 505 56 416 552 451 423 198 287 507 652 394 45 207 595 686 309 396 496 211 17 453 559 223 410 604 595 182 141 291 6 245 483];
duration_s_min=[66 87 77 109 103 79 119 89 114 83 68 69 62 118 112 64 115 87 75 109 82 106 82 88 63 116 83 76 105 83 86 116 116 74 98 61 70 104 104 67 74 120 83 85 107 116 78 73 71 63 88 66 96 101 69 91 105 70 120 82 72 116 100 61 112 72 106 75 107 95 75 85 63 94 94 99 113 89 91 104 109 94 69 80 77 80 101 60 67 90 113 115 118];
duration_s_km=[46 46 41 32 38 31 57 38 57 55 32 55 46 45 33 45 51 52 32 43 33 50 43 52 48 42 53 37 44 30 37 48 47 51 50 42 36 44 48 53 41 52 45 31 52 56 44 44 37 40 52 39 43 46 40 42 43 33 55 51 39 34 40 53 47 53 37 58 48 43 46 52 53 37 31 56 41 50 34 55 35 58 45 31 38 53 56 35 59 50 39 51 44];
num_passangers=[72 50 75 84 74 50 53 48 93 32 76 81 21 20 61 86 73 96 62 54 48 56 37 24 29 30 93 31 64 33 22 55 59 31 45 52 100 40 62 65 90 94 100 77 55 46 92 81 49 65 79 59 81 47 65 91 89 24 24 26 69 80 88 60 95 36 36 67 90 43 70 60 45 36 27 34 97 54 45 31 69 28 50 26 44 62 56 88 97 79 93 98 100];
BM=250;
CBM=0.500000;
CEM=0.800000;    