nBuses=93;
max_busses=95;
cap_B=[26 31 27 60 119 35 80 98 33 72 43 140 122 115 32 66 129 128 89 93 115 51 63 38 135 80 68 119 58 35 134 34 65 117 47 87 64 122 127 73 78 68 93 82 34 98 55 115 98 123 58 43 56 22 86 90 29 138 139 91 137 51 26 117 50 121 127 128 43 83 138 87 25 56 70 123 80 84 114 117 97 85 106 20 119 27 41 23 133 22 138 118 93];
euros_min_B=[9.650499324844219 7.187361380163068 14.400142988205408 14.647311410328996 9.956266460452063 3.457555430604496 9.462501176653195 13.629368479953643 12.813451632019207 4.709710741814968 14.103635676297532 2.7019371317793945 12.262003806953558 6.607990002777134 6.795385653647092 6.680400669934649 2.5551183373110518 10.344258509196113 1.6770394485193498 7.067371924087787 13.018160761408403 8.593522845764745 6.091315083430565 5.920382728618904 2.4178580504783733 12.64701752604175 7.2079925370982165 9.722420222952204 2.252744486094856 1.1830187539607697 6.2334507273552715 9.138746846282158 13.438735002737369 3.048487872678848 11.751358958000264 1.7217360957835677 3.160008108628695 5.992665651011135 13.048603789421762 9.74712040506478 2.47062529446542 14.392943999819888 13.179532508880389 9.605377759833745 5.34500989470389 1.4342439851550275 3.6502589338153744 6.502564527341273 13.237932848233768 5.4289218623857565 11.382421973370807 1.702834790347187 11.978096294832891 10.790634008426315 1.586854766843424 3.3487728873022835 14.777152392502245 3.809736739799321 7.612931998514271 2.7716895895911096 4.41971494278242 12.306327749760943 11.274537020801178 3.021360525746962 4.312088787176773 9.297738252417 11.938710654311398 5.221573154090307 6.016224863170384 14.515831252633708 8.742532872257593 13.471152007337627 11.395522424271554 3.6850824269226194 5.042623120476915 7.176054089317433 6.214577541959802 14.50568435911934 3.219422686344397 12.585848103424569 13.814261749833848 9.309362422398 13.055005501916533 8.584457891702682 11.860216575041653 12.313572218687323 2.5764763169807194 6.696925812743753 10.106347161603994 1.9898733784358855 7.857193312654848 5.730339225072659 12.64311699557631];
euros_km_B=[12.358843546990165 9.204107285980772 18.280579067571512 7.145983617707456 25.69687126392443 19.62389354636724 6.9099186300203295 23.995430001402326 19.375073275909344 3.2853698188740648 28.42929871532126 2.0618621504806502 6.141167217217036 26.317991781682327 15.950309245238573 29.78208203262475 26.940696203038865 8.752143745333441 25.705296176181875 28.991162619806346 2.620302400638577 17.76349679133451 23.22110791111353 17.026811506586668 22.31620431320435 26.312378996868024 28.330233658358374 18.24995643729158 8.76471730711832 10.097008686656443 17.06886504832172 4.437790027400254 23.430026360600866 26.66267600987082 4.2038642101700905 9.101870449885439 25.328400582830067 2.3813995083679456 7.589695577066376 19.735199966708098 21.465342308716764 5.234658164828808 7.779055532712582 8.32302745461327 24.33013224398207 4.755528675999962 19.254703959304713 23.648952478020053 14.212363232964094 20.78306884258127 6.837089384387847 24.622492706146016 22.970192992890354 21.596385081708142 11.020590024595696 1.1832060115857037 12.774431911545467 15.468669140050551 11.598111911177812 7.298234069317581 1.0788594402598095 8.445282407971247 10.660362322581634 18.597622612835433 20.417922465692666 16.575759949698735 21.78142896302426 11.688468480708881 15.914863774769678 8.079645801358822 15.82338331529685 22.43942408915632 24.877870063399165 29.06386496147404 4.097143738387821 13.233086007746026 26.36059847691567 16.484138157411685 29.173799600966873 25.31153718020649 25.42416921058899 8.971372377048043 21.457565161094713 26.754060677746416 15.843189323005356 15.858648886506005 10.23095753948077 26.51551738184476 21.2995843634512 19.323738375859755 26.422786267475168 9.399673567047818 26.84734254787704];


nDrivers=95;
max_D=[180 232 188 128 224 211 129 161 198 204 150 151 204 171 186 238 194 148 224 212 153 125 170 225 121 217 215 157 153 147 227 235 182 146 166 122 189 146 224 132 186 137 196 174 230 149 218 231 194 158 156 237 136 215 218 152 126 159 190 210 165 127 199 133 221 227 207 233 158 124 218 167 227 209 149 208 172 211 146 193 135 219 221 180 154 199 200 129 124 231 186 160 123 162 159];
        

nServices=98;
S_starting_time=[449 114 258 591 716 650 169 638 642 445 265 443 450 313 131 148 294 556 28 165 387 688 643 644 328 375 307 42 376 297 289 5 367 161 695 707 383 406 159 392 67 20 428 611 219 238 574 148 119 393 189 592 173 159 210 428 281 355 552 357 698 298 323 299 388 263 500 588 609 310 619 395 624 430 411 509 202 639 234 327 227 646 155 62 180 511 66 513 137 564 447 550 677 458 413 409 44 67];
duration_s_min=[91 103 105 106 60 67 90 66 82 68 77 69 114 102 91 114 68 71 62 87 110 68 60 90 77 120 65 71 92 63 93 66 81 105 118 101 116 88 82 102 118 68 113 94 105 116 85 62 62 116 117 109 113 110 114 86 105 61 69 82 101 119 72 62 106 110 114 72 109 61 70 99 111 103 102 117 68 67 115 89 60 120 98 91 61 116 110 66 64 115 104 77 65 67 80 77 78 71];
duration_s_km=[57 60 48 54 36 48 34 48 45 51 40 39 42 45 44 31 38 58 55 59 59 46 58 30 42 51 47 48 52 45 40 43 53 42 54 49 50 60 49 36 53 60 39 35 54 59 36 32 36 30 33 47 37 52 59 31 59 55 43 31 49 38 54 40 59 41 54 43 52 34 38 45 59 57 48 48 54 31 38 40 51 41 47 32 43 50 31 58 34 55 35 34 43 48 54 33 38 56];
num_passangers=[52 91 99 60 93 29 92 20 63 91 71 32 85 70 36 83 53 44 45 73 46 23 67 71 22 60 98 69 20 26 22 30 97 77 58 98 27 53 88 63 96 56 40 41 38 51 72 45 83 21 46 75 24 69 68 94 50 80 45 41 74 65 42 82 100 52 38 31 25 53 60 97 80 51 53 24 22 66 59 96 70 57 32 30 65 72 76 57 51 46 76 46 46 52 86 53 96 55];
BM=250;
CBM=0.500000;
CEM=0.800000;    