nBuses=98;
max_busses=96;
cap_B=[62 24 52 54 91 96 124 110 53 43 57 123 29 20 130 89 127 102 136 118 96 129 46 113 63 111 85 139 79 103 63 44 80 106 88 94 85 22 120 109 58 108 37 100 89 116 61 140 104 69 98 121 45 120 66 76 111 36 61 48 139 92 23 82 123 69 100 80 78 133 97 139 130 47 139 72 78 20 97 71 53 72 75 140 46 33 98 123 80 25 93 87 127 126 62 118 70 72];
euros_min_B=[9.793365629942373 12.104814297692581 4.520729051958567 1.9299055325093826 13.346120396054646 12.99231008905359 2.342746999482543 6.212732793045384 3.3641596329023846 13.81524172924135 9.806166725711414 2.273415560265989 14.90691055656223 13.06750503941231 8.044192999643762 5.0809788516709045 7.232149550888467 1.8110011164094606 10.23545723311508 12.390762995370693 14.533799607610849 8.30620637981253 13.715511718418869 13.23830231525373 4.186642901776949 3.7988107883454365 6.437873177177872 13.225050053058622 2.2518218751302532 4.262100588914668 4.590503859688987 11.561834045412546 4.244520504579465 7.536141242489341 5.819241105530148 2.2066083702958705 6.883218471947085 13.531001891822168 13.99847324415233 9.471722223881565 3.170706867328617 6.367548822784124 2.5545697660938007 3.5465009101372176 4.686829707389052 5.611793097103055 13.768469013030462 11.747700484218639 12.072666345615838 2.425893011281194 8.021129741580266 14.175470683323358 9.827417934176463 1.5576057477908574 13.57323907422385 2.6865788683885414 4.735471199289239 14.723265161736794 3.722312364836185 13.403967631236123 6.482236972124836 7.590518338185472 9.137091770306409 8.720787174757923 11.14100542275272 4.753657491801017 14.355424639416388 9.374213242481627 3.7407945935478106 10.043986265923246 13.90553128552635 12.475230937939834 6.477762430709976 10.880847683921111 8.6352554608025 6.668000262882195 4.764293492976027 4.23434172276624 3.529758793399145 4.911621563596753 10.12180872948513 13.692360032191523 6.990731211142117 6.277560079160389 12.906036481208462 10.02648040534187 2.096453425291973 1.3537718478464618 7.719715926975433 3.159721579043115 1.3782178061388812 4.931136097972102 9.096568129819337 13.284470828490907 3.4246215590578095 7.957762193665998 14.545735090136619 3.7066307712425166];
euros_km_B=[10.523068995752235 29.23086791510722 20.220051617875757 16.52113591311648 11.21916994335459 4.874299486774893 3.9896135683243816 22.04066760907743 28.580283588832863 13.889051567803753 21.981350006071928 7.950332236961337 19.281000349220008 23.576714781669743 5.231596451020407 29.57570755306943 22.28201555059863 7.62681629415818 21.763342126562094 9.234721726885695 23.016048587544073 8.507265628300804 10.241727978837266 12.453866613181836 13.10151735959647 14.992242197556498 29.41540455699985 15.492416213823276 15.000738270179468 27.77631715778722 5.528928420704101 5.970784800350722 18.24291415439655 11.379744757608687 7.07465742602946 19.929067121072855 16.327894420312735 10.048481699917414 27.226936177331243 6.16993669328074 2.7469553025497735 13.927437962501566 21.95967058973069 26.52193288039081 29.768533606249967 17.912207855776337 6.112654768154591 19.94631659996233 15.903007353866737 10.791038779395956 9.301140927338148 6.555666058126425 28.00998383189337 20.690206925027532 13.663114249537161 10.530024396350665 17.498020790513948 8.383490888761118 28.618907383566604 17.707462745029478 20.365161612558794 6.055721934745535 20.04465158973677 27.625052595161627 21.749320176620344 8.913418876798097 5.582672467665222 7.766427073169627 23.2762952831565 24.283959566914383 8.359588359645604 9.10564791851045 29.26583344550771 8.401712955525117 11.462070948227638 22.00213580340703 26.134813059866982 28.59531555658743 27.373089383543384 17.649357148413575 3.6457804429226845 8.994354209746998 9.616864189745872 21.47214922038123 14.026728398353399 16.703455325620233 18.87642326944956 17.679652625293638 2.7055445596296255 19.02738862103801 10.209709141300532 15.16320847543232 14.81400960201985 11.02282606900516 5.513862815508956 22.850221192912123 12.678169166909882 26.666020635187476];


nDrivers=100;
max_D=[236 133 136 149 121 140 169 232 141 205 180 229 177 161 180 197 165 145 174 185 179 233 221 200 234 236 148 162 199 188 137 165 120 131 183 206 172 190 187 172 132 223 148 213 225 225 130 235 186 161 168 144 188 144 201 221 235 193 133 199 226 195 129 189 179 209 190 161 239 218 127 143 221 135 154 198 137 190 239 168 170 143 140 217 219 154 155 189 144 133 196 180 186 147 212 160 169 189 226 205];
        

nServices=101;
S_starting_time=[540 621 563 465 264 116 699 490 447 156 63 602 348 686 17 356 669 699 680 697 464 522 592 461 28 53 555 236 636 279 593 45 462 506 368 476 23 640 246 680 81 24 10 98 260 45 368 607 118 283 431 353 55 235 504 385 422 583 394 638 478 683 33 371 699 345 693 283 546 543 473 166 251 595 419 281 77 130 480 218 44 295 274 107 640 98 624 132 225 139 667 620 127 264 218 232 284 539 471 345 607];
duration_s_min=[81 113 107 67 117 119 106 89 99 78 83 82 80 90 109 76 67 68 98 111 85 119 96 76 68 79 101 82 83 115 77 96 75 107 118 75 76 84 116 76 62 115 115 90 83 116 101 85 74 107 94 114 119 90 72 66 89 90 110 68 96 110 117 101 119 63 116 84 67 88 89 100 118 114 66 93 85 75 107 111 87 77 77 78 104 104 115 68 71 112 119 109 79 76 106 114 65 72 118 103 108];
duration_s_km=[32 46 50 38 48 55 57 37 39 33 49 47 34 30 35 60 51 36 51 32 41 55 57 32 42 42 40 35 53 53 32 48 55 30 48 39 59 31 33 49 58 47 49 38 34 44 45 45 43 49 59 41 36 38 35 57 46 35 58 33 37 38 39 58 30 40 31 35 46 48 50 50 56 33 44 57 42 40 53 36 38 54 50 53 32 33 58 32 30 42 30 30 50 40 33 55 45 38 49 56 34];
num_passangers=[68 51 34 29 24 54 44 62 70 75 89 89 24 91 77 43 47 47 44 28 72 24 45 77 81 60 67 43 26 46 56 31 29 100 68 23 63 65 22 88 80 38 58 30 46 74 36 96 96 56 88 26 95 40 79 36 34 72 77 93 60 61 95 61 63 73 82 47 71 52 46 55 88 93 71 76 70 81 27 57 59 41 74 37 22 81 69 43 91 25 54 26 43 75 31 68 70 28 59 75 88];
BM=250;
CBM=0.500000;
CEM=0.800000;    