nBuses=101;
max_busses=98;
cap_B=[134 42 61 126 37 63 89 34 40 43 136 67 45 54 47 64 92 128 55 113 76 77 45 30 51 77 127 71 75 40 61 99 65 67 43 75 138 34 86 128 126 99 60 58 43 126 108 75 41 97 140 62 83 92 68 100 40 123 112 103 93 56 91 127 81 41 104 126 55 107 75 87 35 129 113 89 129 61 114 75 103 79 32 60 116 55 77 135 70 106 130 108 60 44 117 99 20 92 78 125 139];
euros_min_B=[5.950366081061947 9.787307806648064 14.100391104290921 9.081240881881907 9.118408986300231 10.470144856643625 8.934441656094304 13.403158537195514 2.4330456596621666 9.053798518343914 2.4947900433497043 9.824332424895701 4.88800066269404 4.216886016459496 8.241346459019724 3.5825159318257467 7.477632080363372 1.5341637834524104 5.372626432313927 6.709708889999893 9.476122930250078 9.941117340410898 9.482808230063421 12.620558925297885 14.301970237964065 10.893243941967503 8.073379611402924 14.132788133920375 7.089471370328315 8.660049893935497 7.796469874990549 9.039012114202144 8.882765665472874 4.655089328695137 14.99046677439982 5.1442607472368085 1.2576781091906526 14.642750431569635 10.678252935010189 8.814667060659788 2.9667742390156695 2.794043915900529 11.024590006330968 1.0259017124682717 11.661487909637668 10.657628197395072 9.571938947200962 13.255879646731744 9.729103635892542 12.998046440441911 8.65372655116162 10.63768793141079 4.901153828710089 1.4061477902826982 12.39761438631033 11.888616667556635 6.73181122808268 9.968278194533537 14.674296499275988 8.036548447223954 12.613318885057614 3.3868751269630364 2.633759230908416 6.950971334986596 14.972702936071638 6.418601912778518 4.681149989505144 2.797151472104918 6.594834392193954 6.241246492282301 3.9781521549019394 6.449007227632973 14.50654307699807 8.453471689125479 7.52357988444693 4.528421630206986 11.531982080439537 4.232133639196473 4.322667046347729 6.417289479057645 2.783540915750354 6.008366425860009 12.858602433757687 2.9592619969646723 10.78554094828846 9.282467450606104 6.2812978334449685 13.253451529120696 14.566912019881944 9.746371217513197 9.872332248625705 8.99008300474804 1.074438411736977 2.8935733735967055 9.526986796784172 3.93288931378928 13.92944222959218 11.600758057315577 2.4730664737353916 9.907936488394224 14.13733654224785];
euros_km_B=[24.372199294292884 20.824353476313707 22.323429121757158 17.43026049498791 2.0300308662592847 14.913160399745193 17.807736581529074 22.963353537002664 9.398521393091919 18.54174308955346 8.662370290952456 26.802894668669907 5.232827097578873 17.99183064596442 11.930879304536681 15.789621200035054 5.757165762424503 5.021629316562401 8.647010489898623 23.772981059483545 21.02485665386765 19.240755514012218 8.324715487218965 26.09661908990459 10.891980313145117 24.99657345141921 4.7908198771901755 20.280841229857884 10.355601307584775 19.026393705494986 2.7288755866938734 8.936003180157222 1.5797513435026904 13.197792445606895 12.310685005688432 16.190044635801872 25.289103150885442 29.28253323026529 23.80725231687134 7.411542864453906 18.416283214324842 21.387750744067286 6.064236378557732 28.048290650473007 28.137600450625655 21.864251643209307 16.02532847907464 4.824101720682604 12.865369882604185 27.500072183092303 8.440194716085884 29.075083937899407 16.92914156143366 26.151124992189466 4.529609600585361 14.386316753541488 22.227856173003453 20.62863369042181 12.329165761591215 7.5639541141295314 16.773621167414902 20.588107240906428 26.008516697740916 13.873264017550438 17.787268077910742 14.698732136202217 1.6622637629172652 3.6972215922980007 19.810815570335798 19.32368472552371 25.765237664682587 22.883394092909445 17.97638156207679 22.166387608824834 2.300011128165859 12.083611693570852 23.637860852066193 9.872338847530687 9.00512319071081 10.6091348001672 6.540451656006596 24.876763016361085 5.981919287608571 14.41796739206506 8.063318532621931 7.179535715711129 24.060614963841875 8.575978416237486 2.918264996519765 21.922104519804897 9.190452723397108 27.63059867417636 21.35298413654632 15.354827597883288 21.999194819402984 25.565560375783974 21.121594680647767 23.858656123322536 23.250520361868706 27.85447809282641 13.574918894580145];


nDrivers=101;
max_D=[230 160 218 125 236 235 215 127 181 221 194 145 236 145 206 145 156 226 221 228 169 177 185 172 141 129 140 210 171 165 182 210 177 178 239 240 213 189 205 220 175 236 167 239 163 215 143 164 224 200 204 152 182 209 143 173 172 120 201 165 224 139 221 174 237 180 186 200 121 236 137 211 223 219 127 238 218 162 146 136 199 200 152 143 162 175 209 129 230 125 161 234 221 192 229 234 137 188 212 185 195];
        

nServices=107;
S_starting_time=[487 621 493 259 246 55 290 651 664 615 34 514 348 262 190 514 140 328 692 717 401 308 654 496 270 505 78 382 546 552 100 324 415 687 345 240 364 458 264 491 363 562 13 29 377 226 195 299 414 542 427 688 122 79 19 570 237 456 509 342 713 93 114 702 460 514 579 320 711 242 516 564 587 9 288 490 653 296 440 378 7 240 167 356 35 615 514 367 61 366 46 674 308 716 421 640 174 160 143 593 98 695 573 377 404 143 133];
duration_s_min=[109 109 90 112 97 86 78 65 85 81 118 90 108 64 73 76 80 94 83 116 110 112 78 73 108 86 69 60 107 111 79 95 76 83 103 65 85 118 73 75 82 64 113 82 73 102 99 110 84 103 82 81 104 94 110 75 117 72 106 119 67 82 92 97 63 96 64 69 92 77 78 89 94 71 116 60 118 113 109 82 88 107 118 100 95 106 98 113 62 102 71 88 106 73 77 84 73 76 66 69 99 106 83 79 116 116 109];
duration_s_km=[35 60 41 46 51 43 41 32 59 53 42 35 56 56 38 57 44 55 35 43 32 38 40 43 41 45 34 48 50 57 35 31 50 55 58 46 57 31 46 49 57 52 54 60 41 37 40 53 57 38 37 39 37 37 43 43 56 58 59 59 42 56 50 54 54 40 54 59 58 32 52 56 45 38 44 46 31 37 37 59 59 54 45 46 52 32 44 56 32 30 50 54 60 39 58 41 33 42 50 49 33 34 44 34 46 55 41];
num_passangers=[51 77 27 93 83 80 75 94 20 72 65 22 40 80 75 58 64 20 55 37 91 97 65 92 92 97 80 66 61 87 98 76 41 66 20 33 69 45 55 47 97 80 76 62 79 98 67 79 71 73 52 75 82 60 65 83 29 48 72 87 81 50 46 49 77 79 26 36 57 92 85 43 44 55 42 51 73 99 22 54 41 73 59 38 92 35 75 88 78 27 56 37 85 92 20 69 28 22 81 86 57 84 87 72 93 65 21];
BM=250;
CBM=0.500000;
CEM=0.800000;    