nBuses=122;
max_busses=114;
cap_B=[37 38 46 86 73 121 93 121 87 91 122 25 120 56 66 43 65 56 45 119 74 123 62 122 101 45 81 22 68 90 27 113 33 69 63 72 60 111 124 92 27 50 140 46 88 134 95 22 24 114 80 115 36 109 83 121 43 106 70 117 119 110 118 71 20 28 100 62 78 68 37 74 83 135 48 126 75 28 54 116 75 22 104 105 30 115 88 79 123 135 97 109 28 26 102 43 126 131 93 125 106 39 63 60 61 139 66 75 62 93 69 31 29 112 124 25 67 138 73 24 20 110];
euros_min_B=[7.5722239926838135 9.198090292554431 1.8761116026910718 3.847866048317313 10.590988658960864 13.823687401000228 6.530141580807413 12.154826290799358 1.2389330717979723 12.931819288619202 3.0236999174939725 3.5095463735445094 4.767719896695124 4.473933782444549 10.123840146237757 10.03567830339003 3.1346102647770424 7.313115861434691 11.825150249956998 6.057462438734767 4.548314422751044 1.416419194818428 6.1926004855561185 6.704595117282114 2.336121765360714 10.69693807054431 4.041023002944499 6.787700017776284 10.678350739674226 2.1978873240631316 11.942665418357482 5.199537139258252 11.23651054543896 11.610377447106199 3.834700650104235 3.793755644364839 11.986050652536978 11.74731003703989 6.5970641903477105 3.879405764592734 14.514860004843678 2.4303761608867416 4.470724340803389 1.4635626678265738 5.2102307170100435 5.371195439661509 14.09711844895145 1.75255641625456 4.137284584634186 8.226128102198206 8.536052986460287 13.663637668577906 5.8871087333802326 13.532624519285683 5.997054261547108 9.469225907278501 14.13933318885164 11.413116001753165 12.887326244132618 11.44040969109735 14.223934667468052 4.31708601241283 6.119168669208237 5.9776062963342875 10.506975738120373 8.8068533611944 11.925327826213781 12.754549899515693 4.9562064907775785 2.8551438383822436 6.734875000733063 4.224725891500584 6.95615516891043 1.6408942005899814 2.953391561972783 14.972238926073434 13.257718569761952 11.303012664984493 1.853629999237011 11.44112329863635 7.95146431266483 10.425575393305678 9.630212378288826 9.832296059329636 4.9675697783274275 5.858201132207611 8.56875783880387 6.085355847913595 6.19119607376499 9.468005356953954 6.830491887429937 9.35461999612786 13.518825236674356 2.57782771859017 11.185560871799282 3.878786321308018 9.789081666583222 1.6074663632510837 10.851949436785231 9.187797833040506 13.859741188479187 12.543653015566779 6.128481154192835 8.382070756719763 2.1234812176767965 10.18773262067395 4.553344816267903 6.066653168477814 3.9344958455695322 12.875761011444746 2.2903291086394573 10.358082909624839 13.71354042295414 13.563474225763438 13.930948939032815 3.562256042570448 1.71325872473809 14.687594116220044 8.667656404260043 3.858029308178214 11.99913709072887 8.407814242219562];
euros_km_B=[13.878912228004694 23.376056016234244 10.376237498975437 7.790797477278765 2.6219250253271102 21.215857266724743 1.4235861158087402 14.290153155728717 23.32447498562962 26.789520357361983 27.321264529242853 3.471411021872923 2.756019211483127 4.6695827297429195 15.430895589541157 27.78322334416597 25.6950668429057 16.711217406408178 25.318091025179708 1.8255351448701354 28.111524688103966 5.187937146494537 15.54950198778996 22.146442173405386 28.0659921235025 12.20568027594224 27.622094714655823 5.010694533373756 5.827441339714447 10.734915152436574 19.93537638186348 10.845549241774338 17.418612413739513 12.61535639990171 5.736169113719152 25.95397894097427 14.020297904821819 14.544470799851311 4.352697894237881 28.05223958323451 29.61971313202143 7.07439659042452 4.681070564928295 12.353285479298421 25.835648701419228 15.249421333411341 8.772634523234313 14.860742408439876 8.08194881856879 5.494320917029494 26.475588149555414 24.025969252468016 23.796730057510274 20.907951756869544 25.41159311306391 26.436738760733746 5.3782171243667 20.459890781022946 10.76043422893228 27.304999678475607 14.974902112363393 26.715028602035936 11.087088024534484 25.325720409814384 14.387683548908065 3.6536560141896057 16.693106682757453 28.909346345362426 9.536428941099185 1.9983064968222142 16.315465015772176 26.769417736879397 28.041792924980253 21.988342287704317 14.566157452095636 13.399223873363773 7.664060106576573 29.14827008246165 27.933311906302322 5.554766736546574 1.3910259738231803 5.321792459492389 7.937474999093913 24.774574320147725 4.001436305482978 7.811205938715132 10.378982796556976 5.259192086280668 18.054264921262885 20.28412271549906 3.4983512357321045 25.940101074544934 24.013559186785177 24.065011966962633 24.525784250630718 17.297386191949183 2.5955285059731876 20.45558454644803 24.23235474275445 20.48557400927941 27.574419691297084 12.736057012998213 12.505967970401858 14.952727280917516 10.721025616806402 27.436405493011282 1.5416729700539413 2.9278363404674455 13.662093768071907 2.5907488215231065 22.694557631438382 9.319198279493765 12.353206759365111 7.555610730896936 21.637976124822384 18.011051952729524 14.177319420011962 22.249585872586696 22.103522222621628 2.3916428206423777 8.08427928472738 14.039149104522654];


nDrivers=125;
max_D=[203 186 146 136 165 160 148 208 217 170 147 170 215 202 128 171 213 194 188 209 141 202 195 148 195 239 190 129 219 224 125 191 160 182 205 179 238 190 237 229 204 174 134 127 156 198 210 124 134 181 155 240 182 207 165 235 231 144 149 237 159 238 190 227 203 137 132 138 132 154 143 216 144 222 209 123 141 163 133 144 150 158 183 232 160 202 146 127 127 192 156 212 221 136 216 120 219 194 188 181 184 133 127 222 125 157 197 195 161 171 130 120 156 212 154 167 200 223 157 159 192 134 188 120 133];
        

nServices=126;
S_starting_time=[713 540 142 592 210 532 77 430 523 367 151 203 92 530 591 74 435 435 656 390 30 230 132 405 632 645 561 416 540 289 688 601 197 246 563 400 65 29 236 79 604 596 529 20 394 587 436 232 505 110 294 76 153 417 14 219 635 703 350 447 423 223 20 443 553 32 398 460 102 158 206 547 272 292 521 719 650 386 528 25 426 270 178 94 323 513 10 419 125 47 49 494 290 277 519 620 212 225 125 134 659 557 91 281 13 326 481 202 318 222 606 706 34 153 714 600 81 347 699 33 204 24 681 659 669 690];
duration_s_min=[92 117 108 110 64 86 116 80 70 60 101 72 95 67 61 71 93 65 71 113 78 69 90 85 117 68 83 109 87 70 99 106 118 77 78 68 102 94 119 112 109 73 91 65 97 71 101 74 97 109 109 65 80 92 112 114 93 108 108 110 104 109 96 105 103 62 108 65 94 63 70 66 74 106 74 118 66 63 81 112 116 60 82 96 107 110 83 104 64 115 120 107 93 60 113 65 60 104 77 109 107 62 116 66 83 105 86 67 60 117 79 111 76 66 109 116 103 82 98 72 115 60 120 88 68 79];
duration_s_km=[56 60 30 47 37 42 50 50 32 50 39 45 35 39 55 47 33 58 35 41 38 31 52 42 52 47 44 57 56 35 52 47 44 49 48 54 33 57 40 38 37 56 51 30 42 36 52 35 35 50 33 42 54 49 60 39 36 37 34 36 41 47 35 42 41 47 55 46 43 52 50 52 48 39 45 56 32 45 30 52 46 51 40 40 48 38 58 57 36 56 51 41 57 47 35 43 58 44 32 30 41 47 37 50 56 54 30 36 40 40 36 38 46 33 40 38 46 34 57 34 35 45 53 31 41 43];
num_passangers=[97 60 74 77 59 42 94 24 38 73 32 32 30 79 91 58 93 96 90 37 20 86 96 47 95 84 89 73 37 30 35 97 74 39 71 65 60 58 54 53 23 91 70 66 41 92 87 74 100 21 30 72 82 38 88 48 94 60 35 63 52 20 80 82 60 33 26 29 58 29 85 33 74 85 82 35 62 21 70 86 29 37 88 34 91 59 88 91 26 49 68 66 71 70 99 44 45 67 26 43 83 85 51 64 27 90 72 95 53 57 36 37 51 25 41 64 33 87 41 85 50 42 47 38 51 51];
BM=250;
CBM=0.500000;
CEM=0.800000;    