nBuses=118;
max_busses=115;
cap_B=[101 122 69 77 40 106 91 127 102 127 60 131 64 126 95 121 72 23 62 61 135 109 132 55 88 139 132 120 62 116 128 101 81 81 63 32 27 128 111 23 89 24 47 71 131 131 123 93 87 30 33 116 91 103 57 49 69 73 35 79 93 140 62 120 137 139 52 135 52 34 33 88 44 114 110 111 107 132 66 37 76 85 67 116 27 115 27 59 25 90 88 119 97 69 68 45 53 134 107 99 71 112 135 64 79 67 62 33 134 118 79 67 113 30 101 81 125 62];
euros_min_B=[11.769116471202826 12.137927728205446 6.523515565769764 12.39198590452726 3.1898850202149474 7.107572642130511 13.422285697194305 4.2057045957747405 2.0615117470075353 2.082137099353997 10.293501443902153 11.823477698813486 9.063627177451702 3.1682144743673213 7.526148399645696 11.370844734855773 12.450531295890594 8.908058576581151 7.974911808393367 14.777825704417571 12.102366556530724 8.672264602643118 10.874852892453623 4.293652198705869 8.412759918391263 8.557742641371368 9.869988692293056 3.387903481696255 14.682905084190034 1.6699008480681647 12.168542587058976 5.489164788581581 4.485972779891396 8.469714105829828 14.374835884722094 9.46146386203384 6.742243631476965 10.479402522127378 1.6918695262187344 4.29264140433651 2.005785345245781 6.396047863348098 12.19229158218967 1.795854534863636 3.0706685066516597 10.277154562623906 7.996346692593301 7.4233788704302635 8.400374083617212 4.524208532571207 5.058389936802282 10.201487016486091 3.948820186843872 12.789859104160987 6.105025848074076 14.732368069584174 5.588459046056601 9.631027818466755 1.8739655454875705 1.421342649081255 10.229015703351521 12.912965145825668 2.546788903827802 4.6395607152948575 3.931334081306602 7.39569642472512 14.778182020920145 3.536651353400253 2.414019088993139 1.5601317392823293 3.0034407191588874 10.477525867622084 14.33520580473925 10.83987349300206 4.542728315000846 6.224866578518361 7.484464060247163 5.823835065082507 3.9510412757787483 8.631127955936314 11.955999484389528 11.153889452570773 10.425769090441872 6.549731800606366 6.297139447776598 8.94161806698334 9.517142490952045 9.588370877224001 5.682686751559835 2.4885143006888892 1.4485184488721567 9.924963608479613 7.098135772660498 10.270201536233 8.378724244238963 8.334844092084563 11.888463265477256 10.800079092752053 8.799320121651116 6.315116340105368 8.270074028791248 3.407776029951549 14.659631897152343 5.3660085700913 14.293975931816046 11.440088162538485 14.571359057066744 8.512589856546917 11.934151815126512 10.902462737048516 2.671559326618068 3.3098682718524524 8.348517070331654 9.060723557340522 9.015983167952186 6.452907382873498 10.267246703342963 9.421258810789409];
euros_km_B=[9.191708899756513 18.26763284957814 2.0347189573572986 28.904046465339697 26.43621239715019 28.062846484054866 6.105566052528786 7.98472138026388 13.839729316253557 23.326069574060465 8.33165604804364 2.7982580550310527 13.497106904290419 1.7026829289767367 7.469306372459106 15.810825769128686 13.699767550774588 18.717575111601615 22.033808738421676 9.256802671404362 7.530662824973647 24.229899937676638 7.36393722226328 1.3591399564040816 9.465016363309656 5.823006166098266 18.12846572670964 4.455431858091349 9.469246385782455 29.510066593524986 23.184283988042466 26.96324579499304 9.231236564722037 1.940789291361669 5.39078736014102 12.925046044615716 4.044973816893531 18.225427653682324 16.594281946790424 27.287194599817177 29.1213711362747 24.798266862543155 28.051486952282474 21.629759307484754 22.691758726617746 15.714984125058729 3.0340151455468516 6.181842011296952 2.0515076233297043 8.961493207492806 6.377366423531177 16.991073640662798 5.524403237929125 20.195178452066845 27.86896901361218 6.4726652782293375 28.853962775994983 21.041985564345214 5.837166118817113 9.606403880284574 2.535004114982118 26.125067787672588 21.57514967132395 17.70374580233975 7.865556768614173 15.818828435506223 14.648457238319837 19.629832133645525 3.3550314654230458 12.434266001662333 4.208214591396821 24.70732067541314 16.21647635493946 11.037061270089636 17.87431023469812 10.740189556799756 1.1223837239660277 17.930514105972204 13.176934205922029 2.717823677082177 22.21696751357745 7.5293558892780315 21.17792611437164 21.625067554808275 4.022762277493333 28.944793580232144 16.09362550324601 14.865208280605799 27.685674501282445 19.046295835230815 21.59354619483785 25.84974584581451 2.975026654480066 16.810023170080157 18.536873751483892 18.642770090451805 28.625506799170417 1.6265783283686903 22.810318127590932 21.217495278096283 14.412586492766886 2.2462332719349893 15.841468656351097 12.890803175880425 24.823121548841797 9.38135276613715 7.664788720214571 7.108535989428893 26.870670616634253 4.150103942217591 24.08388237201581 25.90384000086121 17.433898261821774 8.140504616441294 18.866752833884842 28.960898658914154 25.389559012702808 21.25542107857426];


nDrivers=119;
max_D=[136 149 194 120 160 231 188 136 209 147 237 144 137 188 224 154 121 143 211 168 165 170 198 186 141 175 192 160 203 168 207 162 142 134 181 134 133 218 167 240 133 176 144 148 194 184 226 214 192 167 169 152 236 121 214 173 122 149 123 202 215 187 161 216 178 136 217 158 197 193 228 232 219 182 165 212 184 150 176 214 232 210 190 212 166 186 167 174 152 149 177 162 221 169 143 233 154 178 195 187 137 200 129 175 217 166 166 231 129 192 230 206 121 237 231 192 238 132 225];
        

nServices=121;
S_starting_time=[584 105 523 27 355 672 568 521 200 342 323 196 141 682 90 48 709 170 676 351 360 595 136 626 0 382 561 275 562 325 324 433 640 616 697 190 218 477 603 615 116 8 59 586 445 534 571 13 332 346 115 152 374 559 590 704 175 458 221 702 588 602 666 242 123 178 549 333 117 586 591 509 281 528 639 27 341 20 49 519 316 457 489 493 355 286 386 310 123 500 397 681 570 668 160 528 413 272 40 8 136 413 653 126 57 20 236 85 608 647 431 145 701 179 214 131 431 581 293 614 634];
duration_s_min=[118 91 75 106 119 114 107 92 92 87 84 86 71 62 115 66 70 119 103 92 67 65 106 109 85 84 67 87 74 76 64 90 120 80 98 73 93 103 106 114 73 91 68 66 79 104 85 73 70 75 68 94 65 92 74 117 83 86 107 72 93 101 96 67 62 90 94 81 78 118 107 68 83 84 106 87 70 66 90 119 97 63 120 78 73 79 111 109 71 115 96 65 103 119 103 96 120 103 83 84 71 75 114 63 82 90 71 68 101 104 108 103 110 109 63 104 61 98 82 92 60];
duration_s_km=[44 52 53 60 42 55 39 32 56 47 40 53 36 38 42 41 33 50 38 45 52 44 49 37 53 49 57 49 44 44 60 40 55 57 42 60 42 33 54 38 55 44 45 30 41 40 59 39 59 30 42 58 55 36 55 51 38 33 32 45 31 39 33 54 51 53 51 45 37 48 59 60 48 49 60 52 56 33 50 44 32 44 47 33 52 44 59 47 43 56 33 34 52 39 48 42 43 55 47 35 33 55 30 55 46 60 43 44 42 55 52 51 31 37 55 58 50 55 57 38 31];
num_passangers=[36 86 44 30 32 93 56 50 79 34 93 69 42 71 67 31 93 65 80 91 52 25 81 63 66 24 38 77 95 98 47 54 28 99 94 65 86 84 53 67 69 43 55 30 81 73 68 93 27 68 53 76 56 61 44 95 93 69 25 69 37 56 99 59 33 81 37 24 21 43 89 20 30 88 39 51 49 93 89 70 81 57 80 68 72 21 27 23 74 91 31 82 94 42 37 53 20 50 97 78 84 45 26 43 55 77 51 96 31 33 22 81 81 81 52 97 69 55 50 67 39];
BM=250;
CBM=0.500000;
CEM=0.800000;    