nBuses=88;
max_busses=79;
cap_B=[79 84 35 62 122 21 91 83 82 45 39 23 123 52 51 76 71 85 80 56 76 126 115 107 25 74 28 91 117 72 106 55 23 62 79 51 66 72 67 137 118 52 98 129 22 27 71 81 121 109 53 85 22 46 87 96 130 70 110 24 99 24 83 50 64 133 56 95 56 102 32 29 20 43 131 98 54 63 53 114 21 111 54 27 90 34 45 114];
euros_min_B=[11.393129598350392 4.268365549251523 2.6114607574237017 2.332628755275392 11.081416110421252 7.390764836193732 9.045019351281535 14.244417841344408 3.4183126064428575 10.897460203207624 11.78873668731313 12.607478528500444 9.457998469194761 1.837963783044415 3.8759443014012485 6.6605244380929385 5.656170138532213 4.17719472399322 6.7471516200254396 12.1685468810124 11.933264213893278 14.81278683544622 1.8705498109459953 9.260991031818788 6.06284546696838 8.468140702401643 12.73578133446461 12.344500744674923 3.360433274227865 8.271957883643058 6.354564747281307 4.495686471421284 7.309805867232019 13.760553667666603 1.6057983208057742 10.071785227941607 14.094404346293599 14.10072603732333 4.786979184541042 9.794067852107444 3.767557048496622 9.743111682320572 1.7896531204848585 3.122570574434313 5.995734512340455 1.1628351517128224 8.717584441720817 8.429601191438302 4.779508339537255 8.842119100798474 5.301431083959836 10.852889701158995 6.768688126287117 9.980800244236358 4.09862198260198 1.2712783255678133 14.686715815799133 6.517680071649074 13.41031501007408 6.571575802531539 13.618589331591398 7.549945358186642 6.131883763387762 5.798713093266892 10.825995663768435 8.734136006917826 2.6596107459026097 12.198424730391276 11.871379753712818 11.385894170862684 13.325398577213665 4.3096405184622935 13.978358775717354 7.604777704744929 4.62711864693294 1.8777426992496926 2.2431182629134216 8.094397195670389 13.596589794147011 7.502864175624502 3.4185164945888413 12.059364447658398 2.7715753551160023 6.387053729805862 12.428940608746482 6.732607919992357 5.220703148937775 11.487987734455565];
euros_km_B=[3.921563880474527 26.674977325957272 2.899053742969637 21.68103858609725 28.341874222950736 18.727291631370168 9.64675212875466 12.930189309177061 4.349120019912437 22.854455204671368 29.40273216677162 14.37520170992791 29.159616167420054 23.487735723697302 24.561883968005844 19.51955778596014 25.175969664616083 16.802214615049444 8.987745682393014 7.579131051180253 19.13658330659896 21.724872111930022 22.279989952749638 13.264884560682672 19.62105414399952 27.511637317798108 14.352657043719741 3.0764159915451237 1.426387946973945 19.652991658621108 20.249131525863753 10.807821711514018 1.5780372576046362 6.862841566018485 15.577972958393328 15.493615218345179 10.90635181893933 20.37579959254064 2.5242673471673354 10.532324713574898 6.43579973676586 28.31741912304011 29.903362333803763 4.45419773078234 28.419443649065784 19.297233989029692 16.103036638486998 15.453158490975182 15.378962258527427 1.5356024182020083 10.679720961786076 25.15414169646964 1.547057540364983 16.534863057122685 14.373178018134695 19.453386427762833 1.526709135893788 25.327413833171303 16.57680807489654 15.329059645675725 29.57033685282423 22.947682333096484 27.330694660217233 20.19183107868363 9.366584629284482 1.7163104704919023 5.70686360582693 27.841125281316515 11.59068609608321 23.912455718371056 18.725729835548414 6.434918997509319 19.837236481681987 3.9231993430452943 6.171766568671563 20.790349780063924 24.61152658952343 1.5162737225622065 12.744915031835081 28.119138146423563 18.692870801209622 20.898749645469255 28.329433992736778 5.910935117377729 25.519970659633525 4.679088821137856 12.087247859835356 8.466639223944322];


nDrivers=86;
max_D=[193 150 130 160 143 198 234 231 178 200 203 231 145 204 131 226 223 133 132 153 166 137 209 134 221 154 125 193 203 202 209 223 196 163 138 209 146 149 167 200 178 196 142 146 213 148 134 183 171 214 198 237 236 235 218 154 125 127 134 158 137 149 194 165 212 140 136 199 233 166 167 128 195 204 130 148 233 155 205 208 181 202 220 128 149 191];
        

nServices=90;
S_starting_time=[290 569 558 88 184 195 268 18 104 98 289 165 336 623 297 472 49 225 669 43 432 677 300 68 661 341 411 198 47 531 493 294 323 636 366 201 427 133 51 610 706 394 345 17 359 138 51 711 584 117 571 356 492 697 631 492 628 622 415 105 75 88 270 163 217 59 311 130 505 117 478 282 477 71 97 58 194 369 481 536 420 28 643 529 525 201 349 450 612 160];
duration_s_min=[104 65 62 102 86 82 95 67 89 106 63 109 105 97 67 90 92 83 78 66 111 75 117 97 101 91 111 61 84 114 89 60 111 61 69 117 100 117 94 76 100 95 65 89 97 67 87 108 61 111 62 69 81 65 87 115 65 75 77 68 100 105 73 118 61 104 104 66 111 69 119 85 111 65 112 67 104 79 70 79 80 77 96 75 79 110 113 100 75 97];
duration_s_km=[33 49 37 38 34 45 47 30 40 39 40 54 60 51 45 45 59 36 56 42 52 31 38 49 32 58 54 41 33 50 58 40 58 59 37 57 34 51 53 34 30 32 31 53 40 39 48 59 52 39 57 53 60 58 34 33 48 48 34 32 59 33 47 37 58 32 37 38 56 60 46 35 40 52 41 31 54 38 49 52 44 49 60 46 35 40 49 45 31 33];
num_passangers=[24 33 74 47 62 49 83 36 85 84 27 67 30 42 72 97 69 25 56 76 74 57 44 23 27 67 42 62 24 68 81 49 41 91 71 91 89 81 59 35 57 69 88 83 64 41 41 35 52 63 34 76 20 33 28 51 27 88 79 63 70 69 48 21 85 85 90 20 49 70 71 50 65 29 55 40 61 31 80 76 79 61 88 70 78 77 72 39 68 75];
BM=250;
CBM=0.500000;
CEM=0.800000;    