nBuses=117;
max_busses=119;
cap_B=[93 36 78 57 53 48 127 42 57 72 77 43 139 117 43 77 119 85 85 62 120 40 118 28 88 24 98 115 71 135 52 95 134 88 53 132 139 124 43 125 32 88 139 33 48 121 114 73 81 121 54 82 71 134 48 75 33 130 137 82 43 112 67 90 128 125 89 70 128 78 40 111 38 36 121 69 46 55 132 78 130 89 20 110 38 57 23 51 110 39 44 138 105 35 116 38 119 72 79 57 98 79 81 77 49 79 110 131 44 139 38 59 20 111 47 53 76];
euros_min_B=[10.199845135179794 1.291345858263018 14.6866058721121 13.9412200266109 3.146927374822271 10.48803786779316 6.736809298080521 4.037769677323205 1.8757028752539884 9.17506812129189 4.9029986196648485 11.954843931899244 12.810735799710326 1.735680906514946 11.220609557065815 1.093924273413338 3.150112850156418 5.106108563427994 7.569568014307523 2.8799777143076364 3.62591802458481 3.0538929562455 2.8341271381421484 7.9103781263597694 10.329459447292724 3.8989809427569098 9.488405968372945 13.141869372717965 10.129640412062649 10.549853583887987 12.138849422390335 8.659648300925454 10.2006473194262 13.452902289678283 11.480833483299746 8.399461078908303 14.137861156937026 1.0753972176897866 10.884261618333479 1.903119532621599 1.4570135972692349 5.749241332868383 13.452899794836416 14.413389363081095 8.501944623615401 6.547732409068548 10.914372056659568 10.368287448235876 4.434755632073966 13.29261610493613 7.16073282923139 7.634075071520628 11.458821709844987 3.7328589152261156 8.082578392752875 13.5911717053899 2.6729549052040023 5.542613211703653 4.54426935576625 9.422312312253936 13.093248044208948 5.911142732888305 10.712600364827537 4.5820847237759015 5.06564302425576 12.861820473504425 4.7068534401125515 2.3631220399049466 3.7786881075931436 13.992276599261025 10.141036575992345 10.23466529239886 13.986083634377458 11.89590965791994 5.172725956835013 14.518640279725325 13.449604349793844 10.459248749186651 5.017194392779887 9.2433216034986 14.468415317569766 5.874343305617723 13.497048323401929 5.169772755938319 1.3938979907337787 8.373499648342143 10.797691702086603 10.840392751856179 7.663099159010484 9.82042739823763 9.137482690654945 12.052180740418482 6.297341806510181 14.814234356029214 7.902972507306169 6.714549802074927 3.8379259571181716 4.641429433714155 6.481308780118021 7.309091153477921 13.085970227238922 1.6380248863707494 7.85113801897311 12.732981862739598 13.56842318004871 7.41228491174447 13.416524031730807 11.890567842169732 11.734151272294978 13.096573638356885 11.33952387140789 1.9137411110799118 11.859697340900203 14.94061672249526 4.626821906993053 12.677089797571012 14.497409385998974];
euros_km_B=[15.536987120355107 5.090638706664336 22.206079888991646 2.347621703350108 4.690287473649909 14.89108441040057 1.3586811297540722 27.708615749659348 17.763259554516623 15.660483592273135 9.266412513154552 9.183627354960512 5.250768318275321 22.44910801794317 10.189584386912733 12.582750460287574 24.828328836032593 18.040084952651398 19.010461460452028 29.715669627155883 8.774932824005738 3.470664401837827 9.641692696684082 2.192799131989414 21.01276545133755 19.131540074035154 5.494804584869485 16.072055062919674 4.81400688821947 2.013383668061391 22.14639769785032 10.634634830579461 18.4055967259887 9.732030996157906 25.993414638737953 16.09351804529154 29.29449150972906 14.93830716360092 10.331755194445645 17.29399939469268 24.2095305121289 29.65264873949662 1.9081399266887173 8.825014357005275 7.482383196197204 23.554639504082303 26.505267931368785 13.007656599318755 17.71278137379058 29.869744645649114 15.673496377708775 4.862902620206187 6.474353187523995 1.6328779505855957 19.090347211222046 20.247305970952667 28.562362502103763 24.449349583986592 11.033068255530543 27.63383473079519 8.261247614729498 23.686752862257237 20.470782720386747 7.586268389871473 24.011807323353153 12.385567945401004 8.249932199686775 19.746072999950883 9.46095255993246 5.9126108549881415 15.826355171609217 24.80180845652298 4.0214967683498175 22.53953987570459 5.805923255457894 17.0303756969193 22.07844511849686 2.4283730685288196 8.733790015912685 7.280566571616131 20.152610866743178 4.343132771309474 1.2825615692464116 13.485651418850646 10.204056516236859 2.7183740537486005 4.698135486690317 25.39349816183337 26.987387184408178 2.048566194149376 29.713117226951187 4.021665632664016 6.034157431588479 23.26255957504361 29.422244043213396 23.148006840564875 8.188504797386067 10.957188016783086 2.7870509897983107 2.383840800771864 13.831738034388687 16.028754526714845 29.304459741747685 3.725095706871466 2.306489699220809 4.892600184509083 12.439252520575383 29.192837935290104 25.83335310095748 7.227269402833178 25.864972396437686 29.45894686868847 6.302415186102701 17.505462125620397 18.302718323221384 16.593365439391597 29.86347758551763];


nDrivers=114;
max_D=[171 173 176 155 156 220 223 215 189 232 218 167 173 232 151 126 225 139 199 167 132 221 211 158 190 123 171 121 224 165 137 167 179 155 166 182 181 169 130 172 225 145 238 240 172 196 200 123 121 177 163 157 139 199 156 224 212 200 124 196 189 160 208 171 183 194 132 141 235 214 214 125 158 153 129 221 216 236 163 216 160 218 123 212 202 177 143 142 149 176 127 156 186 145 143 124 150 166 146 177 148 150 217 182 224 179 178 159 200 163 159 138 192 227];
        

nServices=120;
S_starting_time=[661 679 2 382 191 87 553 457 318 403 431 456 699 205 131 529 702 445 710 242 132 364 687 555 54 509 10 141 571 483 252 24 560 514 399 542 116 478 369 699 633 581 437 237 448 190 644 688 613 10 425 442 689 541 153 135 585 459 271 200 156 273 90 86 505 705 171 144 636 484 302 463 318 274 120 217 500 317 410 470 462 265 572 338 233 502 82 67 234 372 473 28 661 9 472 590 596 660 463 273 396 512 412 644 471 262 438 314 356 534 549 249 271 202 403 286 698 506 299 339];
duration_s_min=[69 64 98 114 120 79 118 70 109 85 73 100 76 94 84 107 86 78 75 115 95 80 106 78 105 94 90 89 97 116 71 70 120 84 92 93 109 80 106 67 73 72 71 69 67 82 98 86 79 69 98 117 95 108 78 83 62 87 107 82 97 89 97 112 94 85 105 88 89 109 87 120 73 99 110 94 65 117 70 112 109 106 94 77 101 72 103 80 111 109 89 68 99 83 105 112 88 110 110 63 120 69 67 99 90 73 64 119 117 108 99 119 87 103 94 108 80 98 119 64];
duration_s_km=[34 39 57 47 60 58 39 53 47 56 42 45 46 57 39 48 48 47 51 44 43 37 52 44 49 45 56 31 60 58 34 42 45 31 34 42 32 51 44 60 58 44 52 52 54 31 38 52 56 47 51 32 48 56 37 39 40 60 40 33 50 42 57 51 37 36 37 55 53 58 49 57 48 45 57 33 30 52 31 52 44 58 43 35 48 33 60 34 50 41 37 38 47 38 50 44 54 53 38 59 56 53 56 47 33 60 41 46 51 40 58 41 36 58 41 38 53 30 53 47];
num_passangers=[33 86 61 83 47 50 54 73 62 46 43 73 70 46 96 22 54 82 21 35 85 86 68 45 23 96 82 83 79 92 28 55 85 32 65 78 53 20 24 75 23 62 41 21 74 24 21 26 40 29 24 89 61 64 21 52 70 88 93 28 33 47 22 21 95 56 79 26 33 24 26 31 70 44 96 98 48 96 78 37 48 58 73 51 93 29 57 46 78 76 55 31 91 50 90 29 82 30 71 87 36 92 67 51 78 85 28 42 58 31 89 29 97 50 61 38 70 29 92 55];
BM=250;
CBM=0.500000;
CEM=0.800000;    