nBuses=92;
max_busses=97;
cap_B=[37 83 130 34 25 47 38 64 64 24 132 92 110 41 34 139 40 23 95 81 61 29 26 96 97 82 118 52 88 71 95 51 103 30 43 100 33 123 42 86 119 75 22 101 63 115 116 132 45 139 104 125 74 72 73 20 140 136 111 61 134 98 111 86 72 116 38 51 96 28 133 43 122 38 27 34 46 26 105 81 129 29 76 49 77 62 119 49 40 89 44 119];
euros_min_B=[9.884047581159132 11.94464737162691 14.944780855802437 2.5184515850895215 13.375455743636508 1.6685321794721824 6.689538817528922 5.288787105263024 5.738716354998945 6.86208526220747 13.17004991578455 12.119068860722882 9.430932068679326 13.017074877364513 2.074381560246971 2.5112377840808957 13.725302411792184 13.052195070000675 12.11460601285498 3.1406384022835123 8.659384656820027 9.238757075868662 14.743231162096919 13.592999973564002 8.274175739215146 13.798974027466603 11.47603102271727 5.595045938550053 12.63417940449395 5.294552765927705 5.124409080176983 12.059132065953337 13.213140337408944 8.90157162550323 8.679497620421062 14.861930827277547 2.882618410370141 10.599495360804228 4.172385707409756 10.946404732649954 5.592987951885405 2.254024776973046 8.316199953794499 2.986289816359107 14.0642162418864 11.389690986601597 6.22413382854756 2.108311564495966 3.4447636811915197 12.646513036042114 10.913730226081293 11.002156279738548 3.272884693317733 3.594769010449782 13.843673330092317 4.427849842247136 2.582669522232571 8.292688886120374 12.500373959765861 2.0508384689698196 9.156597688611885 9.515656137038492 11.095841356997155 10.752854534568305 6.494591096464315 12.429354515108908 8.012450706332995 4.626371831836043 4.11046540655366 2.1267191090480395 13.415755295551172 9.892853309374969 4.245795301576396 4.390635084206465 10.966084985876925 11.111958541046313 1.8909120120151437 9.943499982437206 14.563840367968332 14.449575715506116 14.308217441104716 8.738117066508082 2.229392548736273 13.966855624039333 14.141338832973526 7.693117145574551 10.204548961185008 5.281625261464077 9.098589435027922 8.159887273894883 13.706413380765913 9.072320804630591];
euros_km_B=[5.49502502643818 8.215900181178633 21.285209367141036 24.696617989556458 9.065926250054858 25.601735701646895 17.033967161259785 5.367447851181386 28.946707437624983 4.093556669360485 11.082304063554261 8.419026721493477 17.0460076133392 24.23366068875827 11.481056301955885 3.4613085587368038 27.48659976286914 19.86309135107839 8.137488474713864 12.403189850600706 2.5881513397432996 26.047049607807566 7.815133388214612 6.147911994044691 1.5134169880359623 5.088933621484808 8.595420761353488 20.845116240877772 24.065705452549963 22.521006693390895 7.56565973688945 4.205983818346769 25.31146506401411 28.38839712583056 7.549001501411788 9.73460645310019 11.540613483364796 22.399462779072834 3.299188818375123 11.10642968848455 5.248949354396112 22.72647430067809 29.124839282464634 14.195822152513323 19.639958372112567 25.359605255509376 13.763641157771577 24.889517106510567 13.297668768884384 17.88402958038318 17.682270567786315 4.647050124914675 22.81787947792526 12.011500987357131 29.320726067008806 18.255803751444276 25.651972937210555 3.64598329860147 5.150696233818641 16.531520905003198 10.364418246651802 7.263193134360212 1.7533044119522172 16.836173152486666 11.854695265393833 4.935248796366043 16.572993974526227 18.132867257320974 28.011976541916987 7.792182946761739 7.347964845517291 21.178104964009187 9.75683802646498 1.921519745710016 20.61681657714067 21.870687558711186 2.370768920972801 10.309754745274953 9.41376701655066 13.77960895167106 9.885471308805279 9.505855266746604 11.306641744957803 3.936578961479637 15.766285283033897 9.450599296971122 22.539201956463803 18.220013822290987 19.821225144901764 22.4034476745408 24.85650334224957 27.820597554648046];


nDrivers=95;
max_D=[201 211 215 157 142 150 124 156 124 189 218 221 137 202 221 140 224 136 152 123 138 170 133 151 216 198 178 204 177 233 162 225 236 166 192 147 131 163 202 231 140 120 194 231 162 172 142 187 187 137 185 201 226 183 239 200 123 128 188 199 169 183 125 237 137 177 214 146 137 177 215 128 146 182 235 131 132 137 133 173 226 203 187 167 156 185 122 140 229 212 121 213 210 170 122];
        

nServices=98;
S_starting_time=[392 208 219 702 101 251 185 496 506 262 413 430 344 603 425 153 487 313 693 443 305 140 687 360 291 437 291 97 628 464 243 532 577 38 166 104 35 132 568 16 600 661 245 380 597 122 713 333 354 449 227 190 203 194 39 548 161 11 336 16 353 466 511 25 95 294 142 415 508 83 168 424 34 201 80 405 386 248 490 287 505 570 472 386 637 431 298 711 687 590 310 87 652 325 634 202 562 283];
duration_s_min=[65 118 91 110 68 113 66 100 73 105 109 84 113 72 95 81 74 75 106 61 83 95 90 71 71 74 116 113 98 99 91 90 76 90 85 60 97 104 84 109 109 87 115 68 97 86 61 96 79 98 92 63 72 119 111 115 72 68 116 100 80 107 72 107 101 85 111 90 95 99 89 112 104 104 84 105 113 116 99 67 116 118 117 87 64 97 73 91 65 109 90 68 108 115 113 120 119 74];
duration_s_km=[44 51 40 37 54 56 54 51 41 41 31 53 47 53 36 59 46 36 37 32 35 50 43 30 37 33 34 44 57 46 57 30 36 48 45 50 43 59 51 43 50 53 52 56 58 60 45 37 58 37 59 46 43 32 46 30 37 54 46 53 46 50 60 45 35 46 34 48 60 36 35 45 39 48 48 48 46 50 42 30 36 52 46 45 51 50 36 38 47 44 50 32 59 47 34 56 41 34];
num_passangers=[50 68 74 58 75 74 77 64 80 89 91 76 75 39 59 38 70 88 64 67 56 37 42 72 35 25 59 88 61 28 85 63 46 87 48 99 87 37 89 67 55 48 59 21 86 46 95 59 21 74 41 31 86 84 38 55 96 93 90 79 76 61 48 25 92 81 48 86 54 31 100 37 47 37 70 54 80 26 87 88 50 65 67 87 23 57 40 32 37 98 83 69 27 93 23 92 47 86];
BM=250;
CBM=0.500000;
CEM=0.800000;    