nBuses=82;
max_busses=80;
cap_B=[92 136 125 86 21 45 44 120 39 134 30 86 96 33 58 113 66 93 22 50 21 119 31 71 38 116 136 33 109 94 77 119 87 127 129 58 91 58 65 94 107 60 26 85 26 99 84 37 54 112 95 47 103 97 119 41 68 78 115 23 118 23 123 47 27 121 52 117 118 111 127 129 101 138 122 136 121 37 20 88 54 63];
euros_min_B=[9.211043139844033 11.85077978208337 2.231630774922474 3.991834121043846 5.435190781436328 2.1776823153202143 11.354664764363564 10.829959827409015 1.0867632221581063 9.859231565623805 2.089548499597345 13.625198407944191 6.451469986070863 5.8585802752648535 9.218584075126518 4.295661596134747 5.012719325286947 8.261288641631221 3.1073399386609273 8.338277519780686 8.290604291231794 7.846879456105923 1.5607442596411183 2.3029141821913046 9.717107154336198 1.9886963992874622 7.274420777122517 1.1511027984588997 7.772413729403548 2.939405851714306 8.699609742942739 9.876627123227655 10.115461703723081 5.099862563425001 9.528449680761529 4.274802670799305 13.912308225921453 9.799214620710686 4.698087654312626 14.049435940279672 7.011712999172239 10.76419873258474 2.668033826666327 10.097102457876709 3.2036672480441304 6.240078735422739 12.236039225318242 5.556824618122771 3.70616758571349 4.500868109399849 4.183350530492358 13.319697094960969 11.823349246827602 1.5411450448825772 7.274326613874397 3.8426886045182043 11.415238175095215 13.303859015210136 10.865795006674494 3.441812842688206 1.9238682131457607 11.98460057216814 6.6641700224635745 12.686573175502595 13.37324489120276 7.234135205373116 2.98080814262316 1.3766466910023694 3.8799698904389732 8.617115746392997 13.266717922062469 2.6054245375527305 14.19663465632525 5.7030549097003895 12.04617983639102 6.117927627547527 6.435127112883199 3.724403083793092 6.532849173274911 5.13318147082533 9.818928588427935 5.33230270892337];
euros_km_B=[10.908560347675913 16.156239934606077 28.690729493723108 5.116105108413217 8.53480267964779 17.463157572165695 22.75894070279269 4.057097717368084 21.960824382019165 22.68861441638568 6.101808438549709 5.404913645150858 16.29038167009952 13.651455889256852 3.761532280232201 23.269953335514657 3.762902113978225 8.88734748555037 26.915451307236474 23.237859176109485 27.694968371113408 25.097428806808075 26.759264668742475 26.734758573617857 20.661276809069154 15.325783700139231 23.106165960763004 2.4846706488417194 24.849754543659174 25.84091031625408 17.555232391968975 7.232527292196701 19.460185202450965 24.914251304332122 9.28888442505114 19.11892975814822 2.022102147990465 22.37030303611236 3.616930351897161 9.579382056669896 14.654643887617773 9.235059540545997 6.886614970629323 29.271392817062257 25.200851229361334 6.502977596054455 2.5035835207696673 28.635984148198837 15.771132118826609 1.2704883634106912 9.714742933522876 10.242707444052696 25.936899343038682 20.53488321690286 21.344304025699984 4.940110917856426 17.54312920421331 17.193187915111658 16.287864189896666 1.5457180170242977 8.131990770259417 10.254457258218153 24.24269186442913 8.118971142783655 5.70893994189459 13.079921703519911 6.72826301280194 29.91587644997533 12.698495125729163 23.737247879159252 16.79726856393709 13.672377883832771 19.845512954522864 20.70170694393705 22.81445921833675 2.2672664675174965 1.775406522101589 10.266851753071684 11.971800968560688 6.674271901275809 5.605015129164734 5.368233622848241];


nDrivers=78;
max_D=[157 218 203 154 158 185 240 159 230 186 127 121 176 227 156 235 189 125 194 166 219 172 154 167 152 224 192 239 123 160 187 150 179 173 137 216 148 197 211 146 158 178 195 235 195 210 158 124 187 167 233 180 202 155 201 177 155 191 136 234 174 235 151 237 201 168 142 238 170 221 198 175 186 210 120 212 204 145];
        

nServices=83;
S_starting_time=[367 509 15 151 482 524 494 322 22 166 549 72 150 142 505 614 43 4 138 395 578 712 11 695 11 118 515 201 263 513 296 234 356 454 560 344 618 307 315 209 355 672 449 218 328 260 372 627 160 77 713 651 503 470 529 397 500 85 19 606 680 125 226 553 515 252 699 74 619 395 698 80 84 312 307 1 140 708 403 255 340 566 310];
duration_s_min=[74 113 116 68 62 60 118 101 120 105 109 81 95 90 66 76 118 91 65 77 116 82 95 116 107 68 75 62 96 94 96 82 83 110 99 89 120 68 115 105 83 107 60 100 102 96 114 111 93 91 99 70 63 74 104 89 99 108 69 102 86 80 84 92 95 108 108 115 113 119 91 119 89 74 79 85 77 80 78 76 69 76 88];
duration_s_km=[55 50 43 57 58 49 50 47 59 43 50 56 32 45 33 57 38 47 49 44 58 58 35 39 39 56 58 31 38 38 38 44 47 51 47 32 44 32 51 35 34 43 51 42 53 38 39 52 59 59 51 42 54 31 47 49 38 41 48 57 41 33 49 51 34 52 33 52 39 52 34 33 47 45 59 56 58 42 46 43 54 57 54];
num_passangers=[51 33 71 21 23 68 43 41 79 59 88 100 48 75 96 53 75 35 74 94 81 31 22 57 92 25 83 21 26 53 87 83 31 90 75 65 99 58 38 47 38 89 47 58 55 37 65 38 53 44 70 90 77 28 66 76 86 80 27 77 22 28 56 87 88 28 39 91 24 97 48 84 43 32 58 62 57 90 38 69 88 63 24];
BM=250;
CBM=0.500000;
CEM=0.800000;    