nBuses=128;
max_busses=131;
cap_B=[46 40 25 63 74 42 77 63 65 113 66 91 62 139 30 125 60 119 41 81 131 91 47 80 84 44 21 57 97 69 58 78 64 130 42 28 29 37 113 68 123 88 119 129 125 112 104 25 64 73 42 68 23 67 103 82 69 137 36 122 109 44 48 27 98 69 110 121 37 90 60 38 125 108 94 132 54 34 105 126 31 61 114 76 20 75 56 119 62 127 111 111 122 83 67 108 140 38 47 124 61 126 68 48 125 87 77 62 30 64 21 58 43 86 79 113 77 134 100 54 128 68 127 95 77 128 98 126];
euros_min_B=[12.314991093510681 2.958924536803883 7.880253436577001 2.8644541460578443 10.17502817147393 2.7156517953329473 1.9622562295533639 12.009578857145074 1.932158854008439 14.50210649833264 1.0199342728896967 14.892352657101988 1.7441661531245634 6.061879593881298 2.7919847002451936 5.516919296889132 6.914292554874498 7.609173924355213 8.06953750351348 13.072503387089384 8.508327153384487 8.023850550174652 6.555540115076506 14.023006336672156 1.7765033306082418 12.95571989009942 14.011046218730106 1.2811557257989956 2.8859564061705614 12.802722051341146 11.368036472301014 12.642072511202038 13.956753298825099 1.2711894541542819 14.018148464231045 1.6767530744019576 14.573145006808176 14.466694358221549 7.507104572916136 5.388884131316562 2.696771160387536 5.849042825323528 8.34679410809009 3.209933105673623 2.9950545350440128 2.855055029732271 2.7639217612354985 2.223351824560579 10.544916049944266 8.510598337864751 10.859284151994867 1.4073398207167043 10.154756798626497 7.630767341087733 13.567884246646281 13.885435702384328 6.344181461878484 11.275341939318002 9.640955119072261 1.8043781338297225 1.5251003960816174 11.870436188565646 14.485384696917299 12.780004430465238 13.22311092810536 7.001636680663749 2.196074991925019 3.0048230629699435 6.57021838821549 8.963497833843629 8.031887257521582 12.685358474370096 12.21005142451043 1.521562703890646 6.88874694182516 1.4245228129482814 14.52529268711435 2.3516593140541278 14.370860584557612 7.089779835799826 13.123877867538305 10.232737878086649 10.656513616240703 6.854855545223149 8.549154718508056 12.076484031518836 14.859641426456704 5.726031690548385 1.0530819600043477 7.396759693520554 4.920591110795193 3.251913160293552 1.4264385556100951 3.426663365974985 4.925911178313801 13.51580550035876 14.040556638822611 8.035839220899902 8.878022093944388 10.082024674251258 8.057035222829892 8.636360480122184 12.116645821254691 14.553506853373802 1.6699765682074845 6.157114541125807 2.879544917519291 6.676414298442792 9.227596747095216 6.961383745797999 14.948497074766667 12.354073668692392 9.389928916257036 8.653018572590144 10.927683238842391 5.378255074577082 4.767564589213061 11.935961033203228 14.669223904221527 5.207816078497648 6.095410654371383 3.744462290626211 7.913156213553523 9.06534031715888 4.549305776774896 11.34470209884962 10.379140148162605 13.69635032840557];
euros_km_B=[11.639421445581576 12.513521801185211 12.986370429535318 7.858669046467384 16.612601181108253 3.555740842684637 28.947953058208146 26.721127595257876 28.020114077063774 29.065413622928784 2.609970842421977 2.293796846873545 11.828853477711197 13.60647378371706 1.9809366793570393 19.652427390463664 24.107270176742055 21.658485169174988 9.657659815555684 17.75847095204437 14.054571137135065 5.691349159942604 7.282601208946182 12.308786301897463 1.216255703548986 22.53768650848642 2.892110761661602 27.33293550727633 19.68872895632697 26.609914398047398 28.015745998296993 8.34574562840913 20.662014386940726 23.85409401345401 17.712300784473975 28.073071583696635 12.64495525803936 18.976896716637775 5.64568221365611 23.323179889338572 28.968431253536817 3.6085492796016516 28.553022444009233 10.068272678229052 29.830976063287533 4.268610864768551 1.6434077284120794 11.939062124059836 29.8529316070504 22.10305934300546 14.819719490348804 29.577211317604068 2.659574397390653 1.7148838585168598 19.471029242485724 2.1472553524955447 14.222493235322908 24.02071064552577 14.981887378933596 26.66221865220999 15.117498932133849 23.07289094486413 18.90255920760894 10.601074835740603 5.8392344195930015 15.757017292199256 11.141756504389072 23.268034034363424 3.609706505561641 6.946559637986295 22.973775811453688 10.13488590315063 20.403156769300104 18.416441857028037 27.313058094519537 14.918807511603744 19.21355345247368 15.76907857358175 23.552929895705333 15.96082506710913 21.134169080393274 17.653288646062578 29.91691410091824 24.096060220735616 15.465539121722864 2.623669640396905 18.716876259531382 9.648429143687043 2.2448095807777504 7.444498135347058 19.24383291231627 19.29289941844577 28.73373666982184 11.899616888970169 20.405127104796456 25.221651248459494 1.9564085732758127 24.87689378298752 18.557536879212712 24.96392946853488 1.657385198032831 29.220114176897066 17.2774607048527 13.141668421711923 4.067183787304408 16.46408026568489 16.190500730824674 21.037331973292186 11.691141352533997 20.895020767361842 5.435352377645882 6.001558748773932 4.530990360369909 21.23476494513751 10.413449014007622 26.44299875268711 14.618485435729207 27.906490678008048 24.495474534581785 29.9192599326243 12.069176800109368 1.4371405437809592 17.674267925303422 8.357180135647821 25.24706539158861 1.4274326562039543 16.46909825683722 8.776531258948525];


nDrivers=129;
max_D=[139 189 132 239 216 202 203 208 156 169 196 126 153 140 212 146 140 159 185 165 166 145 214 221 166 132 170 190 177 137 229 219 167 203 135 169 211 162 237 202 146 190 176 205 176 122 212 208 127 123 138 220 227 194 203 183 182 177 159 134 232 143 222 126 120 154 163 240 180 144 203 178 216 193 185 150 139 171 155 221 124 201 136 208 156 129 172 163 185 181 178 146 130 235 137 236 187 127 202 181 175 192 162 218 203 175 169 189 135 217 162 190 135 227 155 184 149 159 159 125 187 207 167 221 168 206 182 229 199];
        

nServices=132;
S_starting_time=[674 5 96 612 428 384 337 603 661 50 159 405 630 177 348 385 519 173 417 31 148 379 153 467 106 58 685 254 468 661 498 173 616 212 582 38 463 542 113 592 290 455 163 428 669 196 215 189 312 445 266 16 595 492 696 408 593 299 711 261 301 413 307 48 108 138 143 421 194 454 614 159 157 423 602 462 124 256 598 696 56 22 462 448 510 159 3 185 157 46 117 238 323 364 447 689 361 14 446 196 261 524 552 135 173 82 292 232 268 523 495 639 695 366 613 388 232 54 192 114 620 333 58 182 540 305 714 200 109 535 59 353];
duration_s_min=[106 79 77 117 113 88 88 82 79 70 117 120 67 117 87 118 113 97 80 74 114 93 67 116 108 113 71 78 120 72 120 87 66 91 90 83 83 96 101 98 79 68 111 74 62 84 68 66 111 61 61 116 69 88 99 95 66 65 110 111 84 106 63 63 103 120 84 82 111 85 89 62 86 109 117 96 118 62 77 84 67 82 62 93 111 73 83 82 69 92 68 81 75 64 78 70 95 96 66 80 66 96 63 112 118 78 109 90 98 86 119 78 100 73 63 74 95 92 61 70 63 76 94 79 63 60 62 95 67 90 108 94];
duration_s_km=[53 47 58 57 50 36 36 55 41 42 52 54 43 31 60 52 55 46 41 33 40 48 59 44 33 55 45 35 46 36 40 48 54 33 49 35 55 40 53 43 59 50 46 44 52 52 33 44 35 48 32 34 35 46 40 56 55 39 37 33 43 31 42 32 47 38 35 53 35 60 52 35 43 56 46 35 55 42 46 48 53 38 47 31 33 54 53 40 60 42 31 48 53 57 37 41 59 57 33 49 46 60 37 41 42 56 50 57 32 33 32 38 59 38 46 49 47 33 36 47 54 43 31 48 53 43 51 32 46 52 51 38];
num_passangers=[71 67 46 75 79 24 69 38 94 77 32 40 75 70 82 79 33 56 31 92 24 74 37 74 97 83 20 38 66 59 47 36 32 71 20 65 35 39 23 93 52 98 23 56 94 47 64 99 59 87 52 33 26 36 63 36 96 90 98 80 89 40 22 38 40 30 88 77 27 84 22 44 96 35 42 38 32 83 94 64 28 95 20 85 33 32 31 26 73 35 30 21 87 49 35 36 44 89 74 33 63 98 86 37 62 40 84 94 69 35 44 73 65 79 62 83 72 64 93 56 33 82 39 66 51 63 28 50 83 91 48 53];
BM=250;
CBM=0.500000;
CEM=0.800000;    