nBuses=129;
max_busses=131;
cap_B=[78 99 86 133 86 71 59 112 39 40 69 71 123 58 108 66 50 109 110 23 75 75 99 116 102 115 95 62 121 74 97 95 50 85 131 103 82 26 38 98 135 131 31 79 76 49 89 25 20 112 84 80 110 48 100 120 96 73 115 29 135 50 91 121 35 37 132 100 110 24 44 48 22 122 41 114 54 67 49 91 135 126 84 94 82 120 107 127 88 86 85 53 110 119 107 90 30 106 64 98 74 39 44 93 53 75 36 113 24 128 73 56 74 130 134 133 27 70 121 98 82 65 81 47 93 69 53 101 60];
euros_min_B=[1.2272475954807973 3.3411028061872576 14.557679676109869 1.177060808411423 2.977057158902643 12.390557123401154 13.129833561474149 4.566912833955501 2.820597097064713 6.498291449521101 8.691168125050307 4.6500749265818175 8.4148527068936 13.070886047098586 9.504141351330487 9.658915239123237 6.173846005001862 12.673084566222263 1.3191342734193134 7.171920155061316 4.387765253190233 3.9211660658335887 2.4951011977859388 12.293772480971459 9.065322919433346 5.3240107700460015 14.47140318185362 14.093763098606683 12.33686150825004 7.334177032328883 8.92403681432413 4.931432025481254 10.742645558366977 3.7014318944719387 7.923151913254187 11.009450464974691 10.249209877048514 5.824648137040671 8.404639836546231 7.802151201322474 1.8302072103812277 11.55148106120851 14.536589339990355 5.7698843133779905 2.8746247709261663 14.490179330596018 14.598422965856567 9.250623722107486 9.095704317129396 5.562697133955273 5.140547376406072 4.018420171666088 6.4186202780454495 13.517537968841724 5.913977383022185 14.019755107045349 4.1136202810592675 1.5661464155148088 8.900818676965985 2.975975698935751 5.01250492098416 1.0174332456017605 11.97200083437326 5.400625554085087 8.318498282066292 5.92906652850002 7.935530541740446 5.91354489397611 8.82949627345989 3.7098230158929457 1.9151051548840663 2.446379568983481 2.880063090751212 2.09720176933157 6.580549641925961 6.319683659374226 3.245891261059402 10.82074391585806 7.64114397083721 3.8387368377843645 6.616969431877443 5.416986875027282 9.547796051409687 12.75689166632286 1.2496204170405825 12.83072729741728 9.588973921702063 11.670975694491904 13.676631246978989 6.668129549462327 5.976589723838051 13.818542400121073 11.556727805771265 14.33419069539645 9.861250448565293 9.368050842775865 1.071298816740111 6.377435264222861 14.75847092853356 5.755447583673466 7.884641077415899 10.364984688113628 3.6958421184721497 11.940678699291407 4.939215116779243 14.164650779065562 13.665352250471763 4.6228074858311485 1.1629330093048125 10.99584960856292 6.880810795944576 10.162317714675197 3.5509627292590613 6.638011279817847 14.876325761395714 9.58562456702492 12.839649788754304 12.244483811549054 8.098405568192716 6.370920955922262 12.04209299964368 9.529217772840596 13.348949991292843 5.931337869520012 11.213481039603067 13.030297715181138 8.815209829173467 8.775260355871236 9.865487338833233];
euros_km_B=[22.720177053107527 14.29652574886113 28.47035419653841 8.916050746590903 16.22602806682354 14.597317741138337 19.32088632867992 23.105281195939703 12.066563774787243 15.881500950388066 3.6118481978343713 11.57996238151391 16.121920067894365 15.999746344058826 17.937233041573542 15.108934008954453 26.59189951324661 28.400061049212677 8.955089624522152 12.225898894669932 14.06447523891019 17.571400689867524 22.331159543348956 18.546393732078812 3.2644693126728175 4.561275741193186 16.667116947316284 24.702397082456642 9.714230598428683 5.227179187518097 22.414270971034014 27.100520303825274 5.508213734373806 24.003240078597933 17.49772544109183 9.44095725518723 22.43957660384211 21.167479254515694 4.416698698739435 19.61096134323729 6.402712366019001 16.514915722653818 21.92974740609103 2.3011333705787527 2.1724639471777256 21.82176874335737 7.35133113633807 10.816818606266821 5.506121945910483 5.316587706730621 2.133611814763451 22.363314682991117 1.7439194261657174 7.078111337175672 29.69287943883629 24.687440211529672 12.927457183356077 7.066555155320693 23.22739798971157 15.595643713100914 16.158923486188463 23.414146549936927 10.257477077494833 17.445926810645737 14.088186860202317 28.919315738706366 5.336861600707358 12.434520905219356 24.467585314936326 25.508046800933254 25.418807416127386 1.7336461646652874 29.755205174336158 21.05946530091777 6.707558543960041 18.428363167893508 13.245586833506556 13.812812730180694 16.053136917242593 2.1889102542198375 29.67492177206955 9.187659404020376 3.5356696398268155 25.305390261340655 26.652566461304957 13.167091319039612 7.77589963618947 20.305751427351087 22.488997516946725 4.852158633917519 6.271106556370313 25.68142553120993 24.682660622710706 14.610054859556607 24.405589908580026 20.46429841444168 27.089387823398642 8.547777672686376 1.2989412337693056 28.553574633575096 22.588402468915344 14.584076240546564 21.46942820936376 14.921504343479517 2.7780416091006757 27.06487061258211 18.085316022136503 25.588444823196166 5.1146711065439545 24.323893902914936 21.947635763768158 12.554155187100866 26.057406651198697 17.62380715237736 16.969634174674496 9.236758873995331 21.166091749218143 29.0797476112074 6.068781111485201 7.428748041249966 25.03158182818503 3.7721643032487195 9.285459208732528 25.93121729779971 5.879460740080643 15.366985086390061 6.875209229750662 11.544125752781003 22.80801552156666];


nDrivers=126;
max_D=[206 148 225 210 204 217 216 199 203 158 184 154 136 143 144 232 165 168 149 214 159 164 217 228 210 167 162 181 127 197 188 165 138 120 194 141 202 172 158 134 138 167 180 239 220 154 214 221 209 198 203 147 231 215 208 212 176 143 191 144 205 160 133 221 176 154 139 147 121 123 140 145 131 187 122 178 233 204 147 199 155 206 196 181 196 174 215 239 174 165 212 161 180 123 149 142 145 141 204 227 130 229 155 189 225 177 155 237 232 167 145 160 164 121 207 221 218 223 154 218 131 201 131 169 183 148];
        

nServices=132;
S_starting_time=[276 197 375 318 637 561 433 495 232 325 115 84 47 486 256 47 30 683 414 120 243 591 620 32 264 287 93 645 142 375 408 398 178 399 708 711 697 546 177 655 521 577 605 335 475 214 352 148 416 3 242 651 700 379 369 65 570 489 265 259 398 91 200 505 386 177 303 217 490 318 445 122 530 340 158 109 676 338 69 106 346 181 258 433 89 335 617 77 251 410 642 66 664 621 28 46 563 210 390 72 545 555 523 514 323 522 123 339 525 143 350 263 281 474 124 448 432 649 564 349 540 663 291 631 256 510 200 504 320 136 22 453];
duration_s_min=[85 66 86 98 113 74 77 65 94 65 63 110 63 107 103 86 112 112 74 101 80 79 87 70 65 69 65 113 105 110 97 68 88 65 109 106 64 68 97 68 87 69 67 80 107 90 93 67 107 87 78 92 102 75 108 85 105 60 83 74 78 110 105 115 82 88 62 99 91 90 71 101 68 104 87 64 116 66 92 109 61 110 109 65 89 91 97 88 117 104 71 67 69 77 84 112 89 98 114 95 99 83 110 75 75 88 108 108 77 103 104 85 72 80 69 72 76 70 86 79 83 103 106 62 72 86 99 78 117 107 110 69];
duration_s_km=[46 50 36 33 40 57 39 49 39 32 52 40 52 36 42 42 37 35 41 51 38 54 55 37 52 38 48 36 57 56 59 39 57 33 35 45 51 48 39 57 33 47 54 48 58 46 55 55 48 52 35 37 37 50 49 43 55 55 34 57 40 58 59 58 41 56 42 41 52 49 32 60 52 37 50 33 46 60 47 48 39 34 59 32 55 34 55 42 36 49 30 52 39 36 45 46 59 32 45 43 50 38 32 48 46 47 46 43 57 48 48 60 37 53 39 40 42 54 43 39 43 36 40 49 51 40 46 40 60 44 43 37];
num_passangers=[32 99 40 82 41 83 80 43 81 46 98 38 39 33 80 21 39 60 76 38 75 29 70 73 39 84 34 61 84 80 39 69 88 62 87 87 46 21 63 61 95 40 51 23 20 34 82 63 26 68 71 27 80 44 25 29 60 34 98 27 76 68 52 66 23 94 86 28 80 69 84 74 67 21 57 53 39 44 23 36 91 89 99 80 93 89 46 52 95 53 85 36 96 85 78 47 31 81 39 59 48 79 94 28 65 100 80 26 50 37 80 28 34 24 34 25 50 97 46 88 32 88 99 49 67 84 53 45 76 84 92 86];
BM=250;
CBM=0.500000;
CEM=0.800000;    