nBuses=70;
max_busses=70;
cap_B=[22 55 29 87 90 121 84 103 55 96 110 112 119 54 47 72 50 34 64 37 78 98 58 111 27 78 53 30 131 89 113 130 56 30 91 29 20 72 135 85 42 26 25 65 139 73 131 49 99 34 27 104 93 56 68 80 132 33 36 53 128 107 88 124 26 109 56 55 122 30];
euros_min_B=[11.378696243236973 4.00726005685915 14.182770816988763 14.810467634956975 14.723050254902734 6.356668675751694 9.86150476961901 14.530192673421892 7.413421235995096 12.733434409002703 10.844684806646466 5.738938976768475 10.556697483101411 5.167493235703709 3.674246537075071 3.3375614055634664 3.3291485573924184 7.0964815963985615 13.038641333717123 7.918858173603583 4.7266887398111965 7.559280003025067 2.6547995788808896 1.2645378730446988 6.215622630408197 3.821127017736635 6.591366405072384 4.65743380544284 7.67061365383203 6.515745149280663 4.849397939881878 4.743266162670554 3.6100535991274967 9.850122116462808 12.8103192069959 11.944716211392077 10.04383094997476 7.241520764625882 6.9145138614219706 7.581468752361895 9.596573026144785 10.787023468970053 11.452895396137349 9.260163204360031 1.8091043172221162 11.034906864736612 9.050016173431603 13.958786854860499 13.595081377257117 3.303929623247696 9.426522525133723 4.842398351763677 3.382887443910361 13.972952408506496 1.6724874787176867 3.019573194409784 14.42192590858826 9.474345453213056 8.86304370391381 1.8675376809576087 3.9467524931636255 6.4219321236226765 5.608486593033252 13.529080772162857 8.131496189266283 8.179166691258468 8.159194460890474 6.5928586315662 14.222823058873184 5.9607651758358635];
euros_km_B=[20.620295295822228 24.750376126040894 27.62148072339275 28.253750580645338 18.93547221942899 26.148678934562852 24.284292018752005 17.02517629294384 18.028513390322104 28.865825764866194 25.802749530542542 26.37065704597967 28.137803961838024 16.595235634638605 2.851141846708797 29.106705290842488 29.39369802564548 26.122651534333592 24.61169965169781 17.79846238081528 4.131093485222639 6.661374216540502 15.385904569950434 19.668563026037564 22.21938522606924 23.20784819143354 4.981737280892986 14.977748219167479 16.737297968526793 8.120578594983265 20.734167530210563 22.691703917279764 14.191336457141462 21.39002509256951 3.2545524395355696 17.164012322103677 17.6219551784485 3.0108579070492008 3.914564641938973 14.011731158308278 13.754905899883694 27.003348394943156 7.469479883035818 4.446393266108425 16.61153505894017 3.091296912250362 24.607917477079475 4.474108254074143 18.667433967587538 15.997673671889178 28.610710855379907 20.60575310018823 2.965172527305208 23.994254362779877 11.588514196246187 21.96074026135647 26.691276819593703 20.98103988821964 7.591700200093714 7.204674759346913 2.2500088629955606 3.457377022968321 10.685524058850163 19.99145215244415 24.508627860051316 24.52869159352277 6.729099021165312 5.100631774949838 9.257464941339524 17.813214861144747];


nDrivers=70;
max_D=[189 222 205 224 236 192 179 204 198 191 237 213 120 149 179 189 131 240 191 179 207 209 240 188 124 135 200 203 226 198 234 136 144 236 234 222 135 235 197 232 237 137 175 226 234 237 155 120 187 128 139 238 240 179 176 166 164 203 159 237 240 123 125 218 220 202 181 222 199 233];
        

nServices=71;
S_starting_time=[697 629 583 204 83 515 185 582 28 639 637 337 636 89 155 360 157 145 427 422 423 582 542 681 473 601 462 496 627 404 163 192 261 48 163 605 462 688 117 346 18 220 352 313 131 636 424 445 530 623 643 708 222 579 629 442 154 24 206 425 519 617 519 329 635 621 116 395 494 527 218];
duration_s_min=[113 114 117 61 77 108 86 70 97 120 71 80 106 113 111 102 93 105 112 106 76 119 111 65 93 67 118 71 85 100 76 71 76 93 116 73 93 107 116 108 62 117 77 106 96 73 72 79 92 100 88 92 104 88 88 106 107 107 76 113 98 90 103 87 60 66 111 90 104 86 74];
duration_s_km=[35 49 47 52 38 49 44 55 56 38 39 35 40 60 59 59 34 33 33 57 45 42 44 60 49 31 51 43 32 59 32 42 55 37 51 51 56 41 37 42 40 40 57 46 38 59 30 44 46 38 36 50 39 41 35 36 42 35 57 30 40 41 34 49 42 39 41 30 51 37 43];
num_passangers=[34 79 97 87 56 59 59 42 25 88 96 46 72 37 69 84 60 42 87 66 58 74 97 89 41 42 29 82 59 47 77 56 26 77 65 96 92 65 32 26 93 85 60 45 63 41 44 89 61 45 70 84 26 29 62 24 32 80 33 92 57 29 67 62 84 39 67 62 81 74 47];
BM=250;
CBM=0.500000;
CEM=0.800000;    