nBuses=97;
max_busses=95;
cap_B=[129 134 26 48 135 118 59 53 26 26 63 34 74 125 95 60 27 68 29 64 101 89 43 64 80 94 91 68 132 107 45 88 77 73 47 80 57 84 139 57 48 101 43 129 83 95 120 64 51 89 53 116 113 82 112 122 81 23 76 131 81 126 111 31 118 66 68 56 35 108 82 36 87 89 62 99 98 115 68 49 114 94 100 101 105 114 123 96 124 103 106 29 57 102 96 35 81];
euros_min_B=[3.0878286532384456 11.043097422587472 4.032178389653335 4.3157383321790945 12.98502594241734 3.9747466051174936 13.128326118771067 7.239793865081885 5.056297441188155 3.4144100342971067 7.286925752150381 5.444939447873525 6.693452124393578 8.01361166180343 11.014738896827033 2.410068240625897 14.722593772850436 7.7072940633400115 14.890005017187978 3.255639651956833 11.697991216510777 2.433684513222457 14.70931760855965 8.523907070778325 14.221422043070206 11.44941854568826 7.307467362699759 10.62158658492444 3.4381397876465902 11.363158882006159 4.6344018408432595 9.60691451854195 4.9435019171760795 6.699365064027107 2.3888752286801402 9.372143085499113 9.630359586387177 6.893755732044586 2.057834033597808 13.41385878189187 1.8022404930307219 10.539394985733129 5.903236093030805 14.11558459399929 13.190680146291918 10.218655461462731 6.956526595434118 8.174872024975357 11.792350350091338 2.2978470970643574 4.480640275153145 11.98507955182289 11.492555392083581 9.332094114256577 6.192372176249527 4.517875845352371 13.83260828572656 11.5685191517457 10.677035321839787 9.574880570368867 12.738579623755237 11.381605530524654 10.932072370865052 14.798558295327936 9.298402603717093 5.152888124641432 4.539210786918623 13.40641763561224 13.731633304293377 4.442325949814658 10.45730394860244 6.545406466366132 8.98466718105378 1.0847329676861655 3.0333449876915592 13.988728385382817 4.9824063135661 13.632289230186904 3.905591416581263 13.29146426109956 13.939331804535954 13.05113828506668 11.823520285811792 3.043319286663277 6.218196366261844 3.857991214629708 3.6625179470075366 1.2093038044964277 1.5324280321328227 4.8026710540733815 5.550689493100427 11.375844260214306 6.011763633617495 12.426398486564832 7.1739901711631475 5.82373463475282 4.006222956616703];
euros_km_B=[23.37527829867052 12.685352281050655 8.863008672856491 28.271962795482658 24.096095449799655 9.55278831385505 11.524826945368737 24.75371608835126 22.097104887207884 16.192998395280227 2.497208121129593 1.2341645218255182 16.823992701790864 1.8564652622964486 26.46000935105751 8.261102252541761 9.200077545054612 6.601138562367614 4.033137844963037 18.99529497730164 13.47817077557927 25.379890896079086 7.4335565650601865 26.767330072796625 3.233563665111467 20.122489281727326 25.782619671923182 16.399821906855195 21.629462931015265 6.643167859613136 18.619362192358537 26.796686680125966 6.28254050552096 11.722348169935293 20.342879351684072 3.9767386381526966 26.26662663322793 3.3077206029208672 28.187266773700404 4.93710048463395 29.77688460417487 4.176697395844047 18.219149534082085 28.309370172959866 22.215328747269584 5.074317620245532 26.417745044913918 14.29786183094446 23.23985398363701 3.744239999678655 28.80763863652822 19.992276117108883 10.046900819020337 14.122864423356033 20.880651712748765 15.368338461377661 16.426037417938353 14.686426676057902 18.89674363038604 20.765402723464344 2.998355053931783 6.615780885596361 23.953539520441574 25.173063686001207 13.985042869901022 4.753570074024034 13.64490273638083 7.654602285939278 5.305105038703588 21.34912564857233 4.36487533502963 18.479256619527316 4.82131997700283 5.2416218524617895 14.562577212392908 27.130200888219036 1.5961584102119777 25.074939476783847 21.687948742672223 17.832948365985335 2.33404363683145 28.58153882969323 2.0154475849814153 13.67949781608489 3.777659097147093 8.172424527597428 1.8657530423471322 13.524146029060145 5.839252868790271 29.736305835141916 22.985363860140485 11.074720880884009 28.575334664809674 11.628258365846067 6.579603832934365 28.86970477814684 26.846093670058515];


nDrivers=96;
max_D=[232 184 161 172 208 140 238 237 172 236 128 239 191 184 163 141 213 140 218 144 230 147 194 225 227 226 197 188 149 174 144 143 163 177 120 179 181 121 214 194 219 153 150 196 223 142 141 213 159 225 233 217 228 129 155 150 214 222 164 214 159 169 128 239 201 164 140 235 136 221 208 152 179 125 190 227 147 152 208 185 213 228 200 187 212 164 226 222 217 172 187 144 212 159 194 215];
        

nServices=98;
S_starting_time=[394 297 454 422 590 266 5 416 282 168 392 400 474 423 265 220 585 579 527 530 188 280 469 662 23 152 676 635 200 717 590 41 132 244 467 494 443 315 425 437 108 298 193 431 132 167 420 148 618 12 469 186 212 290 107 278 685 662 431 451 490 334 166 152 123 458 190 519 693 219 344 444 174 689 345 375 575 712 628 3 200 581 550 617 679 682 407 277 477 123 451 276 562 259 302 582 5 667];
duration_s_min=[74 89 100 112 91 93 81 75 114 106 83 63 69 79 110 60 106 111 68 104 69 103 105 71 100 101 79 63 79 70 108 79 116 92 72 120 95 82 110 88 76 67 89 106 94 71 120 119 90 95 91 117 66 64 115 69 116 104 92 62 95 74 118 61 73 78 91 74 81 106 60 67 113 66 93 82 94 83 87 83 107 110 84 74 67 97 77 105 96 101 102 109 80 60 73 64 106 63];
duration_s_km=[51 41 51 36 32 58 33 48 60 39 59 41 49 52 47 40 57 48 45 46 40 32 45 54 37 54 49 36 57 31 34 35 37 32 33 56 47 58 40 51 48 47 36 38 51 56 59 57 58 52 31 41 34 56 40 42 46 41 56 55 36 35 47 38 48 37 52 46 35 49 36 30 36 45 34 51 49 30 52 49 60 59 43 38 58 58 44 34 51 53 40 58 57 45 54 60 32 31];
num_passangers=[29 24 98 42 71 49 27 90 81 47 53 55 38 72 91 55 28 78 88 98 42 83 87 30 45 23 91 46 96 97 87 57 47 29 21 63 68 22 82 87 61 77 20 66 59 65 48 64 100 44 20 73 74 74 64 28 44 45 25 88 28 71 67 27 66 27 60 23 26 70 50 47 51 56 71 87 69 100 90 32 100 26 41 79 77 42 56 44 87 90 52 50 62 96 47 80 74 89];
BM=250;
CBM=0.500000;
CEM=0.800000;    