nBuses=71;
max_busses=59;
cap_B=[45 53 57 67 80 98 30 89 66 102 75 44 31 116 47 73 94 99 137 105 54 61 64 61 136 28 21 87 89 122 40 36 53 104 24 87 84 131 80 79 115 25 37 37 107 104 115 26 69 137 26 70 97 73 84 73 41 78 70 54 111 29 84 107 114 32 119 114 36 65 137];
euros_min_B=[10.083839828730223 12.250204661186668 10.121971078961135 10.867013000151378 3.800883411014693 2.9335547572458607 12.842457984916729 9.462797970700425 12.668843039400592 14.537557466149325 13.437228535287545 13.379939572460275 5.692305976306896 14.978165322661521 10.102782655665358 6.36600088113407 5.171503209793407 2.5098472035702053 12.171918656603808 9.808842647035974 12.24218084123591 2.149798520340877 10.784375869040419 11.098490121009492 1.7863083844499605 14.659243423359829 3.0442715186551363 4.538366152050709 4.370817370064799 4.055017236747757 3.943382945790204 10.669721995812615 4.959967047259337 14.208334594169562 13.145372699638928 10.14047203559566 14.031375423187612 11.729546027246531 4.89449046261102 11.710339210801266 10.495859692136976 7.152896943414052 1.1389420442274998 10.263681410874268 13.234053832923593 14.866601658465417 10.186800891249106 11.230788910479385 4.4742556676342 12.036072604007582 14.89655589978673 10.451076027224795 13.387366253366814 1.8243416532448185 8.04756781115296 3.4324020568355778 1.7135551289099908 12.580207559555472 9.840482255408048 2.339534270471371 13.663355268644375 2.774711525612032 4.404810145378994 8.641421351777723 1.901195226785617 9.237615404094274 2.408642211450819 13.277855523909624 5.4244811377230695 12.645191486346723 9.939844222501382];
euros_km_B=[16.19848152416713 13.54676127745805 15.936039053059634 21.426654857159985 1.8218387657240513 27.951036806880985 22.305814647157575 9.085764810458041 13.888486576834758 11.68557852381712 21.639943402408182 18.08068517615767 21.89789960001324 29.683126920220765 13.792507932823483 22.35982585171774 19.674156565948863 21.48732745644267 14.835106420150368 5.696651629636559 6.113565497182576 22.939104896592195 26.414628371699383 25.795835610105943 28.535916014157042 10.09895991763283 28.63403657746584 11.072032616425247 12.25697008288299 25.727759326284673 12.356635838657864 28.048587821784825 20.57425441785002 25.55801966125057 18.51233140879119 8.687213187941882 6.893935390403777 3.699745008628627 9.455826398930316 16.48097738288005 5.450217542578131 7.363006606958546 1.0708756164882558 24.84027724919333 4.79747603638627 9.018547964134399 9.770549609087354 1.8692755146390445 29.388641748077838 26.57686890485405 27.931060825711505 16.52127606951469 6.464641664896237 5.888524315042699 3.822035504194232 21.163647703646188 17.114173087450077 16.718108204283627 16.93620577123667 19.226844741228362 8.193767972328667 18.82686878206008 27.23857505987277 20.486140416605917 10.527054990118447 25.14886065805274 23.571295555725044 16.204988075397942 7.902690790150416 24.220287579250513 4.350745417725182];


nDrivers=72;
max_D=[167 220 233 213 200 145 180 175 175 225 185 175 194 210 174 200 164 152 172 187 172 208 211 204 234 146 231 214 148 174 239 192 233 166 238 140 180 132 161 236 158 128 198 176 201 202 167 170 158 122 220 151 155 239 155 240 231 167 162 141 138 210 212 220 170 202 159 216 221 155 218 238];
        

nServices=74;
S_starting_time=[37 382 485 186 25 248 398 613 453 546 126 465 149 229 164 560 596 479 323 183 591 610 335 597 257 124 121 433 593 155 622 698 621 712 611 597 247 268 450 434 397 31 473 144 332 469 305 574 221 160 280 707 247 536 46 114 511 44 245 645 511 408 133 244 154 574 426 517 278 650 521 392 264 148];
duration_s_min=[89 97 116 99 64 115 76 64 78 81 85 113 101 65 101 76 100 95 96 88 70 116 96 78 71 95 103 106 97 120 65 112 65 62 66 110 90 66 77 95 101 65 84 80 116 92 71 82 68 116 100 99 78 68 102 70 106 82 84 70 90 81 111 108 109 78 76 117 97 106 75 112 73 94];
duration_s_km=[45 46 38 58 55 31 38 37 45 50 51 36 56 30 40 50 36 50 53 42 40 37 43 40 45 44 52 32 48 53 39 41 49 56 59 43 41 32 49 46 58 54 55 60 38 37 52 35 57 42 42 59 50 52 60 30 35 49 39 31 41 47 53 38 47 42 43 32 33 38 35 39 36 54];
num_passangers=[22 83 85 28 59 52 33 20 22 59 28 36 45 86 76 42 95 28 71 26 71 74 70 65 92 40 81 47 46 71 92 45 44 47 65 32 63 79 40 99 29 62 53 68 83 64 87 23 41 66 44 46 70 31 61 84 91 77 21 40 50 22 90 25 89 82 92 61 74 34 30 69 36 89];
BM=250;
CBM=0.500000;
CEM=0.800000;    