nBuses=99;
max_busses=93;
cap_B=[55 88 99 83 49 33 46 32 51 25 112 140 116 103 43 121 61 86 66 111 123 92 63 94 103 135 116 66 24 121 84 108 113 92 57 116 54 22 66 91 49 22 41 111 121 140 20 107 32 124 118 56 100 59 64 119 98 34 113 36 27 56 128 88 113 67 77 112 22 111 34 100 80 116 44 61 113 77 115 111 53 61 41 103 48 54 28 55 30 45 105 45 77 39 115 80 37 135 55];
euros_min_B=[5.05760751100357 3.231152442950253 14.269164084677207 4.832462604126359 2.8068212579215293 3.7699954310078723 13.86536614554045 13.797154367290727 1.5706030201646128 13.455842073731175 1.7210780104985406 1.9737704084198247 3.3639743318981505 1.12052167198299 4.456859383878051 10.962854862724862 11.431728210989448 11.499723228892625 5.337082912116213 9.746404414251915 14.033406332088383 7.866391393013279 4.357447511635698 1.2594003633687931 1.743745108924884 11.481233900427783 13.030815759300824 13.477011072252967 8.198044517579262 6.353381361013298 8.369340971423638 5.154619208377583 2.0722244946227466 2.90421898266866 4.223974975784449 6.178494990269573 13.771392059455872 1.5330231640202159 6.551166721973019 5.956415314588117 9.968174850720844 3.569638074393361 10.59524954934298 7.33385934694057 6.842465368610088 12.684398779538665 6.9350977129314195 9.014866919526423 2.6283235080382736 14.86480686987979 2.5428758047249396 1.304136887065534 10.015216825704549 6.915876067414411 10.947325168141582 6.686113598597211 14.721189916403933 3.3560051637516013 3.058887410634221 6.4002509360845075 13.655595540200947 6.763700856088514 1.7087235970198398 5.4194991852159955 8.226745527991149 4.98629756181217 11.006659278026069 11.55286305496167 8.78793983414446 12.644141149604751 8.675004859342572 7.0067771593960835 6.831554944712417 12.904701884704412 13.455382573796648 11.219734091535381 8.540981799718914 10.478574451018673 11.463186648341349 8.859993994145302 6.861669722443205 11.64971211360706 4.525914455164981 11.688985360150982 8.715288828804455 4.728395149458808 7.760474611512998 2.7979959606389895 10.263810668413594 14.99732201060364 11.589680409194884 6.568582208373984 2.1138583443920265 8.287493528699446 12.38472382549951 9.427021747220348 2.0281335165156076 7.64658628925986 4.052901621749341];
euros_km_B=[24.52769212619418 1.4107841710088325 5.219918032050593 10.939186771356173 1.1832707488862377 28.78092254940395 29.946401875811194 23.36454418484658 18.094549387964033 1.965179736099134 3.733490587238556 19.823448926839212 25.423859603470035 3.662845649809522 18.001491263222846 12.56744064540481 24.057030876905753 22.238728376210112 2.9242648920701186 1.7367378116713095 28.28210560975768 22.070929388045254 22.09444416686992 13.051221694570616 14.085394200669137 24.19613408870338 8.006018942075642 26.86795713853309 21.803986787586382 22.469222589555386 5.140725321942714 25.84458390602838 1.5279402922597105 6.780221007490095 29.29085693315875 20.53955073452682 11.441777598873278 6.745389296715267 6.9745860276799485 27.522507184188523 21.505143981126864 24.208927285716648 26.24858203582318 22.121176310406348 6.352389958901412 27.442655793940727 28.032755164054205 19.318156760810748 8.262908916045625 21.963729242389228 25.546732913471274 13.713522823274847 17.070372269282057 24.663089423661912 22.167979840133295 22.672231588881136 15.21019286940258 15.268372542905245 16.827441178131867 21.98136818591222 17.3722715805419 10.245637038031582 14.458641993740613 12.930432555160952 16.78034601286626 15.140404508104924 25.697812756959365 9.361751080694745 12.152528681362394 11.936220226559534 3.9876893765851227 24.380192650281977 20.62660445578444 6.633517223156432 8.306532134295706 9.634234473382973 3.8432568141363133 20.317903929495664 9.850391883915513 26.421068011936857 20.122780670566417 8.525500989240506 15.21555236045676 22.550829345102336 11.95229331091799 12.710419589957949 8.433276779902545 20.087458405545878 1.6414295213644126 4.554959688674108 17.71063806638904 7.970975637282359 9.54912126590676 20.579570476450833 15.724491621646251 1.4008327852416973 20.73890695562465 15.318906868368938 10.46237038921236];


nDrivers=98;
max_D=[187 225 214 193 240 231 189 121 223 144 176 154 165 217 155 125 215 160 188 148 225 232 141 233 172 155 237 224 206 222 224 185 234 184 219 210 162 211 153 136 162 205 199 162 132 140 177 238 211 230 163 239 155 154 236 215 184 224 120 223 156 146 228 133 217 168 212 228 164 157 225 197 163 120 178 168 213 191 234 184 120 189 162 215 204 238 184 221 191 130 129 217 134 170 172 220 238 236];
        

nServices=104;
S_starting_time=[652 403 5 86 242 160 355 292 668 315 29 308 328 362 82 516 548 206 262 216 364 156 451 20 17 275 126 310 612 667 674 368 638 554 139 66 312 570 100 301 648 280 686 77 283 678 303 288 531 443 399 519 306 372 602 131 20 426 346 489 621 175 248 41 619 215 667 567 9 625 676 49 249 384 540 543 345 106 462 305 417 514 529 333 210 338 186 417 614 281 128 123 451 519 306 482 375 578 699 590 39 468 715 463];
duration_s_min=[97 118 73 111 104 99 79 77 103 114 98 85 73 60 83 103 73 72 107 98 95 104 113 62 108 101 92 81 77 99 82 118 99 95 111 61 95 63 78 79 106 99 60 97 81 113 77 79 91 114 100 63 94 91 70 115 66 102 115 92 71 78 75 95 84 104 95 107 82 102 112 116 108 78 93 93 110 119 83 64 114 91 120 97 85 119 113 117 96 117 75 99 60 107 96 92 96 120 89 100 114 71 68 88];
duration_s_km=[31 37 49 40 45 37 56 52 33 35 41 52 60 43 43 41 34 35 41 46 42 55 59 50 38 31 57 37 56 35 43 30 43 48 45 31 59 58 40 43 58 56 58 43 50 39 46 50 33 47 50 31 58 36 51 36 40 46 42 42 57 46 48 45 55 41 40 46 35 52 35 56 53 33 41 30 56 33 39 52 52 40 44 39 31 42 36 41 54 55 60 49 42 55 49 35 39 46 49 55 39 41 49 46];
num_passangers=[46 87 25 81 37 27 22 86 63 25 20 90 38 43 32 21 85 47 96 57 95 44 96 53 64 57 91 85 64 32 90 44 100 21 78 56 58 76 46 85 70 92 72 54 70 55 39 65 98 91 52 43 29 96 56 92 82 46 39 58 25 94 72 56 42 38 68 87 73 27 66 33 71 60 97 87 46 63 94 21 59 45 45 94 30 75 50 100 27 99 65 63 94 22 73 38 100 69 81 71 84 53 31 29];
BM=250;
CBM=0.500000;
CEM=0.800000;    