nBuses=94;
max_busses=94;
cap_B=[100 46 62 44 95 130 25 69 52 39 128 57 90 64 100 23 47 89 101 23 60 90 119 44 107 135 24 136 108 58 24 87 61 54 116 42 98 77 29 43 44 109 55 28 73 120 83 80 130 53 132 127 59 137 102 89 79 45 131 47 26 23 59 46 95 74 91 42 139 121 60 50 63 44 63 35 25 87 84 107 68 42 68 26 84 120 115 129 57 101 98 41 96 23];
euros_min_B=[2.8392561229851223 2.1649732902553547 7.734299164491862 8.27337571579664 5.693691340478351 7.241903970640123 5.0697809299598795 14.963478693008774 11.477342742381893 8.203476085822585 4.560852487238829 8.396574957863617 9.861693057550832 3.0481722624942247 9.665291781205553 6.39101998044352 6.515652277898716 11.779435093986606 4.3707857801838905 3.0056606457295176 14.943515800661942 11.48762033742456 2.191627635825286 4.386293204045264 10.95076754645981 11.995604852345066 6.487099892397614 6.329075339387845 5.850444273478336 7.7059929671287355 12.130791171252339 11.0744884815417 4.94495673568154 6.662162628232787 13.466560393870962 9.477311290920289 13.961526408190906 5.561067806454909 7.161088030998638 10.060448004027796 3.410204275032286 4.111146035759608 10.73837062539851 6.182105602185978 12.41784391744948 6.315730031517829 7.627990910475529 3.0557378688189463 14.70397403601165 4.570107793745678 3.8113838868173247 4.174130839153994 3.6016949915167134 14.080530107162033 3.44607967540148 12.064846844319307 1.2642256143665687 3.2281089423729723 2.6667914847433676 6.561783305392279 2.3243735031151704 7.012831206958369 2.2708139077769625 10.679255842868223 13.01848365957483 12.884949539191833 9.768164136725806 4.199492465596535 12.585792980482333 13.217167053114753 3.4401048742634908 4.0376578408888815 12.69582147944897 10.590621799782168 1.7632854732259144 10.038295325868695 13.42039163104987 14.855875557902658 10.822562668893134 9.318125997674695 5.046520737889378 3.0458898459105166 5.231452571963324 2.6550278130466536 14.17173063531602 5.0983826043427705 2.073867329548196 10.062599059713602 10.322572429164605 11.656128732652617 8.427405611320413 3.0794610555005195 10.050315927124197 12.080776133294545];
euros_km_B=[5.562017276085027 12.494260006085536 20.1754570518637 10.254136211882251 11.701540318989544 4.165192002704607 7.71823117840732 28.00765433025491 11.326547211150238 27.19076946752724 22.078450815301352 19.37864186366118 3.1308915380268028 25.913969188731624 12.163784150807832 9.088813740274446 11.550635240320608 20.322861639627952 19.86560073936553 26.88314047725923 24.08329064403461 26.918702360818127 9.656386961785145 23.843234057137188 20.325725070482047 6.908865344925555 6.344172170523694 1.519144250078224 27.033625467885113 11.12216220315197 18.24216656601568 4.977709195161123 26.15956559059364 21.288004950296337 1.9769402001635288 22.44484799806781 12.09648149127615 13.297081623694737 13.971887730475498 27.833689507051364 10.809047743250765 14.237405333525995 1.469016630497238 22.944598427766113 8.353585281123692 11.885721674943388 22.58021033412352 15.037457766416322 2.5212694705600263 16.21050607943873 3.5997996186379675 12.505852815752961 15.771917467418014 12.559704644200934 14.755224588880914 7.765147991536725 14.22917686223883 28.322655202961585 12.31458255603604 14.504219294314026 29.351427966189213 7.376646653910015 22.838091774560898 15.074942476874586 12.286860092492255 21.288233495263995 25.843509084981726 20.987151606278744 5.588661808346462 7.825161491202095 17.91488073061534 29.064902095360406 20.639743910413696 13.122334587402676 15.737442954162002 13.645097490751601 15.143524634222507 17.379641956858592 10.977272519800406 4.157170636148654 3.7846862327796935 24.562767881282767 25.803684880533904 23.351679302235016 26.816292468286925 16.885831362946032 25.66065179303405 23.92525645303754 16.359935463577884 2.2238828322138486 1.2387262853740117 18.830952342151246 25.493577524054817 3.497879883567067];


nDrivers=93;
max_D=[147 165 188 233 172 154 149 155 171 130 218 202 169 198 226 137 126 172 161 224 219 210 134 222 207 125 231 161 187 143 126 234 218 211 158 234 127 165 168 198 128 123 227 139 150 128 151 174 224 221 149 234 172 189 149 189 168 149 142 144 226 231 215 209 129 226 144 123 174 127 239 235 218 126 159 170 194 139 132 208 184 145 122 234 120 137 153 227 183 147 210 147 163];
        

nServices=97;
S_starting_time=[157 136 369 349 29 28 112 488 43 523 392 608 238 61 614 299 203 699 521 666 550 357 105 193 262 666 256 21 466 240 60 58 322 442 126 575 363 719 148 683 675 123 101 442 98 362 214 450 656 45 352 412 593 230 718 660 557 655 420 430 277 572 260 490 322 419 587 557 500 287 629 185 191 549 658 696 516 55 47 569 649 358 214 548 72 89 488 109 653 601 198 415 181 360 657 339 92];
duration_s_min=[68 105 97 97 83 109 94 76 113 66 77 92 112 112 86 96 107 80 78 93 76 69 92 73 76 104 108 86 119 108 71 111 116 94 79 110 65 72 63 86 94 96 107 77 65 107 116 83 80 90 78 64 98 108 117 100 73 66 90 90 88 117 78 106 120 71 83 110 102 105 89 65 69 100 90 101 119 97 113 93 77 79 71 116 98 90 74 119 86 64 100 60 80 112 71 99 65];
duration_s_km=[36 36 41 46 48 59 30 43 36 56 47 39 41 48 30 33 60 31 49 52 40 34 43 56 32 33 33 49 52 32 59 32 56 41 30 58 44 45 41 48 40 33 60 37 33 36 48 34 33 56 50 54 36 44 37 31 42 59 54 32 40 36 58 50 40 42 46 41 40 30 34 56 40 35 46 35 36 37 40 39 50 55 47 45 39 41 51 54 60 32 49 35 30 58 37 59 31];
num_passangers=[95 82 39 95 76 71 88 38 46 23 35 100 89 47 57 35 70 65 35 58 78 86 49 26 92 46 96 31 74 82 96 33 37 85 20 76 90 48 76 94 89 95 98 27 93 72 51 77 61 63 91 79 99 28 23 58 49 60 99 49 35 26 47 69 29 30 24 73 58 22 66 67 93 44 70 26 84 92 96 93 56 58 87 39 34 40 83 98 76 22 34 53 71 90 34 68 98];
BM=250;
CBM=0.500000;
CEM=0.800000;    