nBuses=79;
max_busses=76;
cap_B=[39 130 54 99 74 64 126 36 84 95 134 109 80 101 65 138 97 99 68 138 91 128 118 42 139 128 93 115 23 59 30 124 68 61 51 64 110 33 23 93 124 83 58 88 35 113 62 97 78 133 47 74 47 33 92 60 46 38 115 95 55 59 72 67 61 114 114 59 72 110 55 48 108 80 128 52 69 98 133];
euros_min_B=[4.5760416123860885 4.897768902605803 5.5009156527359995 9.365133434455034 4.193028190734685 11.734946478524897 5.545054471519206 1.008342363385654 3.05582904669749 11.507095422407494 11.822818448303309 6.871915764412538 4.6707340487218385 12.234394298811651 2.146308148626792 7.419586338106643 4.436646875584897 11.545172318417878 11.402482146877691 9.110242441088852 7.549946364923594 14.826585053086054 12.337197236156733 6.55422961719146 8.499821844561284 14.705987494440945 5.6777634385431615 1.3682651378266772 7.262299168914382 7.052592469706994 11.816074625600198 14.216015996807668 2.594766786101939 14.784732838874454 3.9006272949680643 9.427031523453154 13.966068435275016 9.8035026415398 3.233931704348766 3.3471813978373364 8.498638355106912 4.934344065439483 1.4493766718222878 4.224693177285529 3.407080720743099 10.473769994326778 2.3837686296071574 6.912289883342234 7.133315900992186 14.478298572779687 13.99065560179641 7.774098366261914 8.81739815155041 12.816560392501755 11.849729994350211 10.8893387551562 11.11656709931118 10.634182284862641 2.815943748734301 12.78767019314294 2.204968831318637 4.149872216960652 13.032760520080028 14.114385467165386 13.990069083740458 13.797262591932919 4.923577207513789 7.985264066226257 7.358040056872208 5.699532121585046 1.0481357255836417 8.601319325400913 11.450485605336665 4.185477174417462 4.391300528346906 4.4498163247287845 11.555822879409998 12.132378482199805 10.336338868263226];
euros_km_B=[6.049542726119744 9.637478826680809 5.372053183878787 1.238835220898265 23.668159857386094 15.667922242874189 2.428248133574122 17.835260528393786 17.94231967087093 11.77263520060545 4.666867968663548 7.880860942390637 14.022753774970273 18.974719481403675 1.2705038287596995 17.826033122725754 26.110806377174946 25.536804319989802 28.44937764681236 7.3407412948144195 26.506678060375496 23.01762647392853 25.147032246455698 27.156555940601493 10.499926229226386 10.648979016484402 18.474431173324422 11.454186431294215 16.0605075129048 10.113634169273174 4.012100344504727 20.51060323564028 29.50116311040983 8.744615205806584 10.030970751870594 18.44372520634431 25.96741650899157 6.0900313101219075 1.366670727976528 25.649028535239747 4.718854708855491 13.62408275856098 20.795303381039517 28.80797564076669 28.65678321685341 23.961653762262216 3.056607377054764 5.639661507574237 4.673431907565116 3.633144979829239 10.561457038624255 29.380580563147305 16.71679434538828 5.816645014513702 24.463608293084906 10.72466996816238 1.085721495952009 26.69245300533359 1.9416886857178821 23.687058894123357 7.387376488559388 13.712494100160383 8.687004952150264 17.068587024157477 12.934755427418235 6.04326434891498 7.019466870997803 19.14946086220148 9.285474771110682 21.532169118833675 27.648251691203626 6.0941149046403 14.009313567900318 14.138215350120646 19.05906098308421 29.030624774507668 7.656622221834819 2.2827190505033057 20.443003282662392];


nDrivers=76;
max_D=[193 214 212 210 143 215 120 127 187 190 175 197 214 137 213 189 232 129 224 170 218 230 230 189 155 122 182 237 146 163 166 207 234 165 133 234 168 135 230 171 165 134 175 123 239 218 175 147 212 130 197 173 179 239 209 185 173 131 123 136 139 120 169 180 223 146 204 205 228 226 216 137 125 144 212 223];
        

nServices=80;
S_starting_time=[244 137 158 116 172 346 351 652 352 390 493 600 714 658 433 216 657 625 557 477 623 479 521 188 210 444 483 318 509 284 445 418 474 451 115 551 496 625 89 235 244 600 91 372 163 396 695 619 166 335 24 700 377 449 51 685 645 31 292 67 613 223 71 670 244 596 302 69 176 134 348 261 529 672 324 78 485 609 684 678];
duration_s_min=[72 76 93 110 79 91 96 64 64 99 78 97 76 87 77 95 70 91 67 69 92 89 77 82 92 100 85 89 94 101 63 102 71 118 87 99 73 120 92 64 60 95 96 87 101 97 61 118 113 112 76 112 96 81 94 92 60 82 94 65 107 80 106 69 72 100 92 63 67 81 82 86 93 120 69 100 63 91 114 115];
duration_s_km=[49 43 57 60 32 36 54 39 40 51 52 32 43 47 48 52 32 31 46 51 53 44 32 49 33 34 60 60 31 59 42 38 51 34 36 42 38 54 40 46 43 60 35 55 50 42 51 45 55 49 50 31 35 37 35 34 59 52 55 32 60 30 41 53 36 47 59 34 54 57 33 55 46 60 45 54 38 53 50 31];
num_passangers=[83 22 72 54 74 34 64 26 28 74 74 46 63 98 92 39 60 93 24 92 39 45 56 55 68 91 49 55 50 31 33 77 90 72 93 79 68 95 36 69 80 95 56 31 43 33 80 44 99 98 82 98 93 33 95 96 36 48 49 59 21 28 63 67 86 30 75 61 75 37 71 36 96 97 92 35 21 42 91 88];
BM=250;
CBM=0.500000;
CEM=0.800000;    