nBuses=91;
max_busses=89;
cap_B=[32 92 73 89 112 128 79 103 34 105 84 133 86 122 76 128 138 48 79 111 108 71 39 65 23 72 88 137 111 121 106 22 72 94 108 58 112 25 34 32 121 135 107 78 30 35 44 51 51 106 55 80 118 87 94 64 33 33 127 50 111 52 51 120 101 29 53 56 67 138 123 71 39 130 76 94 55 90 53 103 135 29 40 53 117 40 119 103 120 55 47];
euros_min_B=[1.1099084886767372 6.714563242787891 14.130216767099363 7.382149837596913 3.285162620383187 2.7913906742412102 2.912632143811151 11.336756191798603 10.128077718695822 3.724724647776883 14.887966174792151 4.675764281854057 6.221245025586525 12.907573091298568 9.176279276876995 12.805576841664818 14.3096914434633 3.9818725875636307 6.996800350727129 12.255602290461468 2.125570558301703 7.002634163632857 3.0480678939496597 7.748970251828153 11.045156995433343 14.005170615078395 3.3096606399755215 6.160648314499038 2.8595158300052566 5.77910324822623 10.583703373250236 5.9134733647466735 13.966226626472274 5.23465024823622 13.418457944660116 4.935023627164202 6.303654712791147 5.633876899614272 4.348905924365566 14.974965646504527 13.162398614010796 13.067476010869694 13.495011243197116 5.704191018950094 5.514302476671357 6.3770213878580195 1.4245623789644593 11.13176335060871 7.1627785736811145 1.499025848684155 9.393969236414302 2.9180961507982253 13.038384607250713 3.142026697740956 11.230242447158561 14.827459486167932 12.360744270808254 3.698099695421139 5.039802846153127 6.138349009670859 6.1372089865646675 14.26760286939101 6.01409974138143 2.312839824274148 2.2533887348156023 11.26887357431925 2.6721012863737243 4.319335347961539 5.111325991513272 7.946342399879834 6.477491368319376 4.231859134811243 3.6120921189264106 1.119154772210374 6.2997183665135585 7.787495973339442 12.74762243197748 8.982856915096958 10.441840068141433 14.170097680448375 2.4174461226317376 9.901850760607365 12.901573797984085 5.285425105833255 12.051832876793085 4.220363027888061 2.4349720066462015 14.907782135313509 12.215566565317374 4.43747757842211 12.536765148242136];
euros_km_B=[15.608130282693626 4.415665639966059 5.344061894193304 7.422832527458899 1.1333239205772654 19.997062402156185 28.18111211726761 26.951821534979914 14.21390871526906 18.56145094630435 21.849787198033205 12.010892135589556 7.34965409857729 7.838822942593006 20.83414183765276 9.830915431175349 20.274085886099957 6.854923087977007 4.055909072048873 5.991686269907149 10.021486285643677 1.17009190935277 9.840118802409588 26.06989480125607 19.34920193090048 4.753756527010676 14.15976864669758 1.545095855376443 28.66452546375279 28.865669303552185 7.544008440065338 29.26217352361117 19.366765935620318 5.316571441735919 4.252055717597039 27.65490573443887 16.46476590359588 23.60426638324069 10.785752981886425 23.480015824924354 18.46354466307972 12.211518760969513 12.039883440591161 14.529457848872537 10.586809626929382 28.478013269147514 27.653283506776717 14.572329970067003 13.23240316626825 10.281785387956887 19.022800619326112 14.514880741318358 23.1674154214606 16.78521360091696 6.13417911526986 10.692976912897928 22.922617404113154 14.24111743476743 27.911501643051068 6.0541366778025845 3.143075305956566 18.856586112265237 1.1257861365229864 9.243110706602355 26.181138368569354 26.071660399621447 6.395253357238075 17.99416395841557 9.482752108843695 13.828958495240665 14.605203283234719 12.527740930108417 29.84132184020562 3.7310386632216384 15.955658034614697 6.218235446592576 15.7845780610164 8.934215723073766 26.340647990282314 19.293800873847296 25.768038984025125 6.810099549167273 3.579866483193785 23.86987141778918 10.003080626778186 24.727754152669874 2.1420924239398307 26.563882580239277 8.088220465123225 9.308573184188749 28.688964864286227];


nDrivers=93;
max_D=[132 122 169 152 151 165 149 169 159 229 155 221 125 230 143 170 180 209 166 239 145 188 187 160 132 199 194 232 135 209 167 135 218 192 200 231 168 158 170 189 207 158 223 124 218 163 186 182 157 153 193 143 217 121 172 165 158 205 162 208 193 204 186 169 210 160 208 144 231 162 202 202 159 227 215 185 237 147 161 206 126 233 143 147 188 203 186 191 165 160 212 201 126];
        

nServices=94;
S_starting_time=[310 438 458 159 677 235 610 594 407 652 303 315 399 85 422 517 493 397 496 267 508 70 173 454 559 258 541 94 579 172 377 517 638 274 540 14 307 515 631 404 216 271 213 552 537 685 429 33 172 672 215 264 396 455 231 691 223 517 605 257 691 322 278 255 705 452 139 587 220 666 532 240 529 400 456 624 140 336 185 56 15 304 540 578 300 152 554 540 616 375 502 182 226 450];
duration_s_min=[65 109 118 112 119 91 96 91 101 120 118 90 62 120 101 66 80 88 72 117 112 87 89 82 77 69 65 72 92 81 68 82 86 105 117 97 109 95 117 68 106 90 117 66 70 99 120 80 114 67 84 113 70 60 61 108 118 104 120 90 73 101 104 72 94 72 77 119 111 78 98 81 93 75 92 116 64 66 97 60 100 72 93 113 100 88 90 116 112 76 68 91 69 119];
duration_s_km=[50 49 40 49 56 32 58 52 60 50 36 59 51 36 55 60 60 60 40 58 50 52 47 32 35 59 52 59 50 43 31 44 32 42 50 60 59 39 53 37 30 51 60 57 47 43 50 49 45 51 54 53 36 48 38 37 45 55 40 57 52 47 40 54 33 51 47 32 47 43 39 49 30 45 36 31 37 58 31 54 49 39 54 36 30 42 46 30 36 43 51 36 55 59];
num_passangers=[32 74 50 31 31 28 47 44 87 75 26 69 38 100 80 64 79 66 75 45 40 70 56 59 87 83 55 93 24 79 90 32 89 63 67 47 94 26 20 61 29 57 31 32 51 73 41 70 70 57 24 20 44 50 77 83 61 83 64 25 82 56 66 68 44 84 57 70 74 27 69 90 93 67 25 87 95 99 48 58 89 82 56 80 48 20 44 55 45 42 95 88 78 39];
BM=250;
CBM=0.500000;
CEM=0.800000;    