nBuses=96;
max_busses=94;
cap_B=[109 33 74 33 125 55 70 41 104 52 110 103 59 78 110 90 72 49 60 137 66 54 131 88 26 85 112 131 126 60 29 38 68 41 20 84 93 33 62 47 62 30 82 131 130 75 72 72 81 79 77 116 99 20 60 111 136 116 99 130 75 119 95 37 116 64 131 23 27 60 118 32 112 76 64 77 74 52 92 107 92 60 103 100 69 83 21 31 81 125 108 56 122 22 28 115];
euros_min_B=[12.617586398694492 8.783606709392767 11.107749250365531 5.244493216335931 6.672781513835853 6.177156281908866 9.766927925399969 11.27059036808168 9.287111466759788 11.82974630260596 2.815298825904768 4.9644109052915475 5.058009326744253 1.7793371022285185 13.720426899627396 2.9991348712021924 8.920040823549382 11.258898198500253 11.538988248055166 1.0670180022216171 11.893926251704832 4.186595690810097 10.201876371068906 9.76746974917432 2.2581816360504776 11.623526853395932 14.19362315511634 4.1045322871455 11.522291808099087 14.909629039348372 14.796712942246394 5.01719137815418 12.47848243005306 11.880665748959192 7.094382520365842 6.002126698150024 11.86183692239116 5.85218499154573 3.221277195684764 14.093818959848845 10.868989664442932 5.052743894993982 1.1316447979152002 8.619969284503835 7.589732277624899 1.7727975330674668 2.7848570041273377 7.226655377438863 13.527211450714915 14.324833574524405 1.1902011449263263 13.496331897898248 7.871327670268182 8.25844405037284 2.7357524234141994 10.759727270741518 13.830815134932173 3.0623286263666634 3.0927782158266472 5.060947363126797 10.285193770937203 14.92814232612332 12.240913738714365 2.626019591034578 11.129291690908627 10.121178676964265 12.18124473889438 8.675187675454426 3.7755993889837525 1.6667370743776682 8.959803286966197 6.447937339829812 8.398195334602626 14.203993394523366 8.170353883038686 8.039520783741121 4.839388482384254 6.130196514089803 8.96114834902411 8.882572481572785 2.9847974610906673 13.410537906434234 11.362981300744538 6.575207892463174 6.831431962539021 12.726844515420371 14.67876140827772 13.917244475012476 5.771970584366437 9.204444370522209 1.9307544423862473 2.2122777323703273 5.262816369744637 1.538150632153517 1.418397743603678 14.82954430204106];
euros_km_B=[23.663764974603644 25.29357259793602 2.1485120559855773 4.369959325930675 28.219362909471865 6.607259760810306 14.345671317012624 25.017831642121628 6.4696253618596655 5.179456703556962 4.070247297109173 15.834160095698302 10.730084577460008 11.607769638210545 13.847419505576662 4.51558082525866 12.218528718373102 11.404622569654359 12.945644569234727 15.809814507785328 5.367190105813431 17.461288159899915 25.949537170590542 7.204536709958615 8.862256931062806 5.795567328541683 7.164052587947635 16.56885163855688 29.841295613138712 16.049124830297536 17.053579797997198 2.2719281420275315 12.748765162886324 8.121263674985737 26.94666899499794 25.844105523747288 16.487904171805276 5.736144380058335 1.7603150833300507 1.505216597929079 21.440807478971077 28.854519527902923 6.127806970875847 10.464486300680553 7.726004744434167 20.708958817413375 22.274079660771186 14.834282604217737 18.251410005946152 20.06331701219507 23.674502301024035 2.931764554928437 26.87753999940212 6.336088078776635 20.67025387156043 14.884726193790947 23.21065500206907 5.141298931957898 27.749355084499783 19.143027011841056 4.721502153990349 19.49638356368757 24.32496589113052 3.976214303609458 2.3289843559490784 12.951931635982286 14.709139037198524 18.50321880477397 2.5318017262576253 2.686164401528571 5.752679341450321 27.87867421749163 11.863991520834606 28.41402795938977 23.913965215257193 25.803994992471118 8.75495490157287 14.978153683368518 2.8074330619717083 5.184496731730222 11.189312389766775 10.185809092587114 22.727836218238757 8.906004777327553 16.55837360198651 7.767298525268952 17.69694363497414 27.324349252163643 9.699792413280496 16.545022797501506 19.101939764022955 22.223044121330204 10.1634681464555 1.4054937573177384 1.5840555610575464 28.04617216192975];


nDrivers=96;
max_D=[195 170 170 223 157 182 138 196 209 125 170 201 208 166 202 167 176 236 200 140 219 223 121 175 222 205 236 146 186 236 223 239 197 135 236 144 222 124 184 222 211 229 215 151 153 134 144 185 123 189 230 134 196 153 126 164 196 238 217 138 211 191 204 230 172 207 207 237 149 151 197 202 157 197 214 139 223 129 131 128 202 169 202 181 152 169 149 237 210 176 212 238 218 207 152 178];
        

nServices=99;
S_starting_time=[572 636 529 497 560 662 432 143 583 41 280 557 675 234 689 207 51 677 214 259 647 10 41 78 391 56 559 194 624 297 161 608 155 225 488 626 319 690 470 383 711 458 630 683 230 230 124 705 18 706 108 315 624 98 31 339 49 527 579 320 530 700 641 283 201 147 424 243 553 221 276 660 112 547 37 694 629 329 213 413 543 18 610 238 455 298 700 434 131 52 158 311 152 278 576 99 543 350 658];
duration_s_min=[118 93 63 82 86 85 82 82 107 78 82 113 91 84 63 75 81 88 84 112 91 72 77 73 83 108 113 79 91 101 107 72 91 119 79 65 60 114 62 120 82 88 98 64 63 90 85 120 68 100 65 78 89 114 83 84 69 103 92 90 86 66 107 118 101 64 79 78 88 78 84 64 63 71 63 96 72 92 90 74 110 113 98 64 85 90 64 94 77 80 120 78 64 103 71 72 70 109 60];
duration_s_km=[40 57 57 42 49 43 49 58 44 43 55 42 42 35 35 31 44 45 46 39 48 49 31 43 34 30 33 33 49 34 45 41 50 60 54 30 31 47 37 59 57 35 45 56 30 60 45 35 41 52 47 33 34 56 52 40 60 33 38 47 45 33 55 36 42 43 36 57 39 39 30 49 54 41 57 53 47 59 40 47 37 57 48 38 48 37 30 41 59 43 41 58 40 55 35 55 43 41 45];
num_passangers=[68 42 85 37 21 68 94 68 33 59 92 52 50 65 73 41 33 84 57 34 21 81 31 40 61 93 69 28 51 61 74 75 67 49 84 56 94 45 94 51 26 93 53 43 82 28 40 75 24 96 90 80 36 89 46 91 64 42 79 75 77 67 23 99 87 95 82 94 86 47 59 51 92 60 58 54 47 85 93 67 85 36 46 63 24 34 50 33 85 50 56 33 41 30 93 65 50 88 58];
BM=250;
CBM=0.500000;
CEM=0.800000;    