nBuses=84;
max_busses=77;
cap_B=[25 36 41 109 115 21 133 84 117 31 115 49 73 29 77 20 60 111 39 84 122 54 42 139 74 129 56 79 51 64 42 44 53 97 47 85 77 57 44 139 109 118 95 92 129 20 105 115 111 48 107 48 103 60 47 96 75 104 136 31 134 121 78 65 74 57 116 112 105 84 47 69 74 138 89 102 40 81 43 21 28 71 108 108];
euros_min_B=[1.446701931191937 13.60778994786182 2.968600759214265 9.899421688104228 5.125916403142281 8.807458280289923 8.285071166042096 12.714140063293964 1.857046593262911 7.474508263663498 10.89562332233638 8.214400732678811 1.8496438528554813 9.422727805473201 5.72493014223157 3.813307667230644 5.566494031814427 6.79228210268085 11.575954631653792 14.846924001935822 6.204842450459174 4.465702652815344 4.066242434500268 6.852283956354367 11.393999685950773 7.986279467432563 6.328862233327325 2.165114164830147 11.621296932887931 10.486290144544613 5.1773185830066195 11.080242169550225 2.3166590076887843 4.484030661876963 6.452502431318706 10.426000780366856 13.311309607425594 4.10467205842564 6.127873176227214 1.593400437267268 12.368874253854813 5.712232309149597 12.915677991018093 8.25558511293784 7.196060553628085 5.774558739086509 2.28244719056816 9.214673212088842 12.512946568701965 8.825041327486378 7.034893042806303 3.1488227893255036 13.66497199528258 5.961594302352515 8.651778639305347 1.6374220497064575 11.078308481948255 6.344269502622392 2.928414806012313 13.80167591184654 3.141489130766095 2.9108632369973484 3.3214436926689643 11.402143735868147 1.848493214914113 12.077503614696822 9.844639567212843 12.698823753523682 13.922975674860073 6.417146257805339 6.752827617269071 8.563340371915556 12.014144235295275 1.9190265115137066 1.2715210973715865 11.462570245169578 4.942082590518371 13.538628027129647 11.078683035202397 2.1624787170393436 14.297020297931386 12.003945654712119 2.5001859665658417 5.734198092245915];
euros_km_B=[18.130173811290703 11.083719309863966 4.795206259845499 13.185012898460451 13.208014921202235 2.994734025554488 10.897015192021485 4.96164676189634 12.092625908170596 6.549805974179272 9.588533943138911 13.282046760737105 1.3064775551904786 5.7847711543089835 22.44392971323664 7.590885698514622 20.787253185012236 20.07834446407284 28.41669580267303 3.503226170848225 9.206846563978933 19.897247544431316 19.74019382837104 10.564152857281128 7.9002749812514494 16.18676187524313 20.80272669884038 18.566166329344373 17.367551613810313 13.182447077449044 23.29168767067827 25.220772377249435 28.89666382279443 16.549064259329747 6.966515384366973 17.332444106625918 9.789704836491941 16.479464786351066 2.217935029890863 5.51301163713538 14.319730893808828 14.469019512580488 23.528295179100734 18.05787918734225 26.733614008908493 23.514025404860046 26.80800907624964 18.359521234066975 29.17752451968361 26.703655567010326 18.41416117579828 14.96813415377755 26.365823154857978 1.2781136728856617 5.129534132272572 15.569189107992207 11.28608517871799 28.844289336775567 29.261368786277153 25.997067409825092 29.006042433036008 9.040363283027697 21.4112514822861 18.694600824721963 1.5757607277680832 4.797840043604274 6.8693052096715865 4.587730900848335 11.170158888062979 3.6202922615340354 7.299275753562198 7.156754520664453 29.16751013583272 21.98489532579785 23.76484549626754 20.018613388256885 6.569298697321585 6.123525489401647 29.653835614967377 25.82991006076931 17.08878091398419 8.877373110582488 20.175363032529898 18.469482448496148];


nDrivers=90;
max_D=[206 127 238 233 186 148 190 162 134 202 164 234 163 136 216 145 138 199 196 122 232 145 178 202 191 157 154 210 137 147 194 166 178 162 194 135 157 239 182 201 192 135 156 191 144 163 140 217 207 169 168 217 171 120 129 146 169 181 189 182 226 180 130 155 123 162 179 183 156 185 149 187 238 154 195 226 209 216 144 120 209 144 171 196 161 209 168 192 173 223];
        

nServices=91;
S_starting_time=[415 73 145 263 18 701 551 41 405 117 661 701 303 176 611 479 129 284 115 338 221 556 457 283 300 603 503 194 146 714 219 571 626 301 147 283 48 393 646 162 631 718 422 711 690 309 548 19 639 434 533 358 552 376 483 246 398 431 302 544 269 352 372 2 81 194 168 675 547 662 169 549 236 652 152 541 182 559 433 160 488 264 600 490 265 181 514 646 288 50 311];
duration_s_min=[72 61 95 67 99 74 106 81 105 113 80 69 65 116 115 69 65 78 101 100 86 79 89 69 67 69 106 88 107 109 63 86 107 89 70 109 75 68 119 88 86 89 93 110 79 63 86 74 113 62 83 96 77 120 64 102 114 86 94 105 105 116 115 118 94 84 109 90 80 68 64 90 82 63 113 90 94 115 117 80 65 116 79 69 96 80 92 119 88 115 72];
duration_s_km=[56 54 37 55 30 57 37 31 30 57 49 49 52 39 33 52 37 44 53 46 42 36 32 49 30 54 50 43 43 45 59 50 44 32 57 60 47 34 57 45 42 49 43 40 47 48 57 33 60 52 56 39 49 48 32 31 46 42 60 57 57 58 47 49 46 59 60 45 54 30 54 30 49 44 42 34 42 49 47 37 42 47 30 39 48 48 33 51 57 60 45];
num_passangers=[34 85 57 26 24 71 87 60 93 43 81 86 95 60 68 27 26 44 60 91 42 20 81 38 34 29 72 92 76 85 28 50 75 76 53 69 34 43 88 72 79 62 51 85 57 63 33 84 37 52 95 33 96 22 28 88 67 89 40 78 92 46 77 23 58 47 69 69 54 92 24 64 66 93 84 98 72 51 87 64 30 100 77 42 88 98 30 82 38 87 61];
BM=250;
CBM=0.500000;
CEM=0.800000;    