nBuses=121;
max_busses=109;
cap_B=[31 54 126 126 102 75 58 73 58 20 118 126 90 102 33 26 79 20 131 58 50 20 24 47 55 100 77 72 71 135 136 85 104 103 83 72 28 138 44 106 130 37 108 99 42 79 77 22 66 54 74 26 119 27 134 118 74 48 70 38 107 103 114 39 20 25 114 75 29 34 24 87 118 59 83 105 108 40 77 131 21 115 134 104 133 22 77 64 94 36 45 28 106 122 102 33 23 105 40 110 64 32 109 46 22 123 57 59 66 101 60 120 120 40 126 22 39 86 136 73 75];
euros_min_B=[10.732906980400807 2.720699196631831 2.166409285166446 9.771194190017479 14.8665308717786 12.888287371392321 8.101803592825467 5.39337166664114 2.9969343425327226 12.492822386434078 4.017746817016092 2.895272029948118 6.800213120452251 4.224294297272557 11.704936659924499 9.879261667101341 7.239521168572265 2.990471270715195 4.925505423333749 4.414726766178728 3.0556083262395846 2.080333426685061 5.690674586654385 2.346208951302928 3.1732879616294567 6.524362032578889 13.568677321483806 11.381078381837066 14.975844853231768 2.403803770884851 8.555390234830467 5.687024289989946 3.4839371244173147 6.265704019526405 5.849484451167451 10.366585763221112 8.046412662076527 12.421264671677246 14.845428007806177 4.376074966312947 13.445592935624926 14.8524676329356 6.516561525099847 4.616380773684691 11.958285417939727 13.048732765848275 5.2154627448467075 7.610025916835288 4.34116346497861 12.854431248364513 13.957805517830352 5.1733667407844415 7.443134576347729 10.986616746429604 8.225511074060083 13.603925225990412 5.413505834184366 11.21971399243057 4.648452922190328 3.3617355545860064 7.5377185630709125 2.044216204639055 10.910583565077888 6.698164172539375 14.698095642703668 4.933923531295426 13.361346765122114 4.222313281587571 2.6079427096365073 7.206901803749907 9.688522496173707 10.258206598596075 5.753456007446232 14.13249329816707 9.91008209543895 14.688555778983883 2.2766969943394364 10.515673578024138 5.552937820886883 12.0762669691078 14.079724246108418 9.301763529049502 14.670363377548018 12.130917033228764 7.342513893570884 1.8067829771057131 11.762482451643727 3.3217437102217184 10.935652293020434 6.973096758557304 10.176988295059841 2.4700281394724612 4.8440313138897055 8.772054543351157 8.023817075772836 14.625404525088584 4.196111150457472 6.933986394111003 14.579676384235533 13.604470888998282 10.28403339822017 6.4158083524480976 13.973950820648632 3.554791326343987 8.523351833391281 1.3027728096495237 5.291939192510175 8.042587808479354 7.300875882771489 2.2170344172275547 5.504229493768902 3.288531149192686 8.8347162927683 10.861601753579306 10.282272391719237 12.394145743146577 6.3198705409783535 8.0123095834759 1.849257869355629 9.15120432059487 10.911703475371034];
euros_km_B=[12.423209109009756 17.18996235573557 22.546211840439053 9.227303877652655 16.75724729701668 4.8950479203188575 1.5018618992748394 1.9722385486697247 20.989157972373338 24.188559851623733 21.085664705046838 24.891102701515237 17.031237193156255 12.535143948354738 10.479939621178913 6.2360608538446165 17.162483507315102 1.8724467427071851 14.24813850546738 19.85410016979947 5.372671047473267 1.2147924011049591 9.512193986013683 23.912390203179328 20.087870026049284 7.535055064186851 20.000357662482333 21.85146300289517 14.572499673335228 23.57415530993553 26.1690861930929 28.46456549209472 28.22467761329979 28.825343120518923 28.81202522695256 3.6192203588179925 24.591220374215666 14.190917095453823 5.259808591331515 13.99623494594341 22.512867939451098 29.192812014954523 9.522301801404247 26.472553729784014 17.64618096698053 6.571104546908378 12.375848060815166 4.924982351262013 15.648112354955979 28.10441902145086 5.798052164979924 28.96072083381499 27.804117570587252 12.561142177698414 2.3956470090343394 19.93091087509173 20.151003401432813 7.482001939589983 1.06178348589542 13.55977968573174 5.6766754425889285 15.302239237946534 13.104003318868882 22.65488845508628 17.888774390967082 5.765338942128056 3.380022937090929 29.503154260148833 17.855064080569882 21.01293997202051 13.798990972499926 27.04425915402622 27.372369570520558 24.15025946797395 17.751068716708012 27.96773523204354 22.671272817126333 23.689081423802662 24.3983970085167 6.922580183572822 27.790759417674415 7.812855504745789 21.234477864125253 11.166832028820199 11.595733295839258 16.233962355247215 27.049122445194875 3.9172915638091137 3.0537655703207953 25.059749009573537 13.738129287427174 3.6223492356789704 3.0826901378114986 12.825868543181524 24.26138594873066 14.496115973760292 8.419165641786044 7.645655577023784 9.670660163382957 6.98921150108526 19.72358840406251 2.8814319580578465 22.133148248046002 11.24372032696919 7.202374716993253 27.29605501163268 4.906239263845272 7.13149423112546 5.82276845013914 14.675558904661074 11.958067943479636 24.989992757213862 23.722720195131433 23.407759492164107 3.058540106792111 3.2072823670543302 26.443864827390307 14.699799805829686 14.823753778243713 16.912267638424623 22.731976430227242];


nDrivers=119;
max_D=[219 207 207 183 165 200 209 141 212 124 220 226 172 238 199 202 230 207 219 210 123 177 156 121 221 225 177 177 216 182 217 214 183 129 178 161 182 213 168 120 209 167 156 193 193 136 132 234 136 222 178 176 129 202 127 151 183 170 223 195 137 189 200 166 147 157 143 237 126 136 236 236 181 212 238 159 203 194 161 133 203 156 150 230 191 190 220 212 134 181 157 158 229 214 125 190 146 220 196 208 123 211 227 151 221 228 127 135 132 208 196 193 198 156 194 226 152 198 123];
        

nServices=124;
S_starting_time=[314 126 301 116 316 674 587 307 300 242 203 139 218 646 282 172 395 404 483 304 78 354 100 624 35 27 412 206 323 288 578 142 624 271 171 462 269 343 221 646 193 56 428 94 572 717 557 161 284 584 333 353 184 161 367 673 636 32 343 309 338 436 673 16 694 626 207 431 160 254 480 685 415 136 320 127 674 566 341 285 215 288 173 152 192 444 273 271 683 184 137 418 63 611 231 639 708 512 405 61 12 107 558 181 465 70 386 634 705 466 675 148 174 233 563 649 648 77 315 134 719 232 560 673];
duration_s_min=[105 75 86 98 85 70 112 99 119 84 75 76 69 74 109 90 108 100 80 111 74 60 117 110 120 95 68 106 119 65 88 67 84 115 61 114 116 67 113 112 72 120 92 60 60 111 111 90 112 98 61 118 99 110 103 81 76 74 82 85 67 118 61 109 71 63 72 86 82 63 105 89 90 76 61 98 111 66 120 120 74 120 83 112 112 94 87 101 76 61 114 110 78 111 88 88 65 78 110 101 86 96 88 90 111 97 76 95 65 66 94 87 67 64 71 111 120 71 99 112 120 89 65 99];
duration_s_km=[40 42 58 37 33 59 57 48 30 57 34 43 41 46 31 38 43 59 59 33 48 32 44 50 44 55 53 40 48 49 55 52 40 56 49 46 39 34 35 56 59 39 56 32 30 48 59 45 38 53 60 49 50 30 34 35 34 30 40 33 57 52 47 34 57 59 33 31 39 39 55 57 36 43 52 56 52 38 40 36 60 59 44 48 52 37 48 44 51 45 36 37 46 52 57 41 44 36 59 32 58 38 60 31 42 53 48 47 56 59 48 43 45 50 54 37 38 32 42 33 57 56 51 56];
num_passangers=[28 41 96 40 42 94 38 31 89 79 42 28 50 76 53 22 57 74 53 73 35 63 53 47 20 53 94 79 100 79 91 40 23 62 92 77 93 85 63 91 85 44 39 56 25 71 86 88 79 58 68 37 46 81 22 42 78 73 44 98 42 71 37 91 61 20 22 70 37 51 27 64 94 39 38 38 23 56 32 67 26 27 94 79 23 35 25 69 89 44 79 63 88 51 21 97 86 26 70 64 26 68 51 32 82 47 23 52 42 79 33 67 26 26 77 37 68 34 47 78 49 65 61 91];
BM=250;
CBM=0.500000;
CEM=0.800000;    