nBuses=77;
max_busses=75;
cap_B=[49 76 31 65 105 57 40 67 30 21 116 92 136 66 33 26 84 130 64 127 74 34 58 116 109 106 71 103 131 116 34 43 133 126 111 60 94 40 72 128 115 135 25 25 112 105 29 107 93 105 37 88 104 98 59 21 125 96 61 62 41 29 31 114 117 33 95 112 50 130 28 50 123 101 129 125 92];
euros_min_B=[1.919583517970258 10.983655530101105 4.96307237649061 5.227923305225827 4.536125298193283 12.32049548165472 9.251993689261733 8.75897948567574 6.091962080631071 14.271635818786136 1.342094362379463 6.929085876206193 1.5485715240618352 5.450225689981477 14.383203151454723 7.804998808119023 3.5638584670670546 12.816472187122153 5.62642042158819 10.885302717333712 5.998573263310325 14.489363490784633 11.707893510183737 5.83729324424789 11.977921750107184 1.9645366668871274 9.44000931667424 8.444990571008304 4.829042582602071 14.218592140490848 8.175154814959978 10.22791251082953 6.679450218576899 8.024467851000598 5.834764926521627 13.049972999589533 13.046287841647342 1.9571003274621883 6.215916634536488 5.723939440543558 7.716463871346698 5.688108451053194 9.418005584039518 10.778510793950991 1.5223720120217747 6.676288349848286 1.337108937777539 13.16488150566062 11.315004878928985 14.35635444744964 9.509509858482891 11.378687451277157 7.499915012314386 4.6591958679838354 8.986763927687884 1.0198122205110443 1.3256011127269063 1.7030460329961896 9.012688132768625 7.28140326851305 3.5734310273656757 7.719526710929513 8.742663611266716 8.955321770388348 9.945983696399766 7.448665398248636 7.4251190454343154 10.935989953884086 12.370829731665534 2.8656213277098375 7.244709580367812 7.267360137507316 4.800522274586025 1.2377942821522714 9.64854821189364 6.756893732080591 10.256457727992723];
euros_km_B=[17.532225853030827 11.28656972521828 14.783099377426364 10.565299615002898 24.783858788162988 1.7957089702004674 11.491585685537851 29.292225280098368 7.3176393406359725 11.570901766290763 4.400177452702831 13.159384174479865 18.994660788507613 26.11408416264419 3.687380903612697 4.585974687844008 16.88526471640781 21.828421620997418 7.406739616820333 24.894149231307754 7.1715831006782995 10.858661096678158 1.1865255041976832 20.3691992376017 12.713190159540225 8.411305096442266 9.38636761173231 3.674337105465164 5.617503252794906 17.442826789021893 5.324095682080938 18.618699980197388 26.120006023683956 24.588013527001593 29.36161378845734 26.069936217790058 10.744272230947832 5.266135104253949 6.937002011261129 17.432263992746073 17.516713013693806 5.637695819027408 14.939729409039764 27.694219580001697 24.064158679009733 22.513759411057833 6.1664995162288765 23.845800054317426 9.978087251267652 2.6666935515647907 12.879802878388963 1.9145428421919106 4.4282766151083575 3.710110035312491 9.190845016086485 22.11610005356217 19.32986022291073 27.978845411111426 26.56025626407314 1.3530389036496246 2.4188492741023033 2.03323785234305 25.864675890589364 21.073528274860955 27.542413514258836 20.812589774277093 8.43552688721999 15.817932459441852 10.665311073204942 13.563994763823633 16.91453827726268 4.834802775757854 16.55128406843403 12.759763410901842 10.29278288178397 16.907956289499054 8.530462091579016];


nDrivers=71;
max_D=[180 132 156 207 140 220 169 154 155 160 149 160 159 190 179 173 199 169 178 232 150 213 154 124 216 168 141 196 136 125 195 174 207 137 122 227 188 218 166 207 127 140 159 156 153 154 199 138 214 137 183 163 145 193 158 238 216 125 122 166 140 149 227 124 156 148 143 225 193 195 225];
        

nServices=78;
S_starting_time=[324 343 285 315 280 232 701 603 158 625 395 155 2 571 497 561 515 576 116 103 403 372 311 47 9 684 235 294 675 591 193 610 552 193 713 527 599 332 123 12 0 591 612 219 321 265 638 382 248 332 239 381 194 618 195 492 47 388 441 481 292 328 108 535 675 289 674 554 71 438 579 499 478 297 238 212 139 7];
duration_s_min=[67 72 72 99 98 73 120 92 83 66 79 69 84 118 71 89 107 99 105 88 65 76 113 78 104 89 78 117 108 97 71 91 92 117 97 97 88 71 71 109 104 109 76 108 94 74 108 112 105 66 61 86 71 112 91 102 118 74 64 118 61 62 93 76 91 113 83 115 89 82 111 60 105 83 101 116 117 77];
duration_s_km=[56 34 53 32 52 41 33 42 40 35 57 30 50 54 36 53 39 53 56 35 58 57 44 36 52 51 56 58 36 42 36 30 39 50 59 51 31 39 38 37 50 60 60 58 38 58 43 31 32 45 60 40 46 52 49 40 56 47 51 33 53 54 58 32 53 39 47 45 56 52 54 48 38 57 48 59 51 38];
num_passangers=[31 42 69 34 21 47 26 81 61 78 57 98 98 52 64 30 77 81 70 60 27 88 67 69 94 39 83 27 48 82 86 79 33 76 49 60 35 36 24 85 86 44 81 76 40 73 40 67 20 72 77 75 57 90 30 97 56 64 37 100 41 73 53 61 41 59 24 86 25 88 26 39 33 51 82 63 28 100];
BM=250;
CBM=0.500000;
CEM=0.800000;    