nBuses=84;
max_busses=80;
cap_B=[103 80 61 72 136 79 43 84 32 140 115 36 55 140 41 47 38 36 50 128 111 124 127 83 137 99 48 127 122 62 44 109 128 76 57 57 62 85 139 43 48 106 102 67 25 114 100 83 91 132 64 53 79 38 51 99 49 82 52 61 55 44 44 78 66 70 105 115 98 40 76 78 79 102 74 95 102 31 102 22 72 70 100 30];
euros_min_B=[3.8851784654596493 4.418256368481768 10.272888884058315 7.628435392518837 2.213620702860622 8.822612742512852 6.971049253344514 14.290349819909773 11.858919571824867 5.4955526917865996 14.687845726165147 3.268822968461288 3.8783033114156718 11.353139934355903 5.57817022476754 4.791759713035388 12.146549940873006 14.882561321622115 14.864600790550751 12.074788700951329 5.745397288602195 4.270980586474866 6.070964820372353 10.124903897722795 10.792104133068815 8.378367675674191 2.128140856611452 9.739456807894863 3.530699300094954 6.808684791272032 7.785620909477977 7.421576366210801 9.854751629027424 5.105791998262668 6.234704718470912 9.233100819241391 13.476902995849795 12.764041966002443 12.816064493935848 10.658835901124695 8.836102954777493 3.2042127771112296 13.495887898091807 1.0460414103403208 4.669177710346511 9.670907501074964 14.217825333460311 11.62723959924696 4.0983615685919705 1.9940731494743915 9.936160954232568 8.298886574633691 11.514820635809855 2.6135796466169463 2.6052710369284995 7.451459637920922 2.6080630805477982 5.906609407155635 7.088806968666356 4.388358575176885 6.60540057111312 14.224772137161196 3.0611833155430475 1.2715093486360012 3.057858845533521 9.104005240889597 2.0057270178044155 8.092757823804643 1.6607620083081767 11.743821240014718 5.009937772684461 8.863666809484748 4.014792959161529 7.9053938907439125 14.158450054528075 7.077771738298692 3.54952278047765 2.733827170541555 13.835931276569266 11.747800591486458 3.715584285908773 5.153360846674934 7.406758212859204 3.712974804732055];
euros_km_B=[15.057440062780985 15.389729611864396 20.32869083995427 28.66168121911278 2.0744590794067617 9.568248762124167 17.358268974273095 10.808198299037628 7.7534874405737355 25.557505114140955 29.083986435949875 20.085755605529787 29.38492146062005 21.14527672063554 3.1531802252951073 11.247952913879457 6.884146771878533 26.391884851032856 8.360601425883692 7.068574186321044 17.40690221225686 27.91068421460706 18.599544150386333 4.010342892216763 3.8530583172100115 22.192780442805024 17.860518276793464 26.046855899294766 8.751547806475045 18.311388613607924 15.194723568984323 25.825058421025584 1.6536004641185118 1.6710622573549498 25.943010822819467 5.413579647202752 27.03626741709815 14.662760480242735 15.747929380870605 12.400991742584763 19.410549294102204 8.11596213343552 11.321177390855759 4.849854341070651 24.337000668388292 28.08216915443305 28.63431215863021 23.361198070819135 19.116535017460958 15.396915085374568 18.09729435585005 13.46339155569404 26.608568498459555 20.217576429010503 24.100554514859855 20.247924463001 26.162418755032935 25.03872597140794 10.010208065321597 18.27108217002644 18.15969808383597 22.733512565310114 17.016152442482568 3.9603158959952305 29.218220412536997 14.349179916076183 22.05548053518745 20.19151566392669 10.536509308287593 1.067291627869433 16.02043464904204 13.43050151772333 12.475828684301254 20.848801813156335 22.657832963599176 24.5172261124992 7.535471287996779 15.410922926223623 10.39574454697527 22.732554262135345 5.688355455107922 28.942539701272235 19.344069832328373 17.279300975725626];


nDrivers=86;
max_D=[194 190 231 220 175 158 140 205 128 223 167 138 155 237 186 159 134 226 182 225 160 130 151 172 227 187 221 226 145 176 126 128 174 152 205 122 147 240 171 182 124 125 209 133 130 178 210 205 211 130 126 131 145 160 195 229 196 153 239 189 155 135 233 189 203 170 122 160 192 218 169 123 130 162 225 216 195 202 132 140 175 191 164 158 237 144];
        

nServices=89;
S_starting_time=[283 444 149 196 108 69 567 137 149 188 672 669 250 259 171 85 201 509 256 249 515 445 369 84 260 426 2 659 368 93 575 273 464 261 493 184 435 597 98 402 220 88 356 309 304 629 537 174 94 49 468 562 13 212 685 60 575 324 210 77 453 351 60 371 115 555 422 529 58 347 314 522 456 155 640 661 658 359 307 521 447 285 145 320 503 259 21 275 430];
duration_s_min=[101 63 115 78 108 89 115 70 113 92 92 73 63 97 60 90 116 110 77 81 102 67 88 99 115 92 88 92 105 86 87 118 108 97 73 100 79 116 79 80 119 90 67 66 67 80 88 90 74 96 99 100 120 97 81 78 108 109 75 66 79 69 112 64 65 82 60 101 70 78 104 92 120 95 114 98 74 82 96 94 94 118 83 77 75 92 113 95 119];
duration_s_km=[59 41 44 41 42 33 33 58 45 35 37 51 31 30 42 49 35 57 43 37 33 49 34 54 45 60 43 32 38 38 42 60 30 32 34 40 50 41 49 47 46 45 31 35 30 37 58 30 46 53 41 41 46 33 32 35 53 42 39 53 40 44 39 41 37 44 37 52 35 36 40 40 48 49 45 44 51 46 60 47 35 60 51 50 58 53 34 58 33];
num_passangers=[59 77 43 74 29 53 29 66 61 27 50 83 68 90 80 90 45 99 76 55 98 93 76 100 25 97 72 38 78 46 26 41 43 29 30 41 41 47 22 31 70 47 72 42 43 28 49 61 27 81 93 91 39 69 44 60 78 96 82 52 99 59 24 29 97 86 35 31 57 90 30 98 70 51 26 46 38 85 31 92 85 33 32 78 79 77 67 22 75];
BM=250;
CBM=0.500000;
CEM=0.800000;    