nBuses=81;
max_busses=78;
cap_B=[41 79 54 57 62 125 44 24 122 80 45 47 45 137 137 86 72 60 126 68 128 139 50 68 63 53 114 28 112 88 73 83 58 70 126 43 48 112 69 98 53 48 131 136 113 134 132 127 112 50 60 97 80 45 78 21 117 28 128 38 26 70 111 69 112 132 21 52 25 25 36 126 93 96 121 76 54 42 93 117 66];
euros_min_B=[6.021182688587537 4.293739924326738 7.518682273117239 7.802881718785686 9.734789078110122 13.716397308274695 12.16740908582933 11.910833719183938 13.332161738582025 4.394646791111324 5.276358528272426 3.0756082167488294 4.637721013621235 7.419741836820096 8.630566947805029 5.096005835012621 5.633987741578246 14.61147745929201 12.333955210437948 8.262791551416246 14.60543530865491 1.9888356535774963 4.777830203594288 7.917091362665526 14.357850660760448 2.98481727791489 11.776056901731838 1.021465735621088 12.651284335854507 14.131763249435087 12.129065735701728 9.676399697754945 6.0683237280401805 11.360419991756524 6.169567116383062 11.404876309987836 4.796063975531627 12.587558799807935 6.918971885127438 9.39107391816675 3.8249800141585277 11.607030707134564 9.044041914076557 12.391228287784838 10.892777370943222 14.994543460506188 13.733081919226507 9.502569868509854 11.960094834353374 9.336550079091534 7.996907913191969 8.463504060356678 8.824993382747504 14.723425204179618 5.9249584848178065 14.993799988722769 5.573216061834645 14.480842028120776 10.725158710683862 9.43437344460646 8.405190008779579 11.990119581807006 9.486920318574247 9.468927276176299 5.145651912869319 3.1167521348649823 14.229115943810244 5.715556965145098 1.5865673071646038 11.86826036540685 9.654814753946637 9.314622469801199 7.938840511449573 11.197775423878488 7.583723358073438 1.49480228143837 3.24347442622432 9.944923496051647 14.184140014727944 3.2912506522117146 5.547162365303658];
euros_km_B=[22.708360114341936 7.872477154600925 28.100729014473213 15.808975365563304 8.630568135441818 6.766365426504519 14.68000407071684 6.088971252588168 15.575741147908193 22.840705882924212 6.942536152550708 9.486305110435781 2.842470393412489 6.06178016693782 27.399384557944693 13.531459118922893 3.608066589499647 23.517832043878524 7.30307215145463 21.932801743554595 27.63491194883739 22.67488008391752 16.180242919468995 9.488388171225287 19.348153992211788 8.377226527652663 25.574533599737524 26.639235822724103 9.37026593028862 27.109249834145054 15.376610898376812 5.753237436966862 21.75591548833269 9.790250281607474 21.885343474705863 15.338465554346863 17.161526650817738 13.59136884330833 26.644346546442364 25.395181020499933 16.852612243840824 7.998562959738316 27.229117526278223 7.325990462000237 24.752829873945526 12.473657774708983 8.948876063849436 10.49440382441031 25.581425922890972 3.974398225779125 11.185516699879999 7.930018009484555 12.28196921530533 12.424344374546466 13.377684136319635 6.26770467565967 24.332912690493302 19.24607008946443 25.22962991951369 4.21036813232436 2.1411988490969405 21.25733022142936 4.228832331351429 3.3490337240278745 24.496605558170657 20.482300097774168 25.038579246300042 17.315159597374794 3.9559127285922235 15.634345597359056 12.130116466676915 3.2281829449970707 17.58044162979768 27.23989902893718 21.34317945981903 8.439105545143557 19.99059478781731 1.3089005621739842 15.35877959515693 23.672326447134044 10.538067945964702];


nDrivers=81;
max_D=[139 144 150 225 152 211 123 209 183 226 224 153 164 225 149 204 141 213 220 165 223 120 233 167 175 236 156 183 180 210 122 156 148 155 230 126 128 202 126 168 124 171 171 208 158 196 125 215 210 194 200 140 120 233 227 214 122 194 157 180 200 128 181 133 200 226 128 191 177 233 136 167 152 199 209 189 157 169 239 131 207];
        

nServices=82;
S_starting_time=[499 486 548 230 243 57 472 142 41 162 110 226 542 334 232 513 695 146 407 219 223 286 441 215 116 358 466 141 581 9 174 249 151 417 671 686 197 459 281 610 325 69 328 18 138 587 205 388 250 299 455 570 598 190 670 556 196 647 149 44 369 643 596 406 611 485 124 124 370 201 639 717 227 195 383 39 128 708 151 305 480 26];
duration_s_min=[114 98 103 94 86 88 104 82 110 69 64 63 74 81 66 94 117 62 81 113 120 66 95 84 90 86 82 86 95 99 95 73 119 103 95 109 109 103 77 62 73 98 104 69 62 81 103 97 110 97 81 115 98 118 61 65 70 98 85 85 92 80 72 107 82 78 60 93 111 93 70 86 94 92 108 98 61 74 71 91 118 105];
duration_s_km=[52 51 56 49 52 57 46 57 52 43 48 34 58 54 53 54 37 52 33 35 42 40 53 54 56 49 49 54 38 42 60 40 54 50 49 35 42 44 34 39 41 36 51 58 44 56 50 57 39 34 55 56 45 53 31 47 34 37 45 33 35 30 40 57 53 56 33 31 35 51 36 59 54 31 45 45 37 51 43 35 56 36];
num_passangers=[26 99 35 74 65 100 31 81 81 76 28 96 72 53 71 52 87 62 79 55 83 71 92 37 51 68 97 57 37 96 96 73 29 47 28 49 95 43 69 99 52 27 52 94 89 34 87 75 68 41 71 30 43 41 57 87 29 62 40 84 72 100 26 42 42 97 66 74 95 51 53 61 56 28 56 57 28 71 52 51 86 35];
BM=250;
CBM=0.500000;
CEM=0.800000;    