nBuses=109;
max_busses=102;
cap_B=[61 83 75 110 24 140 64 140 98 55 26 118 31 129 71 23 102 133 115 23 42 30 63 101 55 131 114 90 89 104 75 81 91 86 81 79 136 55 96 66 30 85 116 61 103 73 130 32 121 33 107 125 85 91 28 63 48 49 107 62 72 133 67 101 40 96 100 23 39 51 57 101 49 79 32 120 42 58 131 59 139 132 65 41 62 94 66 33 104 50 96 79 44 47 24 132 21 135 62 124 106 99 122 105 77 98 28 96 71];
euros_min_B=[12.212253075724394 3.7144818983153325 1.5291274788675904 6.925996151094082 5.123856141295404 5.187322318765316 11.093797627162825 6.689673923139383 4.963021867988788 14.065172995502287 9.365093652248087 14.196458570071355 14.245418118812466 7.463942198933104 11.20788412659973 1.3933995240713162 12.209161161001362 1.0465354927878368 2.354682508829575 6.203183531512864 5.906709779891772 9.180177357835245 2.4839366855242018 12.531936302428662 13.054170008442396 14.257860708280209 1.5338263589097896 8.164289128756021 14.091681841801407 11.574172650534884 1.5003507743219615 3.775526443993015 14.525714494156876 14.024100249387477 3.152524942863139 1.6123133775594147 3.303194324913916 11.251359132712512 1.7447292745650413 7.129605664472999 14.559625560715325 7.454229596775882 13.996018511906623 7.827107258989137 13.197269736228717 14.994792634363453 4.915887009489884 11.19546198709538 6.562588093470668 8.169873622229183 3.53952995570182 14.999697606034367 7.301947136196209 11.552568339895709 2.6306887618652866 3.412642814527482 7.364240380631709 4.685249982318428 10.368027499318703 1.5322738462294387 6.686793672630108 5.402756714883363 12.28924637827396 6.696722301758468 9.294625161057894 2.304607139769928 10.166600325869231 10.390874102550029 7.680972175783645 13.444170405900604 3.1825064560128076 11.575914933434044 1.5860402850167805 5.873032147837499 14.073085481042376 8.194630368250746 5.368377660343918 13.075027494436647 14.358239540871757 13.556440428870806 6.029236684207564 3.7841111157321032 9.76761428628489 2.2828698443913673 12.902084613942256 10.45728906600788 5.268807730209593 5.530135279537772 5.892857568795218 5.659574450211821 14.369101561369568 4.381601483187432 11.3460483031326 4.181009422280349 9.776414196033672 7.039496501669714 11.954478050291256 6.844354558603933 12.128906512287093 3.9168473423130603 4.2944948681782025 10.369467045433447 3.1892962555623487 9.377319582344686 8.915255008072707 11.330367817013471 1.5218878033241512 3.63323060555922 10.244356503119162];
euros_km_B=[4.038635473401483 25.16883369231016 3.025596018509093 8.011396154685077 2.6506903853347703 21.993498356871513 15.496926991979604 21.32310439685577 18.76896161744467 28.723524747777798 21.68396816043879 25.120767363942157 22.789812470874864 27.859861448338325 7.168184833496985 14.0168066787739 28.77455291713418 11.359698920015223 6.454308313134256 7.454921837590145 7.228771198123107 2.0936190774256485 16.106191179603215 11.530304155929505 2.284990597021775 23.631069043157193 26.20250932091621 25.61220287087953 5.00717153234448 25.820484924961967 17.65291114648237 9.12069395103019 22.11494190648503 1.6138396691142955 10.78647578603812 18.403800869151926 16.417179945970027 22.94650967800136 29.567352845435092 22.00640363700499 27.896213408569654 11.51948658630046 28.6422143321918 18.61989953195156 14.927470086328439 1.9669045021070284 5.552106974551113 9.559134982180808 16.37814940080113 4.551044503525887 27.96309269913431 28.665615246616014 19.39463904586163 12.687319489611543 17.893785248457377 27.437525038074664 6.472887809154204 18.88902102588245 22.643828566397502 29.947287794502 6.379492390497206 2.2541595881165435 23.577811142445118 26.733940380546873 5.2441505896776555 2.4360631489502604 25.419085903767833 10.095711878822279 6.462925487032181 6.868926779148049 4.74979923411642 16.277151630048348 22.8159069066502 21.99285458039928 27.008048451067754 18.039051072670595 1.6981535998644222 10.12109239650107 11.91330860309314 16.981988328284007 16.413955290548813 28.88854094734698 16.8603842345144 5.748746132467603 18.148738283712486 15.125306023743605 10.9880669035459 3.624955912836169 25.35216787372982 19.060036609647046 10.729936971644475 27.80818027268217 2.830949194231299 10.414544250077206 17.20242071068856 20.11292817209143 16.919795299594504 10.254414314396437 24.91744482089242 26.939777339479715 19.66728174367793 4.289561747605802 7.646924966841212 2.6613369050501094 18.255067554031406 4.473083027100831 15.377489709208705 11.331360619621961 14.018067603529895];


nDrivers=108;
max_D=[170 203 199 120 166 120 152 196 214 184 194 149 239 205 141 168 157 230 196 157 228 133 126 146 233 152 162 203 154 195 163 195 164 186 190 137 164 142 144 172 198 163 198 175 127 238 158 227 161 155 209 152 221 126 169 190 198 169 221 207 144 181 202 124 203 160 147 196 173 187 140 134 180 201 130 137 220 143 218 131 221 159 230 130 201 126 173 138 198 174 163 215 133 213 205 209 202 236 199 124 224 184 195 204 129 189 139 192];
        

nServices=112;
S_starting_time=[617 5 487 228 367 103 340 136 74 417 91 466 506 690 658 295 473 423 454 252 708 532 1 79 612 511 322 621 404 449 85 663 623 593 657 175 177 193 331 681 293 527 605 194 466 594 410 629 438 23 414 679 550 30 566 412 633 559 156 359 691 505 649 47 697 519 589 260 581 572 187 501 89 439 69 629 310 622 152 623 418 106 438 458 301 695 567 32 293 678 459 487 120 333 113 618 107 441 511 236 447 719 300 502 586 465 545 211 290 290 282 235];
duration_s_min=[85 64 95 101 90 106 75 88 111 60 94 63 115 99 113 87 77 81 84 113 98 97 71 92 110 81 76 101 108 85 101 105 84 87 106 93 84 116 119 64 112 108 111 75 91 98 63 70 120 87 90 112 70 108 78 87 83 94 115 93 65 84 103 69 102 111 92 65 88 100 81 82 117 82 68 79 119 112 66 110 104 72 85 65 103 114 115 114 81 70 98 64 102 98 88 107 96 117 119 112 118 112 60 107 93 71 114 61 104 84 92 106];
duration_s_km=[31 46 54 48 56 47 34 59 42 50 44 37 45 55 48 44 45 54 41 38 56 34 36 50 54 40 31 50 42 35 54 55 40 34 30 30 58 45 30 44 52 49 33 37 33 52 32 42 49 41 59 37 53 57 47 34 49 53 49 36 48 38 59 59 48 55 39 50 31 46 46 49 53 41 53 42 50 40 58 43 47 36 58 60 36 53 56 58 39 48 57 47 34 49 49 57 32 31 49 51 44 56 39 53 58 56 36 60 45 43 31 52];
num_passangers=[67 78 53 68 23 83 65 20 90 38 73 70 82 92 66 57 57 98 46 39 22 43 86 51 94 24 90 21 67 73 52 86 63 30 96 60 49 86 98 80 58 54 41 31 64 65 38 50 66 38 70 42 49 55 84 43 40 72 96 42 74 41 84 87 47 81 69 85 58 37 58 83 39 79 80 40 26 96 38 100 32 46 48 97 48 42 99 56 24 87 45 26 65 52 95 43 30 66 94 45 40 99 70 60 90 81 26 91 90 55 67 69];
BM=250;
CBM=0.500000;
CEM=0.800000;    