nBuses=115;
max_busses=109;
cap_B=[83 138 96 60 140 79 57 99 59 41 86 97 96 23 109 59 96 126 128 30 126 136 73 40 48 69 89 102 136 39 25 31 140 54 110 22 139 130 58 129 136 104 20 129 95 30 133 68 82 98 35 80 62 96 21 131 81 93 78 55 46 133 79 74 39 21 84 131 58 87 117 92 59 92 60 53 124 127 30 83 130 81 89 97 111 124 135 139 32 103 121 104 56 55 57 29 52 134 104 38 97 116 60 125 95 129 77 20 53 68 128 115 39 104 96];
euros_min_B=[9.9289547467679 10.132592680885114 11.33101268180903 1.6207883598406563 2.1115382575616644 9.505654898305993 11.488713371057537 14.631255460209559 14.959165225816783 1.0089149033014424 13.314263320099537 11.018977827410023 3.8444167778661757 8.662575084237822 9.023637115754601 6.631452651357369 14.587071277992537 2.8543448274836574 9.16675589042252 14.89096273705922 2.0047524248834763 4.389723938456514 3.634174279375739 7.702586339850116 9.958346845121575 5.247315073415768 9.649698139158447 2.458458642961215 1.3650998993112131 13.600687519672178 5.197793006214903 1.1709503658494722 5.901853684334089 11.09726304388171 2.3614213710352954 13.207837784972057 5.704578918180021 14.366293216587945 1.3775221578028585 12.846860176852257 1.5223793634547267 3.728881337299104 4.424330521105361 12.944482266191903 10.998760063709403 14.002158400947666 4.709402252086571 3.0619007793724102 7.540847136827784 11.68192680570361 12.989875897720712 4.860515932067371 11.946845521178131 3.400328536676117 12.052274788178725 13.421862220914198 10.73537871753549 9.29720220651781 8.943292075024273 7.363945584660003 10.70658334243968 12.356883337864167 9.922497718209181 2.444799613330518 12.871365521339225 10.402245830754644 2.0538216200092307 9.833327728782045 1.1652569248218108 3.636564102502094 11.184139017236067 12.731842873073443 14.928634064945005 2.16016611346054 1.9627927272935428 8.00185607689328 2.928136919399046 14.509274153832074 3.5493034322378425 13.519312720876476 9.337025725098865 13.41270412060226 4.640040259330423 1.493537356317751 11.001639990852006 7.83283724307858 13.462101807796406 9.542957057818898 7.823120633686222 2.519641290140055 4.808996261681561 5.720704691731414 5.3435114771744425 5.9010815772930485 8.580573978705239 4.358433009673219 6.969824656214663 12.848461207767356 1.8828331507208482 6.804760609043074 13.785188496041954 2.0517600611338414 11.61452727371265 10.664797451303823 7.768462616403929 12.539353613500996 1.0845169343035133 2.2811776476203685 2.8963813437518495 4.333880556216684 2.324801483670611 12.113153275818583 9.043741302338757 5.375755280665535 12.775144419612248];
euros_km_B=[22.93797288073005 29.18311965924598 17.69652695167354 28.93701204902804 6.4847630866606485 12.555469721068938 13.253447377709515 17.917097810715862 24.795834945274823 24.296525185364022 19.17869902394997 3.55740916789546 11.901698107423663 19.02360302730631 12.028255945577536 1.2311915997786618 29.40385024810354 21.01061597466523 27.270685315230747 27.736009668937005 21.117465854168938 14.266910321610341 28.48070597099253 19.21594364174995 14.573561235552267 1.2767284062260076 29.13688561038371 27.283840150821963 5.730850478260086 22.61758564160732 14.61319702239451 28.339769866537445 3.2974108387933403 26.425292124651154 23.586417265443934 27.646016788373537 27.93795889653649 17.65123198609945 2.442437799974858 23.910587153992125 25.34176127703228 19.26738838527919 25.58731837298834 27.57981020059364 14.880805241763372 21.055991340569616 28.61091628657318 20.82477541023484 22.65816924412069 28.065970602692907 13.630892524427198 2.6236468874210717 21.4644000566733 24.937090371673538 10.762610432331769 7.680231222895266 15.8495201452536 10.000068428186486 24.21601006756386 21.839166282294197 18.77601624714582 11.02652412466541 14.673032004408263 12.56709583726561 25.173808362045214 28.0089414724239 5.297463677982463 3.084785733139613 8.338439707105355 10.774304301035485 13.861169284570702 15.008611243749815 6.061882178902525 25.02279356848305 28.411058962788186 11.820866472072248 14.305234761124652 15.919954386972465 26.78003110955063 21.05345342395362 8.331045403657672 4.095681999257614 10.677987175790463 5.597895334939074 10.076734551818125 16.062185149929732 15.15450329896285 15.69398455429698 15.997376386318605 28.72138725535213 23.60783326964805 17.707409205007107 22.756639357299584 20.383109230848845 6.947805632290932 20.475098718375477 19.390752162653715 19.818326148232533 11.660557508505747 1.780990846567435 29.781132561168906 27.386609108367686 11.632986802877971 29.907846438114944 8.546576666870063 13.01283294676622 24.15986055223144 27.18259541658431 3.702816860105275 16.360015804154266 21.500911520654107 29.562300880570074 29.33765000783964 2.3094081965013715 16.99836560213451];


nDrivers=113;
max_D=[226 203 149 202 158 240 187 234 170 156 129 228 203 164 175 129 142 186 175 201 169 166 177 130 213 197 220 202 120 161 122 145 142 167 150 233 164 121 126 218 163 183 128 202 223 224 178 146 155 221 197 188 170 132 216 221 155 125 229 222 209 161 211 158 235 165 231 160 208 147 218 186 215 145 205 173 120 172 171 219 182 194 139 120 182 226 148 150 222 172 235 202 235 206 205 131 205 149 180 232 170 123 175 227 235 185 209 194 158 211 199 177 226];
        

nServices=120;
S_starting_time=[350 330 257 184 118 693 443 641 201 277 4 284 558 270 7 423 316 233 660 24 37 543 694 87 534 656 433 536 197 286 143 545 702 320 715 705 494 238 433 39 25 566 589 31 673 489 38 43 443 695 414 403 224 460 191 358 148 433 447 651 432 326 0 628 488 626 268 280 492 661 158 495 597 158 264 340 117 405 306 34 265 295 130 617 66 603 688 660 394 571 64 268 627 490 211 134 181 686 571 452 701 119 630 674 618 391 669 615 426 637 499 584 418 648 326 531 283 151 312 607];
duration_s_min=[80 119 104 89 108 97 119 71 62 78 82 94 109 100 87 101 112 120 75 107 73 75 75 96 73 84 97 73 74 60 91 68 109 60 66 85 68 118 72 62 71 106 78 115 77 118 102 76 100 98 111 83 118 90 76 118 109 119 87 79 120 69 87 107 108 106 70 61 103 100 78 100 100 88 89 109 116 82 105 113 104 70 112 118 92 116 75 65 88 94 95 89 91 74 60 72 68 72 100 102 87 119 112 87 79 116 91 64 94 65 61 72 107 72 93 76 68 77 108 60];
duration_s_km=[30 55 60 46 47 59 34 33 39 41 50 40 43 57 36 47 31 32 35 46 48 35 32 49 54 57 57 31 35 39 49 55 34 57 40 43 34 48 38 55 44 30 39 58 43 42 37 32 46 51 47 46 44 42 57 31 47 33 32 37 55 41 39 47 53 51 42 34 44 41 43 30 59 48 54 46 35 36 58 37 39 53 46 53 38 41 50 50 60 35 38 43 45 54 60 56 55 32 52 41 49 42 42 30 37 40 38 58 36 55 36 34 51 45 31 55 38 40 50 56];
num_passangers=[81 74 66 86 49 52 63 68 24 46 47 98 57 85 80 40 41 77 33 92 70 35 96 37 56 42 21 83 59 89 96 44 30 84 81 51 79 75 74 91 94 76 41 88 54 64 50 50 55 34 61 57 44 58 46 73 43 39 50 58 40 24 82 41 56 49 46 63 36 30 46 97 78 20 72 48 26 24 79 60 23 22 90 31 48 32 95 100 96 68 87 81 38 41 20 27 23 54 64 65 84 35 77 41 55 88 79 33 65 48 35 75 96 47 83 87 48 49 97 60];
BM=250;
CBM=0.500000;
CEM=0.800000;    