nBuses=129;
max_busses=127;
cap_B=[131 55 60 133 77 105 133 98 69 92 65 119 25 118 53 33 44 140 36 92 60 40 102 63 56 128 35 27 96 108 65 72 68 26 72 66 108 102 116 128 24 98 137 86 101 114 64 123 40 108 101 52 135 28 49 129 127 75 71 66 67 49 99 110 39 127 33 38 57 93 86 113 125 100 60 85 103 92 100 66 74 85 76 100 27 56 69 49 112 44 42 63 51 45 83 27 140 123 97 76 103 51 32 26 81 139 44 94 102 77 128 50 59 111 83 58 107 65 22 35 43 45 104 62 95 103 129 108 69];
euros_min_B=[11.650043155277665 4.970242582562642 1.0689806949338572 3.2576596018011683 9.030804463944202 14.82224243937944 2.7392644375949278 7.716519248378072 9.43413223130757 13.265615945539416 7.693668268987111 4.658191728484474 14.801339033360764 3.665262643739783 3.7251571491952196 10.664882357039819 4.911699791014275 12.264652888894563 5.249727119366221 1.0610863732295652 12.277866604654076 2.049756470478218 13.049651671306865 6.1520920102293495 12.163038717560648 2.0891004848689603 8.423268178034448 2.0269098242650783 5.463314293486345 12.29277474394278 10.86304059112616 13.365058871992233 14.905594801766693 7.262820590231967 14.660214544173822 6.993515303402204 7.411204975524914 7.506499634570572 14.662238138577504 12.061053551491874 10.83329370181098 2.6597252547614536 1.5991545795802493 12.44911694554403 9.512244629520096 1.183736290063056 10.227910491284083 6.817149845131324 11.828919591582238 1.335252203798945 11.868474788388331 14.913558887096169 14.70135360169346 7.67498027571191 13.29881872147476 14.836992746069958 1.177933007866768 14.818224807683823 11.426774917932219 6.937039661267596 4.787475760667664 4.073063564712272 12.248664488338237 9.86435520413404 5.075859600105343 9.932121290884542 12.394399056242358 11.316724232274959 7.125926025628746 6.741263177454596 5.676321284158274 9.51476565037768 12.05085504029234 4.25135804758569 4.103553359444059 1.4085871430402124 14.149306617744362 6.994606822995505 1.7392886605892974 6.335171925027602 2.689641602832798 12.198691583116531 5.419753816040737 3.5430139979490365 14.585281091790725 10.037922041475564 9.171164475736695 11.360621844570646 11.647529172627602 13.009900906124436 11.119158570306967 6.386009861785142 1.8669445166347942 11.478558180403574 5.115448756238613 4.693555368542001 11.499708519647445 3.5029588500702387 13.138501903698607 4.126246648390441 8.475298272361702 5.809328436507877 8.775519713398014 8.317625951855431 12.125722689695014 7.697197665483449 13.44841258820918 12.096025878511675 11.708323749815493 7.7790987554237185 7.254496575389179 12.402098945880207 12.584345099855106 5.003890051709258 1.6447913866438997 8.878330650262424 13.042214929789242 2.3933024990763565 9.219939433989953 14.29269281910608 1.835526993751878 6.552844521409939 7.198412301875645 9.672476370255037 13.375829697264079 14.317074265022132 10.230700311391296 13.28115003014128 8.11348429421418];
euros_km_B=[4.421616028350238 8.479518022600674 10.870834846216233 17.685736395849457 25.332720713458137 25.766061435027204 18.792429290952864 4.4670536683600215 12.671750589032548 14.664188699044038 29.427547771029857 2.1814416388752695 16.656996064511752 3.136781759091219 29.593682486217894 9.5026511638502 10.914893376143905 6.203144622026249 21.075291020567107 9.13106691446022 20.410439482419456 26.94450727137635 27.68663198666302 3.7307848586116896 24.99390131775845 26.51817765455886 27.790918610466885 21.104807859412798 22.865697190903724 3.356002542780887 23.264062177584236 20.00677371869768 27.407573534998864 6.692557372689096 19.98937606374378 4.407264279252686 27.779954552815983 1.7727394253163005 16.166544025045607 12.302859611967083 17.4883482050512 8.907122139099766 10.103160820580058 2.1794020470433306 15.818482934072545 16.826766677239775 20.219341635873363 11.987258935776046 9.848054483297332 26.95818762489981 24.41194360721579 22.10801010875839 5.7848080431357625 18.936953976408716 10.211668564864931 26.060336580112345 7.0040995053139845 18.262615665853094 27.740713397214623 26.57535813775516 28.549194768675687 2.5290187307733776 18.509179896405445 16.358291758454037 1.1642999066820767 12.832289146077047 23.458660128723622 4.478192762230894 22.28465596347381 10.46310518885366 10.505531084272574 1.5646407342806996 26.047529439698003 3.4964658882636073 28.85832357901583 13.280746107890527 28.02159869868746 21.567560308885476 21.378801910547025 22.948534945563487 8.341372715270598 21.158425495273075 23.53650061687788 25.92195917279014 24.57684938067347 19.71520826127628 19.61609240108284 7.296962291124027 13.057280652677097 16.96613130301521 22.262519886978637 27.45230769468025 25.52001618481054 12.01432746700819 2.3317693923635896 24.167284738131993 2.326961409594803 23.42918330561341 10.3111150668594 14.43045468385899 16.85593116928018 24.50250130592336 20.69788431246656 1.7428038953061944 17.85353351363595 26.026880050261067 24.312114026362153 15.027723228696942 9.19166448223675 14.992503666154235 17.46017578611927 9.541015240384825 11.955448566666714 15.801342322535115 10.767248753479459 7.973589037146605 19.44837066036368 18.085847531057063 15.950634843101867 9.365872185098087 9.51805464407074 23.048754176172682 4.955569445709425 6.6626594980833955 15.786465251036626 12.829981037865215 28.047452707572955 12.264350413707891 11.509370398715541];


nDrivers=129;
max_D=[200 173 162 200 129 142 228 230 205 160 149 179 144 194 174 206 139 163 211 227 134 125 130 216 171 206 222 140 239 212 141 195 124 141 226 194 172 187 156 171 120 201 147 133 137 166 219 127 155 193 158 200 155 152 236 215 208 152 230 234 127 148 146 206 173 149 211 149 150 219 231 233 210 152 173 142 232 183 121 184 198 147 187 173 120 208 170 211 228 132 129 236 143 123 135 154 198 175 181 123 183 147 166 162 130 231 216 198 127 166 143 226 129 229 215 148 191 216 192 192 140 148 200 203 179 218 200 146 169];
        

nServices=133;
S_starting_time=[554 428 326 594 189 385 390 280 128 625 652 622 406 279 417 660 75 256 147 200 57 430 248 15 62 670 178 193 669 622 158 571 436 373 118 398 80 556 561 489 435 38 368 46 294 647 217 465 459 646 693 590 25 381 169 143 21 139 57 594 345 448 525 224 35 209 41 150 316 661 415 43 161 137 490 624 158 459 374 422 706 346 252 454 452 171 26 0 583 260 96 470 133 534 113 474 493 625 381 628 208 571 666 22 111 248 598 664 375 548 260 216 318 314 360 87 103 454 397 471 619 12 212 57 318 353 482 362 375 357 523 65 90];
duration_s_min=[97 65 110 86 113 97 114 101 95 67 107 92 98 101 82 89 104 110 82 80 104 81 117 116 93 100 97 113 82 99 65 66 74 104 65 94 87 87 65 61 85 93 98 100 89 114 81 75 77 110 64 92 78 61 103 113 91 90 119 82 103 87 71 66 78 87 95 108 102 97 119 112 88 60 85 83 80 108 88 62 61 112 73 92 96 97 79 97 100 120 99 75 112 101 87 61 102 70 88 61 116 67 84 75 118 92 90 71 93 72 101 69 112 117 61 120 92 71 86 61 104 85 68 65 107 107 67 95 115 115 61 85 98];
duration_s_km=[32 45 34 39 53 38 45 32 32 60 32 32 55 33 39 34 37 44 55 60 38 32 59 31 44 44 44 55 56 35 36 59 40 42 55 40 34 53 49 50 49 34 44 41 50 51 46 35 31 49 56 38 49 47 60 55 36 47 44 34 34 31 47 50 31 35 37 40 47 45 45 36 31 41 60 51 60 42 53 32 41 56 37 42 46 38 57 45 40 48 31 58 44 40 35 37 48 30 44 32 44 39 43 54 51 42 39 56 35 58 44 55 34 33 48 55 41 57 33 44 57 35 56 43 36 40 31 43 51 39 36 43 42];
num_passangers=[73 25 88 48 51 31 25 88 61 88 29 49 85 71 66 82 50 94 69 49 95 79 48 71 90 92 92 54 26 76 67 95 67 52 85 93 70 47 83 71 97 57 72 52 63 97 44 85 50 89 90 54 30 74 28 96 92 24 25 74 100 24 27 56 32 83 31 62 30 35 34 41 86 29 23 58 83 94 77 88 91 37 63 88 28 57 41 95 73 30 20 78 70 56 35 49 68 40 53 57 100 74 64 67 31 92 60 35 46 73 64 53 93 73 99 50 57 35 42 37 87 46 86 60 93 83 65 32 100 39 84 96 94];
BM=250;
CBM=0.500000;
CEM=0.800000;    