nBuses=101;
max_busses=99;
cap_B=[91 125 81 27 25 93 28 43 26 61 32 92 138 107 25 45 138 116 34 125 57 43 111 64 70 99 70 36 21 39 128 76 28 31 110 106 98 49 76 50 30 36 40 136 119 62 39 129 96 97 98 30 135 92 30 107 111 126 68 80 76 98 135 64 82 93 108 22 104 84 33 119 85 94 130 60 72 62 126 44 80 106 85 98 52 97 106 37 114 57 116 67 28 115 82 110 76 72 101 23 50];
euros_min_B=[1.1388437644245435 10.948460593597703 6.995871719062512 8.019230452727111 6.7429105432537835 4.511836443152011 9.112912394135163 1.5993923539647648 7.086144123358316 14.265837746967266 13.20360594326656 14.17608543190916 4.321644997224951 2.7135333985879093 8.815550472027422 10.80059144402982 8.368540397961336 11.222719798584416 9.358282584637577 1.0095603085679021 9.736056134415229 7.58663943525658 6.3372210042066595 2.4529593707567106 13.575655681230478 12.969115004245907 14.897914014195546 8.20943036989274 12.983360943384369 9.406084926323073 7.951679038384391 9.460562643826135 3.6966252613267567 5.032734238378213 11.260051999533575 7.722181776448791 7.74965533500931 2.020663720892169 4.753521702202494 1.975749520978068 6.798435405304103 2.4402582926621372 2.354034598800518 14.083741702873086 14.136074725313621 8.139336959341172 2.235914361040811 11.618261468090717 11.496688443647649 5.736491943225129 10.597243921556798 7.1508403880495655 7.93577261101593 11.055197547635018 10.076213485997002 3.0112565238515163 6.4242814058197615 2.33964140809123 13.738614356973681 14.06487281233728 2.4868728346180538 11.69984972826993 10.990551396868462 10.713317091172097 7.859853063624463 5.922856927893114 5.793073083368222 11.440838827652362 3.9660382215707015 11.857534087443273 9.984818077859314 12.89494357832169 1.2109063887670946 10.387743662918115 6.897622412051793 9.041292841099773 10.988430102001107 4.593637485049207 5.882807267768725 1.2376333492709624 5.176975361629717 9.71961673456612 2.2537327176717428 12.409888031445549 8.607645658480727 5.123596574991514 5.510027982640909 8.169346812689952 10.84514635424829 4.746935039603752 13.902129836251774 9.998620373421609 1.0380139042174201 5.135737773984929 3.336188522764397 4.36758503656815 4.061039055373435 4.991898055972895 8.012013097859803 5.162478541300568 6.9678012136370615];
euros_km_B=[20.689830958512996 14.476378242088838 2.984449973823064 23.895673868817813 28.058125446534284 15.983956190597391 19.180388051107276 28.984113664393607 10.890654096455307 9.517064758311149 3.2786760762637273 24.058768591429715 26.544799309425716 2.2473501624945293 8.380333518386923 16.289507805190656 24.75304185193347 29.563733014147545 18.000335419028552 10.720606465511997 4.576722309454892 23.650426887959938 14.472581662074852 18.109830691429572 7.703645814152229 13.563471644181456 21.857413031470248 23.17818672855212 11.278518537733637 18.904188525127683 25.85230181888189 25.336383123861356 16.367415936243376 28.847270004302903 15.91530485717352 1.4244052556463225 28.885555254754742 13.900350799152532 11.965743625200083 12.893153431939467 3.57080409938014 27.57959261221889 9.736640548269584 13.075079621031444 1.9673861546611286 21.268901129901785 15.651614210353403 12.999561479271723 26.13205001933188 28.364322611995988 10.928744838450811 12.119378564621316 25.243947090922987 4.429174067260055 10.768889327114971 7.534426358748005 8.439867873686683 24.021663373571734 23.696483055310793 24.999537895867476 13.559254904321165 25.056941432475345 23.128642510307326 14.289945116652936 18.017346706317817 15.104755886912631 22.679477438244785 12.60590688650256 26.83316627161212 22.16318082787668 14.986284628348663 14.687572205766996 26.265703062196984 3.1888387836460783 25.76830143165539 10.53719411127927 19.478746065057766 19.22615544043375 10.548662078933125 11.466508753944362 27.40235472007341 18.192724366469584 5.796993080074882 19.475907486429776 5.150699196656331 6.802313470149228 29.70125422471493 24.70075241359635 6.102458003344822 16.966202077725328 4.912156065980051 24.5906347596239 1.9436105290164571 6.7846640452465135 12.91299574308712 19.588950459138687 6.975245795682215 23.03491924529096 19.288235588773414 22.781831959233166 20.337602794849722];


nDrivers=106;
max_D=[146 167 239 183 131 204 135 125 222 204 200 139 224 163 191 159 185 175 159 215 126 224 186 210 144 201 238 146 188 171 141 144 226 149 219 221 231 134 124 140 228 183 226 217 125 136 166 203 201 190 159 220 149 120 221 237 168 205 212 156 145 190 177 182 212 184 194 220 147 199 158 221 202 161 150 161 132 199 172 123 221 239 148 165 183 200 197 147 182 239 194 201 238 179 139 166 163 188 142 191 220 175 167 165 236 229];
        

nServices=107;
S_starting_time=[406 243 400 191 150 505 64 46 213 216 20 166 142 284 487 556 82 536 694 74 19 635 125 484 551 504 628 679 191 267 239 110 72 652 461 347 610 595 476 490 252 659 333 693 212 346 597 146 526 354 201 51 133 326 358 591 696 460 300 714 258 191 196 131 34 561 205 439 632 653 597 306 534 302 65 138 450 246 214 595 14 477 134 325 338 345 617 374 645 372 307 669 425 326 133 511 220 420 292 141 232 515 366 604 427 432 409];
duration_s_min=[115 111 64 75 71 96 64 106 64 106 86 89 72 87 116 101 100 106 74 70 67 108 98 71 94 112 96 64 84 87 67 69 117 93 100 95 70 101 85 120 103 82 61 77 111 74 75 94 90 91 68 81 67 104 89 105 114 107 76 70 111 98 68 93 88 65 86 107 76 98 68 109 97 100 116 100 105 85 104 82 84 114 90 92 72 91 110 94 96 60 120 116 64 86 97 94 111 112 93 108 69 69 91 96 114 83 99];
duration_s_km=[48 45 52 49 54 34 39 50 36 42 34 51 42 31 45 30 58 31 30 32 48 34 37 40 55 49 35 35 59 56 41 53 49 47 31 51 58 39 47 54 33 60 34 39 36 45 48 60 35 38 55 59 43 34 32 30 38 36 50 57 38 33 39 59 59 53 42 33 40 49 38 47 56 55 52 34 36 36 34 48 36 57 47 37 38 52 46 40 46 58 32 42 44 54 33 40 37 53 45 58 59 30 35 35 33 37 50];
num_passangers=[54 84 73 46 69 35 29 88 95 26 88 64 85 50 74 41 83 52 84 30 75 46 55 33 94 83 77 76 21 63 55 47 95 33 40 65 94 52 65 85 58 84 67 23 91 55 60 26 98 59 49 75 42 40 65 66 26 99 45 77 39 57 99 67 87 100 71 31 100 27 29 95 41 74 23 95 42 44 42 59 41 44 98 37 98 55 80 73 92 56 75 58 66 98 56 52 79 22 90 73 95 52 34 70 69 40 75];
BM=250;
CBM=0.500000;
CEM=0.800000;    