nBuses=128;
max_busses=132;
cap_B=[39 136 29 44 113 21 115 123 75 131 39 50 36 140 107 133 104 45 128 115 57 39 113 39 94 92 80 43 98 48 27 32 101 53 121 128 55 126 92 107 140 75 26 132 106 57 62 47 104 113 25 78 93 139 131 31 76 72 103 129 43 91 134 62 67 103 22 26 74 56 63 98 119 66 104 59 60 23 114 93 137 77 94 49 40 63 66 44 88 21 76 106 22 50 34 139 88 59 100 139 54 68 53 77 68 32 102 26 46 20 46 62 38 88 112 91 95 32 51 25 41 88 108 43 40 80 81 49];
euros_min_B=[13.86035477264 8.998361862832734 13.659109450904431 3.5727467557452632 4.253311908488151 7.220705563868007 2.315934543866256 13.86253726894306 1.4151518688193907 6.969138863888654 13.740324580527467 8.048072352184356 2.8275032138734257 10.65624971501627 14.926062662647919 8.717288049556505 5.8271836117289295 1.6257132415628859 8.447665131657969 1.376584447071029 5.683735911214868 14.02360556340368 4.90622669043007 7.277023778436129 8.691310692437124 12.520884352870317 8.118509577766295 8.54932307668675 8.034749539289436 1.418008271223176 8.618736158178558 1.4450900433264562 14.892067504621545 10.635568543922973 8.368018738573092 7.241219962512193 10.534595558345485 10.766997680528993 9.599987048168868 4.256548772272117 12.374617218159974 12.341559116035395 4.239460970233386 1.9386972464400587 4.1920971261598465 9.837144897305095 14.52363109960705 4.746259188946493 6.58058834141877 9.479412331579468 13.454962780810995 1.4567887497004945 4.746449657364803 14.887227971815067 13.74419811423858 12.305223392890817 5.8720745055654096 5.17607744288393 11.448609175638628 9.003821927671243 8.089459025345278 5.24973660390973 1.4592159804157157 12.645598923094006 13.50782259731473 10.699091568935394 6.316639554492601 1.4313477381767357 14.010711432295539 12.206333072348906 10.915610657547589 6.750287983315216 2.5670775425454737 2.6128066439521502 4.1476544625359235 1.109650217146838 13.534635576010306 12.734938291792924 4.4527301274485 11.202944964768268 14.144026693570337 6.505836027510764 3.2464934837449357 4.373608640126175 3.838539258049422 14.73338347000206 8.165265562436833 6.714388428205064 5.902738858927543 2.14102328952516 10.563838119313239 1.2241820144492992 1.7510119784106257 6.5012386151930635 10.345830907605416 5.622620920229951 8.987998577809375 13.258215830996726 2.7982001502583085 11.583052591508796 1.552502290956433 5.454655173428927 2.498260516124628 2.3933792939569263 14.352286652506828 13.065692384793419 11.60098290270484 10.521586377340597 10.718707502807128 2.096226666719809 5.073457355773648 11.655187224087715 6.783778358697298 10.389334706469063 13.54740384313232 5.6316862613052505 13.52789421600032 3.532960612455814 6.28728473086167 5.053482440338291 13.014617836238 2.055157759125757 14.297087450387293 12.79016225735013 1.1759392387067058 13.69009489624185 8.906732542344251 8.87072295848371];
euros_km_B=[18.451424509156787 23.31671574584866 12.095494502410425 1.3966627647133685 9.741153071040129 5.400755954823118 11.587415868344708 2.455148087141617 29.711729181245076 28.64381352120884 1.4819594294983662 27.454104805937277 4.177331039724709 17.80940345613509 14.619040345972632 14.863278757433608 17.180396427697545 10.516246040969829 1.2498737043893233 21.804219428283368 23.6317858609906 9.022171769368304 2.1010631952816405 16.563526472444323 22.747408544531613 24.198228304353165 7.959015423471667 6.597254511020063 20.34812069232055 9.727898805498382 24.497695611833645 22.701219943203274 22.041327017204956 20.41115350084786 3.806929953443938 3.407435442724714 16.59942164026618 3.5654711375219303 28.82852824480722 28.44923720772704 9.458109263703255 9.410687120818944 15.881784269368584 5.463842060874045 27.311368171103062 20.83887858962346 15.71024827731847 16.871780416017586 7.724836105055242 10.00738451762689 7.1113815734155885 4.749882660135035 20.83592635462763 1.3024019342435906 7.8344081188983035 28.560333490593116 18.95676415808893 26.23276327985008 19.061899620472126 29.582251542186743 5.968855576823874 12.649399296832915 17.763286724197368 12.449865899850948 19.702761756921667 16.858717265725552 23.101397234452538 27.7827937109933 10.011731476521634 14.143835537490348 18.86252398821467 12.648222101823588 22.376295302756947 17.722486076793192 11.604943246211839 24.174966675614424 12.956576197130099 25.55854174841834 5.705339618641049 24.231639577984605 6.225370403751467 16.821571971608314 26.26870665065481 19.783381486527006 6.836615602576803 27.31997161858097 3.364464251653205 16.102023874569895 14.834170276267411 22.826920880733272 1.6980334252009897 10.002833843975328 26.764537414532 6.4855487876917755 24.665131521561666 27.609212833099733 12.307019229836829 21.820906761301362 3.8316336833421962 8.233106504793051 2.9238819966897944 26.421632140015042 5.219333729712454 24.46802541284479 24.183935727553727 15.955941907088345 1.3412937574995907 24.91682115195363 26.839155412880572 15.486288610266916 18.653072708577124 21.709026391077998 17.702327680897902 16.577350211549685 19.069116839280902 26.465250051326088 3.778586305346292 17.10173285920799 12.007033525176004 11.855418095481607 11.879070385795481 16.5430957807259 8.333155408069032 12.761518710565733 23.685185454461816 10.88811388041693 2.4119787957513217 12.007853118912662];


nDrivers=134;
max_D=[206 217 172 205 206 195 128 168 218 198 187 125 212 203 142 221 192 168 195 125 207 205 129 208 201 187 207 211 208 146 159 139 138 191 164 160 211 216 185 137 190 226 172 198 131 161 182 141 196 160 163 140 173 225 181 240 150 120 137 183 206 181 136 240 160 134 216 132 193 183 168 169 160 173 207 126 193 214 145 156 138 151 152 190 223 223 122 167 166 220 179 129 227 147 181 124 125 198 200 142 151 237 239 132 223 182 189 163 208 238 166 197 120 140 178 152 129 212 169 200 189 231 240 224 212 170 171 215 174 169 186 132 220 125];
        

nServices=135;
S_starting_time=[524 431 412 331 681 62 370 604 658 642 136 178 537 184 246 562 210 284 314 448 203 174 417 522 197 4 324 610 583 265 92 172 324 245 499 170 34 686 218 516 21 139 394 64 430 247 95 573 245 602 288 211 190 379 47 410 261 583 670 525 688 336 285 330 696 49 704 300 513 425 130 275 543 505 593 644 482 30 537 654 201 334 387 240 596 140 605 519 349 648 41 263 278 89 544 678 145 156 128 164 630 510 537 97 482 81 103 637 31 548 218 488 495 36 378 239 246 336 37 713 543 232 188 619 370 483 101 450 205 546 486 347 384 92 130];
duration_s_min=[96 93 75 91 112 107 94 84 66 95 107 116 67 70 90 81 105 82 113 91 67 100 87 107 100 106 75 81 106 91 101 85 119 62 113 76 111 107 102 117 91 85 108 100 98 78 99 66 94 90 112 108 81 100 63 99 110 77 71 82 62 86 84 113 113 87 89 103 60 118 63 89 89 108 115 98 112 112 65 102 120 117 93 102 98 68 114 63 63 65 100 116 69 97 110 89 109 105 63 62 107 60 96 87 73 117 116 80 82 74 101 81 101 91 83 60 90 86 61 85 60 104 91 104 108 66 79 81 75 105 89 94 111 72 114];
duration_s_km=[39 34 43 59 43 59 41 58 51 52 58 50 51 35 36 54 52 52 51 32 60 58 35 50 42 36 40 59 35 51 53 40 32 55 45 47 39 33 54 47 36 37 59 46 43 33 42 31 59 36 48 47 41 31 44 52 57 32 49 60 41 36 60 48 43 45 46 40 48 40 44 34 38 52 39 36 54 35 41 30 58 34 39 34 47 44 50 33 36 38 60 49 39 39 51 51 52 47 35 35 37 44 57 32 46 52 38 34 43 45 40 36 60 47 54 30 53 44 36 58 58 59 48 52 44 54 34 47 50 38 53 54 59 40 46];
num_passangers=[38 89 93 32 69 82 93 52 52 58 50 31 31 43 22 56 42 69 76 39 25 59 91 38 96 32 41 63 29 44 44 50 74 96 23 29 54 45 54 34 76 22 39 29 42 47 77 61 41 69 91 51 53 81 53 42 78 59 56 33 23 44 45 81 28 66 57 62 65 88 39 31 76 44 97 51 94 79 83 57 31 24 38 97 46 98 84 67 77 88 93 95 52 95 91 23 94 54 54 90 82 21 50 44 100 27 62 56 36 92 48 38 46 21 100 31 95 47 46 83 34 65 21 33 77 70 44 72 47 43 93 62 84 44 57];
BM=250;
CBM=0.500000;
CEM=0.800000;    