nBuses=95;
max_busses=95;
cap_B=[46 89 83 39 56 32 132 29 45 64 100 114 74 124 68 81 29 83 122 66 85 33 47 82 105 73 85 118 33 21 20 25 125 129 69 76 60 107 22 101 67 99 62 81 48 112 106 114 140 128 90 107 53 135 22 84 56 35 124 117 39 28 89 125 125 99 137 53 112 91 28 140 71 44 32 48 135 84 44 137 107 123 104 111 96 96 87 72 91 32 121 58 81 47 50];
euros_min_B=[7.165568467101483 11.29156578968476 1.922122131331784 10.393094613691176 13.06780234706065 3.789799210095971 4.942986004537013 8.992872121510656 3.349508960865713 8.80059449090403 1.8761172976034357 6.672673348595378 9.750785559629804 7.75613330403698 2.7873692655616553 14.260732113167936 12.250719264815626 1.4405571953948444 9.962063667892002 7.9413204791173095 5.149383631095975 13.424265105139689 11.445559406478438 7.781463310590887 14.983969173291017 8.18501614858404 10.483072790779742 13.300165450740064 11.327833944810616 9.848995022669378 6.908550073445646 10.942517019548408 6.86381089432655 9.617965579823643 8.163760409558481 8.426863956326926 3.0931977220627895 12.015104466269335 9.917930591968036 11.34955641738106 5.858756703096843 2.7057399952080154 10.250192675129561 11.489229540922937 8.639931929890892 8.221729093598242 13.357621335777852 10.452532890648817 14.576127944352798 13.261865363126102 2.370149495295151 12.371964005404763 13.680787491996806 12.826641475080514 9.291516740576903 8.348577550897623 4.475134772874992 5.686262975180851 11.495960046159151 7.946508688243062 9.244258727839782 6.803440503374428 14.6226064713062 7.848485112257542 8.98017896045564 13.877631974259979 6.641409701777175 7.082607255182701 8.145361758401503 11.339884271417155 8.09430503307668 2.0039664353082287 10.300171595745992 5.417709043097542 7.703249193093975 6.411968612921504 2.2613964039690106 9.066416497199375 8.808060061356377 8.891338309143219 11.666558492867981 9.733335991980791 2.512627447357131 12.117633704166787 9.072609693662432 8.482154685922383 4.593533515949095 6.249456743251176 6.650970420048286 3.1950232993756913 5.1549877553306604 14.850886756720842 6.039909020373904 13.486624903257708 3.602053389840455];
euros_km_B=[22.968295042955344 19.652301629286818 29.414539259133278 10.059075393122871 15.645376425116343 4.8113049917864625 2.341033585916541 12.760147625858735 6.60861896907223 18.734067454567846 12.573349729149275 8.638002271113432 5.394350922387825 15.994036146006836 17.938122833828945 23.832594335201183 28.210094945236296 23.52097192986745 8.940430938186989 24.11786470923153 15.829432104734625 14.263898299518326 12.446270934972675 21.386206843071186 2.9470843086569687 20.418887977980678 14.557226066649717 15.191484056204251 8.475069220657165 23.299759422794587 6.256440897435873 14.300809560382659 3.121969212406973 1.3293381629469985 7.306427619079923 6.744559117755007 14.475481812668617 24.193599479171485 23.87070863933429 16.38190031875022 13.696995463325823 5.689200698380786 28.62561384152579 20.02519744801381 9.028105865378922 9.087932439616415 2.8972597664477773 14.880928971446913 17.15643991711969 3.214089872886846 10.026569715319008 17.09936893944685 3.463474988729977 9.150785179817365 2.521482102325014 13.691692693446946 22.256919087849965 12.85288878405546 19.46165912011843 15.013850263908166 11.382134560345191 17.618708231812555 2.6539999266969523 2.1141094148041524 19.83532344457617 8.806513901235324 9.972332325677371 11.72420739237595 4.184273968329589 6.398255711072729 25.404698043120753 10.508505612676245 5.705689356963245 9.683298850205693 14.554869216653575 25.349559470607343 21.47678190334059 25.25876832600633 6.367581547454743 11.95163767333227 9.871314410609878 16.309714292779052 28.610328605654967 26.521996051472218 4.125278921056777 23.70316096963059 17.730754965223987 17.35070180289997 9.322848129908376 27.88107047269761 20.591334845248547 11.0434045700554 28.06642070172193 1.070039853232723 23.856700574303606];


nDrivers=99;
max_D=[173 123 174 138 158 133 230 124 143 144 197 179 158 125 226 172 164 127 205 175 122 199 132 239 229 131 240 201 170 193 217 231 201 157 156 132 156 133 190 165 123 171 159 125 161 144 195 126 127 196 139 208 204 130 210 188 123 175 188 235 225 143 163 125 155 213 143 240 155 139 218 205 178 220 172 129 133 183 152 195 195 215 173 207 192 148 215 225 240 201 135 178 204 170 156 154 138 182 150];
        

nServices=100;
S_starting_time=[494 576 622 468 478 8 582 496 352 214 636 560 128 47 63 290 295 146 309 213 47 225 357 150 380 79 368 541 454 355 268 649 377 190 596 75 339 3 432 462 665 238 352 652 390 683 384 121 35 562 18 599 432 100 344 430 12 23 538 317 310 569 203 623 693 350 109 533 442 71 457 273 431 572 47 715 71 227 637 518 416 360 121 494 10 494 652 450 449 169 322 384 108 10 105 313 459 336 599 656];
duration_s_min=[81 67 104 76 98 89 79 84 107 73 65 92 104 73 87 100 92 88 113 85 120 71 88 108 71 61 71 75 60 68 80 63 66 117 72 91 120 97 85 115 83 102 80 92 70 89 68 100 78 107 108 63 82 101 118 72 114 83 86 83 79 82 90 116 107 102 60 114 86 61 77 96 82 93 104 118 76 79 114 94 120 93 78 71 81 89 83 70 72 69 109 72 104 116 99 88 97 71 105 84];
duration_s_km=[35 38 36 32 58 58 30 36 60 33 36 57 49 49 50 35 33 42 30 47 32 59 39 32 30 44 60 50 34 41 31 30 49 32 58 52 38 34 30 54 34 54 43 32 37 43 43 35 46 49 56 55 30 49 48 38 44 41 51 59 34 55 42 45 43 30 48 40 46 38 49 38 42 44 31 30 48 47 41 37 42 45 53 58 55 49 50 36 56 55 40 57 34 47 42 39 49 49 46 41];
num_passangers=[37 73 75 56 60 78 84 20 86 56 55 78 22 41 81 96 38 44 62 24 63 63 40 46 49 76 99 80 51 54 99 49 76 37 63 65 76 95 73 97 59 82 99 32 72 51 69 94 65 46 59 22 82 81 89 70 99 24 64 53 61 47 64 96 24 54 90 95 73 99 50 36 91 26 34 96 83 61 30 53 65 40 59 95 49 56 20 32 48 68 20 29 73 62 45 89 30 68 51 49];
BM=250;
CBM=0.500000;
CEM=0.800000;    