nBuses=114;
max_busses=104;
cap_B=[59 36 43 126 83 23 46 130 139 93 138 131 127 113 66 82 85 68 111 80 124 133 109 94 64 45 45 112 136 84 25 107 132 88 31 31 90 21 34 139 69 107 52 139 79 81 72 67 30 34 77 59 112 30 23 32 24 136 31 51 97 79 97 26 63 67 53 127 42 58 125 40 95 38 26 121 43 56 98 75 76 58 62 119 130 65 130 64 74 106 46 20 20 44 25 57 49 86 130 28 55 124 51 65 64 27 100 26 53 100 132 104 129 35];
euros_min_B=[12.503133546768561 6.989324298897909 3.832997407054747 4.884499735002859 8.163711992274957 11.097951747134056 10.094140120734975 1.8151895971523793 14.269023506304192 7.69457988811101 14.675610236300221 3.297150943535544 14.490936788666993 8.891605745905483 4.078578423709272 1.7388238077897482 13.052118667255893 1.3477398216184386 10.259272195395 12.438631872136073 6.266566205313729 8.95177005301443 8.759053686198882 14.603672248186058 2.1557890522192085 11.608059139439984 3.5650120252993514 10.778012762838715 8.191705273334438 6.438904195425791 6.2578034782191985 9.12854744082685 6.898156372689948 14.271919123926125 11.834437069353745 4.020080438281994 13.641069957226724 6.382549838850981 7.56949375892232 13.047197039850703 4.2985368875306165 12.709989881610033 7.582890659822224 14.465239834798806 13.839718021278724 2.807978087294038 2.7093348375311317 3.11071462375398 9.720235974130112 14.225174875931225 11.877171821784078 9.363531435419652 13.992796547444987 1.752402754992453 4.655611665626913 2.874908143316906 9.546382325176062 9.563251920415452 10.00787417660905 13.823005932483774 4.350751736573561 14.230110346286986 2.291493230221599 4.620730800004528 10.961322307504673 1.6360009883412208 11.149191969751305 13.226210585831653 13.918072990120637 1.8678874773296816 9.57421855303689 11.121963365574755 9.758496223819368 6.210297228559491 6.845918468548242 10.528253869709344 14.121839451835791 6.03429447652532 1.8647202568467895 11.749868454498312 9.871863337949979 1.3070870587781347 2.0073098694824454 13.74055371214046 6.305604931103637 12.274423013795762 1.720568490596572 10.593185002302661 13.831679916672423 12.887519145822662 2.734377001791428 9.201253865737527 12.641001363494363 3.5241956176273828 3.210198143255005 3.719215278583434 4.215601791556157 2.6383283053640656 11.637568177254733 4.671928166155562 4.251237490874333 11.413480471224874 3.342860526572974 12.30891488909356 11.417789174468284 3.600859027623584 8.48431574081744 9.8339013161003 7.385241009753122 2.097337139892539 5.7452675574685905 14.170900015441855 9.529100771511423 1.7139546678248077];
euros_km_B=[21.27017368477094 21.14856692410202 15.343206473647983 5.718177269702372 24.51539285490441 25.33791634995919 9.444640034887168 3.799240759130803 11.698872648929637 22.20985470408854 4.278764549155251 14.482604799647396 29.883470442440824 11.378997451235099 28.160665498516796 10.315700955287596 28.668306933899718 6.7535376279935235 2.931589672256915 19.01929046435978 27.050177617397217 14.017763280583592 22.634393234813558 21.709021760252412 17.45880118963915 7.700837910975392 28.849537721315127 9.914861755773284 27.269655923748118 10.930300235730932 23.985255008894942 26.736021236067593 21.23117793107886 5.446747789335518 1.7881302481691956 17.818694116151903 2.7335256596144166 12.018870712604752 29.990888257947965 4.409991951876951 8.179954227335084 15.679244314624249 9.822409431511126 16.05290909019068 25.538310223157293 29.39633075248702 25.665248692462715 19.924213461542287 16.495503060014354 9.144144171578874 22.479160678526505 16.971761683977377 21.258694328704976 9.72103528469183 2.721786173470889 25.87921793127072 11.608011936314115 29.312634704817256 21.340346139124946 13.73064917511471 29.60835591024405 25.998998054427076 5.205261605777173 21.985641795582456 23.189308830843903 11.257669723012416 15.367908683235468 2.72371134257269 10.350337102228346 22.227809792101407 3.719075804084956 23.309100233360443 22.757112030127225 14.48868132798779 27.715532662115137 19.700276489738588 8.498279027450769 25.977175797321312 18.052274762872248 6.131042218869557 25.20380561666237 16.513897491851143 17.65652456135122 19.335714308602324 11.044742408612318 13.470373069144644 19.12215092828658 25.45551008877502 26.793299215948025 12.97551457012735 8.475455153152975 2.721756750943284 5.824601459041219 19.197794588291494 18.453905678208116 19.314978407974824 3.133785750980552 10.445799850877494 25.840671210549857 28.321749383099633 15.547820191641451 26.192767688115158 25.63141430258862 12.89028155681878 4.295123706171779 14.584302259182891 4.723901254393651 9.433603209337733 27.04255897434178 22.934500480499377 5.8296866651517165 12.280600535480346 14.80125821207326 28.07163854961337];


nDrivers=114;
max_D=[132 148 161 234 130 223 176 159 229 161 121 206 190 170 161 178 153 233 201 225 147 200 171 169 236 155 142 151 209 217 206 187 167 176 202 216 166 222 200 154 203 135 197 172 129 187 238 170 202 124 206 197 156 234 128 169 147 128 135 236 190 156 146 128 138 225 129 230 207 180 150 140 125 173 229 164 195 232 120 238 220 184 156 145 188 193 211 203 194 161 195 178 160 239 177 161 230 197 213 179 139 166 170 135 188 149 238 184 129 187 212 229 233 138];
        

nServices=118;
S_starting_time=[371 324 290 357 242 338 495 173 702 551 184 413 142 678 279 312 633 318 483 504 50 422 542 139 351 236 242 90 201 404 180 25 406 12 219 281 229 413 562 402 672 242 467 317 174 69 367 173 403 416 720 357 152 416 246 58 291 136 107 484 219 715 413 606 238 367 254 668 482 457 503 465 102 40 647 489 273 649 572 315 58 358 426 420 634 276 187 462 213 7 282 447 96 674 245 544 299 470 606 336 1 108 628 521 422 316 475 500 528 446 181 145 657 140 586 384 273 366];
duration_s_min=[80 61 81 104 79 110 112 116 98 81 79 97 106 110 87 61 108 71 88 62 114 115 89 91 61 103 100 80 101 91 81 85 78 98 65 113 89 103 70 113 104 118 84 106 110 78 67 69 70 61 73 109 85 97 61 93 66 89 98 89 118 118 64 69 103 80 70 74 64 64 69 108 79 101 107 85 119 78 98 77 86 78 116 71 88 99 118 103 88 67 61 81 80 67 79 94 112 102 117 96 120 74 68 88 69 82 110 105 91 95 90 109 67 117 80 90 67 110];
duration_s_km=[51 41 56 52 54 50 60 32 37 30 59 48 58 47 31 37 36 31 55 38 58 48 45 30 34 40 59 31 37 50 39 56 37 35 33 53 50 54 42 59 39 46 43 32 48 31 54 43 39 31 43 31 54 56 30 46 41 51 38 57 55 56 33 35 35 59 44 48 37 32 33 46 57 38 48 41 56 58 45 54 58 35 52 55 37 39 50 57 39 48 32 44 59 43 35 53 48 59 53 34 38 56 48 36 43 47 58 47 46 60 37 44 53 55 37 59 30 44];
num_passangers=[56 21 64 22 22 42 48 49 69 79 80 47 85 26 34 81 25 30 79 21 76 82 94 47 62 64 35 50 34 51 95 29 83 34 54 78 83 54 68 27 41 24 64 64 57 87 73 42 81 84 99 21 64 94 43 22 66 26 93 40 23 53 81 89 50 60 96 100 38 52 66 21 58 59 33 69 30 64 25 56 68 72 28 67 53 26 24 30 88 93 94 85 55 90 66 25 81 97 44 92 47 96 86 65 25 29 82 65 67 32 80 60 79 46 66 42 31 79];
BM=250;
CBM=0.500000;
CEM=0.800000;    