nBuses=86;
max_busses=84;
cap_B=[56 40 96 99 130 23 35 20 83 39 138 59 131 58 33 25 121 21 44 104 108 102 81 94 116 57 83 116 99 135 76 125 138 74 66 44 110 87 127 106 82 123 68 73 46 102 60 127 31 44 98 98 74 32 41 114 99 38 51 23 70 40 43 101 64 138 93 40 49 92 36 73 107 119 66 78 88 46 100 81 33 124 84 94 66 75];
euros_min_B=[1.4823758380817427 13.710888310089224 7.671058439983124 10.84013027148533 5.178871294665526 5.450096444333406 13.974812152828507 9.780106149095205 9.955726412873805 9.294340613963925 5.847319933146744 13.180987482692966 12.686850323813404 2.99767514981159 5.947804949796572 10.776040423380019 1.8764470023838191 5.589384395405289 4.074036947072551 13.772738709810342 6.697153137570302 2.4795115883123473 10.398780019071362 10.4355703243135 7.604454266293121 13.293382724593751 6.145661666334842 14.007788328875622 6.094947883036813 2.5274454489361924 3.658508978246677 10.896756677627735 14.375788495376622 7.011332819555228 14.736330870028205 14.675237443975753 8.536405481638779 8.341163311946339 11.109144553059256 1.3753141313968775 14.05340187573706 13.084795312701745 5.129480054447319 1.1270513871473626 9.730573754768784 6.154918602567168 1.033816728128814 3.049203712175361 1.0071844139789652 5.032849637292918 1.2632758668736788 1.6423928574151712 8.628343834910165 5.140828932285341 8.406102926675167 10.115498547706549 14.460726966673027 2.0481504305835196 7.463044660492889 10.235790213236577 13.789500064326079 6.333800634005186 9.909913727168107 2.6537452047851398 13.466331907426037 7.840830750142578 9.884962044636843 13.559142072463795 6.9964200314952585 1.50992494438744 13.825797768313809 14.996893901428702 3.3072415106951696 1.3242353262695705 8.619537408827325 6.081014290642788 11.379994118570547 6.733158276853003 14.428872324111358 9.173050253344716 12.035130499900221 7.121817750164731 11.794790428758008 1.9581303347074488 8.578496538641637 5.32241210767299];
euros_km_B=[14.813178990097388 12.699782531855249 23.886289079910256 25.054224394748957 23.21760844366944 9.311214272899901 19.232062090906734 15.54597477469833 21.98336406589158 9.654421323824653 10.697943802009126 26.087794918288733 11.92389476211705 27.767297685910187 22.002672624568834 4.050511810437731 16.812304778742824 10.972925800690893 2.164527778647194 23.192922813762696 22.29882213062151 14.46894278055685 1.2167859164638428 26.602764258147147 20.72367144694101 20.656934483022063 12.989736689485959 1.5312700872220486 12.320042978587384 4.35478856317166 9.122494360344527 23.82586728036017 10.280663767664917 3.4242253024292006 12.613065220666739 11.416665056923616 3.2923324560952745 15.702170839865886 12.312551053691823 24.534311167625244 2.916576310157435 26.591557659253567 26.815187563133993 23.36780471455091 22.963257673889615 9.312482244748873 26.454165523781363 25.59184010604812 4.708373852489576 16.63018692844801 6.758883106453849 10.184533947062585 27.35997075167616 17.388184476162728 24.775238313769385 3.5160727309813318 14.36156614549531 29.491914536728093 10.452685814968792 12.996390997757684 27.246460655637676 27.735353835460245 2.4023241126446147 2.950814323251108 28.746678930531072 22.10500203405212 16.2484319339467 13.422252518523438 28.913635089111544 15.785327603699734 18.54069750360276 13.71532402217829 4.242553902325852 13.202822036983227 7.305592662892409 13.285019350520358 24.688538884714347 24.66730256997454 3.140963496611624 2.6012022379779722 12.968549862090674 3.7612208785908066 2.261654269284776 29.81291224323242 3.072841544705601 11.10690560676944];


nDrivers=85;
max_D=[135 184 214 146 179 162 221 125 237 167 142 174 234 224 133 186 133 134 225 158 177 148 125 164 143 138 144 225 180 234 144 164 152 228 178 120 138 161 173 141 220 159 185 220 237 172 177 193 165 218 151 166 226 133 215 177 238 184 134 122 209 143 213 212 134 182 150 203 240 183 186 122 144 167 130 152 140 221 188 147 139 147 140 198 235];
        

nServices=90;
S_starting_time=[612 378 439 276 207 458 543 386 43 642 385 278 647 110 646 475 15 316 0 127 28 429 227 367 163 67 186 393 40 485 308 181 609 658 416 2 279 423 720 367 640 361 704 345 423 258 367 685 34 88 0 51 594 391 676 205 319 164 370 522 547 47 420 567 228 233 143 493 506 586 584 281 203 542 425 511 413 478 493 223 416 295 708 703 382 712 87 226 520 549];
duration_s_min=[86 107 70 102 101 98 66 110 75 116 83 100 100 64 78 119 62 66 67 97 67 115 94 107 69 67 115 63 69 78 98 74 98 96 93 67 113 99 69 76 118 65 79 88 107 89 114 94 65 81 93 104 97 93 64 85 61 120 103 82 83 66 74 97 81 92 119 62 117 63 109 114 101 86 68 108 117 116 64 96 110 99 64 72 97 79 87 77 98 98];
duration_s_km=[48 52 45 43 56 41 45 52 42 41 33 49 38 56 30 55 43 47 60 47 37 45 54 51 31 43 30 54 48 58 50 52 48 50 36 40 35 54 47 34 47 55 38 31 34 49 32 48 34 41 36 55 46 33 30 32 40 55 31 54 41 48 36 42 41 41 49 43 56 44 55 37 50 44 32 46 32 41 43 39 37 48 58 51 53 43 38 39 34 49];
num_passangers=[20 33 36 100 38 31 53 82 57 26 29 25 59 26 64 46 63 52 91 47 21 37 36 65 95 84 97 73 99 33 78 57 59 31 26 44 32 78 98 39 26 28 34 36 77 21 98 80 96 55 65 28 93 96 21 77 46 56 74 61 78 70 38 80 62 43 50 84 95 83 47 39 59 89 94 63 98 42 71 95 32 82 87 59 24 97 50 69 60 90];
BM=250;
CBM=0.500000;
CEM=0.800000;    