nBuses=97;
max_busses=98;
cap_B=[60 100 109 83 47 82 140 45 117 48 76 88 59 106 50 64 24 58 24 93 140 110 65 55 139 28 58 79 83 61 73 44 69 102 39 114 87 57 115 79 140 121 84 76 135 119 72 129 55 106 54 140 95 52 81 97 44 101 107 85 118 118 127 120 37 73 34 60 46 71 64 91 131 116 49 100 22 106 23 69 100 114 40 129 70 114 114 102 122 31 132 20 121 115 71 46 125];
euros_min_B=[11.268614579537468 9.72211838861985 8.960799659717797 13.922373668110433 13.077157086027675 13.924894184850682 6.81400280641601 3.246903032998283 5.314632635936782 1.1574266802589743 1.9463957629113906 10.366825482214868 12.837950575841049 7.869411823581479 9.107088524735934 4.212960746490129 1.3957044496665472 2.951952712081636 1.386406089269529 13.248364068558583 1.14016680475052 12.837264403299582 14.008058463820463 1.188488879100404 5.4154948243727095 13.939019342782375 11.831392164697359 1.1527670510200483 12.47368163382614 9.515061796401813 10.068264138388095 14.423633583454698 11.540831960536503 1.087174346892199 4.568150507163367 14.020400293721288 4.4097115726053815 13.332278046893332 2.5483102654703416 2.6542435802351654 9.902568416031285 8.966204263456685 14.052239435725754 10.544391508458016 12.715888384531622 13.411386747543787 3.7345779975517583 12.815915756283031 8.703393983921329 11.056860778460917 7.705915663928472 3.26354990163769 7.266207665655712 5.2620096844452275 9.060883709562837 11.053279282574012 11.64102541464548 4.18959891481205 12.20881219720349 7.529407994384911 3.2447023064131426 12.591195789479785 11.847587564760085 11.888071723222062 9.513108386656086 1.3188182655487053 5.319985445513303 6.419548642695382 8.867516486294381 5.597775165890836 10.283758110069884 9.401076289195634 11.12241877465391 3.1511849340314884 3.3571430570974794 9.82532947638399 12.298301793262079 12.929529525874056 2.5304352697612633 14.812969540865982 1.9426456895124893 4.557039838984989 1.199030758841748 8.648596518946178 9.038380342796136 1.147845578501226 7.912248842613082 2.203347854169803 8.932664957616492 1.0330574101698717 14.021266817909869 11.030507840101508 11.330657499623445 10.279374435772084 13.084875761501966 12.021935913004318 12.534683304418385];
euros_km_B=[2.153453662799857 15.951723164744827 15.258277225424658 24.050198150595474 21.764298758429337 8.633798703039833 2.9557649165441275 28.507983714209495 6.62762088252227 4.752182183158409 24.69058944565967 7.72138269512974 7.04452107907766 15.343258439728809 20.93127370072724 17.021330084723385 13.198221129838387 25.371291612362068 4.113269565187678 24.922052649888474 19.021384167693533 7.494353484954019 24.36564230264493 25.763649236910258 12.55657253952285 17.401919617364342 13.073275334530605 29.277162960825912 16.019549263204055 19.663257360970157 15.98888352187502 29.19228391448786 1.8245918582731844 11.269345439070513 27.083347029522752 22.065079789921125 11.257843538207862 21.02845614329032 19.918067183643895 27.607125169315406 14.404554524338705 25.870297237655343 26.25062367343618 9.039234083502585 25.476404070589844 29.83124468429947 17.83148378711714 16.233382633001384 8.147271988221663 28.25217291860929 19.510963924768564 25.19619658413985 8.2992636925682 25.648040611818473 13.658787654073492 17.987443384328845 2.8361808232678114 14.151787030899095 14.301773612342489 28.63904472566342 12.911376389147774 13.149633251924675 10.706545978742462 7.503425128205408 15.152753216058995 6.486785406976712 12.507793200682698 4.690522071196138 24.64108806526968 13.25136082278167 10.760884650942627 25.252543688460634 24.970843590622835 10.244714126899721 20.533375783901295 14.4486606122304 14.569837775589324 5.424756531967363 12.947979853981975 24.387737187353103 28.059816561626786 19.57508127718886 17.49256308758918 21.540580711650357 8.250351967493586 1.273564114801042 27.582236475933865 1.8406611786027454 3.7671936066672806 3.7976459567152347 9.35954654319265 16.94417525233657 16.65683580779146 9.122069032767028 11.39636055974328 24.248429136139123 26.906422334590523];


nDrivers=96;
max_D=[219 162 209 231 234 153 186 166 220 148 133 240 203 207 186 218 199 159 140 167 228 128 158 141 141 132 170 224 216 172 142 195 229 225 157 146 126 219 134 212 126 130 181 141 189 238 209 228 171 215 150 196 158 168 125 182 228 164 217 174 155 172 162 125 196 189 229 167 193 121 208 206 199 146 192 173 240 223 220 176 145 228 176 127 224 126 181 139 131 236 240 209 145 163 219 184];
        

nServices=101;
S_starting_time=[299 673 71 307 209 394 65 447 397 180 184 712 546 454 387 220 212 498 206 478 459 492 404 647 288 14 485 682 89 188 607 113 28 445 562 153 133 327 420 135 720 500 704 418 310 249 63 527 452 660 615 116 405 670 533 428 676 175 583 239 199 138 178 191 692 707 129 710 530 529 25 483 91 40 266 67 495 683 326 358 508 213 495 113 235 98 567 62 188 365 305 2 146 303 311 659 249 678 39 38 19];
duration_s_min=[74 99 78 105 83 113 60 104 76 90 96 81 120 76 66 104 77 77 86 68 80 74 64 79 91 70 61 82 119 70 102 62 107 89 113 104 118 120 91 77 111 84 97 85 67 65 61 118 68 69 73 79 60 73 96 81 76 118 92 66 88 95 99 96 89 66 69 80 74 111 100 88 101 98 74 68 107 91 109 90 113 64 74 74 79 120 80 107 120 61 65 65 92 108 69 101 83 99 81 101 95];
duration_s_km=[45 36 57 42 47 56 38 48 52 31 38 52 43 56 56 49 39 41 49 42 55 54 44 58 41 40 37 36 40 43 48 55 55 41 41 54 39 49 40 58 48 55 51 53 41 55 52 48 34 34 57 59 31 41 42 50 43 52 60 31 52 35 54 31 35 49 51 60 48 50 37 57 30 58 51 36 50 38 43 48 36 56 31 34 49 58 54 40 48 60 48 33 58 33 57 59 30 52 47 41 38];
num_passangers=[60 68 36 61 68 53 96 41 83 60 99 79 27 88 46 91 69 31 29 27 46 27 38 100 81 38 73 66 97 46 56 69 73 85 95 89 50 38 80 30 59 68 62 24 94 20 38 87 41 75 49 99 30 25 79 80 74 45 50 23 27 69 50 50 54 20 88 69 98 72 78 54 22 98 69 20 59 77 48 77 32 72 50 83 50 79 87 40 79 54 66 92 21 59 92 93 61 100 44 87 40];
BM=250;
CBM=0.500000;
CEM=0.800000;    