nBuses=106;
max_busses=106;
cap_B=[86 53 55 52 76 26 131 79 79 121 98 58 108 77 46 136 129 79 95 36 138 84 67 94 36 105 103 56 79 131 136 38 74 76 39 137 70 36 59 80 80 116 22 137 61 70 75 122 89 121 33 44 138 127 70 53 114 82 21 30 136 24 116 74 58 125 93 109 75 23 46 135 93 131 32 66 120 25 77 108 98 106 72 80 88 138 60 45 21 124 129 92 26 117 113 107 135 98 98 33 71 39 48 25 27 99];
euros_min_B=[14.476228772428211 8.191847301909338 1.0785599268959647 5.744873288392745 7.554217650006256 6.589915420592303 1.0910421308786489 10.950156819517872 12.275919220226573 13.946587013722313 10.129321540303648 9.368352882321457 5.0370807418405015 10.181933143299313 9.832932317704666 9.169849727778928 13.626192890182194 3.9917230501944014 4.835486804935671 12.903072843872776 9.890165490186238 6.674149990554132 4.100114919166765 6.685022487074425 4.240646915603754 13.937638910007665 4.850542834097915 10.547783905701452 4.143405406945618 2.7542093117818873 2.9035653232055267 8.678197500697028 2.149558368016241 11.934411385033581 8.065004280992508 10.832350492172498 7.363522585144664 3.621950337045764 10.048607140847901 11.091781825227182 13.96919212078266 7.333932204308097 8.17487662048013 8.320969464014677 10.854116730964762 7.838693990563777 12.735847485893968 12.838261466429831 11.61909700225116 8.01759910708225 3.157406532870725 2.433371351379405 9.66487126299843 10.594248841112352 8.488247175259481 7.732061094214968 2.8406834150400515 1.5820977462253276 10.80215114475836 9.665232003155648 2.1239445420136587 6.819905722612431 2.7810073497357584 2.118526331690439 6.577084925732077 9.019289113805172 12.150860933029048 7.083874691980203 4.944725239108865 10.199847476155034 6.400422319323157 10.89567723435996 10.221456916146078 2.4191413565464233 8.132408357270037 8.664783095015588 14.039147439422988 5.918666121346054 5.3123052546774625 3.207944866699919 8.50932546583408 11.063651423534134 13.48366495691783 12.509831058235244 10.06378514018684 13.913656568596139 1.5023951848905879 14.465796949147617 11.674150619020864 3.452122815436457 12.159243497020299 13.320511111997833 13.683532907664715 8.657406916473894 9.674928736596335 1.0265351885295846 9.232340554586653 5.907318792590184 4.74354966689954 4.948603109084228 2.900423875614283 10.554607575623088 12.879131489294458 11.613399982316245 2.750486467463619 12.908259699857572];
euros_km_B=[7.803378108051992 3.555051464866688 8.358316419157818 10.510857971128058 3.7850685030068387 3.619971312005571 3.323981391069096 2.1391570064241714 2.4205123771349513 12.70463804118365 17.67574810593035 10.857732659409484 13.808947747626737 9.050647730702684 22.192607932521415 18.233320092268926 10.286501221199527 13.73841292170738 5.273878769045955 9.672030602458369 1.010967353114493 24.84911203638125 24.554478652869463 15.169902762225023 6.31105560843399 10.879577427918372 16.61106866756834 1.7174276980299825 26.844321393742515 15.873879977533957 14.56751237448277 6.400751522553402 8.42530931014619 13.609143170344844 5.496546586848495 4.335492118852247 3.0710649547722877 1.919086220955887 5.954025505693782 9.87078889176476 19.767634528826324 15.129390906066186 11.390058455027242 15.351689213719661 22.636812721505287 19.553056003722517 19.18405453560538 6.7481958808389715 6.119266878065534 21.520249034130234 3.4660530274614403 3.65939820729515 3.1461442488117415 18.32639192965593 14.076457397249385 25.643812751423305 7.746426027520182 17.778467738240064 29.173543229857913 2.400778461795648 13.405309578437304 12.866199686495179 10.150682593384612 12.6136619336783 16.143209992426172 1.6264178509589162 6.024123866456353 26.63747158858225 16.833718746788687 26.643983932476146 26.176777691836552 7.19198936520687 29.97605458059901 29.746730127861845 27.260586252371358 3.163548990049367 11.341510223520384 14.957226120933731 22.408571675357887 23.303690490955354 11.175770432087258 17.486408060569065 27.559074434123396 6.736327477419879 26.170035851590754 28.391544328398684 1.3572016220696759 18.817856363955524 26.63056820655624 24.81738486184168 2.0262341751681676 8.408728081033574 15.409263689027265 8.99959616007342 11.982428674310345 18.887290794479256 10.982902912299815 9.98420112195397 3.86378109075207 9.753573077521867 16.898287977955736 5.829294563973298 11.209983714010356 15.146831679054861 11.993818482322405 8.043235533274256];


nDrivers=106;
max_D=[177 176 211 142 232 211 231 221 131 223 198 185 217 219 127 216 230 229 188 188 209 209 155 182 193 127 141 163 190 134 222 190 124 238 128 162 204 188 136 220 195 218 209 131 218 218 220 226 131 186 139 160 167 201 197 142 229 157 174 235 224 210 230 172 230 231 168 170 206 208 186 173 218 194 143 164 146 165 207 215 174 213 141 205 138 235 124 126 164 236 235 146 150 170 230 197 196 232 199 120 185 212 190 163 169 134];
        

nServices=111;
S_starting_time=[406 8 170 690 520 389 461 55 340 302 179 179 681 91 289 288 5 19 91 678 310 604 178 689 149 56 601 551 168 349 658 279 220 105 411 497 475 179 124 303 715 20 129 612 350 6 683 289 85 310 332 600 542 623 187 46 240 713 233 676 350 78 378 299 293 204 278 398 464 399 329 135 497 159 596 588 682 132 557 388 715 581 165 123 526 522 173 78 619 100 582 588 188 19 126 425 697 33 557 221 201 253 652 124 427 259 671 317 614 14 656];
duration_s_min=[70 108 89 76 99 97 88 73 109 68 108 85 105 98 100 64 115 77 116 63 81 98 100 61 116 113 79 73 83 81 76 77 99 82 112 94 86 66 119 78 62 61 74 112 70 120 119 61 76 73 80 82 65 115 119 93 109 82 115 115 109 91 78 89 76 85 100 95 83 106 111 67 120 83 93 102 90 113 62 76 78 107 96 118 119 69 108 72 68 84 84 76 100 108 113 88 93 117 101 106 74 115 108 103 98 61 74 60 64 64 65];
duration_s_km=[50 39 31 34 38 46 55 47 30 53 40 39 34 47 33 36 55 57 40 35 54 31 57 31 51 33 32 57 48 44 33 47 37 45 46 40 36 35 35 30 33 55 38 38 49 54 32 34 47 40 52 51 33 55 55 47 48 54 49 36 39 35 51 44 57 47 39 53 36 39 38 44 34 58 59 41 48 59 59 57 31 54 59 51 31 47 50 36 50 53 40 34 34 53 50 45 40 33 44 35 55 44 35 58 31 42 48 36 54 58 41];
num_passangers=[64 37 42 89 98 42 48 48 92 25 39 75 84 25 20 21 52 96 67 61 50 65 48 38 58 81 91 46 47 87 44 61 52 28 97 48 96 71 56 91 20 56 59 86 78 25 51 93 82 80 56 90 24 44 26 77 58 58 52 84 33 56 33 85 26 57 75 38 55 87 24 66 66 80 100 89 53 38 80 54 99 34 59 62 84 68 27 72 51 88 88 35 55 81 60 75 80 61 62 87 35 33 28 54 52 61 24 98 93 42 22];
BM=250;
CBM=0.500000;
CEM=0.800000;    