nBuses=83;
max_busses=84;
cap_B=[56 86 67 74 63 67 64 46 90 57 133 119 46 88 111 108 27 26 80 50 43 94 41 134 28 24 109 28 66 95 124 21 22 50 107 61 99 28 43 63 58 20 63 74 130 47 59 100 75 110 100 120 83 30 80 28 83 72 27 87 25 106 111 96 56 51 95 115 43 31 43 140 106 105 54 67 83 28 33 48 49 101 116];
euros_min_B=[1.1449963750689018 3.615243158394918 6.579606091112842 3.1688182272893544 14.722391495035028 2.8320558403826195 9.430003824378165 4.757810130850462 11.257213412571803 6.862467435998143 9.736766398043562 9.792081244859107 7.679608742546858 11.438542456467019 12.546896152526694 4.408923322409665 13.846871915519637 4.2506024583250515 4.436846032593879 3.8630754689616205 8.83885112364364 1.90452343931531 4.850150538036709 4.653540067352149 11.936492999325235 5.312412522366735 1.8371183720875743 10.786215074026558 4.9862571744623105 13.915761764710556 14.43946299102928 9.49042109374016 6.376413586272083 7.045254828343678 5.247708599893925 12.15294996223402 11.757547640085036 2.8628587238460312 6.463644374720767 2.1925489556915574 8.840600734655812 10.035638553109518 6.725626336383456 10.714546973328337 6.7651073537184025 14.12292056550111 5.089403771839134 14.282941918319718 10.135927947892823 11.500950272904273 10.455109082482295 13.825381947362406 10.328723307801788 12.40052291985953 13.02852940808287 13.20696597966883 7.386123404010666 3.9656455201347356 10.787812811293788 4.711590792346962 2.494435354325537 7.873648873278726 4.245544596618167 3.9498966628428525 5.1556664504426335 3.014476855443247 6.005352776267733 10.826045006642863 6.375479801032306 7.936696101902113 6.991357337997358 10.288636593206995 12.655221004667048 14.490379367977088 1.8541258804310603 1.8456439666257303 8.038594205977883 2.0457971873047445 8.87238418773478 10.440830720682715 9.112682211507881 3.3944026299464163 3.3260580280125973];
euros_km_B=[23.58556229178417 13.38584045728891 21.27112910521599 26.061139971497795 20.479565221287384 28.721916191555206 8.465987141071109 21.911087809479387 5.613888298845325 27.581809731324945 3.510708214069046 1.2432156902322256 10.851412516915882 6.863036515352072 28.5068557826004 12.147749706401706 26.823013410841035 7.510611807759934 18.125335923837262 22.802737784080986 26.39457961433612 6.632148318820639 13.399556293362146 19.024532712121285 11.863745292491283 12.23391189659674 1.6952491325153205 24.93241593891605 12.300291024644505 26.5034921992796 15.801043721724215 20.113394542232022 12.870674561193217 2.7374624247892103 15.589911233803214 29.73468669491596 23.85801262492801 8.374816399997798 14.537210549446513 21.82526157288252 22.167540937588647 24.418237638636086 17.210108510524858 29.167514041877265 18.210826122567333 19.36975712464424 19.68193036660632 1.6567197766669706 21.230613746720223 8.84714319837541 28.198537269579365 27.161361485000302 12.020826343753626 16.320226007990122 22.67125567211207 23.278957844227747 5.723274332201301 24.087215864019054 12.523971715443215 1.2615228457086896 8.071508992465965 18.802580556026996 18.250933055041465 18.080569010227734 27.126761294117674 17.39959209421769 25.619350787679664 28.767554171040597 29.765778013256156 9.595311119695609 17.82793365517499 7.903556844390574 24.866131265400966 2.397856849752757 8.408442915980451 7.90281237653279 1.3666402588311706 5.604240082922003 24.45233937683915 12.91789470285404 27.930926554675022 13.266148161495934 23.730047754324335];


nDrivers=82;
max_D=[233 194 170 219 131 155 154 124 190 188 193 224 223 205 224 167 186 131 176 165 164 136 151 131 170 226 204 146 206 187 188 121 172 202 165 169 163 175 236 149 170 208 218 159 235 223 199 179 211 219 142 218 186 220 160 187 220 203 159 163 171 134 198 228 225 235 221 125 124 126 226 206 178 236 137 235 130 218 162 211 188 235];
        

nServices=87;
S_starting_time=[394 537 227 139 630 584 149 78 483 306 63 76 538 443 242 651 199 149 274 205 333 361 336 318 404 246 650 328 155 56 426 267 388 581 186 333 295 112 368 364 236 176 481 255 699 120 451 714 639 114 124 273 113 335 483 649 699 664 260 371 314 449 178 570 306 393 713 479 135 586 299 283 561 617 531 416 380 645 198 52 512 685 85 273 687 644 200];
duration_s_min=[93 96 84 68 90 101 63 87 88 61 106 112 117 67 99 62 73 67 79 69 88 71 97 97 120 104 77 120 85 99 114 109 91 79 73 107 119 108 119 87 68 100 76 86 67 65 119 110 86 100 89 68 94 117 75 118 115 116 116 111 111 112 114 94 120 99 113 108 107 86 94 86 89 84 67 76 105 95 88 108 64 86 80 83 114 95 79];
duration_s_km=[54 54 47 52 35 37 35 57 59 51 33 57 52 37 33 57 45 50 60 42 38 37 33 45 53 53 36 45 39 38 30 32 58 35 37 41 42 31 33 59 37 43 37 60 35 33 35 55 45 37 47 53 55 49 36 52 49 52 49 41 59 32 43 54 53 45 60 34 49 52 50 45 45 49 60 39 47 42 52 54 40 50 41 54 49 44 30];
num_passangers=[37 36 84 59 59 69 99 79 80 35 63 39 68 77 46 96 35 53 20 40 54 79 22 86 68 26 40 59 83 21 22 20 61 46 60 23 89 83 70 53 25 46 78 76 80 88 66 71 99 66 33 85 37 96 48 40 25 93 22 78 29 31 68 30 57 93 31 32 59 38 73 73 52 69 87 51 57 89 38 73 93 97 40 83 82 34 68];
BM=250;
CBM=0.500000;
CEM=0.800000;    