nBuses=80;
max_busses=72;
cap_B=[72 135 100 129 49 74 53 88 139 38 47 49 31 35 119 70 102 33 117 119 62 93 92 51 82 86 129 116 118 22 130 46 113 133 99 137 29 30 71 66 60 70 115 104 111 81 24 64 35 117 64 38 124 34 87 54 88 133 64 47 135 108 76 61 26 107 83 39 86 99 58 26 41 62 89 131 22 34 66 99];
euros_min_B=[3.7864626573577116 4.629608291376596 4.2527396303892955 14.501940018789254 10.90397099252423 11.548820253417647 8.406508596388875 13.051876896258957 10.549182605695608 12.524231499255293 1.4709313343727715 9.79142886299012 3.4213578864672813 6.198987098554803 9.940435111077202 10.599964804421624 10.976977278346054 13.165764186201718 14.138382890705365 1.3507752005463884 9.331229412253565 2.754636371627575 12.480604166378876 5.2858072714481885 6.261589929534096 6.6075610029541485 10.445515900848456 4.88947980568196 3.012625116754153 3.34687256323883 10.62107837555131 11.529868637614317 9.285825224253394 3.589145849029385 12.86510219803153 10.964060117207199 12.412917284271328 6.211064232135034 2.772787329827943 12.464232475982037 12.768123479025387 5.095106177030492 7.2722959277179084 1.3615341174573337 11.769018564149716 12.181604302573643 3.024102528104705 5.240987731880418 11.225041844651853 2.64855817270856 6.383036060320622 1.0945069263204708 5.446173516322961 14.332757782511365 10.323600952193038 9.193126780673802 1.3312893324475361 9.283521742391216 1.7509840200174045 3.588473679362644 4.678455191240433 14.299256990712104 2.1228706152397274 4.024613312563742 10.646997264031725 12.301349365082846 14.987900559091079 10.041833643509065 12.906128708899738 6.453255619192634 6.829329845359493 11.467441548255687 2.0506979397405725 11.65751897119527 7.515286474957525 9.926559781716463 12.150758166867904 14.22459602356097 13.492819567346697 9.25683707666919];
euros_km_B=[3.588245848270902 10.864912201778829 21.11711501286001 14.95360613806157 22.735256874684033 2.4919763680379106 14.091183735176665 8.781072364472422 9.646620407381889 29.170168444650777 1.6614183604027648 15.501212954633768 3.247660481401402 24.089209397583204 3.268017292323414 15.951139417288331 22.853977113691347 1.2289629616082585 20.640056070264578 20.673864518185578 29.876074925303183 21.509831261508623 22.83342390494198 25.79139783137942 6.118595605635937 17.432843082746746 6.745671417724865 15.229433436966957 3.9190155252278016 24.301561370263034 24.78698166656041 4.412280363775869 13.646694760875137 20.523023768495854 12.394323436195043 27.269157478352554 19.891364755807935 12.99642064597332 8.41799620827696 6.99977358500202 5.277192217411715 5.2059371804915555 18.745152180475987 28.00502483515828 17.731997754058565 18.624506907134887 9.400343114046171 2.65470309534808 15.535793044721808 17.952822810014897 25.80581799670102 9.42925734250219 21.214073470235817 23.260040674102147 26.296782653855413 2.193436822918864 25.966383621229568 13.024849090009603 19.461639223124767 22.479441561506672 9.275194283852501 11.735702156698222 3.2151960912648483 28.82755255976686 20.41762258437487 17.941580025114828 10.122702130848719 22.174533127903487 13.006818738529878 14.968019713759473 5.309674581185986 6.176854083604695 28.051748586132526 10.02448267937505 23.501934036091235 4.872341957273063 4.534300986671049 7.088945601999767 3.344215107086124 4.598355580247077];


nDrivers=77;
max_D=[221 165 138 169 194 194 184 166 175 177 125 126 177 147 157 127 195 123 180 192 237 238 167 202 145 226 232 195 238 226 175 186 185 223 148 229 214 193 144 120 219 132 176 181 231 131 194 160 232 136 201 220 156 219 200 131 147 227 154 144 219 156 154 215 162 120 235 131 198 161 223 161 223 134 132 147 210];
        

nServices=82;
S_starting_time=[634 595 503 54 7 147 697 238 78 84 506 479 124 27 256 540 404 245 413 236 309 122 520 462 13 532 489 272 710 28 511 589 358 631 357 75 209 460 488 380 188 351 608 528 318 222 463 286 56 587 593 631 341 658 192 290 421 22 52 232 306 610 321 694 529 94 548 147 368 137 525 719 186 151 298 499 155 372 349 126 176 217];
duration_s_min=[108 82 71 88 63 62 91 99 99 93 103 109 64 115 81 104 72 106 108 85 83 94 66 109 90 93 89 66 84 90 74 83 94 86 103 90 96 90 110 112 62 89 111 75 114 90 116 107 76 88 102 109 69 115 108 71 65 72 77 79 117 68 116 116 75 103 82 96 110 79 77 65 60 72 112 80 110 94 93 119 101 94];
duration_s_km=[31 47 38 45 44 40 53 49 45 43 37 41 39 55 31 34 46 52 54 32 37 38 34 47 53 32 39 33 45 46 49 45 30 40 35 46 39 55 35 53 43 52 41 54 60 47 60 41 42 56 31 37 38 41 45 41 57 49 60 50 35 36 55 45 47 59 35 36 39 41 56 36 34 32 32 44 37 47 39 37 58 57];
num_passangers=[30 58 90 85 47 100 68 70 30 39 84 61 100 35 78 61 80 34 92 31 21 47 86 27 22 60 53 54 88 90 61 84 20 80 98 55 25 31 48 99 89 81 83 30 95 89 69 30 74 85 36 86 83 96 24 29 68 91 79 74 97 44 59 28 53 55 67 90 72 85 71 65 47 78 52 94 81 91 78 85 73 33];
BM=250;
CBM=0.500000;
CEM=0.800000;    