nBuses=93;
max_busses=86;
cap_B=[98 128 26 79 28 42 88 106 72 58 135 103 111 31 129 45 24 27 72 114 134 104 38 122 39 126 78 90 83 22 29 98 96 131 76 93 121 57 138 85 138 98 43 92 58 37 96 82 31 27 122 125 86 89 111 118 91 33 28 59 21 68 128 139 137 66 86 93 57 123 35 70 83 118 37 59 75 30 41 98 35 131 69 62 54 60 92 65 119 38 135 34 137];
euros_min_B=[8.070781712770337 5.0015412858722055 10.379132082351735 12.8052989648739 1.0467882475063404 3.8014284180365405 4.526640852875843 9.674861577766256 8.391163100473644 1.657786219547893 12.859285361271628 9.14090609202265 14.151635525773386 11.779352041787568 14.598558569629457 7.038677055665395 6.367060247502943 14.740315127346976 1.6793025178463348 11.40906553611432 1.2683349735586782 11.283029167433444 13.576832887519076 14.835372308727724 8.562674935366985 7.723111217273772 6.770772420429681 3.716155520457857 14.148495046724753 10.506094298729094 10.266387988628486 6.195474057986565 2.4926670975557856 12.47354762998215 7.723192791821532 11.973468970647373 10.272908674773895 9.034128228811603 11.624160350344635 13.41708792750336 7.64145539978849 7.100754328576254 7.867554775079219 7.444072060162711 11.557463043274412 12.79318407159799 10.708148640290498 2.3711885933495993 3.706799111005645 7.241631133523976 13.8385438737279 10.57766246962756 8.133458884891168 3.4851890370798806 9.816785716847978 5.294994169319523 3.1993148974331787 5.488312861146397 4.812605132795939 8.574464977255452 8.93262144272714 10.399051904027864 4.934983547711698 13.580189778710345 1.9837632408962027 3.868331854787348 3.063093142159061 14.238311393981563 7.652158218896362 4.1988537974979705 2.041127689127327 2.041088445990637 9.39743439193115 14.02414159756857 2.8681032198048464 6.872294554440052 10.006200312337002 9.224475165297171 1.887162155396078 7.704488030570738 11.491699729732666 14.254468375348893 2.5925182426696756 10.739390872643 9.358914417956974 3.3862837110082795 10.31304351508377 4.461670560575174 5.2392273842011505 14.612003796198222 14.238735927622123 8.628074163940983 12.830197040539892];
euros_km_B=[16.276073787819513 15.678799475961894 7.563459291819532 26.70694014765643 9.79293395102563 12.437732838164107 15.71010119315713 19.7859190633147 29.610721331810037 5.826467703553684 13.440837762121092 20.459005377346642 9.267748775043469 10.37716128624137 10.369060005812456 9.370641174024238 13.954011551874725 20.678554749455945 12.145011705460766 25.708624612219683 18.121353702144216 16.227038413111003 12.391013075719101 26.47526891603848 8.197469951177052 13.475874390422776 29.235420546015668 13.196830352309092 29.55748523631673 14.40303540200014 20.17793163132441 3.0256406590012075 29.387353788821894 25.815376896566505 24.550820131442386 14.08408864582195 22.757175774537572 23.78011287052678 28.34090006493977 10.445967570074968 12.55314769837781 10.420690369732025 1.609959114461779 10.849639661143891 19.64703207238793 1.9675308163511689 29.877903363401416 5.5681836993720735 22.30956106888219 10.444931203761334 6.492486424400874 9.040423210221963 6.621267654112842 13.393944676978542 13.015601765370608 16.394301031776074 21.191504060274944 19.422483800378362 7.2687829521643685 3.6097030187839616 23.077907940621913 7.8084285278539145 22.35283201963161 25.854409348971675 17.346588658268796 26.77675701202405 12.318071217568676 8.640116578988849 14.717712011130068 15.872295090963851 23.107702803879544 3.335323663439323 6.548878884806259 5.264454589372607 13.866399671071395 20.38854373455468 29.445441719170606 27.212181066470972 9.005894006337329 19.69384000019517 2.431278728839624 9.523865694500323 14.274272087048029 11.994147962867489 28.814076746752725 3.367085538424181 1.5017254764454546 28.803908659081657 27.481975341234783 17.86045069151591 13.535402599001541 28.10147332303114 11.51341474105748];


nDrivers=92;
max_D=[127 218 152 194 152 128 188 173 222 156 231 130 233 229 134 137 121 178 210 224 210 203 238 193 217 178 199 221 215 141 123 192 157 144 201 146 232 161 145 131 166 153 178 184 197 226 223 124 188 121 228 145 193 146 169 159 151 123 193 198 120 190 207 136 230 181 230 176 124 151 184 153 127 130 136 175 203 179 149 173 202 135 205 181 221 211 212 173 235 131 199 214];
        

nServices=94;
S_starting_time=[327 434 41 124 494 283 80 54 664 427 594 14 104 368 688 548 632 203 28 716 163 712 12 616 608 474 204 533 189 93 568 262 171 144 80 428 527 222 329 322 643 401 515 191 532 443 108 288 381 117 387 306 278 267 527 90 38 136 239 182 432 642 604 654 201 180 720 36 225 707 128 517 678 717 343 132 174 682 180 705 186 399 621 236 514 292 436 571 586 663 665 451 157 367];
duration_s_min=[85 90 83 68 82 117 92 63 102 83 75 106 70 119 98 95 113 63 97 74 100 94 114 118 110 66 101 114 99 70 75 63 60 92 82 118 83 66 88 118 92 71 107 103 62 98 115 105 73 89 103 117 107 110 115 106 106 112 74 77 97 78 71 69 118 77 97 92 102 109 70 101 105 77 81 84 117 114 112 64 91 119 105 110 72 104 86 74 73 66 98 71 75 106];
duration_s_km=[51 54 35 47 32 59 47 58 59 51 32 53 55 48 43 32 37 30 51 36 60 48 42 52 40 54 30 55 33 36 51 34 34 46 34 41 41 35 59 54 53 43 43 43 45 56 54 44 37 38 44 42 50 45 52 40 36 37 50 49 45 40 38 44 53 42 45 53 39 43 39 52 58 32 58 43 35 50 46 32 41 57 35 42 50 58 54 55 60 57 45 31 40 38];
num_passangers=[52 87 39 41 82 25 21 78 29 34 24 87 68 22 25 47 77 25 53 50 86 96 36 30 52 40 68 91 47 71 50 91 48 81 22 33 45 42 55 57 51 46 30 53 33 80 24 58 53 98 42 98 52 92 74 45 60 85 68 44 69 94 86 76 61 49 47 72 53 94 85 51 99 76 32 72 83 50 74 52 85 52 56 28 51 41 70 34 72 41 21 27 37 40];
BM=250;
CBM=0.500000;
CEM=0.800000;    