nBuses=117;
max_busses=115;
cap_B=[69 25 24 71 122 56 46 133 113 90 53 68 109 77 123 97 105 128 53 87 140 122 53 122 70 128 116 68 52 32 78 80 96 59 75 89 75 37 30 73 125 120 31 109 110 121 119 135 24 103 135 73 35 97 114 34 64 98 100 29 49 42 103 78 55 43 124 50 71 45 120 57 26 101 49 135 140 60 77 132 36 69 132 137 139 34 51 72 52 67 139 84 44 136 94 69 71 70 105 94 100 127 118 130 103 101 76 78 86 76 73 39 33 51 93 90 136];
euros_min_B=[4.165580538783503 12.849909990253613 11.831007840429756 1.275517818738448 5.126258989081308 13.46774354071371 10.194906817270251 6.369678019994719 12.29734368456031 13.23681447806358 1.7437167124258537 2.8868639498447113 4.265736124373018 12.898842331790549 2.456110649073149 4.788088207044286 14.699422581884633 10.214271963677772 14.811122248483542 6.670014575451988 12.244582274237438 7.433702237331978 6.92449858868186 8.21430149933506 10.691949119337828 11.440614197174883 11.083896991550702 12.152950692918798 6.860175617094445 9.372499449856031 10.904672224146491 8.88156762747499 6.15836021695282 9.620372055430263 3.721477129412479 10.28009596909741 5.239943246106171 5.414273379724591 6.590346337203422 6.311702619279634 4.892204072931526 12.431195047697594 7.702163713138417 14.604255244472201 14.961133397293356 11.098488985578422 2.3513874659552627 12.062373482821824 5.680806971467449 6.155925273049936 14.144394359706348 1.6705882755211179 12.382464870370667 4.19564281280867 13.227281701418368 3.396777383068306 14.19468183368201 4.44056011632674 9.576777638358356 13.59833987648052 3.671246185323694 2.343881326946823 1.4331709134188944 11.870590610801427 14.914011542649032 9.930602873004643 1.4849897530647411 3.098901385459913 13.227860434657975 2.779976182413078 7.0257017445855245 14.524294679263344 1.4085900937081683 14.045702543802363 11.959500197600427 7.053501812676436 9.198851898840333 9.83604511170389 12.05571525937848 5.12716938415024 10.396399446197002 13.055064976304784 4.87751215398964 3.8008501603599596 8.246124985916833 6.6725775819631306 4.172775480936969 13.181542326605749 12.854089830016145 14.32878796629245 3.125503740018824 1.4196632872468289 7.072720908792156 11.24543121051794 7.962818289611739 4.561439032657911 14.605824350754233 11.47863915821333 2.277350639071379 8.534707727368115 1.9690610523742014 10.011314950147593 9.3893786934236 3.394241138832003 11.312399311120071 6.309129140540834 8.795589825508046 7.052456163144953 4.268543281197225 3.000181432484 9.364571812624053 4.843324994629902 3.65157557819233 14.654346764139742 2.0775138207277286 5.207035103194858 3.946728676478095];
euros_km_B=[20.276005695781457 20.939587868593684 7.031393658696176 9.684758324949938 9.593102974310355 6.728292825904963 3.032839367876126 8.706937607884338 8.68079325286674 24.68016799652445 28.66050406276429 23.228628825989865 3.419508069387192 26.34003722319397 22.9776936235464 24.228124814333462 5.506304920834575 29.416960913677514 27.031507974829935 17.414265574154857 28.342440730058733 5.753402857427515 4.317752672506478 24.270610820955824 12.753056355233689 14.480357823249946 19.38625319926214 5.147428045219424 6.5666891212444645 3.5894777884234266 7.104421609606076 5.72657983483025 28.0805070935167 12.820157509219976 8.539508349596149 27.817164021344013 29.425461688837842 14.74237203216611 9.730922943481248 16.236925483226614 14.257374395432022 29.85004230246426 11.602328390157885 15.089017782916526 15.956361698469266 16.679948354843063 1.3051665767209064 11.89407887766067 28.152570301775178 13.09116137284198 12.169753988857636 14.776991864828556 2.177578709534739 10.387984322626071 11.927837083537499 8.401817466011021 15.94503405711982 15.880668925511053 2.803999523088777 4.263405259516885 27.448578240903547 20.43944997447258 24.142401046665224 22.962253883320894 2.071059269697422 19.206731906123817 23.300315865541496 29.26869824336113 11.820582812486052 8.578676677148259 28.946617210436568 8.434281417045758 11.1541635340055 12.072653582572764 26.497777893314506 28.462432376734352 15.240154369421615 22.566704695996147 10.445008790303998 8.729412080993042 24.42462314602365 21.869841365079647 14.511620748431667 5.984071781025699 13.861458742300556 1.763734337617723 22.109594917865582 25.294569786219267 20.933344406228642 2.1735206855687066 24.695903482983617 9.644757077116784 13.811329557565987 10.355490377037373 11.102340574149931 16.13899454173137 22.362706417716865 2.5506993116011376 24.098808468669358 14.086190075403838 4.1319083690789045 6.832188444915613 21.265488470553997 8.901284773991742 23.88942687653421 29.359663508639162 27.093124960471375 9.00261852308416 19.635648561527546 24.76441232511336 25.86273506278712 6.627804283741421 21.000002969726168 13.859379559466133 5.2417042252471955 9.796967879997236 19.037845779425496];


nDrivers=113;
max_D=[155 228 186 161 203 173 155 160 128 193 134 190 221 174 236 205 206 178 168 200 190 127 214 145 140 177 218 167 167 190 120 149 194 238 150 191 207 194 227 199 178 192 156 153 174 178 192 161 226 171 121 133 165 210 133 219 220 128 137 193 153 131 199 206 197 219 229 234 189 140 126 238 139 140 169 185 231 123 122 125 240 196 135 208 219 197 146 226 149 208 170 166 204 205 227 226 170 158 129 221 159 192 122 138 220 138 189 214 160 138 168 124 184];
        

nServices=118;
S_starting_time=[428 174 140 503 241 388 636 254 201 145 690 76 301 119 335 610 570 577 689 658 199 38 31 44 446 695 570 332 399 663 711 212 334 704 659 211 386 191 144 47 684 616 138 438 309 234 5 159 597 565 618 322 60 480 163 108 219 187 612 95 155 107 651 559 252 111 697 528 409 603 305 124 685 182 15 679 358 271 346 303 344 713 482 331 461 714 548 683 163 570 76 311 295 247 591 480 650 368 514 50 416 158 143 371 343 246 83 576 462 476 395 363 588 23 494 719 528 489];
duration_s_min=[62 66 109 90 118 111 80 103 115 74 101 114 65 70 73 115 98 80 118 60 83 100 106 99 96 120 77 65 98 111 99 115 99 85 111 101 120 119 82 90 72 105 99 105 67 98 77 115 104 93 63 104 74 73 69 77 96 104 115 69 117 118 119 94 112 71 102 82 72 118 70 99 61 101 69 81 102 78 104 68 80 101 61 119 76 61 109 83 82 89 61 110 78 95 95 99 116 64 90 64 115 116 85 78 71 92 61 80 85 104 82 86 65 96 71 75 113 107];
duration_s_km=[49 49 48 30 36 60 45 39 39 48 58 57 60 31 48 53 60 55 45 30 39 50 58 35 34 51 32 55 56 48 51 52 54 55 44 56 59 47 38 41 37 58 33 52 56 46 36 31 58 42 51 30 59 47 59 42 50 43 59 31 43 31 54 43 60 47 53 35 44 32 46 33 33 30 53 41 33 46 33 38 45 43 53 35 51 37 39 56 52 47 41 43 51 31 59 51 59 60 36 35 36 40 35 31 54 31 58 59 34 46 37 32 50 45 31 47 44 35];
num_passangers=[96 34 53 72 88 68 34 41 53 63 99 99 72 94 87 92 35 27 33 80 33 69 63 37 38 42 60 89 74 99 57 99 88 61 33 34 43 48 36 44 78 48 57 24 38 30 51 67 45 46 43 56 25 73 93 42 80 98 29 97 34 97 84 59 20 36 38 60 70 20 65 40 71 62 53 42 40 27 69 71 77 62 29 63 55 90 99 33 72 95 66 74 31 53 99 33 95 25 54 74 44 71 22 56 90 44 56 77 92 48 44 57 31 20 36 58 21 84];
BM=250;
CBM=0.500000;
CEM=0.800000;    