nBuses=110;
max_busses=114;
cap_B=[102 95 90 114 114 23 117 20 79 69 40 136 113 80 88 90 111 105 73 102 30 38 118 111 128 59 94 50 36 84 32 112 101 65 100 140 112 58 38 41 68 39 26 33 109 94 67 44 28 86 83 102 37 40 107 20 118 103 89 115 73 71 29 60 28 118 30 41 37 133 140 102 99 109 105 69 84 112 39 57 22 46 130 30 76 122 52 24 45 63 81 32 118 128 23 48 32 53 67 127 65 112 58 84 45 122 137 94 123 28];
euros_min_B=[9.588020158994501 9.739117560135854 11.762726608987089 4.772495551555185 13.056240047044398 10.619376933597174 6.977470149038387 14.77234524237734 13.8511579420877 11.237764132606035 6.004338592696609 1.490212743200986 11.975707740718347 4.1374095978182295 4.714775490741348 11.756402614509875 11.466101817748 14.468987325030696 2.8884119379819655 8.066483659636067 5.447187632678414 5.654127841862157 5.783014777358678 6.770355854044175 12.822343505466366 1.9118272412116621 10.692822519570715 13.261844865188253 10.603319379570275 6.293794041826825 2.5837130820671743 3.524444385081724 11.913340959082179 7.5300384148614725 14.918238535314197 9.07328539591416 3.981349758066149 4.477010672785166 14.677085998572 10.964600507139139 11.37878957678745 2.1950544724742427 6.506941780448054 14.551551445428538 12.478129155317609 12.34109130513842 4.38538887329435 13.971831159573815 1.0571687251389545 9.141825331508013 5.93650211609313 9.270984015608274 9.414227140170983 10.736094370138748 1.4528239879231877 12.626609607826264 8.68524991600715 9.588675818065544 5.906334402981541 7.755143477109073 14.91280838695183 13.645266030839858 9.766539608615044 8.192873216062788 11.667087750716778 4.2302350212342965 14.487012948829491 9.39841739183919 5.182957623271049 4.296459939206779 3.0911849193944994 10.642016889015279 7.066778390584238 8.818062628912301 5.753857969127358 11.18256554905775 8.707375441497302 3.8150273391972247 7.502344566274336 4.2316693048491505 11.18595728124159 14.586421021768395 12.99700773515637 12.154466545409306 2.9967940634742525 2.7216119503974054 14.1575954382266 10.428171045049712 9.308742052244858 4.248425516390335 12.137522641041599 2.489454139551782 3.2592908782575343 3.1546840862552923 8.169652404974888 13.95331503199712 12.377970213150892 14.193829349375505 3.1039576661537 11.605716015080453 4.5632467442913835 5.522897544794632 7.043248956853757 3.97794983689962 9.707125832269217 13.44409972993093 5.041826349983079 13.194652889445395 6.825224550059562 14.370899540388503];
euros_km_B=[12.56335418542153 18.44291394642035 26.199915664618054 8.124058127634221 8.036108859155318 10.058062436501341 23.017090514555186 5.582699504764286 23.248258662880662 17.390159260267534 9.238980536146416 2.9982831593478156 11.670124751965723 26.56949802653633 26.054644608602672 16.077563615524873 27.588668827782875 12.84512738469585 17.2762205415977 17.468253604808535 5.886405970994879 10.980373476683654 11.441180917433792 11.766103572032542 10.546328904033281 13.444099635931734 22.436479657554873 24.569130312179173 23.134399173694753 18.945631520689293 29.72418069359987 8.612430236381401 5.542044565919875 11.119155570087223 1.1477744169557007 18.622589391605526 18.35123356612309 18.44475071226789 23.25991493725925 27.739256434675873 29.46687116119016 26.02486628997583 18.61669092100441 29.513978441171677 29.22810391747672 2.968223640173202 4.0887006701187065 27.289144415459642 9.995570703378466 21.19515611618137 19.46224542413083 11.1664729443581 25.19056642787471 12.257382026432271 6.131979520390776 14.161058746465267 5.734843470041018 2.702575500048255 11.471310400763143 19.011041382630758 4.102296137979787 6.173327168293933 29.980102981298817 22.860786779364528 12.39304326817464 18.789652427558167 23.86161808312657 3.2227659496651175 23.421259075082894 6.578236202075584 5.432524192605216 22.634350238447045 26.25876527593427 3.7711284853267784 6.1284132431410026 12.56153056625172 2.458820876661219 16.716866517151708 20.88933808786952 29.76752261335777 25.52352452502533 19.302354689620923 1.4376115134234924 11.573947360067827 20.462396977171906 9.78284104117515 7.609118100144889 2.6303388345538794 10.722928495695095 29.85542614958471 11.325702243856725 10.096629545817422 7.618520825024732 6.91404476882002 2.8837819711865653 15.981086187464486 1.4835712938892767 9.82060470268177 6.030638594057853 20.30396163770433 5.043319642730344 20.854918816312573 26.76274359027214 20.081532470001648 25.311203341982658 1.8675458959122906 13.791506364111452 11.598087840440346 10.126651319980482 25.210610767332312];


nDrivers=109;
max_D=[186 226 183 139 211 125 174 236 240 228 121 170 199 150 157 210 212 191 183 220 171 165 196 171 199 192 128 186 212 166 185 199 214 223 217 215 192 126 223 197 127 228 194 166 158 234 133 210 149 178 168 137 142 221 229 196 150 240 147 157 236 195 143 129 157 231 194 229 125 192 168 135 196 161 190 210 238 190 157 134 214 172 128 232 196 232 169 124 144 192 210 205 152 144 122 162 136 221 153 227 192 192 151 208 209 122 233 224 206];
        

nServices=116;
S_starting_time=[548 543 137 115 274 435 719 318 685 219 65 591 306 577 482 579 480 404 174 456 436 651 616 121 135 619 148 121 182 60 447 599 609 563 477 33 504 231 384 419 600 614 265 703 228 238 30 83 502 415 87 592 314 670 607 151 284 691 207 449 580 323 399 443 259 631 201 417 170 610 150 462 371 387 112 536 571 98 630 617 528 244 713 446 467 343 151 144 560 304 425 12 708 9 331 510 663 236 177 109 144 342 134 447 160 58 681 691 507 605 485 566 202 126 64 621];
duration_s_min=[74 72 66 118 70 107 100 66 83 87 97 105 73 90 90 70 103 113 114 70 113 108 78 84 72 100 90 100 112 99 62 110 112 76 109 85 108 64 94 87 98 73 106 104 119 80 60 115 86 71 73 87 114 75 98 83 118 119 65 82 110 87 97 113 119 120 118 67 69 84 91 109 80 71 98 113 101 85 60 112 112 105 99 73 118 69 99 68 67 116 84 86 113 67 73 67 81 108 71 119 104 120 109 115 107 61 117 106 75 75 66 79 119 93 60 75];
duration_s_km=[46 35 32 50 36 51 42 35 48 32 57 49 30 49 39 54 51 53 47 60 43 45 54 46 45 32 31 39 58 39 41 55 52 45 51 58 37 57 51 60 39 41 31 40 45 50 31 53 58 58 47 59 34 33 39 52 59 44 55 55 30 50 58 48 31 54 46 39 39 32 46 59 60 47 52 59 43 51 57 33 57 43 46 45 34 35 47 51 41 30 38 41 47 59 34 41 54 60 34 53 44 37 53 31 55 40 59 57 54 40 52 41 35 49 49 39];
num_passangers=[47 48 88 24 69 57 59 69 24 45 25 37 22 47 90 43 34 77 38 59 98 99 96 64 69 74 43 25 67 94 55 89 86 33 42 38 68 30 38 100 84 70 51 86 53 85 72 98 78 93 32 96 75 53 69 78 90 24 32 43 80 29 66 98 79 62 34 94 89 91 96 43 74 47 93 83 90 86 91 55 51 82 94 30 60 65 93 40 57 75 80 57 64 85 92 73 68 64 82 72 44 30 90 81 36 63 60 78 59 30 96 49 61 90 92 97];
BM=250;
CBM=0.500000;
CEM=0.800000;    