nBuses=109;
max_busses=103;
cap_B=[43 127 80 136 138 112 84 109 54 89 78 124 75 53 125 63 20 117 119 40 34 124 33 82 24 74 30 109 82 86 31 20 95 55 123 22 101 129 50 46 33 35 101 72 110 138 73 94 22 48 71 106 123 97 117 31 111 86 66 40 112 56 39 94 116 111 60 84 94 30 33 117 112 29 114 21 90 25 84 129 23 82 49 69 128 91 82 63 64 88 46 41 57 123 83 129 134 67 84 122 66 31 115 120 58 74 56 23 134];
euros_min_B=[5.615582433027969 11.689596397913808 8.086603166578568 3.302141302513993 4.749578920245308 3.092428175973694 13.815664894203373 13.806891567640879 12.314338390501165 12.897972338214576 4.511629246756046 6.019291372130445 2.7228789023779125 12.225782558688167 12.039829446592801 11.122176279573127 1.9415514713901747 4.209176880371732 1.4064305578569383 1.6133427217401772 7.272889152586452 9.14735967714844 11.855842686344243 10.334871532260488 8.262614666927437 6.37647036778432 11.074014507295786 4.987721148635854 13.008738275868582 12.789831202764317 4.54821916688679 10.090342548640772 5.457550585712145 13.820350656969296 3.9186768741870006 2.7926557328858514 12.014959625877827 8.2044893557775 12.929195799538755 7.365104882574294 11.990786974207715 9.53300629811056 13.23900063837796 6.147259997529823 11.131130970425536 9.877287756213587 8.864569968401273 13.159755078860526 4.407749390006195 12.768862680249091 8.874483757868683 14.745414578965494 3.1189193741261976 5.212843968157688 5.838072879559859 9.020639994030603 14.599216363745896 4.740812589734686 14.983778232796471 13.334309078014492 8.22438246184436 8.616790367680906 8.532052768662972 10.599409124915358 7.282577758166109 14.910938055461564 2.5026076378346045 7.097906014983597 10.374896490068322 11.330329728711746 6.033843011811534 7.258562131860122 13.398590831753285 5.804381565237857 4.929803826371405 14.58983668299175 4.385976135169323 4.773376923459057 6.30790513659407 2.5436570035086383 5.405049023885201 6.2398084433061545 7.17684514522815 11.625695946114032 9.13133850868169 6.021813491360654 4.915747393088257 9.831332704594377 5.163665366598585 5.40899660200706 2.46841800191533 11.15203611313819 7.05573327679056 9.622361596628838 4.479314476905649 4.723636985533137 3.6754837465061545 5.165598502577504 13.10530104212418 1.8359487745398175 4.307397724829776 11.599012059477548 8.31810738557554 6.400044878273256 3.832295899790961 8.146942355470276 12.870517095387756 12.340548893266265 10.206951963432507];
euros_km_B=[24.327915512201262 13.192586347352698 17.984144182990025 11.999165924644705 3.3097320810542357 10.656309118969347 14.247643480499963 20.657365011433683 28.071858885882488 3.8139812392918375 3.5359074429410966 9.616709658884462 10.287810387902375 16.022853185603786 7.8335083509009165 19.24140719199493 25.11861094167689 15.967235275022407 12.606569365101274 10.586670693016368 12.503273579680583 7.490150174076701 20.487443828850417 17.178877487517163 14.554697565675507 21.308218395184923 19.492132317566178 26.503279676340405 22.547892054262004 23.753673624081205 4.095175621475805 8.474477452513028 4.357256836815955 9.431792811802865 2.8763967431372506 4.778557969956115 12.235234761017606 23.2650477604087 24.16992962099887 17.86654781591196 1.2700699125936619 22.17513069674028 22.45128548284259 8.989795553913982 22.56024031520573 5.955603545141229 28.310730557668148 13.150283018526807 2.9271034036139705 7.175718053298451 16.624392077146148 21.892731761384148 12.302971593225628 10.681752447170473 10.973092674275675 5.102177205442259 10.662274471289585 26.619292937716857 27.610568668729428 12.826448898680606 16.987025669662145 23.601034180960077 11.802925973049684 26.42636140187534 2.224357494553084 15.09463853691449 16.879878355538303 8.794651347153616 12.385947062092109 6.150335212588874 18.274886560876503 8.205592670406931 7.319439839564744 4.68884367254255 29.171035800061073 9.100894112513295 12.565430202835412 8.550963611066424 29.057134945524048 1.059088225280743 9.201720977423093 28.43080638205948 24.07047779813545 17.302489539843073 16.905482796785336 22.722608680230937 6.419152649253122 16.001891378005876 4.354591798470843 28.5330913600583 12.440277277015381 6.674808178567559 12.669326501101443 19.132992455163752 8.18793699750496 18.379839678107274 22.78443535626033 12.190199203188575 6.823559933480439 1.2622394933999797 8.287388139850385 6.786735529630732 9.488093547986997 29.488919381287808 26.871286725721298 20.014642644862587 10.037734453225896 28.678103073412277 29.977053090276296];


nDrivers=109;
max_D=[127 142 221 219 129 200 212 179 213 238 166 205 175 221 240 152 120 155 235 142 158 208 224 210 209 133 162 128 227 200 133 124 177 233 155 133 199 182 177 136 177 127 196 137 122 134 214 171 194 222 196 199 212 217 184 204 136 225 132 180 146 199 221 223 213 176 216 159 154 189 150 164 189 224 154 160 224 235 216 196 174 120 120 152 238 141 186 186 229 134 180 120 160 152 223 182 163 150 172 175 197 210 216 182 183 203 233 231 158];
        

nServices=110;
S_starting_time=[544 440 125 164 153 446 157 418 3 311 457 39 542 377 334 715 192 137 238 359 387 294 75 554 588 23 90 588 680 555 278 209 357 31 193 638 632 618 117 275 221 471 219 335 218 326 82 252 687 137 590 361 559 95 175 224 344 52 124 633 197 598 501 510 143 303 88 501 388 180 261 650 274 562 579 707 560 674 316 327 96 122 364 12 237 428 660 282 377 33 307 466 510 545 305 109 164 156 130 280 262 352 313 85 70 83 675 548 557 489];
duration_s_min=[83 60 106 118 80 86 119 73 102 84 93 89 116 105 78 73 68 74 82 86 101 102 111 120 91 83 60 64 106 82 113 78 66 91 112 68 89 109 117 69 117 108 117 114 70 84 101 70 87 93 64 119 101 60 114 88 108 69 93 110 78 63 79 81 70 106 63 83 72 116 99 84 82 85 99 62 119 66 68 72 103 74 112 103 67 65 65 108 66 73 71 102 68 72 103 97 70 66 64 120 102 114 78 118 65 106 98 69 97 74];
duration_s_km=[56 59 35 41 36 60 39 42 47 35 60 39 39 54 33 48 54 31 54 51 51 47 56 60 56 38 33 47 39 45 36 40 57 37 54 43 37 55 33 47 35 33 58 33 51 36 34 60 41 53 32 47 31 54 47 31 32 47 58 32 39 38 44 52 50 42 30 38 46 42 54 40 58 54 35 50 49 31 55 41 57 39 31 40 34 32 34 49 35 51 33 49 59 54 33 35 52 33 50 55 49 54 47 49 40 53 30 45 40 40];
num_passangers=[91 100 74 95 57 79 26 86 29 33 53 60 91 67 47 24 78 67 88 99 74 66 69 38 27 70 46 45 94 33 52 87 82 85 27 44 30 53 36 83 57 96 28 90 79 74 70 76 95 52 21 60 68 20 68 98 44 63 99 39 72 75 49 82 57 49 45 45 98 100 31 99 38 85 40 96 78 35 40 20 67 82 54 68 80 40 90 30 79 42 59 60 43 32 90 31 61 61 54 36 69 27 67 28 87 33 93 76 78 52];
BM=250;
CBM=0.500000;
CEM=0.800000;    