nBuses=88;
max_busses=84;
cap_B=[27 63 74 72 41 82 47 70 115 45 41 56 77 49 134 45 79 30 55 87 124 43 52 58 101 130 61 88 130 26 60 112 86 45 90 20 48 133 45 78 85 108 66 77 103 36 85 104 57 137 24 119 139 108 90 107 119 64 104 81 118 87 98 106 66 111 93 139 117 54 62 122 107 57 67 89 90 108 21 133 87 69 99 90 136 57 92 102];
euros_min_B=[12.842117979954716 12.08558125553677 7.526350270971345 6.839262991308203 7.346661898969755 14.104563845202447 7.43959849996366 3.636412344366593 7.999174064936124 5.61461248882022 10.537255896273601 14.581726098761173 6.904609693683843 10.953005101419492 9.193364123539448 8.304025851783134 12.364406425749555 3.2791580116679855 1.4771951079180023 10.287658542607486 9.566901946716909 11.320475328791654 2.1798063717254217 7.165830041962029 8.908864920762689 3.853330917726721 10.552898905960923 11.204254323413647 14.890225430950165 12.588219592887091 6.530479574802405 4.590369181556277 13.65001600550179 6.379422543621263 10.5830613685423 3.0539433313274653 4.9819894796753985 13.238421589655701 9.103927077002094 14.10543650812979 11.09529807080514 2.7061517994014186 4.0067621630169326 4.248685981741485 3.586469179209405 12.002166732802628 10.175879630778823 9.513264636298135 3.2224404041089656 5.296867504153622 12.251811816010836 2.487021893963586 14.130679255643637 2.1223872678205558 10.439947915882827 6.523398226597006 3.5786563144980716 10.716385915527974 9.538880631124933 14.475056622441665 3.7228527724347353 2.908247518736255 11.563114811071673 12.70932516570817 6.438714029092374 8.424421907310839 14.10199718537106 4.426884239333914 1.9068610770562096 11.565078940916829 3.6549599513986433 10.718899058166688 10.866703727431656 4.607173277109159 5.236266288560009 6.057714574683828 6.095481305650336 13.023012671050664 6.467528269418271 3.296742546198442 11.50352891370567 5.693366847238503 8.395594782141533 2.6532347147508233 11.678165952937151 9.875605318964935 1.5910805273946718 13.97507969754903];
euros_km_B=[23.451857381837748 2.9504313675776435 12.308761675953406 17.991471788437288 26.758356350578797 5.819006673403631 1.874015161236846 4.4410674895891 3.0043432801454557 4.30456318454035 7.468344735469215 4.979162845013702 10.555807145674837 25.659229094768477 6.63367570545661 25.04111269437813 14.041811150780948 26.16128918006478 23.925003304909062 5.394527191519441 26.832215995120034 9.20456454862378 2.3604148984773006 1.8206654125921289 17.45370868913569 4.777217072114027 26.18397677984115 1.809535163473631 6.695211814918248 26.683304856236997 14.726040938224427 24.82899423512784 24.67466057974071 13.351440631220667 27.471896110484117 24.66152340572938 15.648421695258603 7.907095061890288 28.313719392972118 6.479121160320821 27.25655235077408 7.832352868715083 2.280513834758485 9.000071970686987 9.683627525215254 28.698934341176905 28.17217674701075 25.584420381565366 9.31895581693378 28.98134105416391 9.194798280892805 16.658618882046365 15.803741698404119 29.048450239139516 6.184356778134948 3.920508319494571 18.713497822870277 8.425596882919667 22.02409676989164 18.788896287385064 13.797173898156009 22.51386380604625 16.8163487985684 19.60627904544391 8.657459373408901 22.4912984671766 18.73553206451877 10.155602726619264 23.679371609846797 20.296533342694392 13.702381431251974 3.6111104253528623 27.360451012572852 4.831718321472959 1.2004438857320292 8.099109978337218 12.214958839286043 16.118887156987718 25.906200025748078 26.497088944045966 15.667296594987533 29.13340543753209 14.812963820498863 21.219342326133887 21.559956798496373 10.804291533164598 2.7404614457995455 3.9512452259826505];


nDrivers=93;
max_D=[191 171 138 131 137 164 182 230 180 183 147 202 236 177 133 137 162 196 179 131 167 121 159 187 203 208 179 214 199 153 120 204 154 183 232 198 161 130 163 124 179 173 227 129 202 219 239 239 122 184 205 200 136 198 193 191 123 196 233 121 133 139 132 221 213 183 218 190 134 215 230 140 186 146 188 132 167 239 182 211 134 121 209 165 150 159 221 179 210 232 195 239 182];
        

nServices=95;
S_starting_time=[67 274 436 609 391 720 383 230 698 545 294 608 70 408 252 236 538 310 261 277 679 68 131 269 42 159 237 613 140 650 594 258 395 387 447 44 581 659 304 42 326 89 519 561 176 15 685 138 340 576 370 533 301 98 85 379 547 31 133 293 715 346 272 528 152 142 301 374 356 514 408 343 123 624 65 432 194 37 524 164 118 55 501 50 167 509 515 21 183 319 499 22 342 214 194];
duration_s_min=[92 78 75 105 64 85 82 111 94 95 69 84 105 74 77 107 79 60 78 68 94 72 62 88 115 102 69 60 64 87 69 62 90 109 73 85 105 60 114 114 77 106 97 84 98 101 81 76 64 103 76 68 98 89 62 64 80 101 87 96 117 70 96 112 118 66 75 94 89 103 93 96 82 97 117 107 117 81 120 68 74 95 97 71 71 70 63 105 80 72 84 76 62 60 62];
duration_s_km=[43 55 54 39 59 30 35 45 52 57 58 48 54 59 50 48 56 48 59 30 30 46 60 41 54 49 50 33 38 43 58 46 60 45 60 31 60 34 36 43 50 37 30 46 39 37 45 50 56 35 51 31 31 49 42 36 33 46 54 32 33 35 43 54 41 40 45 58 44 56 45 41 46 40 34 56 53 43 56 39 48 48 34 30 44 56 35 39 43 41 46 45 59 49 51];
num_passangers=[28 49 56 57 49 45 95 35 62 40 50 70 54 50 94 74 50 61 50 76 34 75 65 57 33 81 84 81 70 86 64 60 88 95 92 58 56 37 93 84 57 40 100 43 81 100 28 94 79 93 22 74 20 76 33 27 50 80 95 34 49 63 35 93 29 65 44 32 37 71 82 70 78 90 60 28 72 20 47 59 73 93 43 74 31 61 25 80 96 100 48 37 31 49 34];
BM=250;
CBM=0.500000;
CEM=0.800000;    