nBuses=95;
max_busses=95;
cap_B=[30 125 117 27 131 47 104 124 122 97 78 96 98 95 22 80 41 117 131 114 33 89 39 48 53 100 76 44 35 133 69 105 57 78 101 29 136 27 29 68 115 46 91 71 131 111 120 38 83 100 42 115 137 121 53 34 118 97 115 127 116 83 75 114 26 119 76 30 139 137 82 140 60 100 98 140 123 29 107 81 56 125 20 81 30 47 45 40 29 42 106 21 51 128 130];
euros_min_B=[12.074274359694506 4.10801378825959 11.683032706055226 8.931750771698825 10.38293217989121 1.8463311167458787 10.349310934212951 3.1358504871580832 7.087950589381439 1.4590079027195848 4.151694115060472 14.584201643489195 3.7364170775569607 2.6744433447304736 5.260726430462572 4.965885298291593 6.870872907648209 10.410010994328811 11.015157718957516 12.479342587632855 1.1494727928770754 11.029137954999397 1.936202274956377 9.118691655835683 13.146892049370015 2.609339669630595 1.3067410904941916 6.749738904131993 8.022091830776642 13.915044961726624 14.14471087414539 13.06227174924036 12.704080234791956 7.133179131239572 10.49971656722002 7.596569742203249 14.102368842265507 8.437306427361074 5.072234583732203 13.591248694917185 9.11720267218751 4.8818663661853465 6.611762409660551 4.849270041978057 9.173028987862542 14.757545004961024 3.727097189489255 2.7289770053190994 10.897678904501875 10.96292725741262 14.845519107465535 8.493321733098739 1.0121929640354577 3.5211252461441083 4.4505582972884845 12.66273641781796 7.074169477280789 3.3736140504898664 4.843747514421224 8.192114782063108 9.124818699420027 13.806816772719209 11.896025489193308 12.027586982918507 12.187851564852117 13.159226382126652 1.753042725435865 4.852615530672812 10.4721789144345 14.763285304545825 9.03010462489305 2.368141514474304 9.557866945838448 13.208256775885028 10.184395989933154 12.461475168398966 3.7613098475452995 3.6350539034597436 1.0187800946993333 2.2151335979953575 1.9943135179945726 4.783654694861467 9.094289739284399 2.0147447230087887 12.10706206062261 2.2689282196166562 9.833025805772287 14.46608782710763 4.428565878586278 2.274960198022762 4.822209880634741 10.726944875412038 2.863731024072308 6.894099987669407 8.322194153290782];
euros_km_B=[7.364645308567818 7.642278599830547 10.136252148415458 11.228319019698793 7.004128863901697 14.613292822348631 1.64136980797646 9.03172280462043 11.739475623349966 21.456559062857114 24.075888189739082 11.566294803857215 2.073079806849872 5.172966986401236 14.008026485884873 6.612765194299323 9.102397282877487 7.291661909422485 10.548818134119257 6.809053959611057 5.719122502656246 5.496936636356757 13.36231689068991 25.52597554650061 20.32065671755364 2.06733441599676 26.126158703587095 17.942190954898912 27.368174219124434 23.053864021766447 15.535897971782264 22.64014115487948 14.486611188014928 9.067416407045215 15.569547711422656 14.672263699673953 4.786066213523881 4.367844866878 18.56188439186316 25.345813745007572 25.848246715019204 2.2602074678819544 10.314645227789965 29.400172693843423 15.818666213648381 21.68720378246473 1.5184472242227751 14.556237621425794 3.404189401443963 14.620334089446493 24.748484235749366 15.317389167998547 2.794557986928041 10.662340884791192 14.580931977695341 15.897144340528646 24.035537783125147 1.3276748217199081 19.459854441256468 16.25980942470151 25.507504037839833 26.17538139765749 17.61040514336239 8.166485845196755 9.559719937526795 26.285026463521618 27.557865390119574 5.027603235339858 1.3015912531258422 17.044453246994035 22.077103417965258 6.236417330174364 3.224384058609851 23.70207965518965 21.135456421107452 7.855691234716925 11.826113873234894 22.92649487090564 9.276387567254124 8.780381566234352 15.539119078772064 13.62363276476361 25.51700533946782 29.11525462456193 28.340969330102507 24.866717297105687 8.342688168228154 29.05689143782571 1.4985552014000216 4.984169526754389 4.937592799555537 20.284338993793867 5.528237512465039 16.159158859869272 13.933425174170596];


nDrivers=92;
max_D=[138 201 237 165 125 228 169 182 219 193 191 215 199 222 150 201 197 174 227 213 145 126 239 144 147 134 189 200 172 157 202 152 137 143 169 224 124 194 206 190 208 152 234 148 156 159 152 237 174 180 158 165 130 147 155 146 174 222 170 178 222 218 133 158 233 223 214 183 191 184 214 207 211 176 164 208 219 153 181 147 212 195 142 216 164 156 214 191 147 186 227 175];
        

nServices=98;
S_starting_time=[425 526 582 223 602 568 669 595 549 653 383 139 274 314 574 88 1 616 452 332 57 579 430 595 418 553 163 129 370 220 325 696 425 151 254 296 386 284 681 607 358 131 562 533 626 2 112 301 327 283 57 33 227 184 146 322 559 525 306 432 89 508 639 654 603 448 254 14 189 364 487 562 135 81 409 642 687 452 73 320 255 87 377 236 257 283 188 668 277 612 669 499 669 289 495 685 604 10];
duration_s_min=[119 86 111 110 120 85 113 109 114 105 86 88 111 81 62 85 82 82 68 93 108 85 71 101 96 67 77 67 86 75 120 113 84 70 79 109 112 107 110 96 64 81 60 74 115 114 98 94 97 91 117 84 63 108 75 116 100 108 93 84 95 111 102 90 89 73 91 92 87 100 79 69 85 90 63 94 94 67 97 106 110 74 68 88 97 120 95 110 78 76 88 82 77 117 66 93 81 66];
duration_s_km=[40 53 33 53 37 34 34 58 52 59 57 58 59 37 30 51 40 51 48 48 57 40 36 49 39 38 49 50 58 49 54 47 33 55 32 49 41 46 44 58 33 47 40 36 40 59 32 48 55 33 33 52 30 45 40 43 51 43 59 36 33 35 53 33 49 53 50 33 35 37 48 37 54 35 43 53 50 58 32 50 55 40 42 56 50 47 41 35 46 58 37 35 48 45 36 30 42 43];
num_passangers=[23 51 91 20 22 96 93 94 61 74 42 55 28 93 72 54 70 72 82 77 71 92 53 80 40 59 50 34 91 99 71 35 20 78 23 48 83 48 43 93 91 91 68 43 24 82 20 28 46 92 44 60 29 77 82 50 51 69 61 41 29 36 43 40 40 52 48 41 65 63 95 46 46 23 39 33 94 87 47 79 62 90 72 73 39 61 75 67 67 87 37 80 93 95 88 86 51 77];
BM=250;
CBM=0.500000;
CEM=0.800000;    