nBuses=68;
max_busses=65;
cap_B=[97 118 54 111 29 94 131 80 121 122 125 71 30 82 50 94 116 37 122 76 91 131 46 117 77 140 92 126 76 66 22 59 65 133 102 82 65 128 25 95 77 121 107 133 119 67 35 63 90 26 132 48 41 133 113 22 63 35 74 49 23 128 74 62 74 102 87 20];
euros_min_B=[7.095603812663875 6.416613281494345 13.49540449800691 14.79310407592572 13.89252760949068 6.683966352631712 7.384946868045971 2.666504783691945 3.2170968077513926 3.2553787192407486 8.464343068759504 13.615723400884903 13.377658737038534 4.74651597267392 1.7346610956017008 11.851619100163337 6.051780847502434 9.156030521393388 2.7816778682644165 1.6425333941727793 1.4806986128504724 1.3872328954431405 10.398236034885288 6.038577274814861 5.397655012564344 12.101486741971279 13.347136623854468 3.393250871057594 12.414679366326704 2.3205392832245524 12.574045076875356 3.8525049611903004 10.795649008039717 12.820919962350077 3.4826203143075736 4.580216350137552 2.599370159924617 14.239372717013948 3.2663675653863185 9.354981034846315 11.101260636045353 6.99554084836711 10.070678069417351 11.111660396631878 3.9680083375071513 9.119091751427861 2.760852911655945 9.333300240309278 12.3007023999286 4.861035356730509 9.76208628630153 4.134816908089171 11.609922514185786 14.11985042306639 14.876171489238294 13.928177760555732 1.520256829206203 4.141454224046556 2.6120381169654023 4.347728636713981 11.212542340321011 4.6948668913496014 2.600271455348854 12.427579685691596 11.997208247944753 10.942718592005502 5.342147949177088 13.236763929451095];
euros_km_B=[26.2119440300675 18.649567788570156 11.764379401048437 3.1986299183372218 13.67558458519076 21.845469941808005 25.558992737236547 10.085381625384112 21.507339072528225 27.87458276779025 24.271110914564193 22.297053454073914 16.56955321314089 12.559163328366987 16.791001625906354 16.468021572446 11.62928469895493 8.380312577500487 9.597605910218837 18.262701391154447 13.396054934388632 3.9796260925336946 1.257782914914217 24.425198208550942 12.41252464923021 14.921142664923668 21.00456881278729 26.11855675485437 7.654171072823624 8.604357345387548 17.52741346346304 2.5168920399145893 5.437311638932891 4.484806404506678 21.075270914619047 9.664314071457984 25.018707269037346 6.514819438770412 21.880635282987615 14.265981830026705 9.298927041595858 3.2896275832379724 4.7854686677992255 2.861084176207591 15.55567784020982 21.249288251419557 24.788626697818792 15.77295197902759 4.659469960023927 21.75504548150125 17.923647868942435 20.214527785046474 26.02518045222762 13.419367030575854 27.536971678193623 20.714763828570543 2.998262064979559 2.2211762181676065 8.24914583768959 11.280556205373767 24.03879736733097 19.55553011832996 2.442693128690806 6.241582437049688 23.61642906771414 6.274699527190977 22.099084023292846 29.783734419306743];


nDrivers=70;
max_D=[214 231 132 163 232 180 226 180 143 132 175 203 206 163 204 222 147 173 145 180 185 185 133 198 150 235 193 142 170 205 160 125 156 153 161 161 159 220 232 184 181 151 179 211 219 239 238 137 195 207 237 140 174 204 131 232 136 122 235 180 206 176 209 205 240 124 123 137 238 178];
        

nServices=71;
S_starting_time=[89 526 444 42 357 189 556 376 654 46 215 109 260 629 143 210 700 251 405 498 28 552 665 413 650 313 703 453 261 316 144 124 667 77 455 651 67 196 352 264 301 708 381 340 390 604 670 393 393 346 580 564 318 213 238 673 288 596 134 296 285 79 220 572 50 65 594 244 224 558 711];
duration_s_min=[69 66 63 74 97 83 83 109 100 113 85 85 72 71 89 87 106 110 64 98 88 66 81 97 61 75 107 71 115 120 113 63 86 76 67 101 104 73 107 109 117 62 84 120 99 109 103 92 97 114 80 71 76 82 105 101 72 107 86 117 60 98 101 68 94 112 115 98 96 60 76];
duration_s_km=[56 31 59 39 46 45 54 40 38 58 41 45 50 45 47 41 60 60 42 35 58 59 32 32 49 53 30 30 51 57 59 39 56 39 34 46 39 45 52 36 54 39 50 35 54 41 35 40 44 59 51 36 34 44 58 34 59 54 47 36 47 40 32 56 44 33 43 49 37 31 32];
num_passangers=[60 93 80 38 65 34 75 44 93 86 40 66 67 63 96 50 60 58 88 34 94 71 79 65 20 52 83 89 43 46 31 68 41 32 90 21 97 55 43 43 23 74 78 87 93 64 87 55 45 89 49 81 68 24 23 55 64 64 88 45 94 29 53 64 27 88 97 66 63 27 42];
BM=250;
CBM=0.500000;
CEM=0.800000;    