nBuses=77;
max_busses=77;
cap_B=[135 97 108 57 126 131 80 100 24 93 118 93 54 107 119 60 92 44 37 94 30 109 44 88 118 43 23 122 64 91 89 69 132 137 126 109 33 90 32 107 54 125 61 45 34 88 40 107 68 99 105 116 138 61 112 67 49 122 51 34 84 48 109 20 67 89 47 38 59 42 110 43 38 129 137 29 52];
euros_min_B=[1.732720370211351 8.682817124806082 4.532307958392071 4.268585220688074 4.3811040667397085 8.166659367637449 7.842627368311565 3.5021117290197843 5.71615439842665 12.425909687946714 11.826910275336807 14.438045322251151 14.934283633040883 7.5769007687828775 14.96424547206623 12.888113460111892 5.662069945375021 4.069715853060667 12.320653325190436 9.203534291517196 8.19023946951915 4.487802770277373 14.770022426335887 5.808889255779849 7.229428331997421 13.324757890548579 14.075669156071639 7.381405518313474 3.621998408107402 7.80284326936321 9.579090866218877 5.027996373184902 5.694668451957364 5.561147878676328 11.823072701283746 12.991782657751745 4.154543547708972 11.271610751448907 9.350111105634046 12.909470893880616 1.8142604787407879 4.238977349338418 4.449997277424689 14.171651833452998 13.630926238982527 6.936327190555535 4.2506143797869145 11.164452248195744 10.233460413576262 14.22390824019766 12.031409092361619 1.1330649181794925 5.482653798558893 11.239655756587396 3.1000862168161616 13.24186796918217 14.623652771756298 2.4637497645022184 13.762906088235855 4.249088872329957 12.043253447546814 5.551866746306457 2.5848963416529624 9.972308572511924 2.845013642421084 5.994441575079866 2.009254765633946 7.883562554264603 8.007981362819667 9.627389549414662 2.8227585248544385 11.331509709350199 13.261266461205944 11.199202541550466 9.555450652632045 6.81088152728316 10.011120840432127];
euros_km_B=[7.718110977195263 8.673646957287424 13.415345156422694 4.135655785042875 1.2389137466831945 13.62457699519692 29.979044946038094 26.727152593239747 26.811536357932113 1.8572781747176794 28.91621626295958 24.89512531185194 3.256945825696407 5.756345974858606 13.817811946519411 4.615678992655148 14.509667016717259 10.220843191842494 12.653207813878893 14.434242609808672 18.020629285735524 5.388570793002183 22.702213373696626 8.754268974576274 20.42700545138854 10.354892303799485 9.04277217409752 6.9916543337960855 29.03319643444091 25.193610656881212 6.402933698687129 19.128569881672494 10.9789278152458 7.4507229646476905 12.593471813785857 1.3411363824352198 5.756714019752829 14.735605805497862 13.076042397804478 11.777872171613586 14.31592996234338 1.537004944045688 23.989304838052217 6.626780227687372 9.204345003890275 24.018412639974738 1.9820131767035174 17.681528710770998 19.02271912705235 15.770461732227218 28.32421918240399 17.862230266907858 29.76685354250133 10.173935717772627 24.599846249609865 4.193589136491314 11.48073102094835 15.907615872249949 7.880868171781312 12.337904908030964 2.292975941576839 28.35289679544655 3.972149900226716 13.525715507749881 17.67703020503702 15.225462436357015 8.05043703638661 1.4354477783268345 1.343801053326752 8.896466826969851 13.995691424967989 3.6486663498271663 3.3390595966531986 5.4439856378790665 24.50064027670842 2.410107371932976 6.428150002773824];


nDrivers=74;
max_D=[238 125 135 123 207 183 206 222 132 134 217 135 206 137 196 197 204 194 195 143 155 186 127 204 204 235 148 235 133 222 123 154 143 185 201 187 143 213 189 168 121 233 177 183 174 207 192 196 210 199 209 182 235 232 182 195 144 208 206 149 215 237 185 237 220 135 164 162 141 152 236 155 221 122];
        

nServices=79;
S_starting_time=[715 562 387 703 161 269 388 360 550 464 534 234 105 164 150 106 334 589 363 709 222 642 263 512 338 70 302 693 618 587 580 241 484 542 449 370 383 525 231 465 642 210 97 67 469 55 660 327 338 645 371 298 335 142 559 184 314 704 497 110 46 286 681 158 527 368 434 284 398 143 294 474 291 568 170 48 252 231 95];
duration_s_min=[119 66 78 108 73 79 90 78 109 99 85 112 60 73 71 97 106 84 115 104 87 75 104 71 98 62 111 87 89 104 105 93 66 96 97 94 96 60 97 117 67 93 87 80 62 80 77 94 84 106 91 117 101 119 97 105 67 72 88 108 90 103 88 97 101 72 95 88 74 109 80 102 82 90 91 90 88 96 113];
duration_s_km=[60 57 43 36 48 45 44 49 38 59 60 58 46 46 30 32 59 32 32 47 60 37 58 48 30 34 47 32 54 34 35 52 50 47 45 33 45 60 30 57 39 33 49 40 54 57 42 52 46 55 51 46 53 38 33 58 39 33 56 41 36 57 53 51 33 30 47 59 55 38 32 30 50 48 60 35 30 54 47];
num_passangers=[31 99 59 63 77 40 36 87 64 38 30 99 74 49 77 66 59 21 24 41 36 24 79 76 82 58 59 29 66 78 86 49 60 20 31 71 82 27 42 60 61 85 89 49 31 75 20 67 97 74 46 61 36 92 32 74 38 77 49 40 24 29 39 59 45 50 79 27 49 72 21 64 46 55 41 72 89 52 31];
BM=250;
CBM=0.500000;
CEM=0.800000;    