nBuses=103;
max_busses=99;
cap_B=[93 69 75 69 129 119 64 88 20 62 132 75 68 110 132 75 63 117 119 24 22 85 71 131 127 38 135 23 81 137 74 60 118 88 132 96 94 139 90 43 107 45 105 129 83 117 95 122 62 26 118 84 35 91 46 36 105 35 120 117 50 92 29 29 132 41 73 38 116 55 81 71 76 69 119 113 133 109 54 59 22 23 87 105 90 44 117 63 65 139 86 129 92 76 106 120 26 110 87 108 38 107 127];
euros_min_B=[7.924138210487748 9.093987824900292 9.498304593444155 12.595964814543887 4.431548267408651 8.90904905528279 11.720886377149196 3.908132654324382 3.3700576890541893 7.643125354336903 4.638355492447783 11.312212037939354 12.748447274984569 4.319800795325848 8.919878859805475 10.657734486631512 11.074580700954147 2.4682028253430834 11.925489048474663 14.205363579333401 14.829383045290829 8.268505353724926 4.5569488278455665 7.6527605670108 8.454184426334525 8.551105882704308 9.981212729739706 9.357739631501708 13.873746068527511 11.295174118649259 6.016224572184503 9.544067907329557 6.3331255690756105 6.866771331519053 3.3214775084947314 5.742976502101466 3.733239348904333 14.85324341874935 3.5557180568826268 11.235231017278906 14.152729495934626 13.00906065292801 1.8441712519692703 2.068664966581466 2.9084222228394845 2.9347103949234894 5.265404042749729 10.916785504784931 1.9448864007800122 9.191816555611005 13.768189337268142 10.392317972584626 11.055113514780249 6.031535782554698 4.648801251543887 3.1140442719244374 4.847656930458921 12.157163375032448 10.161511797580816 6.77130176360916 3.5585867633281314 2.446650694253676 12.580499666612997 1.0326116061459205 1.4178322412202693 9.289618547803144 10.550387189093017 12.673290765575052 7.493010665614491 4.702590451107651 4.485272625425288 4.483013609500307 7.736096063927363 1.8589866229744225 8.710631039676358 13.942601154781029 2.5635966746329086 10.831623557575476 4.635668607044792 7.778291908834783 7.206720735689734 6.302949864707394 11.942520165977605 13.89662623463757 1.9554479906312539 8.960833895038173 4.529987586766692 4.057996470455588 8.75576396877678 7.804929061733169 5.4770456205698554 12.500111381367622 2.905274169884808 14.558147618601094 7.020208356943137 2.625178094536954 5.07074823912812 8.486666421676816 10.500253739609626 3.2536367827787247 8.656424488981564 14.747804192309792 9.644055247781173];
euros_km_B=[20.028190476219617 29.70536572891649 17.16352851103819 8.376083790884604 12.198690891286326 3.1106988996078666 15.465827448408874 24.099560439597397 21.465314748910664 26.47172517614129 6.333625744507394 24.820579386414206 25.397059736003413 27.46772879036416 17.25962264304469 19.18524824764402 8.984372902609389 11.413520854171546 22.763821595724668 19.96649721179759 1.6843647693573094 23.74937873711628 21.78299434568349 27.68075785732162 4.218977090598806 8.310512333290717 29.443741971021467 1.5429619386388005 18.264998270630915 19.284322670301194 6.602272127358376 18.84706992405232 28.07588600863422 17.51303520689604 15.964533732946101 24.572018037687933 4.650720181023661 3.281037945026698 25.958175611566222 23.35258460765162 1.3791951023543434 2.6221940498319327 5.586243219283565 26.41545322014363 11.546537238135244 28.960795014068058 7.737965296931342 12.070293515032171 29.55895704322379 14.183163691884499 11.621466333271355 24.45114913936431 25.138597145373836 2.0966846720731454 13.931359649909313 15.244070735881587 5.399948233415478 24.60823225809223 14.703068707414197 19.62782694225686 27.60092082030038 28.129851723366414 16.330409779364373 14.09359920804923 16.09170290970802 25.701211634186468 4.69698717117783 18.74888191634532 14.873487634534033 5.995826668527617 27.96125404339693 8.758505319731725 29.045438153549934 28.76107171861254 23.09868544689827 17.299964802139563 14.610069145334268 4.4294513419608155 10.741013006107051 17.351848850202916 11.177756448040691 25.28435439436641 22.610132133502116 13.809671834233711 15.56137518159403 21.580681231843418 25.42673936736924 10.16981324144951 14.302584837447963 20.951242959999696 9.584769163375686 1.0640625678699913 6.018847017508013 8.730704502089369 24.476766606757206 4.032614697779777 7.646724093321663 3.4189504901577235 22.86715743367722 5.2809682271236635 16.808297231173462 2.7089506184453875 8.972549614105784];


nDrivers=102;
max_D=[132 130 199 223 160 208 209 186 240 195 160 170 202 207 135 219 221 192 221 239 157 239 219 135 186 231 154 229 205 229 179 209 143 147 205 146 139 172 237 146 124 236 123 170 185 199 138 186 152 237 142 181 212 187 133 140 153 135 173 185 142 200 206 193 135 159 162 147 140 128 210 160 232 184 154 177 183 167 193 130 149 216 227 240 137 144 186 232 217 197 152 197 193 123 124 136 197 168 214 156 211 124];
        

nServices=109;
S_starting_time=[213 212 535 478 492 69 663 675 469 468 688 446 172 581 593 708 116 339 491 646 623 614 73 215 658 159 693 422 287 209 42 90 108 218 413 392 692 254 534 47 657 132 53 451 221 605 341 222 596 3 488 232 534 655 537 485 371 36 226 476 506 103 335 248 94 348 42 670 327 79 159 598 434 597 1 29 392 305 61 96 478 272 238 530 386 384 359 198 257 548 203 458 267 36 39 408 546 81 685 556 569 130 645 238 329 553 124 369 438];
duration_s_min=[62 62 74 91 111 90 69 96 111 120 91 65 77 99 67 77 105 110 77 69 83 116 92 63 100 91 111 119 101 89 101 78 108 60 104 68 68 73 92 100 76 81 103 76 76 84 80 84 98 71 68 95 67 114 75 86 89 91 102 94 91 94 69 87 76 113 85 65 118 69 70 68 113 120 106 117 114 68 103 105 70 90 77 95 83 103 89 84 102 85 109 69 84 107 115 90 72 84 93 104 90 115 98 108 102 103 93 74 116];
duration_s_km=[45 53 50 49 60 41 60 58 43 59 39 52 55 36 59 57 37 42 41 30 36 34 33 60 30 43 41 53 56 34 60 60 46 32 35 60 45 60 55 53 41 32 52 43 39 48 55 45 54 56 44 42 38 36 35 31 47 52 44 46 52 48 35 46 53 56 50 55 34 51 54 42 33 40 40 30 47 45 55 51 31 37 40 54 57 60 57 52 37 48 42 36 30 59 41 45 42 37 31 34 36 46 36 48 51 49 58 55 48];
num_passangers=[61 20 99 27 50 57 89 47 79 21 89 22 75 32 59 85 46 60 25 32 56 47 72 49 39 59 25 37 65 99 24 34 93 63 70 38 57 78 60 83 88 100 61 87 81 99 32 37 28 51 66 40 40 75 89 51 98 68 46 73 50 96 50 100 45 28 55 23 98 95 54 29 44 67 88 86 30 86 89 74 60 73 53 40 49 98 60 99 23 86 59 27 42 32 60 82 75 82 96 28 36 71 32 27 87 60 77 49 74];
BM=250;
CBM=0.500000;
CEM=0.800000;    