nBuses=84;
max_busses=79;
cap_B=[77 23 110 31 139 135 93 117 67 135 121 52 36 54 43 24 93 22 54 126 62 82 45 132 73 130 87 132 76 112 106 49 128 75 77 80 135 79 90 24 58 122 87 120 111 35 133 131 41 31 25 87 87 33 112 63 100 120 79 56 67 21 113 133 125 135 50 44 72 31 45 108 112 65 113 55 122 113 61 114 98 35 48 123];
euros_min_B=[12.697699036804751 10.87430065483107 4.282216941202651 12.312564459286138 11.166556563322398 11.002628147522843 8.596971174768818 9.310035354094701 7.813597354356772 2.338837920130133 2.4071624261208147 11.831297498663412 4.671242379534519 13.076446048097445 2.616682658987158 6.7411056067442185 2.0311189746113065 5.48689578244919 9.757371516502616 2.666906642088428 1.5085745113393678 6.840338161151139 1.0469171881433983 10.467470245901763 4.7239316359302155 9.862747428185607 6.933211911416414 13.617526090704214 13.201364421385481 12.010143529179162 6.447036438074507 3.5000622790001734 13.239134861574412 14.18333566332625 7.814560400612156 12.392116310828555 2.619415910205623 12.343165658553671 5.1567538519505955 12.02062186609817 7.7060361395803 14.928548081943061 10.418487674927622 11.874954178464174 13.003723091466739 9.086456943383102 5.145053512696363 6.915310585477615 2.611484635144963 2.6013602824837223 1.670489407369658 5.914596299772625 6.218818743604279 5.623050331901014 9.499927262253154 1.1464251406521813 14.319781966332982 12.132119201255058 10.878171471041858 11.459034479432882 1.905264531097045 7.91848059129495 1.669295767458481 10.352377683213152 14.297316658543341 5.4377502412297165 5.184448678550922 7.844217457116434 8.94248263072017 8.607104404181776 13.224522085639565 12.220393667977994 13.186378071085645 13.47848149518234 7.492730123952581 7.673975438794875 7.396500775482565 6.33944849429553 8.669735913680093 2.167327135298935 6.741090440175494 13.971251401059723 13.132112832112007 7.929840245543344];
euros_km_B=[4.276891435950784 28.153432423831013 10.85052016840594 28.866426016287548 22.191193312586886 28.969420613302177 18.56694617558533 15.582365356481672 4.683639958184748 26.224168135790467 13.052759616979431 10.50927311042107 19.34576221765972 8.21763603898358 4.534881322729975 16.620980219339895 17.27159620235065 15.947646403583466 7.227612666148273 8.523747329626035 14.572967768461814 25.444516539119086 17.695868695614028 4.0147233004937455 15.006165770744186 4.768456982634101 28.91206267903351 12.504120510898483 28.727327578471638 2.476817706456089 10.009165434796882 28.3183551247951 19.71866544710545 18.75129831297204 11.65180785144444 11.72365036201969 19.473222193469326 8.020332080386805 24.727450488424047 22.74847444370607 6.359059183781618 2.6766399914830385 8.818747255599934 9.480514229545003 1.0114659885990154 20.703633539529847 23.901822566229438 3.4765159754767883 15.638092025629277 18.469789975142625 10.149370877133117 27.10509517019446 17.443206784419015 1.2215190933208033 21.35327483044854 2.8574507429098617 13.48701280189904 26.95350835166027 17.892517653078134 26.217869281169182 2.447337806127724 20.876215304185106 13.620989689373376 29.386674261794088 26.55804563366974 21.928590218884494 8.82472120900508 26.224201372284604 8.343009701743092 18.855363688221484 21.20794537568927 9.97411686375791 23.244239661853047 13.51577285620257 12.425976769924066 18.376017684265197 10.638410835272893 20.491413508765596 27.376053275568648 29.616362530541355 15.165167798735219 10.096417591547945 24.891730485671673 17.197144560133847];


nDrivers=85;
max_D=[226 140 159 140 225 220 170 206 201 232 205 201 161 140 122 209 183 150 148 177 132 152 192 218 195 146 180 192 168 170 138 169 235 159 145 203 163 190 131 132 227 209 202 155 207 233 214 135 222 126 213 121 138 134 217 227 235 169 214 201 232 230 152 188 152 225 211 185 130 173 137 123 147 199 201 174 185 204 233 146 210 198 218 184 223];
        

nServices=89;
S_starting_time=[40 18 411 683 641 441 170 518 619 373 20 385 608 250 644 316 342 423 527 71 35 458 697 481 521 452 119 392 442 22 502 669 660 564 126 227 687 689 47 139 265 535 260 530 73 215 508 201 227 542 429 492 209 536 36 175 260 718 663 30 25 559 39 403 49 254 643 657 444 320 241 145 16 544 658 102 600 215 627 641 345 192 416 230 76 130 583 5 704];
duration_s_min=[97 99 108 94 113 119 60 91 67 72 115 85 107 118 65 104 81 110 62 108 76 62 87 79 90 80 112 91 119 86 119 113 86 102 83 66 98 94 101 83 79 68 79 100 114 67 74 105 109 97 97 83 100 75 65 79 68 85 60 111 95 94 80 70 109 80 112 85 81 96 61 72 96 114 117 107 105 110 113 78 62 80 61 91 62 68 117 67 68];
duration_s_km=[47 54 56 41 59 48 51 39 38 51 59 44 52 58 42 41 44 49 30 31 44 55 41 45 51 45 46 43 58 33 53 35 58 60 60 37 36 30 40 48 53 30 39 38 55 30 49 31 51 59 33 35 30 41 54 34 51 49 52 30 42 48 47 36 53 49 30 51 47 38 51 54 50 46 51 40 44 56 60 55 38 57 35 46 54 59 53 30 35];
num_passangers=[41 70 55 67 69 65 64 76 52 36 54 72 28 50 52 61 77 85 52 52 38 21 84 45 41 40 40 99 33 76 84 77 73 97 71 84 99 34 92 69 90 28 78 36 83 41 65 59 32 71 81 50 96 43 97 96 57 21 22 77 49 83 76 64 65 66 92 73 26 29 28 35 70 36 93 28 100 47 93 23 58 64 22 67 75 43 73 37 90];
BM=250;
CBM=0.500000;
CEM=0.800000;    