nBuses=85;
max_busses=81;
cap_B=[129 100 136 95 87 65 59 94 121 77 48 139 113 83 64 32 58 137 24 120 93 135 59 105 123 63 55 30 29 44 92 117 63 89 88 112 50 80 77 119 22 140 82 104 29 69 30 76 20 55 111 65 96 66 93 138 26 43 32 66 84 133 39 64 122 138 63 23 102 34 114 136 114 90 25 20 67 51 81 61 49 70 69 91 25];
euros_min_B=[4.433785999568897 6.481014099625741 1.0355693623470608 4.548790120322348 10.114471161416937 8.54910334510403 5.765278825642811 6.630635865764395 11.776880249671526 7.472229888663443 2.545250651247129 7.428915455595456 7.811329714133046 14.463182111769804 14.947392081014726 6.901182097485764 6.132426366336055 7.248903739518181 6.691269171666327 2.886606786708882 9.343317750234448 10.132344769277674 14.006711555338747 3.4597917003100402 14.479516108023615 9.864408702554545 3.9989912559413647 12.040924635326055 1.9894614639999122 6.729239480023854 14.940214579283126 4.324476774460368 13.557739072235474 13.706836823399927 13.077281632065993 2.882189633067034 8.696598878845034 11.303401644307186 10.036342232676978 2.9386977620816173 9.630289625863993 1.2206745357483588 14.574492276268161 7.776484799820108 10.907976644918019 11.254504486746274 13.144418780603912 5.488492005988469 9.783325648315872 7.412205470789399 12.506620760877802 14.628234762869136 6.501371649380024 10.219635154609616 3.3091026191329824 9.172422698956408 11.571814793828361 3.436933111878834 3.8322206044450957 8.32909489930861 6.568973116746992 4.873304899885726 6.2092188920329665 6.5954131186030125 8.546734360542676 10.479508094568278 4.742714237874474 3.6952842322103336 4.817625031023086 7.963302624318704 11.775087612090614 10.12761684165367 8.05575788266292 2.0701828384633756 1.5571065974766753 6.733665985649506 14.041594515382013 4.833394233594001 2.545219217256127 12.518844671048823 1.0500877252444534 10.343258524186666 4.209461619298613 7.071533380917913 4.89354479966758];
euros_km_B=[9.00564544458328 25.11687945460505 1.9958499186518246 21.798257440462102 23.32082012802826 14.59455813065125 20.728301281751985 12.933738721398678 4.5156453118691955 19.70980447153194 15.685475274676216 16.53259236186979 16.918912003624577 6.341927370298308 4.813105903914748 27.63375498363481 4.0267581556538765 1.069174580006587 5.749017939561869 3.512764822491684 28.432489624973314 24.581515375795366 15.918007392041975 9.46648042918605 18.34477097255434 14.914415412620503 22.424033769606424 22.70852410429492 27.342045077530855 15.904797616532807 13.847896757104108 16.0431717272438 21.41614524552701 20.57886785106252 4.060235635807519 17.2246365836767 21.35214208208094 28.064429333070258 9.741058093827528 20.732722505180572 15.811516582379038 27.96373030946943 4.113463072926857 8.700860392541424 13.439769768527746 11.712365462563016 20.932533005448814 25.66584134618549 3.8266536994076423 7.342195308845659 9.222678450831488 17.078482055756908 22.728328457814538 13.265957002071142 6.632309626468201 11.943509907206366 4.447400958501786 17.86631733903092 27.925221048428767 25.417085998038914 19.798018696266595 16.383744032016768 29.922741898607647 25.12430811763282 9.095956692025133 29.381506022208704 10.355492174669328 27.94079356830795 11.30299319498694 25.479783226621233 18.43658625402014 7.5474016051259945 10.651110991137276 3.7192447488808713 7.512686688346527 3.1096557265188993 20.223302747857296 19.138780884965097 4.1456456561469075 6.654800754006172 9.618531060134817 19.374092037163056 6.1313530917891965 27.90986769240561 13.989146026362862];


nDrivers=85;
max_D=[162 226 231 170 204 212 205 120 234 208 139 160 130 214 172 224 237 238 181 173 170 138 130 147 225 183 136 201 168 166 176 170 120 189 148 166 219 215 129 158 208 171 155 144 216 222 161 163 197 175 153 176 120 197 227 206 155 238 188 221 201 150 210 223 217 213 136 192 202 161 225 137 226 160 132 144 125 127 188 230 183 234 168 151 147];
        

nServices=89;
S_starting_time=[629 412 206 288 113 481 176 612 690 628 59 1 636 347 514 72 437 258 703 315 317 488 228 81 125 583 293 638 570 222 220 678 289 107 419 111 115 196 710 346 677 471 639 370 389 571 486 166 153 253 6 87 619 273 612 246 295 390 243 520 64 528 242 5 44 365 117 219 286 204 67 121 528 372 484 627 685 118 299 613 446 190 11 484 536 125 23 154 4];
duration_s_min=[93 98 74 97 116 66 75 78 116 78 95 63 79 110 110 112 88 77 91 105 116 60 85 68 91 106 65 96 72 91 78 96 81 80 118 103 86 105 77 120 92 72 86 98 108 88 68 63 66 119 79 117 100 108 70 86 96 88 88 82 114 84 107 86 73 118 112 76 108 120 73 94 119 115 76 61 85 88 72 81 109 71 118 104 72 115 87 82 70];
duration_s_km=[51 40 55 45 41 45 46 49 50 56 36 30 31 32 54 59 47 58 49 32 52 54 56 41 46 42 31 37 37 30 47 58 45 59 40 49 50 38 36 30 33 35 38 34 55 39 51 40 34 35 60 31 30 32 38 50 39 56 42 33 52 50 48 54 40 39 51 34 48 31 33 40 33 44 51 54 42 41 51 45 38 59 34 44 37 35 39 30 55];
num_passangers=[92 40 44 45 21 63 79 65 56 48 30 77 43 76 36 97 79 36 41 50 26 58 27 87 94 56 86 76 29 50 60 37 24 89 32 33 49 45 95 66 100 66 66 98 36 38 57 87 28 27 70 42 41 72 53 48 90 48 100 30 28 65 92 39 92 40 43 74 98 70 85 54 22 80 21 70 88 36 67 26 94 31 22 92 80 45 50 43 80];
BM=250;
CBM=0.500000;
CEM=0.800000;    