nBuses=99;
max_busses=98;
cap_B=[130 102 107 78 71 114 106 106 140 95 73 38 49 80 83 81 22 134 59 140 43 47 31 99 132 107 58 118 133 52 94 88 65 119 21 135 127 60 118 129 103 102 115 86 86 79 35 121 61 111 35 74 33 82 36 46 53 112 103 140 130 25 102 119 77 36 58 50 46 33 112 30 45 22 118 59 57 33 87 120 67 107 101 128 39 120 49 44 123 57 66 128 44 70 37 135 39 109 114];
euros_min_B=[14.429089874385573 7.1362812856996065 1.0054131819041512 11.08701523198461 6.936623608929475 11.392424272079097 6.3266566780008775 12.115255683386499 11.447455807155128 6.214723146166513 9.90386689950574 6.8408666534948335 11.210297815814926 3.4657681604838646 4.71388373721628 10.016532648686029 9.093121660871724 4.335977251873517 4.815078768071539 11.962662872481793 6.265355502207591 3.342640031778226 2.4501372402861525 11.654112019550269 1.074336787748663 14.433808213335789 7.609857287343788 2.879253875072851 12.472315497943235 8.13718488903128 12.364644974375082 4.543857081146426 7.343293019622469 7.61166523070208 3.5802603599522715 14.846116928058759 13.3987636011528 5.603505235360389 4.648233656352791 8.192982214650371 14.942964974385852 12.093684598649224 10.774248982069098 1.5874074366956348 10.524620483612843 14.789358523135796 5.309523075375164 14.933689362758015 9.774701441983224 5.219559253586663 6.072044994990904 14.965081001343073 12.22061013446124 2.0557172510104254 2.286253116962517 8.40734014523127 12.116284247798324 2.1253009278301502 2.993591424500166 5.673772851828907 10.06815599614991 5.156738451626538 1.2871992856655228 4.704675966224884 10.055777245550683 6.4260907251228545 14.291451753147626 4.6171869590647105 7.404881814348497 2.767808606439463 3.278676249831006 5.305427427971061 7.918142665117621 9.614311021715881 11.49342715365655 13.041811565237726 10.518988703479216 10.39152221555383 11.847040920882186 7.13268409874891 11.554104730276642 2.3130380603008778 5.104936285484087 14.58845486043916 9.8208563403124 8.709759108887429 2.5770112317884744 10.00729351672514 10.90635310011082 11.854364888421653 13.789395242089554 2.498031577389885 2.2058272167990935 8.308593923000899 2.3834099144357674 7.514382331399613 13.657754412039177 3.0498160142234623 12.725421982719311];
euros_km_B=[29.114459812616616 11.7701330776567 3.321547763972425 3.3346138976220443 11.442344549416235 2.865384721606782 1.8761766583346953 28.484571808399693 25.55353881264855 12.984695098766434 11.903759458353424 29.856964367827455 3.5851896448426626 9.328224165980966 2.6137461082562625 17.889555675399137 18.80968978822218 6.1429074183161685 28.348662733160968 27.004354896733542 17.870373068709146 24.410434960232667 8.808753273523394 8.45087159738862 17.410679555866523 27.331564923458735 18.659626073246077 4.509787998378854 13.20262776050252 26.71883977039732 4.322815713480817 28.415427120775746 13.89838954385929 20.83160484086105 3.664233803114463 12.396817477912105 17.443348101712033 9.6441572944826 26.556237322325263 5.513082526282477 29.869291195786683 26.692360792674595 6.4971177615880675 22.290638134444784 5.041575795311569 3.8824280532549293 10.081961219691571 23.227764326178992 19.60094387957344 1.5576293273359219 14.674908371009849 28.456137400434372 12.55737062045331 24.44144074220529 21.42439727717573 2.447459877466009 8.553843083089749 19.43951542977527 29.74689364143921 11.10391128511212 21.37314178374833 18.352342880817556 23.550339598655935 22.293082031011725 18.05630687893656 27.62722324331937 25.334361913791867 21.71310787982763 19.668796705288436 27.187391884542745 17.18458924418858 27.69328430943394 25.968663661604747 28.515895585062076 23.662397569976658 3.8779499620213542 19.170146641713135 12.76073669435334 2.4149796000380617 12.106814397363774 1.08220972407774 28.898357727758555 25.325609834553042 1.9644247045431218 16.162980057396492 2.8740165246981526 16.53829117947962 13.773456472185018 5.596886455471704 20.637656659954263 2.4247922105196906 10.792154505759958 10.829681844817639 29.415813805234105 23.310748315553788 9.812777708858837 26.842332409931384 16.45058402542937 11.869141160317428];


nDrivers=99;
max_D=[239 139 238 234 173 230 161 188 151 225 162 211 194 216 214 203 226 177 160 155 165 163 225 190 201 143 143 182 188 136 130 135 131 148 167 132 208 230 189 192 163 156 193 215 131 128 204 178 172 158 189 219 239 198 211 226 178 239 190 188 204 124 140 133 217 140 131 194 190 144 122 161 197 142 210 201 125 188 175 181 125 159 131 132 169 170 120 126 121 158 223 143 174 157 223 209 180 146 133];
        

nServices=105;
S_starting_time=[410 349 69 386 623 669 691 530 529 51 691 59 691 139 253 205 231 592 110 82 182 260 266 673 366 305 708 330 393 650 208 652 557 446 164 517 720 665 159 176 716 663 68 432 592 396 73 268 380 0 89 12 405 124 42 697 134 361 337 586 321 215 35 652 80 494 584 692 116 463 430 61 467 197 155 590 559 58 599 101 236 490 612 543 537 643 152 151 594 361 205 107 186 73 545 431 597 310 248 662 98 608 160 54 184];
duration_s_min=[100 97 77 88 72 109 111 68 84 94 106 106 88 119 92 110 100 120 111 101 97 105 86 74 100 107 77 103 70 94 84 112 93 85 92 119 62 86 119 103 66 73 79 70 84 86 96 118 105 105 77 114 85 67 87 69 105 81 67 87 103 75 90 87 101 98 95 65 80 74 74 120 64 90 78 70 91 83 70 66 64 79 117 112 93 78 83 74 82 106 105 65 64 61 83 97 75 119 107 99 83 90 78 94 100];
duration_s_km=[37 50 54 40 34 31 59 48 30 55 30 56 55 58 38 57 36 42 39 44 56 49 50 41 58 42 48 54 32 54 50 38 52 45 50 30 56 43 30 42 40 54 35 50 40 49 47 60 45 45 39 56 32 40 57 38 38 52 38 39 31 31 37 45 51 30 30 51 52 34 52 36 51 53 59 54 36 45 55 33 43 52 51 52 36 44 31 32 46 42 32 38 33 44 37 55 55 41 60 51 39 54 34 54 40];
num_passangers=[54 71 75 85 34 89 54 86 26 75 58 41 68 41 78 54 49 95 73 53 67 83 73 54 95 57 78 24 49 89 87 41 70 100 82 58 75 76 100 37 50 35 20 97 70 67 77 50 100 74 29 50 85 93 30 22 34 46 53 99 77 24 71 41 41 95 91 65 78 87 45 67 77 70 40 26 92 65 31 63 76 37 92 76 69 56 96 21 92 67 74 57 54 58 47 62 87 39 59 97 64 75 43 63 94];
BM=250;
CBM=0.500000;
CEM=0.800000;    