nBuses=115;
max_busses=110;
cap_B=[31 32 44 131 69 57 103 47 25 101 119 88 108 134 95 93 51 70 133 29 20 22 37 63 65 129 133 55 133 102 83 48 63 136 88 76 81 59 82 128 59 94 103 118 42 75 87 130 40 59 134 105 62 55 80 122 39 110 91 65 49 135 107 53 48 88 118 96 24 39 137 34 127 121 35 103 128 125 82 103 83 109 59 89 79 53 77 98 65 87 28 98 83 104 38 128 23 57 79 51 87 81 123 32 57 61 114 137 115 77 88 95 104 97 96];
euros_min_B=[2.1102849767938583 1.7002386745732674 3.0406983766326725 12.010233178742888 12.123687876799435 10.962316513376635 9.300139095813284 14.290879457704985 10.595672028690101 4.146521692913782 11.693412890767288 9.065801501464778 13.45809867057268 6.387983772627209 5.653820118190055 7.2116056618284 6.923825190232104 10.401921426432462 5.021330119493079 10.282474282817208 7.266596763088815 10.465150664389215 1.16000476149713 9.901770912997518 2.6049688530863433 4.643291004777104 13.465026811316978 1.7744534224791946 10.952312849599387 13.92044230352746 11.106011352113143 3.35164818264483 13.545419274047461 14.08430472836342 7.278324139105443 14.371950960481415 11.567788502417635 13.627817673502278 2.045203668427396 5.169189180368605 13.395772743904255 9.430944961897712 10.9716460012758 4.9177807337187325 2.8112517626316333 4.1049472763527035 10.231517138692071 12.635242939717749 7.841914333715 8.021378349242234 5.875396277948666 9.081324912217825 12.533782176095784 12.076598978428251 2.7773866808065772 14.139769284508894 10.575302520389592 12.313924818972847 10.502784972427541 4.70334353073089 11.961611760973028 10.290335369050254 7.764973255645879 1.220799813584227 8.167329318221288 5.4429060150519355 6.0382782013917575 7.950390518952558 10.55704662926262 9.186257287526335 12.069534821846256 8.248515441516883 3.2515844855904588 7.607951697236336 10.049069251246522 3.5643891979371363 11.014349717843624 5.384497891068158 3.352032527687338 1.489286153957891 2.2414493677929856 8.190342770561386 8.03199574068198 3.1261038612608143 3.8516867129378385 9.473752648975292 4.239087909302764 3.4172345470266037 12.590277011311292 6.159886410588195 1.4623835006323018 13.171068757430687 13.335204108582372 12.562049316110954 11.464511614785923 10.175736147422747 9.554924768672526 14.923450250366885 3.5192973870943067 9.199689354437707 8.0866785207285 9.836057144951518 9.75515121885192 6.190128168722753 11.195580139007966 8.664194616163169 4.330424344199247 2.426991766231202 2.5154838938189363 9.277472980201255 5.6594343916094765 1.687154528435306 12.80553944139212 3.335210570563757 7.4121353434619905];
euros_km_B=[14.44148334717444 19.302826515157193 7.5181140166398945 11.772571861810173 13.336940825984295 23.38844131729878 16.763262478238886 2.300764261572449 11.504226776202998 1.675830198833219 18.48124422290969 1.5178863544116152 24.242199874424866 2.9157247973219262 28.296605850732 11.513733256675021 12.310933231755147 6.337470675555756 18.608745286202428 24.803644580317364 11.624690667394365 26.785043780950424 26.33646990232209 25.347773222369742 29.927430413953093 12.965558405635191 22.168005057330003 8.808417994865533 12.845727721095347 29.58159379060206 13.768887013946483 25.29125569570061 6.88383390872939 7.950767719566809 7.680356794158984 23.78909645995946 11.956599290747192 11.774476987317161 29.399718298600938 13.880040185101938 8.911991230371619 1.9718228994663545 17.413673132654683 11.612751463911094 20.479440326376757 4.288161293947848 10.326899950566277 12.913314203464664 19.801282164636284 27.007338161859572 5.185387814430182 3.634579764264377 6.946778704820534 1.8984078850495054 23.182785583111947 27.015465425249776 2.6592931013011976 19.087937058520858 18.76383900498724 12.108757825416035 6.893950955916563 1.3381329854756108 24.929080061015917 18.712563983922188 6.1988129924693975 23.75958507376592 12.355334101330097 21.69844966519516 27.658530563413063 16.705570989990903 9.917666041781917 21.656584329360747 11.133310828112645 14.683611177201774 12.830900757421217 26.28068569472443 17.75861573726162 1.0963543805680098 28.977222072911637 7.524807068388406 26.383751262713833 13.057492792224966 19.71773669554168 24.39810939641219 3.825377223171535 22.705419636844876 13.250690999224652 10.63189888554474 6.655407700387375 8.342245774043239 7.914881884534534 7.703082245263955 11.873776194644723 18.941772768400227 18.47286533951169 26.511508436613898 3.313587618361358 19.069900955844922 14.470146989244817 2.0219651898374527 13.978283538409025 29.350275021124304 1.5080505661634303 17.80085168160021 17.82411018575958 4.86882201118844 8.802656113993258 19.787455978780535 1.5949324192246643 7.619556482180824 29.21558127700173 19.598299510333984 7.81387881124836 9.106146856173941 29.897053486973427];


nDrivers=111;
max_D=[131 204 174 215 227 169 161 154 191 152 212 160 142 179 134 147 227 209 163 123 204 214 178 219 180 169 235 202 205 169 135 212 217 181 135 174 175 209 201 140 196 216 156 140 223 231 143 211 205 122 164 205 200 161 130 147 121 133 177 185 159 202 227 232 149 240 128 193 140 180 176 194 134 217 135 188 124 209 202 214 226 157 229 183 155 197 204 131 224 227 224 221 188 196 170 230 205 202 232 218 135 165 239 156 133 134 210 138 216 124 182];
        

nServices=118;
S_starting_time=[153 291 610 603 276 225 447 5 154 554 131 188 38 61 304 183 417 37 693 448 446 185 116 695 138 600 634 421 652 691 642 290 646 178 24 393 460 50 104 573 300 661 106 599 374 249 196 106 139 376 609 224 31 249 316 660 333 164 184 218 172 455 382 66 110 44 24 463 628 125 329 107 124 229 213 184 513 536 143 209 481 269 434 32 221 425 674 31 392 226 421 351 182 556 90 392 55 194 546 458 602 571 392 132 377 228 193 54 670 294 680 268 107 43 695 213 416 215];
duration_s_min=[89 65 111 117 116 105 95 117 75 65 63 66 107 87 76 61 102 69 117 80 82 68 111 69 61 93 103 67 84 104 93 92 110 101 83 109 102 104 71 102 74 94 84 110 72 120 93 82 66 75 62 96 68 108 114 109 84 66 78 82 79 106 78 110 72 117 77 75 109 61 77 61 119 105 98 65 111 103 67 94 112 118 60 68 104 72 74 116 73 71 118 64 87 89 86 115 67 110 62 111 101 116 110 113 64 97 81 61 69 73 118 101 102 86 69 117 64 115];
duration_s_km=[38 57 57 58 56 42 52 35 52 46 60 42 46 55 35 35 53 56 42 42 42 54 43 45 31 38 38 33 34 35 44 38 45 56 52 55 48 33 44 52 51 42 30 34 58 52 31 59 32 56 48 54 47 52 35 51 40 45 52 45 36 42 58 47 53 38 53 60 54 39 50 44 58 55 36 56 47 60 44 39 32 60 47 46 48 43 60 44 51 30 42 53 48 36 48 60 33 41 52 37 43 45 40 32 40 54 57 57 49 55 36 39 38 49 60 35 49 52];
num_passangers=[57 25 40 64 65 99 44 44 64 85 83 77 81 39 66 45 51 36 54 93 49 23 64 100 59 63 63 20 65 34 46 26 84 29 25 94 60 56 39 87 59 34 51 53 61 32 37 56 59 79 59 32 82 53 94 82 73 56 48 39 49 61 86 99 90 21 26 93 63 68 71 73 27 46 87 71 74 50 25 67 67 94 37 32 59 68 93 40 94 37 78 79 41 55 58 63 24 57 49 94 92 56 58 76 98 95 72 45 49 36 37 94 99 97 100 74 31 97];
BM=250;
CBM=0.500000;
CEM=0.800000;    