nBuses=66;
max_busses=58;
cap_B=[118 78 61 73 120 121 127 37 35 70 23 60 72 86 25 133 139 104 92 71 46 121 116 38 133 84 35 75 100 109 86 137 101 37 58 79 93 40 124 57 105 128 31 49 36 115 130 89 72 72 56 41 116 108 35 44 132 27 93 123 76 85 95 26 79 20];
euros_min_B=[6.685409083331633 6.2696320532251555 12.334539079084276 13.474897947577334 13.413864812071456 3.9010506785274797 3.0993135222914194 5.445507821744015 6.515531063095474 8.124334226384182 13.834202984612226 9.948176731386322 7.515706146585134 4.140678433181188 1.9566827748117543 14.682726130129625 12.261452135884069 10.353121766391501 8.773759664122547 13.003277314018714 7.6646863248024495 12.182490225130472 11.199262723279 8.88609043055772 6.116021397283581 12.807734335608881 6.134353232813085 12.807721520811763 13.646244041902255 10.46116532036473 4.163133097295195 2.941827752137123 14.88079299493077 14.657426067796964 10.79940454025777 8.062239213144348 10.749301984482825 5.8765637453103885 4.255212477284746 2.0402946823281565 8.494651802606981 6.3509919059909805 3.359329452838775 8.027786073541066 9.11714007026064 1.6202809616889602 14.852222190327788 14.134525986836792 1.0514496215800757 6.2033553113741435 3.451215905597178 3.5479892546557408 4.916946883828242 14.361057716567133 3.289080595259117 13.946849648189824 13.865714484511251 4.985520837469011 8.591095391797499 4.030634328270901 12.343136694348974 4.3466335922124095 12.619747467969368 8.122590309100675 11.25655084218132 1.001676914781647];
euros_km_B=[5.50792037413823 15.976031413026012 20.147176352489268 6.268054565621291 28.960843499744204 21.44215661433294 27.569376614907018 24.030712293902177 14.222685498167198 3.5277709150073715 12.709966081913235 5.486538874301517 5.92364295639314 19.407528021505865 19.62426958738394 13.705825671765139 28.853616564015322 1.4898295501632672 29.91030733688102 3.466792323600326 26.5895844578015 27.286823069813032 23.692254886476956 11.492724733556376 21.9693718642259 16.46001839142113 5.233092048525727 29.930159689227803 13.763537726668542 3.6622473702432954 25.176980177245518 12.472604839408456 22.18448312685929 26.200488483629595 5.401044683405882 7.181915351317414 24.512351931746554 15.48568438984089 19.165645775790686 24.000010882641778 8.665601071882843 11.563511801352083 5.049294074161248 26.777578304876474 15.811362268811806 29.426243566612737 27.787084027396794 1.415463159277464 5.9797952082457275 27.712435133813642 4.148783940747894 12.318075155549655 21.09484654447733 26.09036250940875 22.6271762414827 21.575489188936093 17.158403494732262 14.893586131008027 29.78736853662259 23.6804344586651 13.684781488692815 15.824531812068303 1.643190682497195 27.04661842804656 3.841956831794329 23.888353146781913];


nDrivers=70;
max_D=[169 217 135 239 193 193 123 166 219 134 217 146 207 139 158 206 198 137 145 184 167 222 149 191 151 125 130 161 146 204 174 164 124 140 195 174 135 124 150 132 168 185 146 159 214 228 218 216 182 220 216 189 158 210 223 154 148 239 224 169 136 155 175 133 179 240 218 175 136 200];
        

nServices=73;
S_starting_time=[104 59 88 389 320 630 33 505 232 94 596 289 317 368 539 128 93 25 417 208 181 111 100 142 640 415 670 270 381 638 436 560 219 672 331 441 20 42 434 65 450 518 393 557 573 543 151 170 66 509 610 360 629 540 219 449 571 709 30 715 295 491 720 396 669 616 83 650 73 584 235 400 425];
duration_s_min=[119 66 60 74 109 106 83 101 90 62 118 87 111 96 103 66 113 99 115 75 93 89 80 62 82 84 70 94 108 95 93 120 62 80 84 117 78 107 114 105 109 107 63 84 67 101 118 99 61 82 100 104 94 83 93 87 107 100 71 73 77 93 68 63 70 115 89 102 79 104 118 107 102];
duration_s_km=[48 58 36 47 44 47 46 56 37 47 45 49 58 57 42 32 42 36 32 47 48 52 39 59 39 47 47 30 36 58 31 31 42 48 52 58 44 39 53 52 58 56 30 46 34 51 49 48 34 37 52 34 52 32 45 53 60 45 31 46 51 47 56 44 44 37 32 53 52 45 43 35 51];
num_passangers=[83 85 25 60 53 92 58 88 20 76 26 23 62 54 20 57 87 49 87 71 38 83 49 39 68 20 55 43 64 64 28 63 34 28 51 37 67 53 32 36 82 89 37 72 47 89 31 57 37 63 70 53 89 62 42 92 58 83 69 92 33 30 56 61 74 59 41 27 66 94 66 96 74];
BM=250;
CBM=0.500000;
CEM=0.800000;    