nBuses=90;
max_busses=84;
cap_B=[37 38 106 114 74 45 100 109 40 69 114 24 24 110 135 121 31 102 38 27 108 88 52 32 79 92 29 110 26 116 119 25 20 65 92 101 28 65 39 90 93 138 104 42 71 25 81 102 91 43 83 87 44 54 82 88 139 63 107 59 106 58 89 73 106 21 131 122 37 35 130 75 84 67 36 79 73 53 107 135 51 68 49 120 69 22 111 53 137 44];
euros_min_B=[11.087251565500054 4.792221811078586 3.644613639996316 4.193846564543966 8.509663633879848 5.183756959001662 12.432726476074947 7.641795244857839 11.505406140010477 6.480090295441549 4.168532318357207 14.175626127816713 3.6501633733273735 6.669354802431959 10.383257460761499 4.474306932124494 8.527360217637082 2.7460411268509723 5.825458897224171 6.642240146093183 8.749871328457271 7.103894218149316 8.816903073608634 7.673565681963527 6.0259943928405075 10.462400931185122 10.622067805261652 14.666786780807495 12.01374099835137 5.513682994980411 1.3043793008543663 6.954059145734208 2.289528883405453 9.16327426554755 4.972167667199033 5.833118408450676 10.787640747233882 1.9759666210318767 4.132859157604515 2.5781742951664293 4.6016033212232665 13.233234760519247 10.404096155120012 6.694766887675955 7.3853836413183975 2.6396861797538476 7.363023523070881 11.244841435129182 5.649937713351154 3.1019086179880957 14.594887291739973 14.30010949190647 6.915700312543393 9.54877834529072 1.5732762257007742 2.716845434321848 12.638968009191014 9.502999125258684 10.229095539333672 3.7329531449531546 7.5925836265137505 4.946189284422425 6.183080415569034 12.084613395553987 7.280314150663208 12.670096551772891 6.146066011519277 14.942969762558201 14.587835922816009 1.687745299298293 5.656034244013672 11.111961095306627 10.274749628037071 13.964004785646862 9.177744395174471 14.48563626055965 6.827474298387167 1.1816188446672269 6.710176312754951 4.717734463394315 12.809017509599835 7.40637643774197 13.760175922759107 5.008705236258402 10.92710239793961 13.886798029228736 5.147186420273349 11.6190955145728 5.125609215981212 14.28222085001585];
euros_km_B=[26.797840561006176 16.9425001090657 17.26416736232059 5.15849819365327 4.247089068368668 12.645614602955227 1.5071765026378716 17.783015394776346 2.2853835391015673 2.358381565834752 12.617570537955508 11.80113533245109 26.639714152622854 29.0416626937445 24.808565683673745 25.004279091668913 21.501183680462965 20.504131949037994 28.21487200718991 22.874529384022146 24.065086157975987 4.977812408530063 28.344656711957004 12.698834569035165 8.28850058376743 1.746776033048019 10.941412697684928 23.016172202382936 15.097587585236333 17.461433012984063 7.558867794213853 27.704978903413306 12.508065364710824 28.537656075730276 15.844571199205847 12.717993729902059 10.11247634741682 20.354941647041407 18.026548066129784 26.29112751572998 5.369793811711966 7.467661608293393 14.638106927222806 3.5867943655009404 13.605069728521348 2.695941365379463 4.822142702337052 26.94751701223544 12.852246696516717 17.041543818020703 18.43100293454514 26.91044261875424 9.173560259984644 7.871066324759426 1.533753964019196 10.781810736144651 29.492025350193956 8.470586696715428 13.890275547387473 7.243953057433491 26.966814139327123 19.62674592692397 7.065043378970451 26.306043672147997 16.025787804269044 26.49553061356777 6.265096375272702 15.196795443466373 3.137791915514199 12.873939662224135 12.800598780175514 26.8315567229014 15.114333865814304 12.922784356850116 12.59171902103738 11.732591272978919 19.169921393235104 9.391416621555656 5.671820879532983 13.182106897214334 19.36082871879616 17.66807711302098 24.834854682639353 23.50556024300378 18.174086407192423 26.380460401728975 16.373724125488383 12.11649030285107 8.332933615136092 23.248292114613225];


nDrivers=84;
max_D=[175 121 189 129 141 193 217 131 240 145 128 132 178 171 162 151 143 191 139 136 190 205 213 180 228 208 141 166 149 127 208 173 223 196 141 140 158 139 134 146 192 230 186 193 196 161 152 230 138 221 228 235 142 200 146 231 141 181 184 177 135 152 207 192 209 160 177 146 216 147 196 183 155 224 206 134 235 147 174 218 214 234 174 165];
        

nServices=91;
S_starting_time=[226 395 546 253 518 172 247 153 271 67 97 390 396 679 122 418 647 354 35 169 716 23 24 652 335 206 662 579 185 73 215 209 423 30 172 280 630 367 720 84 321 213 594 278 222 136 511 303 496 261 283 551 670 27 653 549 638 343 669 613 322 571 377 642 421 66 511 186 589 75 503 104 430 233 71 201 524 593 110 358 479 339 440 539 222 585 614 376 619 36 139];
duration_s_min=[105 76 119 75 76 97 67 113 73 98 100 79 98 74 103 95 115 81 70 106 64 94 92 91 97 85 105 109 116 119 79 116 75 104 102 120 119 93 99 115 74 73 111 64 65 80 108 98 115 69 99 105 85 117 111 86 88 60 91 81 79 64 89 96 78 116 60 73 115 117 114 61 60 100 88 63 85 67 63 99 109 97 61 69 67 112 70 80 113 96 67];
duration_s_km=[33 55 43 40 45 35 34 43 34 41 39 34 54 44 46 52 48 36 41 40 56 58 44 58 58 60 48 56 55 34 36 59 58 49 37 45 40 43 34 55 54 48 59 45 56 54 44 53 59 34 38 35 59 60 41 34 50 53 50 36 45 42 37 42 39 38 34 40 55 57 43 60 42 45 44 52 58 58 59 60 54 56 32 42 53 41 58 60 44 49 56];
num_passangers=[63 70 62 93 66 73 85 96 85 56 48 78 81 67 23 47 78 53 97 63 95 75 51 66 65 52 94 78 75 55 34 90 70 57 92 85 61 66 89 46 59 71 38 64 36 88 83 53 65 89 53 50 74 64 92 78 82 78 80 94 25 62 87 35 32 29 88 91 65 50 28 68 78 25 30 78 42 89 65 94 68 90 98 66 74 57 45 50 68 27 95];
BM=250;
CBM=0.500000;
CEM=0.800000;    