nBuses=66;
max_busses=63;
cap_B=[103 103 136 23 134 42 58 80 80 119 130 84 90 25 32 131 27 103 76 36 74 123 74 84 127 73 28 90 85 81 108 132 104 96 50 40 34 131 76 60 51 94 84 90 75 66 86 126 128 90 124 86 91 72 86 136 68 32 80 97 124 67 137 124 66 37];
euros_min_B=[13.120897597453139 13.948112664194165 5.861654112767736 10.902423041799285 12.741413320273063 1.5354117477800857 11.110613676733855 8.444780925032484 10.756913789987307 1.5080203562437975 3.882678726152669 5.476168456730303 4.608672499766106 11.098727717181355 12.306924190813467 12.170080213094668 2.6560850645441576 2.745240640562362 3.4018451696763297 4.130556374103483 10.385849517995911 7.29726517140959 10.28284054765202 7.315094606124402 8.512387710314451 6.804324730754577 7.930305576846091 4.088209026335143 13.494229510636949 3.747370862059424 7.754916261202759 12.167557993642943 11.581094942750081 2.9309669940358383 9.661551526532152 11.448841749905165 5.500091835793328 13.489605864737765 1.644854884295023 11.076905769033248 10.030601977353395 11.621738815526879 5.883561051780754 12.47184391181782 13.570683445979833 12.604727153886047 11.445310847796751 7.596900386490694 11.481670492850856 5.972226430058934 13.85940087793824 8.850893630168002 8.32411019132266 6.870584045358854 14.537449272122796 7.4310734609743845 10.498005169296142 12.762857415333436 7.530656017377492 2.827694290608766 4.177819502034409 12.899077312528538 11.322046440019454 7.458401995942197 7.35392753798621 3.206432068255536];
euros_km_B=[3.7575556884077708 13.490251536847957 28.54908223735353 15.6987664113027 9.230934934580347 18.687758782700502 1.9296336824340534 25.28990009026956 4.964611505227603 13.676988008382994 23.925413187520014 12.533128400981742 21.27126608806577 23.275146099282445 19.364674803593697 17.675598544140247 7.309092516684476 22.686100769498662 20.9379457940593 28.75040591257245 2.9610086644346474 22.768065482633578 17.676974565844144 5.7658373178135855 1.796567009143308 8.64677062964078 25.666480478041386 23.469543257051757 22.71486419589645 24.581840633319324 23.524807418356836 1.461604825063151 24.74533334375724 7.323719831145221 19.809908539290372 20.098144708567162 6.436547711893108 26.85456360172702 22.289419891054088 8.030511417989263 5.615945173488152 8.734650387900055 13.134391687536196 19.749881369273602 10.347013811547924 18.3270230769776 27.52421818864605 18.41102684914649 16.718039838690135 21.321509220342502 26.620144972753025 14.72767082311899 16.670875656297746 20.632438474313307 9.923272468680866 10.325067384633657 1.5912402959573417 17.475345020063042 6.5098638304381025 20.102857727211287 22.691578583652685 25.426375423797477 12.546557078625973 2.7203766892337393 24.00895827041444 1.8049473142028583];


nDrivers=62;
max_D=[191 155 148 178 145 228 217 173 169 183 228 139 231 211 225 207 219 199 148 200 131 156 212 238 137 145 200 194 198 131 120 156 215 229 229 183 156 128 129 167 181 227 184 211 222 213 200 151 202 227 171 230 212 163 156 228 183 220 163 133 210 125];
        

nServices=69;
S_starting_time=[83 156 524 482 664 7 213 328 576 65 475 493 434 131 67 387 364 318 455 465 493 277 338 190 77 41 199 238 478 472 667 151 417 439 345 543 442 566 329 62 376 278 380 162 571 36 522 62 380 32 205 0 318 352 56 174 478 261 113 464 677 32 650 529 430 155 592 85 366];
duration_s_min=[111 92 77 78 100 75 102 81 103 92 103 107 60 70 112 104 61 113 72 94 99 84 85 90 60 91 61 106 76 104 74 69 88 75 66 120 69 120 104 91 102 86 109 104 90 79 65 116 65 98 66 96 111 94 76 91 106 73 90 109 75 69 105 68 87 73 70 106 73];
duration_s_km=[59 54 34 54 35 59 54 43 48 43 42 44 57 54 45 36 54 51 37 33 48 54 54 46 30 30 60 46 50 38 46 45 52 50 50 59 49 52 45 50 58 42 40 34 59 51 49 52 44 56 44 55 36 52 30 56 32 44 38 35 34 43 31 32 45 44 52 43 42];
num_passangers=[39 77 49 90 66 97 40 73 77 91 41 89 42 96 49 66 86 58 100 79 40 67 39 93 49 51 60 27 23 37 71 23 25 82 45 92 39 49 73 73 57 65 32 47 65 59 65 50 46 86 58 31 87 83 84 85 96 57 65 49 76 27 87 82 64 48 54 84 39];
BM=250;
CBM=0.500000;
CEM=0.800000;    