nBuses=70;
max_busses=72;
cap_B=[105 123 107 61 29 33 45 91 25 80 83 31 135 63 80 53 44 34 126 82 30 90 104 73 105 60 88 69 114 81 24 131 90 79 31 115 35 97 121 68 61 108 87 78 88 120 50 60 108 133 114 138 101 104 76 93 132 25 87 130 53 70 130 99 112 20 98 65 20 122];
euros_min_B=[10.011407343299654 14.382175595187313 5.932123165208044 4.54519172811164 14.098456556944154 6.266867473853589 7.5720931229718484 3.8415601129801797 14.37547295583032 4.619225711716668 9.000330354452972 10.807860532117088 8.743594708764606 5.775545938966719 7.228622558105107 1.5376478241515388 8.592541948483024 13.405007243183302 10.785417956099758 6.499573812233073 12.596043611966357 2.1985012632594927 10.645787739973178 5.4800423884893 6.17022628588116 11.46502799486078 1.5654413544854193 3.9373578664227056 7.625214260315109 9.653939395975417 9.72466599782133 2.217783746453356 6.241873623359124 5.4110228295865666 10.194377425846351 3.678139622436377 14.352369856705394 3.5324517110171207 9.95827439108909 3.551171824168149 9.687900654751042 3.8870184299336965 11.385312994933127 3.1513741211746558 4.456528585535094 12.167624223608245 12.472022468554647 2.03389595704245 8.593135679795866 4.278961659002218 9.329637793468402 1.6992713184584225 8.550515448532403 8.117302546632907 14.57061737358167 5.167609150501402 9.222725553904688 5.540503603075034 2.384666220881578 14.595151883153747 13.17310868440926 3.271668972178502 4.1377205259039265 3.9619903760551978 12.197365711226663 13.39509608985825 7.188508978513309 6.654144804294359 7.393633931442977 12.294598992178834];
euros_km_B=[19.974225279441054 8.88834885941182 11.420334907750297 2.172653661969552 22.7105346761315 10.341724141959512 4.8761314483509866 22.802540245188194 18.16363338352715 5.344441803073013 29.340315436659704 24.86737080555506 10.546970606789332 12.319466080267778 5.23269603252615 29.493193484250362 29.377369718951936 11.199891633612557 23.120092505421656 19.59374578512314 20.654354640215587 12.495532690792261 22.674334438297034 9.324228449309791 11.8018778030035 4.841657242175856 19.270303504267368 20.19910274574069 25.82439656945677 17.819031568279808 28.331011630961548 15.555184389595231 26.685073728972924 7.305026857311682 15.07510277537276 24.173240537535168 14.06917636507113 9.647362332653739 23.765875533203342 12.22530605564596 22.574812652978057 2.072552076430049 20.91655089003885 12.825379215846276 20.74626853612595 9.404367949799246 1.6536083796014158 3.4723723462928175 9.554672739648607 28.40103390138401 29.047780105334695 6.153804012707463 4.862214236289848 5.6282099967528705 14.872971491728908 22.027153434973023 6.95466763528511 7.15111985749786 23.716727296466058 25.256624595549443 12.31894182248527 22.267857193410176 9.052703529139182 22.24661174881662 12.58703023658836 26.733258113716875 14.261097418725125 28.590613388527125 3.3065568946310893 18.905742817884196];


nDrivers=73;
max_D=[164 204 191 174 142 195 124 204 169 159 170 153 148 167 220 171 184 238 209 170 140 142 198 187 232 220 213 168 127 142 158 213 153 126 155 126 190 201 189 148 172 204 218 229 211 138 208 236 189 185 184 137 135 222 204 180 156 166 202 168 164 234 158 198 191 174 197 155 146 177 182 133 135];
        

nServices=77;
S_starting_time=[59 459 677 347 493 601 428 69 294 86 539 192 684 419 618 280 63 622 475 502 672 626 609 16 185 36 481 363 229 213 248 718 163 395 43 175 613 171 13 317 403 662 711 75 593 34 337 569 139 149 694 272 614 549 582 428 329 188 665 175 515 148 198 364 461 430 28 191 363 257 224 307 25 307 633 362 495];
duration_s_min=[76 74 95 81 113 95 86 106 79 108 109 81 118 76 84 64 107 117 71 108 111 71 112 115 69 66 78 86 69 107 106 120 62 66 93 75 91 104 65 97 64 93 89 96 106 76 73 62 89 65 65 115 112 60 80 108 116 82 84 73 105 109 120 69 88 120 72 66 80 108 64 62 88 63 80 103 96];
duration_s_km=[58 38 59 57 56 35 44 35 48 32 43 30 44 41 35 34 54 42 59 55 33 60 37 45 57 47 55 52 40 60 37 41 44 53 42 37 56 57 49 55 39 46 31 43 36 37 49 32 54 38 38 54 42 57 53 34 42 36 54 35 58 35 40 48 49 44 60 43 36 59 55 54 47 44 52 36 55];
num_passangers=[24 49 92 22 54 81 60 88 70 84 45 80 86 50 36 34 50 44 100 46 45 52 89 58 34 52 65 88 60 98 67 22 23 33 94 47 25 43 93 61 99 32 26 44 60 75 56 75 74 99 63 49 58 75 26 43 22 94 59 51 96 59 42 98 94 25 24 64 100 99 20 59 67 95 46 71 20];
BM=250;
CBM=0.500000;
CEM=0.800000;    