nBuses=121;
max_busses=126;
cap_B=[29 97 24 100 48 91 117 22 75 121 98 66 108 115 83 26 69 92 92 134 65 22 100 132 45 30 62 50 103 36 36 62 133 128 44 55 71 74 75 65 59 112 38 123 59 117 134 86 24 71 34 99 38 71 39 110 65 114 113 123 104 45 111 102 21 60 100 97 34 96 121 34 125 111 42 56 37 31 64 109 21 67 137 128 124 21 101 96 127 44 103 97 105 109 64 36 65 61 62 105 61 109 50 53 109 106 55 133 128 102 110 66 99 135 77 119 102 116 20 119 77];
euros_min_B=[1.0948898887344316 7.761264634278213 5.324573946283907 5.165975637983795 10.442552882447181 6.043676453715999 7.8926841480418455 10.554969921927295 14.757613861775686 14.837784313716059 14.118079542765608 12.76162147921965 2.6732729529944876 1.2950808721110978 11.047995095970233 5.098919811347544 10.754436385673658 8.174436595960124 6.462388743834589 11.874386309629212 1.7886541706583563 10.886591214181722 14.52426047332947 14.30767905998166 5.784118786445738 6.324669655154743 4.97902697033283 14.685356439464 13.931091625291003 8.412925899295546 10.433901776944552 3.5412089042439683 5.6605950985305675 3.4478547785341584 12.198066933782897 1.5615429223722315 9.267916204921868 14.587260708462718 4.2460090654503535 11.064981604750802 5.577043108607613 13.660162048201322 2.021867922788421 2.5981207037120058 1.4830472174132425 7.823658426655631 10.819131283255656 11.1960422127533 4.467190700341836 11.567028900748305 1.3311841029543023 7.286106622118439 9.707006144530322 7.736965797048578 4.851991493701923 9.025338859566242 11.072979587454657 4.7884851141445015 7.770869658051993 13.375263237360972 2.2381949415329023 2.955203577035678 14.084191579896089 4.23388569226739 9.376544952947953 7.281002695767485 5.030771229592595 14.652170970282253 2.435946862301278 5.301155563610997 6.9361002622686865 7.058282839424573 13.984034475182755 14.548965721779014 2.2542940429091036 5.625370313014618 5.922482288695269 14.001430380469884 4.745488581864475 3.1338290380932543 10.983464833028682 3.9272093052446686 9.702212341952073 8.334414196996423 4.786486776341797 4.83778212080218 14.173941141602997 4.2000223357768025 8.024406807867411 11.138758411652628 4.003181474389318 14.117224695838225 9.101534385175592 8.408193461871956 13.666507150893203 8.460236271888949 3.531790637774086 10.647395420385239 8.440891441693287 12.882985542184919 11.37808826721999 6.264443464860551 1.2984260412972373 12.329794030607365 11.576071113841532 1.390924836123395 14.3593915248067 3.9233840988907307 9.398379058348747 8.2755809351008 10.828641760615545 7.438125304651326 14.386755639656663 12.480821142791882 1.5360473257523133 4.739666294191559 3.549996193279742 3.127575371606099 8.255720955522133 14.31791097875991 13.298231717330015];
euros_km_B=[17.023560926265834 13.425481272435137 7.062358051169265 17.033108906235626 10.653770876776628 11.686162830066001 11.423357455679309 22.84755802973357 15.055469759480353 15.164698584844242 6.877336303770983 15.049552204908215 27.499491138739874 17.474100232105705 28.37381280092763 16.403993453972564 11.44243625002397 21.77634782881291 2.791913573172455 24.770571962892806 12.821090960030892 6.121337252220216 19.36502788377797 29.08413862249604 18.76717620335333 20.984600087859796 28.885399317272235 22.849671108601527 22.753303282022433 26.83393854714926 27.210349146358812 26.75953543393476 21.89733364320747 2.0567847203033143 11.874760892022595 2.490539226714572 23.339015895088963 10.02239482019879 21.81252933775499 1.9369575621650377 24.213665943770575 13.557990159860752 8.869720777826265 19.747242304109193 5.731145869636648 17.532723794898573 17.51201800371916 9.264001556601311 29.44083035010104 12.159380284075457 16.684978428626284 22.551840291769143 24.639063195386964 7.195083132128921 1.850389361218876 20.42072022027261 8.806035336011771 17.23818875998766 15.768407351254803 23.46209014276877 5.083855822428674 12.711420328794606 21.392933240207824 23.43055011353983 13.963565814765747 8.158116021760828 8.244512485710343 6.486799600375477 9.459508005174065 22.43391129081475 6.506440481285879 9.241664903863255 8.947044886765728 1.6659849412270549 11.951367728209158 19.777381016723073 4.461888541878678 25.8290469218782 14.983936379628398 9.22176062962749 27.297251166312506 26.882508562690557 25.154185405804625 13.431716599767627 25.124758677752453 11.067107203961568 20.838985514134283 7.995439553320656 2.4884581175859104 18.81766231138176 8.132029091940563 1.0231437409653898 27.233021284351835 1.846512188323727 21.64388655214706 21.87192888040301 24.967334380467133 19.052468338796086 24.012567559632263 14.957752388780508 27.38847341737572 17.134221327959207 19.22220660118935 14.47978703786679 16.329262225038015 20.458061151717647 22.294391596734688 16.511304430646717 8.685079302374742 27.268360840355303 13.624776795156423 4.995723917249792 3.5483988474852883 20.78063730805207 3.43218388069043 23.193776075518734 18.56737080941422 24.88444986463103 21.389997797325588 25.786895564266725 15.80891179111096];


nDrivers=122;
max_D=[211 162 147 216 122 198 153 143 217 137 183 173 160 180 143 139 171 189 240 194 155 152 159 158 239 152 156 121 226 233 168 239 156 206 162 154 188 205 144 127 201 159 173 182 212 148 209 229 120 141 189 123 187 211 188 230 122 195 163 157 185 131 178 143 167 195 192 202 146 236 148 128 185 173 221 233 160 229 124 223 228 236 166 146 134 152 130 184 162 171 206 158 215 223 222 212 131 155 165 232 120 203 160 163 221 131 126 208 140 137 219 218 148 196 144 206 178 120 173 132 156 232];
        

nServices=128;
S_starting_time=[430 141 368 182 270 147 540 535 69 39 169 626 578 432 126 494 298 652 235 33 262 502 543 464 327 675 110 436 266 624 457 35 637 702 469 415 598 551 222 134 277 455 654 33 77 691 513 422 451 307 431 466 165 418 229 475 136 187 250 608 622 570 82 371 190 140 634 265 33 71 488 479 562 688 674 107 123 685 603 151 73 300 265 611 446 359 539 633 333 66 291 498 96 628 646 613 155 43 448 330 627 238 423 339 180 465 317 415 644 329 32 14 651 179 405 503 567 519 555 122 420 448 156 548 703 482 159 543];
duration_s_min=[82 106 91 110 85 97 99 116 71 78 98 94 65 97 81 107 76 111 79 70 96 78 99 94 85 96 67 118 117 120 107 112 94 86 105 107 99 86 80 76 84 95 67 104 80 88 72 72 68 75 84 106 87 102 65 90 94 89 65 115 73 107 67 96 91 108 106 88 74 81 80 112 62 104 118 62 85 113 69 69 94 93 82 119 72 112 87 63 116 106 88 104 64 73 117 70 71 113 60 79 103 90 120 114 79 68 110 76 78 112 83 97 114 72 91 69 70 62 66 64 72 112 91 90 71 61 69 86];
duration_s_km=[40 34 31 46 60 34 32 57 39 57 54 59 49 34 59 35 48 35 37 33 37 47 40 44 53 33 51 58 46 46 41 42 50 31 37 60 41 52 49 31 45 47 35 51 37 60 56 41 43 47 53 35 45 49 58 47 58 32 34 54 34 31 32 44 55 36 52 43 60 42 48 52 38 60 41 46 43 31 30 33 47 33 53 37 38 59 57 55 34 32 58 47 46 55 49 35 44 31 53 60 37 33 58 44 44 32 45 32 54 36 43 36 53 45 60 32 53 31 34 55 47 33 30 50 56 57 51 35];
num_passangers=[57 41 92 47 83 42 68 71 29 77 70 33 77 46 82 47 34 93 27 98 51 35 42 47 56 31 63 92 97 42 82 76 51 28 29 86 79 98 92 92 61 91 67 61 63 52 94 63 94 89 75 70 26 42 86 60 36 82 39 63 77 43 38 33 75 39 79 83 66 66 58 75 32 32 80 26 94 32 73 37 91 89 20 74 38 70 56 92 36 28 60 66 34 64 28 41 63 91 57 76 28 62 67 63 86 47 25 34 63 93 75 57 97 75 100 52 54 77 77 20 99 81 70 69 97 22 46 54];
BM=250;
CBM=0.500000;
CEM=0.800000;    