nBuses=129;
max_busses=116;
cap_B=[79 34 29 107 28 67 140 117 42 29 119 41 42 50 74 61 100 49 22 69 109 52 54 66 98 36 30 108 43 119 21 75 45 25 51 79 36 32 97 90 45 34 65 111 126 49 93 39 120 26 138 43 32 92 87 33 95 65 88 89 77 109 95 126 68 45 80 52 20 30 50 105 20 52 96 129 85 109 118 31 71 38 131 95 51 86 67 37 113 108 138 52 116 48 122 89 112 44 34 108 40 22 108 60 110 101 80 84 20 123 35 119 118 102 44 91 52 106 52 108 130 49 72 67 31 71 117 73 33];
euros_min_B=[1.1006458011354439 2.6649261285075587 1.7946584546856426 12.775511158008609 4.144393991565268 13.622348832541853 12.650039709248066 9.705247172235826 1.6877705178933409 10.469644203139023 12.608936588435927 12.512000121976012 6.103936812356008 10.906078759997987 3.0473116280138957 14.733221151699631 14.068393700695351 8.520805865214385 8.564231760138316 7.409859292161801 5.277645171674014 11.514958152575437 10.220650082499827 12.16962881491552 2.489876686858816 5.208181705557575 4.335799222858425 1.7525449215078452 11.953299232090389 13.454134689894198 1.3038139131316617 6.918946995762727 2.397085152612724 3.633927598286086 11.9117368436155 11.323427468084095 7.267498585360042 5.940654557700335 14.075461247201684 2.6066455162325566 5.840133803303103 6.053719310647027 3.1695721927753207 8.615398856803527 3.482755760340921 1.4364195198518335 11.68263392309471 14.403161423249285 10.089067662315774 8.640724084483736 12.342381435245978 10.659120255996669 13.776501204964855 4.360576342648761 10.521643743349484 7.720091415002619 1.2583977955421541 4.622177135105943 8.193267885428558 7.907311088860079 14.83931145282334 8.732237625036573 11.261071115627217 4.410492911347163 9.982749683770164 6.472561833475233 8.773353289984849 1.8013762497850874 10.82408540954803 10.016322721140348 5.098960181383813 9.717603631378665 11.19764089410904 9.643446626188936 3.7636362290573633 2.3651365141906107 4.114204778771753 9.719064839412383 12.974708158281443 6.53151229902866 14.711824655514988 10.211789642107576 4.457759696990242 11.811652162149691 10.997786362113592 11.06485348267044 8.955849219566657 8.93451678518231 9.354710512047804 13.689713960358338 9.07291961179839 2.044193581441428 12.796252156238102 9.896190220805131 9.666451762194702 7.541628026618221 8.635954901964254 5.332976746291527 13.464676082933746 13.491948179905762 8.390505261746174 10.5569803028874 13.865266768638286 9.004450975862827 14.55582881089045 9.562143766114344 5.060511841050156 13.65792930501134 4.310405047213024 2.5182402091598197 1.1022526346116035 3.7055488993156414 1.1107664676687548 8.585188440499604 6.506394936213719 3.037549701252056 2.4998370620732118 4.653675538283987 12.871371254394102 14.656329220012868 1.6574769823667466 7.4800088170372545 3.500767175427263 4.0630534706234505 13.595055430493721 4.993943970979905 8.86710622151123 10.481784818292102 4.882307475554775];
euros_km_B=[12.90598960037281 19.766517611536035 8.020497745979672 2.6912530676085917 22.840027139889706 27.72159989443979 12.613015429449176 11.129051592566036 24.338306015723173 27.454110157846234 25.952869491123906 23.232453434040554 15.872505640895774 12.955552381782361 4.419602982729869 8.531303100892075 23.663014988611767 11.27191933373789 7.172338383370095 19.814383572361187 10.412892564070962 6.64564840360732 3.121162694030308 1.7906098345142096 27.714929037810933 25.70988683689225 23.494535196527472 25.129248198150407 5.477767258932946 19.123746071441552 7.941599472491609 7.183658558917941 14.465986376584768 15.510990114884253 16.86899372885412 6.3671506336761885 9.46406991751999 13.860269290504862 14.373926982177558 22.457878295277787 20.410177845443275 16.31148180779993 19.958857062810193 15.987276472750013 2.3546378012898157 6.347612721531947 28.255732130919665 12.732618397995457 1.0218700630090387 25.24592760850132 26.193910079775808 10.7460357836439 12.768563171787711 4.01029885080887 28.120721750646283 1.2081543765552343 22.738498881102785 11.16160802875911 28.069819532157364 24.768997466401 1.2595963887601602 16.060281215661252 26.83156085055977 2.09520322390781 10.45621930121114 20.894919058654914 12.953728471827448 28.070393281325547 26.443381391599594 2.688228119021601 26.97248525673371 5.795244147906611 22.581502513673584 7.723354455980548 7.911465064468716 1.8185341720347798 5.911151853983837 9.774541920580543 15.249277063110032 12.96919035747415 25.38669739478014 4.397374434905738 10.462587775070178 9.461687400701036 2.1063092111102875 13.77635238452166 3.3396235199451954 26.179632216135076 4.890974773198205 29.28939176544723 28.893511697745023 15.815471982192697 26.398102374646818 28.797118694186135 12.071891173422486 18.547958123670664 20.63100093362283 27.78877917666255 4.449956744843898 6.480879071367351 23.619185201661235 28.99031537252128 10.172395318316186 28.714081959265222 9.84502823584162 9.329495019707796 11.309132933292398 29.787946575687037 16.33958948476795 27.798560154105967 6.492718903460823 18.423267281577072 2.7049052021078523 20.18006557095203 6.707393783630375 21.93882210627077 5.338923179246066 7.746627725358746 11.257452953638559 28.71904811356707 24.559104722344703 22.01432311213153 9.935872630611149 23.991969792199917 20.48143359604807 12.54328307743932 1.9527384192048207 28.954728903113427 4.6633012695534966];


nDrivers=125;
max_D=[125 139 218 212 211 197 238 228 173 215 144 152 172 182 143 192 137 134 156 183 239 170 205 157 158 127 238 178 222 212 163 125 217 152 145 182 180 230 123 188 218 160 181 160 226 234 190 156 189 158 151 211 161 209 220 137 224 239 191 148 123 236 135 182 159 150 237 150 204 179 123 128 236 128 128 225 207 166 215 173 214 234 156 172 202 199 148 205 142 219 142 192 238 168 168 184 151 161 138 124 209 127 132 214 149 157 221 228 230 158 168 175 200 200 154 159 218 209 144 121 167 226 233 145 132];
        

nServices=131;
S_starting_time=[311 695 428 387 542 659 583 143 422 16 643 239 171 509 487 284 159 231 101 235 41 16 457 73 442 704 488 325 115 337 517 224 51 220 542 498 144 322 90 583 523 2 263 326 113 279 648 157 546 446 141 353 670 530 488 82 448 355 704 411 621 466 693 646 444 654 524 289 433 218 583 73 237 417 498 317 270 422 131 84 547 275 434 75 248 701 718 484 201 378 238 209 231 540 191 414 284 279 256 685 520 589 481 318 198 479 58 647 564 63 532 628 52 364 695 141 365 626 522 37 501 477 568 15 201 18 216 685 28 553 147];
duration_s_min=[73 112 60 119 117 96 116 114 70 94 101 72 97 80 99 114 66 68 96 92 111 112 112 110 99 83 115 120 99 104 111 83 60 93 64 100 98 61 64 108 100 118 75 85 71 73 76 116 73 102 104 66 74 87 66 116 97 63 63 110 73 66 117 81 63 77 113 72 116 77 68 92 91 102 97 60 90 86 96 109 109 87 106 107 61 106 69 63 105 70 71 114 99 67 91 77 112 88 80 67 93 99 103 66 95 77 91 79 90 116 71 116 75 67 98 98 104 76 74 61 62 112 77 60 89 105 69 114 84 117 73];
duration_s_km=[51 55 52 52 45 52 46 41 44 58 32 33 30 44 51 53 41 32 31 48 53 38 59 60 37 33 31 50 33 48 38 37 47 51 55 38 31 44 47 60 42 37 31 34 57 57 32 43 31 30 44 39 56 46 47 45 45 55 58 48 53 51 52 53 38 30 52 40 39 31 48 36 55 45 36 59 39 35 51 57 47 48 47 52 38 41 59 55 53 43 43 46 52 53 41 40 32 52 51 58 51 37 34 46 36 55 54 37 39 35 52 57 36 52 31 58 33 57 40 54 45 51 33 36 59 47 48 52 42 38 53];
num_passangers=[81 62 44 71 60 44 79 29 41 73 49 23 97 84 66 83 95 55 85 93 53 82 92 38 66 64 81 61 61 26 27 77 51 79 78 52 94 23 22 75 73 27 77 36 38 92 93 87 85 69 93 45 28 53 26 95 35 32 72 83 29 48 79 36 71 77 74 67 69 71 76 49 97 59 68 40 23 33 22 49 23 85 99 63 59 46 61 93 67 42 74 63 87 21 61 87 92 88 24 63 26 40 64 96 54 87 78 63 96 40 84 52 20 55 91 63 75 68 23 27 70 29 50 72 49 26 91 61 43 47 63];
BM=250;
CBM=0.500000;
CEM=0.800000;    