nBuses=81;
max_busses=72;
cap_B=[77 139 131 125 31 56 41 62 76 99 43 43 100 91 64 130 32 88 44 110 51 55 75 27 130 54 83 83 55 128 73 119 76 46 62 115 111 94 99 137 80 114 49 70 100 68 50 68 116 75 137 23 62 24 29 55 113 106 75 55 116 123 90 59 82 80 35 25 27 66 21 37 38 122 109 23 54 32 54 71 62];
euros_min_B=[6.980684809726187 1.6814605258918656 2.7596018659035964 4.073169937160795 4.474880213769875 8.158463324086732 1.718755996496193 1.0925976056228404 5.696207726957771 13.567739373962661 9.13296587298125 6.753094019183487 11.890434319506689 10.940984831315339 4.374375858706374 12.541980111069323 13.583955313440178 7.00398598388065 7.02852023519217 8.611889678159542 13.536889733170842 8.537732793617199 12.79655068459724 11.61267637240668 14.234225512779172 12.407013201052738 7.209648151047293 10.992545734930243 6.600084604120047 5.535406008677882 10.462871360607888 10.175099891802587 13.334964531704536 7.059062629869004 4.288528474800545 14.555809210203325 11.817869294282936 6.3242752296208815 10.847749784116191 13.87866929265309 6.829550096315141 3.204148792092429 7.207474036110044 12.977086583154813 14.443131290373975 11.554464955863994 3.1589582420585662 11.734755245497137 1.2819118464201313 7.844251438958689 1.3956035535581512 10.994849932688984 6.224520808723754 1.4300524706415296 6.196910401416389 14.434625134082648 5.458311642854042 1.676153657481898 10.933294212249901 13.523210871360657 13.401391192455936 10.576079790213354 7.069125554881823 12.801363379574662 14.59664388167492 3.4552983262789865 11.622977194230765 6.857873875778762 10.825695304933426 4.813885156639621 7.280233110009219 1.7463562595437592 12.35408628173853 7.937066102968629 8.341514779668717 3.4496996001944664 13.139701824733839 10.287753713611089 7.760477257782279 4.569976370880178 14.2569556643045];
euros_km_B=[15.863199826686285 19.23142527680669 10.630459598828095 6.304402537727268 16.775004937603143 4.764577341114684 6.9312793056793245 22.741345650723076 26.798497967971134 29.091299309859757 3.8094500482533813 18.040172402539504 27.963839370433462 3.764349991214966 14.739437425434765 26.844651493198743 7.761594167375812 8.76105697086659 21.611533498783594 3.2312724186863306 14.301311516147454 11.509749902888313 1.8396894373172386 26.319268837172256 13.26494092213812 17.33906431278973 5.6820636273582155 19.97397732082412 28.980897684496835 2.787265149663617 12.236091867914784 5.935001469800216 4.821823492539087 11.937409352990036 4.762499351022335 14.98800443704602 26.093776495023384 19.706597076943996 25.705492195976486 19.15094376257113 27.640173819136656 10.619048840277987 4.3928155391811305 22.65120468082131 12.608000900227774 29.62947349102909 24.350399301857408 28.314150224124948 19.654478038963074 26.119546167283513 19.93826382539073 21.428766587022817 3.06661785461964 29.95588047685249 2.0594955004569675 22.679519798784373 4.22140320494735 10.586741485915388 29.910955423074213 3.450195652907226 3.068945624231684 17.040228396036678 1.1889510174453064 1.2502010431721824 17.51836362594446 18.570945612695656 13.003199798390572 8.67911291106805 21.45801639701519 14.670832611427363 24.52095515006992 11.535047556223121 5.261662725806318 17.30306022218171 5.252422624242854 10.885953313876174 28.38745535280583 16.792014827499216 4.983919720767739 16.601252664726367 5.7435251200903155];


nDrivers=78;
max_D=[203 222 165 235 232 237 224 198 192 226 125 181 125 196 220 189 198 179 232 122 159 166 170 132 126 226 192 213 192 179 158 225 235 154 126 191 194 142 156 155 133 181 134 225 232 240 143 215 158 226 217 170 214 120 196 214 155 135 155 230 229 161 187 126 124 192 226 233 166 178 222 196 196 184 177 212 191 239];
        

nServices=82;
S_starting_time=[567 273 620 259 163 358 549 271 502 390 316 386 319 357 218 211 416 461 605 332 64 564 68 694 160 676 411 498 268 97 186 250 144 405 666 157 131 708 9 35 483 308 699 156 301 420 339 296 304 495 390 206 213 3 210 350 675 631 534 612 594 700 494 535 481 509 596 689 150 497 189 98 389 120 489 90 61 294 394 534 455 529];
duration_s_min=[115 73 118 61 116 93 71 77 115 116 116 77 112 60 98 115 66 90 80 117 107 117 107 107 94 73 74 90 105 72 82 62 60 90 60 92 101 94 105 115 98 113 88 117 75 71 71 95 75 74 120 103 85 75 81 120 102 106 61 66 109 80 62 106 115 109 105 79 89 72 105 77 103 62 119 64 82 81 78 117 98 86];
duration_s_km=[31 48 38 31 56 52 40 54 41 58 50 54 59 42 57 30 43 60 30 41 43 30 36 57 40 46 43 31 31 59 45 36 46 41 47 39 50 43 42 34 43 53 51 31 48 33 55 50 50 42 30 50 36 45 41 48 36 51 56 37 52 40 51 50 50 48 47 44 36 44 56 39 39 45 47 42 46 52 52 55 60 30];
num_passangers=[98 92 72 24 88 72 60 47 98 40 38 69 53 38 45 24 88 69 20 77 22 74 73 73 35 71 46 51 51 65 26 53 96 94 69 35 39 100 29 58 31 49 74 23 21 46 35 27 84 76 63 65 52 28 33 57 51 27 68 55 56 59 94 51 61 72 47 92 61 52 44 81 48 58 55 78 100 60 70 42 46 39];
BM=250;
CBM=0.500000;
CEM=0.800000;    