nBuses=73;
max_busses=78;
cap_B=[109 50 20 123 95 40 128 47 68 48 83 98 40 116 24 103 37 88 135 52 82 68 71 126 133 91 130 81 23 43 126 47 26 37 50 111 136 34 27 34 22 73 20 94 108 132 138 132 136 115 96 86 59 70 103 100 22 42 118 55 30 66 34 40 101 95 134 42 40 47 99 46 97];
euros_min_B=[9.721634575595306 8.274843210261631 2.8905923446789163 6.571591055321149 8.254033051127202 2.9864807848031827 12.863491572347371 2.437070930524312 3.9233168928857696 9.117283892102458 1.0496635988261893 8.443299905533049 7.923278124980497 3.1117316886031032 10.590353438502769 13.322608578421939 14.048808443360894 4.101802725350254 1.8793107849580193 9.560355476410939 2.914950655259939 8.290906104856296 12.341384544169617 12.016097953475759 13.335942613219627 9.03697926280487 14.585060423431255 2.191647234501768 2.6303568783625697 3.3450922360651028 4.769994664268219 4.825142889039473 9.28237323808061 2.161958006429445 9.97673066935965 7.369572825810393 5.768526653687039 9.741027316917021 12.300734898512381 8.613751993414901 14.758970925570063 6.40765987570953 12.21254589489798 4.541766112189973 3.5276260825404564 11.29029876083719 8.913169546036105 4.751707629701689 13.679256248080055 8.677174696081837 2.4487797620036202 11.20391657375411 2.533911545787544 13.810150483711038 4.499769751131116 1.774053274076177 1.638791475417347 3.0775244749261645 3.912323850624907 8.135367623005735 12.372003412725856 5.279180580526108 3.191147217692812 5.5087253457748755 14.655194293750498 14.06801781737349 12.31197245571478 3.575892492423117 13.55611176224299 11.078100416859954 3.065341261662425 9.79429086065836 12.947333918091921];
euros_km_B=[25.642076663736468 19.34611739617099 5.059722989880562 20.66674106676909 24.80347791860555 8.910923527942288 25.554684494964008 14.941094290747667 12.359171267265545 18.711779358215647 17.364215086657957 19.94499125709554 6.116446253611874 15.582980531749143 8.956280787070149 5.463771474403404 10.296407876908988 6.011058004346793 4.444470828722505 9.741767925954342 12.006016478617871 2.5986762125970744 20.596312909499275 28.096205038740457 25.494876011876833 11.921952644079031 7.98415157685853 19.442109234135874 7.97029530754734 22.024918752566684 6.205602019280009 20.385474156805866 27.42517193089604 20.431838530580144 26.780649252144393 17.30151437026183 12.998163586738134 26.56702885809946 12.884028082446086 6.92001041324085 10.132430393274673 29.33686701412834 25.56816581617211 28.109467295347265 22.47780699041733 6.817243379571707 3.251811455489431 6.715464173819657 18.18523683172173 20.719083344899936 23.76363445373054 15.911798705680742 18.222324352654464 8.61637144132478 25.70653927605153 18.96884553089659 9.500433852287133 4.59547390214539 7.704389889967052 1.02729743861754 17.444681623125604 9.766329217891608 13.475643682306858 2.580144692555035 21.029672895235077 8.435243149336404 2.7857593034405506 9.863238983057292 21.184348709233113 23.699902283567198 13.526238422603319 7.135218314357351 10.005354333381963];


nDrivers=77;
max_D=[186 218 193 224 162 213 125 240 180 139 209 179 154 221 129 195 160 194 167 218 188 211 228 138 173 230 134 166 143 156 154 218 177 212 207 140 204 148 240 155 179 188 210 231 124 158 125 240 232 238 232 184 202 179 217 136 227 136 232 239 162 215 137 125 216 176 154 126 172 121 168 238 144 168 137 209 133];
        

nServices=80;
S_starting_time=[641 600 582 533 549 276 197 654 596 680 275 232 567 400 424 249 308 702 601 578 369 356 30 259 697 532 623 650 0 104 359 355 299 377 371 114 653 663 124 668 634 594 349 566 259 592 458 345 368 53 291 673 449 101 280 174 304 522 8 403 486 16 306 113 292 625 161 510 283 408 178 284 434 543 302 279 106 639 370 658];
duration_s_min=[98 81 79 113 113 92 83 95 74 81 68 64 89 98 113 105 98 70 67 65 119 61 88 64 96 72 120 97 95 72 110 66 77 81 79 85 91 114 69 97 117 64 109 83 107 119 82 81 82 119 119 96 61 82 61 71 75 118 61 118 96 65 70 62 114 98 107 117 86 116 67 96 97 120 115 90 102 96 80 105];
duration_s_km=[36 52 46 38 30 52 40 54 46 55 47 38 49 40 37 58 59 33 35 32 33 50 30 52 30 40 57 33 58 59 57 39 37 47 30 38 59 32 30 33 45 41 45 41 59 37 46 53 58 51 51 55 38 43 43 44 51 33 46 49 57 57 52 32 48 38 58 54 60 44 44 37 48 36 44 53 60 52 30 55];
num_passangers=[32 29 40 63 28 61 23 50 43 56 73 43 43 91 60 80 64 24 44 83 29 63 28 45 20 86 78 59 24 89 81 58 51 81 36 40 60 60 67 96 57 68 33 83 54 35 81 81 22 30 100 25 53 86 45 53 39 88 75 50 82 85 22 82 71 27 76 52 37 25 36 66 33 78 50 43 42 92 72 30];
BM=250;
CBM=0.500000;
CEM=0.800000;    