nBuses=96;
max_busses=89;
cap_B=[132 101 98 91 116 48 128 75 68 66 86 98 97 78 79 34 81 53 132 139 68 29 132 23 62 67 70 110 81 80 97 99 107 36 130 58 106 81 24 102 139 23 38 119 134 76 61 63 70 137 31 132 65 59 97 83 32 22 120 52 98 41 88 78 137 31 62 66 40 37 88 84 96 103 90 60 64 44 63 133 131 40 23 120 36 49 83 53 27 114 32 65 58 38 99 36];
euros_min_B=[5.370296232762407 9.112917571948554 11.548967785285383 6.124458904431442 14.18064023026272 1.9401089894672472 4.945323705458787 8.700344702054698 13.903248587507704 6.6714868915898915 14.973352679879845 7.598674227363793 8.332806887208571 12.619335378064239 11.1922128887864 8.16623387058327 5.151601361737143 8.127148496124303 1.9312108654934868 3.6116903789161903 5.6922601786151 14.985476242034428 6.144126275697994 10.665014556887607 8.761005511194904 10.635595422846075 12.207301716102249 12.381713442989554 14.51609520569876 7.180273976923839 3.070000126394937 3.0291075542808668 10.367819523193601 13.952145676842267 10.96098675186515 13.434293327906897 8.246541487061053 6.266173918804222 6.019793548883674 12.490434601599537 14.16277747644127 4.360939035978814 6.3529358879934295 10.194864605788364 4.729653043068998 10.467802359047631 11.787493813049606 13.518468165916946 1.586299539497021 4.104270835503497 5.3141669569895935 5.88008952617359 6.417755797597389 7.291415056624418 8.46633403219643 5.2607608911943355 8.732305641983418 2.855685999269629 8.373790848096107 12.943225427998748 3.6167982105605234 6.40215224710659 2.471652392118338 5.3694695248608255 1.1414420059082435 1.9674851489759964 3.0056280338306123 6.744568903261381 8.79377535079703 2.9532191787752065 3.5435546548834562 1.00151447273837 8.750191066941749 9.898154390212179 7.047561630569657 6.247896688552663 7.967552658787502 12.340707159979534 1.901767215717764 9.915779429956865 9.730012961819087 5.121614287024389 6.127150938601553 7.392536343029748 10.831072272939604 3.8574813042855847 2.6936421740786853 3.0380152960187696 2.289097745621036 3.7838440717799586 7.459971000035009 2.320858849088821 12.048510174268962 14.217469638393709 6.009334950233924 9.7622947517193];
euros_km_B=[23.474200461082624 13.639860742220733 19.289891948404 9.158758730747463 10.760472198941258 11.08550249163109 12.993206811237748 28.673358334762824 1.9850491110488342 13.786266910063635 5.693982196850931 28.378450103641796 21.70545642799126 4.013875219553103 9.961252125014768 22.207965564085672 24.489964609789126 11.78179301256028 16.41275903967911 18.684364034433496 9.843970710320296 20.018354787864972 6.702322137964327 10.771826524354623 28.949793639359928 27.49309021444615 3.1290448589244946 20.91338387088031 25.949129066257143 20.67506940191227 3.3359053850318228 5.634248086821444 22.846189148717663 8.465228575856184 8.336369055999107 4.180983918816883 4.330888791653167 21.93762208638844 9.804208177035441 22.296245468245136 9.70257533236129 26.71232209773219 15.840361812584758 27.114619772431027 8.977833502097141 18.645863567356866 17.009233993492877 13.2391365465465 16.639866440830154 22.48561509846629 16.560363671617132 20.015227803637476 28.736338691890328 13.45478612169489 23.419374422440487 7.398186340683198 20.708985401076102 21.92248542384304 27.528616456126677 17.930338356829246 25.871017798236903 23.879938513763904 15.180461432718259 18.514569390311312 16.912706647353893 18.546750359273528 2.4476302972885033 11.82873138344718 4.067829858510928 13.412711651274423 7.509683771937048 23.55664224639514 26.476145085791636 3.7245721382381687 29.28729911731285 17.758478654402474 2.65886421484796 1.606513445550666 11.072056485282257 25.510492708357567 27.532082774122646 11.969053197233135 26.72414102216982 4.682624500354873 22.599154358020975 17.78269652128925 14.198761631126345 11.537612269560464 29.278902855422 20.72108899127916 6.168153504119823 10.676137493170362 23.474136120109137 17.47102789632498 2.0740245745682255 9.618261383314866];


nDrivers=99;
max_D=[240 239 155 124 168 234 208 199 140 233 222 204 135 201 191 164 231 211 182 127 140 210 120 130 171 226 189 199 165 190 157 225 135 138 165 150 128 188 197 182 147 145 152 226 120 133 159 179 210 217 211 235 122 154 129 222 178 198 166 202 173 171 123 204 176 192 178 158 147 213 206 160 240 214 195 192 240 183 159 207 215 140 223 231 190 153 219 185 157 236 214 186 163 201 160 167 227 147 170];
        

nServices=102;
S_starting_time=[516 292 229 59 19 27 126 196 198 168 169 543 231 138 63 305 407 605 666 87 312 219 214 279 63 572 176 626 399 403 677 314 316 171 276 300 214 0 158 324 698 286 227 640 264 592 563 396 411 565 440 284 686 258 483 398 591 38 79 411 599 14 288 24 82 37 187 15 213 272 548 165 311 369 668 244 433 584 395 257 457 140 662 470 689 91 318 427 438 459 253 388 88 709 274 525 14 227 245 562 438 130];
duration_s_min=[89 60 79 76 108 116 117 68 110 61 86 71 110 116 82 91 116 63 110 86 93 65 90 105 92 115 117 97 106 73 74 73 75 61 76 94 86 77 116 102 85 115 118 71 77 76 99 115 105 96 93 118 110 120 104 70 77 73 119 75 96 95 113 69 72 119 72 83 114 106 120 112 73 65 85 103 67 99 77 79 88 72 119 114 88 114 92 117 108 114 113 85 65 92 103 105 110 72 85 71 99 96];
duration_s_km=[47 33 45 42 52 59 39 38 34 42 51 41 60 30 60 36 46 34 53 51 30 37 43 55 54 50 56 48 32 34 56 56 30 58 37 47 46 45 39 37 46 58 56 32 36 48 48 50 33 37 36 39 32 35 32 57 40 59 33 59 60 42 34 32 39 56 35 30 55 49 49 32 41 51 45 46 40 44 49 59 40 57 43 43 60 46 31 42 38 57 43 40 57 48 57 42 48 54 57 48 44 43];
num_passangers=[74 22 39 33 43 28 77 96 82 50 46 26 64 28 31 71 30 77 66 34 56 88 40 42 81 74 44 81 56 63 82 97 85 47 65 35 87 60 37 36 60 50 40 65 82 86 25 47 75 85 26 76 70 87 35 90 23 60 85 75 55 28 56 48 66 32 33 86 20 92 97 42 85 68 61 99 88 65 34 20 89 78 47 53 39 94 53 95 78 50 36 30 44 41 29 39 50 70 93 92 77 21];
BM=250;
CBM=0.500000;
CEM=0.800000;    