nBuses=78;
max_busses=78;
cap_B=[84 107 126 88 107 129 67 44 106 90 60 37 93 112 30 86 62 129 97 57 26 84 31 118 105 95 115 105 137 138 119 134 47 101 119 52 84 50 58 27 116 44 44 21 49 44 65 35 44 43 136 70 140 97 134 134 53 34 83 72 69 46 117 91 109 139 20 66 113 25 26 39 43 133 132 117 95 34];
euros_min_B=[11.412491666859404 5.9945205553357255 4.753254510861202 13.31770415794342 6.818919415603147 14.06881575395746 1.176820009531831 7.578801365874443 14.112697013431795 11.228107075701896 11.384603051512379 4.670572159863912 4.842865265229293 3.195485041014823 9.72663170984036 11.830658902166999 1.5024360123569889 2.850725743083624 2.297525134127161 14.907306486939886 4.574318373159214 8.76343917099338 1.364272942447251 14.55064963621744 6.004011020150035 6.551681359026917 13.777625711775627 12.98726218221575 12.428868773575662 7.816129339798776 4.8160621957005265 8.951446120009647 7.079344306185295 4.032302375606207 4.343860013654618 2.498141977420944 4.678140632668738 14.738918636285408 9.686258654292963 10.729758958071127 3.3506605570301677 4.147609162236097 2.1952606257416445 3.728183848421459 5.2417745847834025 14.673811187998261 6.1531499034405295 7.1671968589603114 1.9040060506387129 14.301080971171455 7.950008224419452 14.961408317995938 4.8312012950224625 7.451900981801646 8.878562924409737 8.301399726870176 9.270164773261452 3.9271015882013365 11.279514853682606 1.95427922131375 2.6818954318141293 9.937329188842734 12.558297283675182 9.31598804118127 7.8781441740266445 3.2258035342579405 4.653700815884161 5.214591800488106 7.13979568967147 14.59048230155069 2.6267568248874227 12.812060103006349 13.971435645818174 7.387580612701838 4.918030661881261 13.922207823533961 3.3394766508444356 1.0760719866094428];
euros_km_B=[28.576090908290276 18.641147317229837 2.5411134614730533 1.1088142603223772 12.63139398358288 9.446072030962156 16.472482346794386 10.991370286409284 7.8795274383132545 7.796068909616589 25.734412494996047 23.411580668731162 16.182187664599663 4.660123620335878 14.65571660155408 7.153714152893504 10.621101739844628 7.888822904228376 24.81890675907914 17.741426520340422 27.319989975131175 27.892387509100395 28.160384862911243 22.539922045196718 23.568774179249797 16.345930265647482 2.1635866018635355 27.788018894083883 17.924262254177734 23.43845277171895 24.327492915459377 10.255496737411695 15.473682819311403 4.579293751792521 16.64966266769953 29.538064791303658 13.164727033857787 1.1418240920473768 27.910527599251367 22.932230909247945 7.718302954890568 29.24022514286711 11.09076000310781 27.985122941643592 3.7437903507598738 1.4038841935678152 24.235150087120903 18.33764747140447 25.48129998966622 10.111327645271261 2.915683572876244 4.6124100193273545 12.076832101206227 2.0852406539197927 19.581067631736115 2.7518845640178315 27.993416365534106 20.11775590591147 12.896546379796026 22.03908115517357 3.258539859412052 29.921617058951774 18.72321268748326 25.074343733807886 25.703613155448533 28.175297876436165 26.882020316563665 19.906454163770537 13.027235656372943 3.7332069696541876 26.63884805104071 16.20071023883943 23.03392558523878 7.388026004795975 8.850780467294495 14.065525141757927 16.25937082881504 24.323475772844667];


nDrivers=79;
max_D=[180 151 153 141 208 219 160 175 227 228 129 231 193 239 123 155 153 183 148 123 198 168 178 148 177 239 133 152 216 190 123 158 159 121 183 218 238 171 200 132 167 138 144 131 234 144 197 150 135 235 179 223 153 137 218 215 214 193 230 128 223 154 124 195 170 177 192 177 127 236 213 166 239 221 210 139 170 139 142];
        

nServices=82;
S_starting_time=[313 185 277 456 604 83 329 210 249 81 270 666 324 690 478 593 365 550 31 683 263 168 191 615 193 506 7 288 496 652 564 350 585 514 433 149 14 525 312 589 51 291 70 326 124 430 558 476 282 73 516 199 554 262 24 142 691 411 185 303 238 233 489 385 317 133 204 483 508 358 52 368 374 279 376 435 548 16 114 108 479 605];
duration_s_min=[100 100 75 67 86 120 82 98 63 89 119 91 77 107 68 65 63 70 74 92 77 88 85 83 100 110 117 75 112 66 79 105 67 116 108 72 61 93 114 61 118 104 75 96 109 117 112 69 118 74 71 65 71 69 115 87 82 98 96 89 78 89 74 79 92 60 66 113 81 107 86 63 120 73 112 118 78 101 84 96 60 115];
duration_s_km=[41 37 42 32 34 53 53 42 59 53 31 58 50 39 34 31 51 37 49 32 36 42 39 45 41 51 45 31 54 52 34 45 32 59 33 53 33 38 60 53 47 57 39 39 57 48 55 43 37 52 33 56 54 40 58 43 53 54 52 60 56 37 31 41 47 54 37 35 52 51 30 44 52 57 51 56 51 40 32 59 41 47];
num_passangers=[87 88 25 87 86 24 93 75 88 79 99 71 56 90 79 87 41 83 61 95 76 83 46 66 47 41 33 58 83 74 99 29 75 43 93 62 30 73 61 69 75 48 72 53 73 65 80 21 62 20 78 81 35 83 77 87 57 63 93 25 100 68 51 75 25 61 32 46 62 89 75 44 60 83 78 87 70 47 67 60 37 50];
BM=250;
CBM=0.500000;
CEM=0.800000;    