nBuses=125;
max_busses=127;
cap_B=[57 107 96 121 88 90 45 114 125 135 46 106 80 60 88 69 43 105 131 114 22 48 31 114 66 22 113 118 64 20 52 100 34 41 119 80 101 83 127 83 35 46 94 92 136 95 77 85 138 82 82 119 125 61 100 65 87 22 34 98 64 61 66 50 22 138 50 60 135 95 24 61 84 105 50 51 62 45 139 72 53 30 69 88 87 87 118 123 68 61 66 42 113 46 106 21 135 110 92 20 30 124 101 39 55 129 37 85 70 133 74 121 39 26 79 50 76 134 110 63 123 38 41 39 134];
euros_min_B=[1.3339865882495239 2.738853139536699 1.7428953922865953 3.094609905695294 9.537445272259415 14.835688683623065 4.56369209744765 7.299819289914073 13.196645507700888 13.428095582286337 14.899991661175081 9.141454286449722 13.72707902671634 13.272913619304488 1.4466119639436668 5.808041312179338 11.245110655208887 2.719583940830465 3.342747468745893 1.0918409030438117 5.030462274277593 12.767889893247395 8.743554988530299 1.618705854736425 1.7670328593283486 9.986513759521937 2.7679566147951453 6.0644561509061266 13.049132930533553 11.071199357946108 6.67681264776762 8.169486142007937 12.346449981347584 8.546856605209943 14.845809420219435 4.282111984988198 14.478058517463552 12.80520642689228 2.822883530981815 13.542198484755101 7.619250285163811 5.9378442910114275 3.6690844387395884 3.3834193655631686 14.86986843002214 11.635583308857107 7.255529636327866 14.041964752689836 12.226127267790293 2.9511895898144953 3.9718002199226703 12.622089698250889 13.869621024390486 10.769753957377498 6.876957514401742 12.981404965299136 8.343111681939208 7.233680578344904 11.086985453008435 14.852042085078788 6.91513969305153 6.3263327421446025 1.6967671615213533 6.600023862210283 8.827828323903049 2.0579963551464173 8.127855267346895 14.539516838207481 12.635882798044314 12.694974038436913 12.421597039691413 14.136053575772396 13.203252775783772 14.533893480074033 12.04666951097705 4.548207424269048 9.503449060974539 5.918329365475357 2.0279886759069576 2.295295641437949 11.343848074623448 6.020111106588153 5.74347130098769 3.4240152574909395 14.045694222423347 12.669019377362865 13.396333969408532 8.759311211769772 6.2466968320423915 2.4924098344745937 1.0837272751805245 6.291526254748573 5.089728944053402 2.998854066292963 14.516486634259719 3.1220943067390263 12.520382118895474 11.299632925646554 5.535366630847614 3.6272044497604954 7.797339420039035 6.733315360216783 10.55625278237807 14.257901304748891 2.0556850053087166 9.769615477549914 4.026141023498103 11.065042944511971 11.301317616324736 11.839065992556588 3.0340767380421605 12.835191966278808 10.441920699812949 14.587791054065002 10.913941256843724 14.540960756415167 6.749058399903121 11.889855332432553 7.726773433828947 11.242011412461478 7.444842941402949 10.383010671797487 12.009984317838342 9.769028341586479 10.378598209572445];
euros_km_B=[27.243106546231626 27.573494240328337 24.181334388860325 2.192321108894132 9.572864132891716 24.481692852254287 12.741321804900876 21.18723630281815 23.554141614338214 17.69895085755266 12.372489724820854 17.462213334746046 25.15017688928829 26.489011991360456 26.767714796071534 22.742503502761007 3.903598637859652 13.543619284630912 23.877258371476888 26.354973781280712 27.73618545587093 6.467939526018701 10.015198411561975 22.681365869664596 8.983568970125166 1.5467074752187577 15.85998561227401 14.625869822575805 22.92932491179651 5.533834333810469 20.567503643252486 21.62599099126926 25.611919184959408 8.35255369754676 3.8384811245136214 1.4131871053989302 17.007117019800095 20.086037992647707 16.482146115638102 8.748360416286582 20.217056094108393 10.081430823099588 12.455717564655169 24.472037771063402 23.43562882073274 18.508296153468248 7.142539800210885 2.1026601092494808 8.899393703798795 5.304403733476465 9.921273808173035 25.01608828225564 22.38971159321922 9.80924319374284 5.2764078802227345 22.545176480853165 17.717174379122515 23.977080072994337 24.87905370760691 6.246812256400198 24.665143688051742 12.811868860098663 1.2263099388333658 20.35314996683046 2.0094347617224466 6.534107973505829 4.628144141570981 11.43656340171756 12.977322946363225 16.988809262040476 11.16854045185356 28.239601205590855 21.788942963544198 5.176236984666624 14.287632356384051 24.99411947959379 18.47287304051005 5.787990666094503 23.209332969915128 24.66385097198071 6.947323332686098 5.964670935155048 9.08925213105001 25.18771989752558 16.93596917918036 13.536501349896621 9.41371517004106 8.185640287371587 26.430533648021413 26.3974713098075 22.672961451641935 17.025478067048155 16.907665603396623 24.11619299844277 9.267807848895998 2.5864502773670903 3.986722024246259 28.677180922806475 14.634617977903785 23.402345500257645 23.44248313833336 14.23547453835814 20.81649748641191 10.952122615965566 16.793200076991788 7.689824756928479 24.337534325656424 20.809030578135463 11.109623205236518 18.075470360151108 16.81213351101988 20.586869995246243 13.127911933816797 22.146195653566753 1.2037244346108331 15.519810601394957 2.4660974412001053 23.975046914886413 27.699270271659515 11.255968628824863 21.864753932702136 21.302549640501965 13.618173074235832 9.480380853755207 28.885717122409442];


nDrivers=124;
max_D=[167 144 223 147 172 151 156 210 217 189 198 200 233 221 223 192 187 160 201 214 167 207 193 144 182 167 235 179 234 172 132 232 147 231 127 222 189 137 214 203 179 196 213 189 121 236 159 164 121 188 198 146 152 141 167 163 173 157 190 224 201 189 238 174 147 167 205 200 221 212 192 221 120 141 191 239 239 128 152 188 225 124 186 193 227 125 231 176 205 218 219 158 220 209 212 182 168 126 221 164 173 149 184 232 171 215 171 164 229 145 213 220 124 151 202 132 217 196 173 196 172 188 206 158];
        

nServices=131;
S_starting_time=[106 424 356 44 669 330 0 277 359 401 104 496 622 455 670 268 331 310 344 88 39 188 651 89 446 693 317 214 605 483 444 80 454 623 442 240 230 704 588 638 371 631 420 668 102 47 606 470 440 460 155 507 164 371 181 427 195 357 393 223 272 38 53 699 235 297 146 503 372 637 183 2 716 162 604 695 422 597 607 363 213 552 267 19 181 362 510 439 629 280 264 501 466 137 46 613 562 41 50 631 400 691 571 399 626 417 601 543 93 133 310 675 483 457 179 604 403 394 359 286 362 637 214 569 5 228 638 89 156 501 708];
duration_s_min=[114 90 64 109 103 75 72 97 65 67 102 79 83 114 108 83 91 120 89 120 119 118 63 85 97 87 106 112 94 102 71 112 75 82 64 100 118 84 96 104 72 81 89 70 101 86 75 83 65 60 99 83 104 89 85 92 92 116 103 90 65 87 61 65 103 117 70 102 92 89 105 67 100 120 91 113 91 101 87 115 105 95 87 72 66 76 102 91 78 80 102 89 99 70 86 98 68 95 92 117 63 94 107 72 81 64 97 85 107 83 101 72 102 92 103 104 88 61 87 99 82 62 81 78 118 89 116 79 102 71 77];
duration_s_km=[58 48 45 39 30 54 38 31 48 47 32 53 30 30 49 33 41 37 39 48 50 48 55 49 57 41 37 55 34 38 51 42 38 46 55 44 35 41 42 42 58 34 35 32 57 37 33 40 34 35 51 43 60 38 31 33 59 49 39 60 30 39 40 46 51 32 52 42 35 37 41 43 40 40 52 48 50 56 46 37 49 30 31 45 32 36 46 31 40 49 45 34 30 59 46 55 35 41 52 43 49 46 44 57 42 31 33 37 52 43 60 37 41 47 53 53 53 56 55 56 39 52 42 50 58 30 60 60 57 46 55];
num_passangers=[29 41 74 53 28 48 61 97 92 43 77 85 81 25 97 33 68 20 87 24 97 36 71 38 96 91 37 78 44 35 42 38 41 82 80 74 52 63 53 39 80 46 38 21 30 35 40 54 35 84 40 55 87 57 98 61 56 21 20 63 45 48 73 36 96 88 78 48 25 49 81 21 73 94 92 94 53 83 47 23 82 47 32 31 32 56 85 97 35 39 81 75 24 98 78 89 65 33 53 40 91 52 67 45 20 89 75 36 32 24 99 28 38 93 87 88 95 57 66 37 66 27 86 64 31 51 49 94 100 56 32];
BM=250;
CBM=0.500000;
CEM=0.800000;    