nBuses=92;
max_busses=97;
cap_B=[29 93 46 103 87 69 117 55 122 130 54 105 24 30 136 65 129 92 111 22 27 29 70 26 74 50 20 63 28 107 30 99 113 56 36 140 95 71 131 103 73 72 93 71 95 24 76 35 72 129 127 93 100 88 124 101 38 113 33 27 104 53 140 116 25 135 32 31 125 81 70 132 71 83 41 135 40 68 67 31 73 28 79 27 61 135 123 130 47 69 75 102];
euros_min_B=[9.42463072931921 5.531286719647884 11.06576375801466 13.841471281187761 8.712527944417022 10.687262333006046 7.105390958970379 9.414648609212609 7.573869569485173 10.658259761126999 13.199438437695552 7.963794043063052 12.620447498423381 5.6449039997443595 1.6292711411940812 13.833590499602044 12.602014631871427 9.727881885171808 5.10823535998076 8.94967932272543 14.201613213844869 5.538913489547895 9.584382323286633 10.905816141537416 3.7161224932283567 7.388312545971885 4.118185714693697 1.5274156395601712 1.7026971241441913 9.703765190122319 5.733262205225494 14.041611957841926 6.247526459423755 1.465047475461648 10.982744139736878 10.863145208574878 10.71091101834056 8.113219798287766 1.7211297195688322 12.688925691479339 9.456044481918763 8.30906523489105 9.35897506616242 8.516890475380116 9.697257267866593 1.3452901637808539 9.052932828732663 4.179168159407613 7.345282772691188 12.274650740844708 12.955396285894643 6.917459183398736 12.62636910600477 4.744240764596651 2.7960312040668036 6.170061522891196 2.996127140677448 8.60587687011272 4.092031735969023 10.689383580674464 5.989175198104878 4.627067107080659 6.926211520971598 3.094622939671138 13.265919924032028 3.695105021221716 6.726080692734082 4.206488126012678 10.567742499500607 5.311842075133829 10.304278421707549 10.607610890158577 7.598053973656267 9.138045684328732 14.461517998776385 3.177597180995184 8.216387184767585 3.107016111264343 8.631607091857674 5.831151834315397 13.72962418554531 12.103235282299012 3.9553992016515345 9.3620430565197 4.475212651200027 9.395446724115168 4.053170303236905 9.855462949780808 14.625668147869607 1.348754097245127 4.891587035798651 9.12319834543908];
euros_km_B=[22.702526161447626 4.425165892100279 14.783599078640037 3.6091390074727654 27.354289246428383 13.60897019444198 10.00557480251272 7.066066264935382 9.238173806452213 21.951751989486844 11.789435270741457 12.31661323408967 21.866282546050307 6.742440390503966 17.313735887204956 13.626181490147305 18.59020691921267 23.845561520667008 20.023714888008033 27.975126138447436 28.41945150592833 25.864593890151138 4.7051790963612 29.83576703076405 10.371741467578207 24.709563712336053 11.691056675641905 3.472195049174002 8.693690758772714 10.80697702751836 23.364592570676287 28.79409271290591 22.996529124555 20.87558266923325 4.273551519833449 6.990428057362723 28.26959343052128 1.8888206353419095 12.82591813180714 3.0841116854167376 29.778123073736573 27.76334634239934 24.735203769731537 9.500670399834604 5.649863379119418 9.09235877067451 21.67703843139816 7.775346714330405 7.188684745837316 9.608530049702047 13.676925567544394 15.833238861796286 28.675362710852042 28.46822430893108 1.3580143115928964 16.81766015138099 15.78927451086006 5.755128743073744 21.47138313585484 3.926826270904378 16.660242163218072 2.6596916066533636 21.584118641371195 28.512480223201624 22.58722701843034 27.95284554431624 9.995876078358563 15.613786976777597 25.668850068143257 8.185959037724054 2.384114250147663 8.884344014415554 16.670509445063452 8.78650833506075 19.462078520808273 2.4649198845845977 18.174419079364252 16.46906796704048 23.423438939272717 25.191897170984415 24.22368938331672 23.520870982634612 4.534618379967462 7.773919831583935 7.797863565583424 10.053447313037038 1.7722625167688686 16.202003984220937 23.566553009450462 24.265996185786026 17.380044295453867 6.536143437426434];


nDrivers=94;
max_D=[144 194 234 122 190 120 167 165 124 219 159 238 223 193 226 199 133 132 204 166 132 121 172 165 173 159 232 185 195 219 224 146 151 151 199 200 162 142 143 213 134 133 160 150 178 150 186 162 168 150 166 208 174 220 240 210 147 183 133 128 141 231 238 124 212 190 236 195 128 175 178 155 150 122 202 132 214 165 236 172 122 179 239 178 170 225 192 135 206 225 229 153 179 121];
        

nServices=98;
S_starting_time=[150 573 696 710 125 114 201 500 167 266 323 452 247 228 173 318 579 50 493 546 372 216 105 143 651 660 508 454 666 52 361 512 486 221 230 690 396 360 291 116 614 635 438 627 82 60 362 2 1 592 442 594 223 554 252 165 97 202 688 199 506 325 649 322 108 308 682 183 162 162 271 436 286 527 357 494 333 680 608 486 490 545 208 548 294 506 526 279 548 651 189 450 320 210 147 506 595 459];
duration_s_min=[101 105 117 72 100 111 72 115 103 117 81 79 102 107 115 106 96 89 81 76 68 73 76 78 113 118 89 112 100 82 113 98 99 71 64 109 100 101 60 65 120 70 110 62 89 68 117 108 95 61 63 67 115 119 102 120 94 72 63 113 100 100 66 99 97 78 79 62 120 118 66 63 66 79 103 98 82 80 110 84 109 78 108 73 115 104 91 95 96 84 62 70 112 109 88 109 84 88];
duration_s_km=[34 58 38 55 50 49 57 33 45 56 53 43 48 57 50 36 57 58 45 52 49 54 31 51 48 45 50 42 60 31 56 56 53 48 53 35 39 60 60 37 49 43 56 39 47 57 40 51 47 48 40 35 33 32 43 36 54 56 50 33 56 34 49 52 57 43 38 59 57 40 40 34 51 30 43 39 50 39 60 39 45 53 57 55 53 37 36 40 48 47 48 34 38 50 49 32 52 56];
num_passangers=[30 81 76 100 78 53 27 41 45 93 59 22 73 25 92 74 29 87 64 62 67 42 42 50 36 54 78 87 48 58 37 62 33 22 72 65 53 22 60 43 46 24 41 36 47 31 39 46 88 69 31 67 72 59 66 76 30 96 49 92 82 92 85 58 62 69 82 67 91 42 87 22 56 97 34 100 88 48 41 69 72 61 23 98 99 38 62 97 70 72 74 70 81 29 100 52 49 83];
BM=250;
CBM=0.500000;
CEM=0.800000;    