nBuses=96;
max_busses=92;
cap_B=[140 88 43 77 93 87 97 25 65 29 108 57 42 85 128 109 90 111 62 97 67 103 52 73 110 119 121 81 65 53 45 32 60 40 37 87 24 115 67 67 81 115 67 27 97 83 130 90 91 38 36 107 31 107 99 133 41 63 108 112 68 26 78 46 32 40 120 71 103 94 119 71 57 120 78 93 40 102 140 84 125 84 118 123 67 25 91 123 112 76 74 130 117 111 123 96];
euros_min_B=[10.459042957535187 2.9874579414589633 12.221478870188493 11.681559965216326 13.827507114343053 8.276475191659816 4.640447675927978 8.528682483291501 14.092432318920988 5.644414385996658 3.6098627349191768 3.2470532242092536 13.680017237022481 3.898204958077498 10.392990459880306 9.845445681420292 1.6741353258915121 14.26328335940984 4.059457722223029 8.045526383060672 1.208426816809714 3.415670264718984 4.184696513284816 9.701746786279351 12.637310465613302 3.5042227797452075 9.679457270837908 3.914882658908969 10.211347691711048 2.4485824306645796 2.417024136091654 13.05974060724667 10.679955219829118 1.5773135085242629 4.326183668741333 4.088032615817463 3.4317102852780126 7.353880220076007 7.530233776435258 3.5530694907024856 12.366627852650048 12.005237876357029 8.384645995629217 2.6167654768738084 4.878682506548236 8.07829909915647 5.8608881616689485 8.450971138385977 1.2684360807401778 10.199955412450919 11.221982070613688 12.378715156849875 6.664319230154733 2.1111326605120433 12.306784210644075 1.641066873655415 6.291377433750915 3.064403151410441 6.787695636638168 6.92731751567929 5.446363613274476 1.3974409393578129 3.802712526892301 13.92200819562737 6.45558304391232 7.206377638521181 14.050037927942869 10.68043128774802 3.015371642630681 8.972611509237478 13.515269173984693 11.158848319880365 2.11419748689869 2.633843406148089 2.001950120259524 8.109096769648236 4.503931700540216 8.513621186649285 14.839141742123076 6.600238769380696 4.345974996834672 8.529958702857412 7.638757728304061 14.760980143008887 2.554712873950599 9.413057470135978 9.912964316577366 8.567260833239631 10.429049962390671 2.3407270670527707 1.4758166896637332 9.530395062166402 5.638266313223559 6.957068331739039 6.454366033625389 9.48925163987691];
euros_km_B=[29.55510609881222 16.024334209960557 2.584669311345662 8.299775995037425 27.703756725431496 28.44995437658953 15.578276929777854 14.67080269094602 12.42428348382442 19.48131777357391 9.548573574254359 10.891635659928575 11.486815188187784 18.020811203627115 7.954470392264682 26.48289637531186 13.180850001245274 12.771439334269395 1.9567954711107183 3.3622064900584405 11.638443724403164 8.217164994071394 1.7761988671412272 29.921817235859486 14.462102671591156 3.642622789729414 18.28682232768087 9.750245428890658 25.019019607126545 1.3666688369393092 15.105111486316328 4.375052899214636 16.586846155246754 20.840177413983223 16.32830640137024 13.390782686436955 23.80212724820243 27.94608906497298 10.997101982006768 14.511885703052844 23.81402992324349 13.898492497888654 25.890672015988837 14.703801070939507 15.28021377616432 6.4128411235268015 21.041521789693125 17.701499812403444 7.256415993316697 7.411420004674562 17.559323307364888 13.315815441588729 20.559228811050545 18.410807429049967 13.446969145870368 23.432699300764565 22.47173921113003 1.668781982254325 10.113515543263173 22.83813917616549 6.739717790283733 14.618551711381391 19.94167601684616 9.346859321060897 29.475163376087224 27.669100230154356 6.06111888155121 16.510450333106817 28.01433625659793 19.270036743846283 6.216893191839951 18.793629976893182 7.6857447792692435 18.639260467297337 3.3761127311693286 9.488467449650795 8.15834279613489 14.34229308025823 10.064282812895458 23.15218146203654 1.3151922433858072 11.033422452517478 10.69913872230065 23.903249097596326 1.049473658209916 7.052356424470851 2.2823871066580117 19.890125151176658 9.17084467465281 14.076755510299085 20.58486858998768 16.610898207063777 25.358660744756985 29.806596273237375 11.173752694932114 9.839903941562671];


nDrivers=93;
max_D=[182 122 185 185 149 179 216 184 222 223 121 207 197 165 173 155 171 198 213 196 153 194 120 197 203 181 147 210 183 232 216 144 210 174 225 171 129 211 202 186 212 239 231 160 192 198 178 132 172 203 147 228 223 239 144 221 194 129 217 228 165 236 198 234 159 236 235 121 206 144 190 231 141 210 202 123 239 189 130 149 141 201 123 120 150 120 150 167 193 213 132 210 120];
        

nServices=97;
S_starting_time=[510 561 151 528 73 175 342 82 597 574 470 173 222 583 329 296 222 588 76 662 482 32 444 335 42 513 464 540 692 367 433 135 373 390 471 239 604 576 340 223 370 282 264 634 278 243 674 429 347 693 713 566 325 670 291 518 585 138 160 469 154 456 567 202 65 641 372 335 90 131 670 437 258 292 146 477 42 604 616 225 337 626 325 355 325 259 90 342 385 161 261 493 603 350 234 234 127];
duration_s_min=[93 104 66 114 68 96 95 87 101 70 63 66 82 94 118 114 93 86 74 73 72 85 111 102 94 109 115 67 97 106 72 118 64 66 112 97 109 75 79 72 80 75 71 64 60 85 106 104 87 100 70 91 90 93 96 116 60 120 116 87 73 105 84 97 119 89 112 90 115 79 81 97 99 104 60 80 63 116 97 111 91 107 73 97 113 77 102 96 109 67 113 76 118 64 113 66 74];
duration_s_km=[44 44 59 59 59 47 59 50 34 42 46 48 57 56 43 40 41 40 48 44 53 33 30 53 53 50 50 52 44 42 41 55 59 50 36 56 48 60 35 44 42 34 42 38 32 38 33 32 56 51 46 30 34 60 60 38 31 51 43 60 40 33 52 40 46 40 49 48 39 54 32 37 54 50 39 32 37 33 37 51 58 39 56 37 40 36 30 38 36 60 53 49 36 57 58 59 59];
num_passangers=[70 80 89 53 89 80 34 26 41 97 96 97 29 96 56 99 99 94 27 39 25 90 72 26 35 77 99 72 22 40 59 63 87 42 40 98 54 75 59 20 100 37 39 28 60 49 85 75 85 93 96 26 57 38 68 78 79 82 53 22 26 35 37 88 58 75 22 32 95 69 64 81 65 87 96 82 53 56 35 30 75 98 80 74 23 33 93 29 73 94 87 39 64 72 58 36 24];
BM=250;
CBM=0.500000;
CEM=0.800000;    