nBuses=76;
max_busses=67;
cap_B=[35 58 117 72 82 27 108 78 40 54 46 98 26 120 36 134 124 54 76 125 107 133 106 96 74 49 62 41 30 69 57 57 68 48 135 85 111 133 47 139 50 128 84 124 115 85 79 33 57 41 62 72 125 32 58 56 30 48 62 67 68 33 50 84 87 80 70 110 106 92 42 82 44 35 82 59];
euros_min_B=[4.69931122047284 10.681357105304958 10.948029164719891 11.46156621469175 6.215408515075975 2.6750542265541046 7.404141782853198 5.386514924238203 5.9196065819609895 8.51150888678405 11.37463104478408 5.391087824355656 6.043749353903688 4.517370051511625 13.481899836623203 2.648372530792714 11.413119775591223 2.7376152721408253 6.983210126907393 14.97350373960022 12.495798885744538 3.3384045061104937 2.9220397049876707 1.808403965431333 3.3034837374749118 5.759818642089569 1.653753894587628 6.166134931290986 13.124399912910697 14.650126060487402 9.09219275560037 10.718252708601193 14.556486766430664 6.627574453102044 8.875130038649203 12.86593755781201 10.82792227799758 1.8754178341591208 4.957085892669609 4.0991996272068105 14.518609660152851 7.09955318038496 9.37812560667289 8.600848948194722 12.907440792130734 11.359219960929366 6.664518337696757 1.4273331101432822 2.1670845505976106 9.337172780928235 5.879419802012042 11.588151849264719 7.732261903526911 7.399191046365299 13.374075470833965 8.908599341656986 13.121366791252122 4.977121447829263 14.90545509088544 11.801994125610893 13.535278549137088 8.302929149187262 14.92703112818798 10.85782294057465 8.494295038681244 9.04246944007624 1.250416873512511 9.729658462944375 3.597738640652043 1.171773328538049 5.975815032901033 8.794370622646689 11.37603083386794 5.524256798560072 2.8480473804073796 7.1096216038041495];
euros_km_B=[26.20151710821498 11.845430685464843 11.725499240863675 11.031186537319556 7.785438008537364 13.22978809870061 3.351414047221902 23.84352622114474 5.690742256744404 13.654554309255811 27.942562902356904 12.972142505815688 26.317108267005793 26.97861919559819 15.273946928406104 13.819069948638397 21.827893648739987 3.540563291249208 12.096388497773217 21.950326033423554 9.15389500653717 14.17968013701467 13.255787143349002 4.646505179691809 4.899368311212661 1.6698873978256847 24.643822532223098 12.28420609958148 13.179623259736251 7.363838085128994 28.469502842943772 27.27442242434022 10.9740895375495 12.233584471638288 9.23881008901486 15.497099748836218 18.971045214670458 4.632984644591061 25.257080374819367 17.9669898997452 10.803479665732516 10.300208675738208 16.374750114904902 8.796234423630764 24.268566149946274 12.322603751551949 6.503708033328762 10.112924362916845 19.031885421850898 22.08468924680739 7.976379847911453 24.051225158519962 16.47010984812895 18.28664537054519 26.372732144083294 6.434257762468253 22.81862251797898 9.263354592453442 7.533445431146543 18.331535670140898 13.483324263580982 13.254469981809867 22.966150733786666 28.119814812762705 21.51439814586507 9.545202294380056 25.961453310078277 23.94492558354107 19.00216398074444 29.123305661369226 3.789083550293852 19.904633712663852 2.7531241237775577 20.469950906203675 4.0012655409325335 19.639612507440024];


nDrivers=75;
max_D=[142 122 130 146 227 221 145 197 182 201 151 183 194 191 124 179 204 147 230 238 184 195 200 123 155 120 137 137 168 228 224 159 120 136 138 131 203 161 170 210 187 236 147 212 198 219 218 127 191 193 222 176 145 137 144 140 222 240 164 206 158 192 202 227 230 152 188 145 130 138 174 121 192 192 153];
        

nServices=77;
S_starting_time=[686 246 222 402 143 426 404 421 64 708 433 410 393 207 405 270 187 319 43 627 66 650 206 37 84 94 122 259 353 592 278 711 398 670 555 110 544 371 156 698 139 201 276 175 177 709 68 586 644 237 359 46 489 319 411 574 164 11 480 212 669 257 522 347 198 358 357 123 663 115 630 563 258 383 459 325 466];
duration_s_min=[97 82 73 76 79 60 75 115 82 99 83 77 101 66 69 86 69 112 105 88 90 72 63 102 61 74 116 91 109 108 108 87 83 60 119 60 70 92 90 61 89 110 71 74 63 62 92 77 85 66 69 76 110 67 79 87 98 72 112 77 112 93 105 63 89 67 104 104 84 72 87 75 74 82 80 62 94];
duration_s_km=[41 31 53 32 42 58 39 30 32 48 46 38 54 34 57 58 45 48 40 51 56 49 57 35 39 30 30 32 55 60 33 50 44 36 60 47 44 43 51 38 36 49 39 36 36 50 58 52 48 60 46 54 54 56 56 41 51 59 38 53 31 50 52 35 40 45 32 53 56 52 32 55 40 52 56 46 56];
num_passangers=[55 100 33 72 92 97 99 29 78 22 39 72 60 25 71 92 91 35 72 92 27 45 65 85 60 71 30 95 77 89 23 48 40 48 42 52 62 67 34 65 76 35 95 60 92 76 91 37 93 21 83 91 89 85 33 48 34 68 68 82 32 35 48 59 76 79 76 52 62 71 85 66 93 51 26 30 26];
BM=250;
CBM=0.500000;
CEM=0.800000;    