nBuses=130;
max_busses=132;
cap_B=[74 90 121 116 124 99 122 90 91 92 81 106 86 43 59 126 89 120 71 123 20 136 63 78 67 86 66 83 29 57 60 59 134 21 123 76 81 131 112 54 83 64 45 121 112 71 43 107 132 32 134 101 67 85 82 93 71 35 97 115 24 51 66 90 50 119 52 65 106 95 110 46 87 115 133 28 20 76 104 86 26 54 82 62 126 69 45 87 121 69 114 43 86 45 45 51 63 115 28 130 73 103 54 57 121 46 121 35 138 27 21 74 22 125 35 99 136 72 20 25 117 76 20 21 99 24 137 77 136 101];
euros_min_B=[6.088222909915426 13.033908448848695 3.9088985670345293 2.6433860924865984 1.1304303497091315 8.812070829209068 6.9557626693778865 8.422735672134053 6.589895592265513 13.304451114705284 9.101764063392798 13.802337037073201 13.064736015295352 5.333540455997939 1.1720945902511462 1.8845218858538235 11.853565096401711 11.702361008290662 11.497115165379292 3.4695494965646647 6.571159041593165 8.764493615472066 6.52233405670258 4.4271290041659475 1.8009651008763226 10.595790280444401 9.06966506325246 3.6942464750848547 13.719912633573324 11.04797050158025 2.977439191122153 12.168769646056314 13.474724518238935 12.131848189701019 5.808481265341382 1.7521129941289846 1.654605450195758 3.858526284321181 7.238528835691651 8.899672057744072 6.760681500671025 10.963078809684262 11.44419541600131 5.104914965798311 7.923935695304923 12.43606229660842 3.9251320297889745 14.881558561483024 6.7606851259475995 11.568343984709337 13.183810848570346 1.2439230780793291 9.410368200836817 11.252804201926054 1.8882360892008798 9.3234400498526 13.220999016255647 9.620823653758999 2.6868350133706 12.882096471878931 2.5168748259916507 10.65650772266698 1.821220072290941 9.01511965827633 12.894240588694284 6.865058038281026 13.271064901496526 13.65972104400705 13.367486851654453 13.005818610945049 4.1441957922400015 2.5003633728422803 4.771135564970198 1.2188077905561876 9.446496264982523 2.7615789728020568 11.210954558970212 14.802205028580904 9.900444574878708 1.8453700839487286 6.194391407360829 5.961250460621914 5.168805378320401 12.211848490013326 7.025859207293658 14.209599618658613 12.719153308804643 9.644953619353572 3.3805437835239562 3.9933505613429876 8.221739425845424 8.202465033028794 8.097747882535693 11.549449574847166 2.747247256636233 9.002078895919393 8.668752081229016 6.771750472277473 4.761147702458707 8.63450622495918 6.524457208988906 1.1946462020810664 4.037232398357651 3.1781628941047417 9.91140024859622 11.806299061327955 2.868428410138678 2.2559941285961895 6.662309550654783 10.870486504541486 7.152164942183314 10.746222077182349 7.739398906790473 12.976524752105881 1.167435476131653 13.426202623992479 4.446756453615624 4.035031617730209 14.365403415037102 13.386817107025031 6.374985013574267 5.711786066360345 13.231819767027428 12.585399722232632 12.329855439836146 1.9518085189059653 4.072351676328545 2.9358675918358355 13.466024216533476 5.289586232565137];
euros_km_B=[25.832640624845578 21.63338208579886 6.672993495678367 17.23274120851163 2.3942267727553213 17.82496399115777 20.80646460796579 1.172236437483039 22.976758858176783 15.298075507260343 29.53787363295384 4.35703552901258 4.174607255050224 8.098641312429285 24.29797373403981 25.454356283716645 11.034953950250639 5.182301011478901 23.766500591898236 4.549651980730747 14.313617084689632 4.810342625381105 9.958100044182654 9.530477839746169 9.761972384299822 10.88778104499288 20.513173740775397 1.5302076809997311 26.80267607606551 8.634398142929038 18.35998132853611 9.76273530819012 5.3044783464724725 22.797444973318374 21.77230173558631 8.91629956751783 2.1129734913595373 26.629130755887775 21.599997165607796 15.39630050928744 3.3038102461743533 18.81908318971182 12.839296763916447 20.357302608253658 11.967555431624733 16.78685437158772 24.964716171089115 6.498794684464712 16.544697632902725 26.85199058108351 29.678656165714536 1.6438395488683553 10.144006333573085 6.005164639954583 9.122111520908035 6.3964838176274235 4.87243339619949 25.708518411954095 9.683152980369737 1.2396049710446466 20.85148674766874 5.21090359319113 7.553307139809105 9.208917656944909 13.16597771215895 25.98052872743218 18.432242446753474 26.50044997731795 6.811923802174397 8.891624484388885 18.240006641385545 7.143869223982637 10.24941011158563 2.681265103113127 10.462851348295654 20.335788791162564 5.186598924426703 21.713632939000433 29.88580064183784 15.891326143122376 28.58366874460299 18.06522602341266 8.562640641557813 27.211947718755052 11.431494014652166 8.408947789974167 21.28498502595106 21.803973359114895 27.586520509346393 25.112413196521675 28.085193729524665 21.48389813056725 28.938496402179133 25.644133149795014 17.893411909814773 21.67802190269533 19.015240429957036 23.72655183618975 5.974384291536095 23.17093163823823 2.484980288739372 28.15217663557007 3.77167295796502 17.34020964154465 13.001647786743064 23.165454371368643 29.389866088670516 23.40694501721974 17.53037114438219 27.031166135101877 17.838444493430796 14.96427712744153 24.636176680102775 20.76893178255301 19.395891130349288 5.822231675763984 15.67269098923102 5.128187828367242 9.650991903013406 24.736167130494877 9.72864172006341 25.74385896992136 27.52313433009561 7.492256222527319 15.914396845394482 26.486404194535773 29.270418871192874 17.55370393273121 1.262034454543839 11.070990113672945];


nDrivers=133;
max_D=[177 181 151 148 217 220 180 185 217 141 127 189 154 125 200 209 225 129 182 225 231 217 155 150 175 237 228 173 123 174 200 224 150 144 164 219 142 204 204 211 172 239 184 134 210 223 168 136 238 142 170 199 209 140 132 174 190 187 183 126 149 193 226 192 210 177 167 141 201 197 213 216 202 140 205 122 183 176 167 146 215 177 131 237 229 137 230 183 219 224 215 201 212 238 187 175 198 174 211 215 229 139 207 150 163 176 162 181 198 229 175 169 212 168 210 222 193 133 135 170 181 122 160 208 215 232 183 232 154 236 176 236 125];
        

nServices=134;
S_starting_time=[617 33 358 440 564 228 15 692 315 120 626 474 20 12 95 300 283 195 626 497 347 497 620 89 666 167 462 180 10 111 324 714 549 155 284 666 266 68 95 645 319 421 309 710 115 24 31 281 324 156 70 192 23 61 607 423 79 172 341 299 490 681 66 31 662 303 148 650 3 422 436 304 539 692 121 31 28 54 613 117 570 168 296 682 328 10 47 279 400 49 518 501 278 184 620 558 609 562 141 275 182 622 618 318 386 59 450 53 631 183 717 680 715 604 298 366 197 552 224 70 527 574 463 532 315 390 572 596 470 716 700 269 289 214];
duration_s_min=[70 116 109 116 88 103 103 64 95 117 102 79 69 76 86 99 62 102 104 95 85 107 91 111 65 64 91 73 72 68 92 106 60 91 82 95 68 95 119 88 101 104 86 82 67 81 102 76 68 76 96 88 87 95 103 73 88 101 92 117 118 103 106 94 118 65 77 103 112 82 61 85 110 106 73 116 91 70 110 75 79 108 74 74 79 104 72 103 61 105 60 104 102 102 84 105 67 96 81 103 74 112 95 103 119 115 71 86 90 65 115 71 96 110 70 117 111 68 65 64 105 70 112 65 69 68 62 89 111 114 77 75 88 90];
duration_s_km=[55 41 42 56 36 46 52 30 40 30 58 40 51 42 45 40 33 51 39 51 41 50 33 30 36 55 35 41 37 35 50 54 48 58 40 44 31 48 48 51 38 36 52 32 56 51 36 47 38 48 43 54 31 34 43 43 44 58 49 52 52 53 34 44 44 33 55 50 59 49 51 50 33 37 55 60 41 43 58 47 58 34 43 38 49 49 48 36 55 30 38 30 37 48 57 34 43 60 37 50 32 60 49 31 47 57 31 31 48 41 59 36 34 59 44 50 45 38 45 50 54 58 39 54 39 56 52 54 34 52 40 60 57 49];
num_passangers=[22 94 43 58 55 94 23 26 69 21 27 43 50 90 85 75 100 50 59 59 100 100 52 24 86 67 45 63 95 52 45 39 29 63 97 54 52 71 85 99 32 86 80 82 77 40 80 63 76 95 52 62 95 80 95 61 97 66 98 20 93 25 84 56 72 82 81 55 70 78 93 37 86 40 54 45 49 80 35 33 95 48 45 68 100 23 40 88 74 73 35 59 23 60 80 58 68 43 64 66 60 20 96 78 91 76 92 65 94 93 70 29 84 81 74 32 23 58 76 70 81 54 39 54 51 78 61 94 44 61 24 96 83 64];
BM=250;
CBM=0.500000;
CEM=0.800000;    