nBuses=106;
max_busses=98;
cap_B=[63 45 99 121 61 105 105 67 140 116 52 59 35 78 139 49 24 75 73 127 116 31 125 113 36 61 111 34 100 26 113 43 136 74 125 108 43 33 96 139 21 96 54 20 129 56 124 80 38 49 101 135 43 72 28 125 72 100 122 95 140 113 127 137 43 83 50 40 84 107 32 64 36 84 67 137 58 76 82 95 38 118 30 85 44 105 92 139 44 96 125 103 26 94 139 43 26 40 51 95 133 38 102 126 25 112];
euros_min_B=[8.640353839916255 5.948292951233225 3.701697919595392 14.962545138902039 8.317878845094603 14.26069028001011 5.904703903071387 7.784217442016307 5.645537841230246 10.671195786270914 9.63482809706218 5.37789201209207 3.9992881336046437 2.3713166467885523 2.0416481695927473 13.45416148466745 9.865947876863208 9.390117774687134 7.288169092614677 11.4522198763573 11.690351293157923 14.974702711685303 7.775890057121892 7.199599353581849 10.176523645822545 8.875693159833984 13.661291625459892 6.355697526593087 5.39018061116675 8.014070893547188 13.523773009740331 7.672007058206459 6.071141023883418 8.763662926411154 14.062987094145766 2.572657508347243 5.95079637627057 12.78548350851992 10.993746627584203 14.214328287570064 5.333413923693774 1.7922095236652864 3.013377578800845 2.041149680013396 9.20607448807366 9.281091988462276 12.922521719603765 8.297100471223727 3.2153207871812386 12.407387434720029 8.430593792117284 11.270494561434933 2.222438525809568 14.625271405668384 3.841989368365957 7.898856788383086 6.533342339679129 13.505074977867972 7.113576745261652 8.397331864534063 13.585008274187128 3.7347848459813635 9.514996915786822 8.797813861657126 8.796201552223959 13.564799813105298 9.510027874742983 13.428228235188861 8.937896245795123 8.70496666477174 9.393396845312461 4.359807207831441 12.69811085402699 8.61443876231153 7.237170039156288 7.189110079803815 13.77576467489073 8.497317168701862 12.916976751446482 7.579500013199858 2.7202144262240475 6.4665140097422285 9.706958746016156 1.369502088920857 2.4650280746617463 13.108531709536116 11.964684392114837 12.617593470662685 6.878471189164785 3.1869596712337613 6.164797422957545 11.127658382561329 4.550366147091687 14.839169552883464 5.164881730374134 11.138239122969642 2.323468125207998 6.716926336251308 2.1425433884557785 6.320952650638365 3.2199907869801905 9.25635477058323 10.934446255044646 1.9108502335338817 2.780105547570333 6.05870291690393];
euros_km_B=[3.905113528025846 8.317013611073829 25.87504081693579 13.966713656321794 1.7407523418861937 22.347954677122832 2.425588403313856 5.035738052354438 5.073714170301223 18.0642249015656 24.73725899958679 6.224763030837228 6.364783705838652 22.571097007932735 22.113778750664192 15.595560422387226 9.030345401514964 29.774658020291607 13.54908083242511 8.529895747820433 8.035634552808366 29.45109073554873 11.693510662274262 14.473242835627115 5.17825119032982 14.931218155246341 27.31903759653816 12.057751691010253 12.923507186392511 23.796813007225257 26.8501916640877 28.585005310764956 20.725913199684765 10.967502135702937 15.072712288440785 6.284650435405438 26.903056498349915 1.6155548935737258 7.087325789256975 25.67599363998206 18.20681286775327 5.152666449567606 10.084444994867935 21.897335916193544 7.0970114682918775 1.0010923086810692 13.029901745112415 21.32863950323447 18.650403519563163 9.114499250921806 26.6883763487019 19.621156165298924 5.301821166594348 25.77724619330518 6.673673781763343 11.838079112895565 4.73925402440472 20.34406727752541 1.8746807608748925 22.559911361111492 28.882614090812297 11.228172650341255 10.734542383580353 10.226884129600357 4.424418541446736 18.907194512539846 4.757924615285069 18.649855971952153 2.806466590973173 12.833495907054676 25.646281014056783 18.328413294926406 24.757403638594592 17.036731882523586 11.644092582311952 3.9257835390748523 26.41345966441452 25.051358406636897 15.89764654583306 23.30291274727717 4.0042828352257835 16.241892968154247 27.123249126857385 21.980737036704642 16.124961065516036 12.011539960395387 16.05771156696853 2.0147561521383235 9.450353818207185 11.228424616233537 3.112916036913966 8.031508627121376 20.33179919080355 25.852879021048196 29.62049370934135 29.221383374097332 25.345349167028296 27.040835772995163 25.38687220768599 3.374635654348258 27.90725522982042 17.424888233308277 10.066020269967469 12.949664662530619 8.19639019086079 26.737041581427004];


nDrivers=104;
max_D=[204 240 170 234 134 176 188 120 191 233 144 216 218 122 201 120 190 180 129 150 144 159 215 188 164 127 182 141 221 191 129 221 148 166 220 134 231 121 200 125 240 183 183 176 205 178 215 173 219 180 209 152 169 234 184 158 178 220 183 230 135 210 158 133 178 164 232 135 188 167 129 212 232 187 184 215 188 222 147 136 157 236 150 218 178 178 176 159 178 141 194 165 144 127 174 129 227 146 174 237 207 165 139 178];
        

nServices=111;
S_starting_time=[487 103 69 700 188 271 507 64 296 203 507 700 623 52 663 525 172 95 596 260 670 3 352 569 250 3 448 330 330 407 579 154 649 706 45 53 288 595 651 373 182 180 58 599 242 113 164 93 489 565 248 275 450 228 249 173 73 707 539 559 651 423 148 507 234 377 323 292 211 362 442 461 344 25 643 159 311 103 390 242 210 524 14 463 688 276 483 433 231 371 577 163 534 585 488 299 224 283 235 277 588 603 70 454 54 264 175 193 518 174 502];
duration_s_min=[67 66 88 67 68 117 66 117 110 112 66 83 99 119 96 95 111 67 86 69 70 100 70 79 82 68 107 97 61 61 99 85 60 111 67 75 98 96 117 100 67 82 85 72 82 62 110 65 68 70 70 112 100 69 64 96 120 104 109 91 116 101 91 111 96 103 78 99 100 108 65 63 103 108 119 114 98 96 98 120 89 89 82 72 61 67 77 115 114 103 70 99 60 120 113 91 63 108 120 65 78 93 84 98 97 76 60 93 62 76 70];
duration_s_km=[38 60 52 37 43 60 31 34 46 59 35 56 58 36 45 53 38 38 44 50 46 57 42 42 32 59 32 31 39 54 37 54 49 38 51 48 58 43 46 55 31 35 59 47 32 58 39 35 48 39 54 46 38 38 59 55 50 37 54 57 48 41 31 54 51 44 41 48 54 43 41 40 50 38 39 48 60 45 39 34 56 40 30 34 50 31 49 50 38 52 49 48 55 31 31 46 40 53 57 38 40 49 43 59 56 51 55 54 43 49 46];
num_passangers=[27 49 45 93 69 74 53 59 44 66 58 59 20 73 92 66 54 45 32 100 95 81 85 48 91 53 84 89 59 45 98 79 96 92 100 95 83 97 95 26 91 81 34 40 88 72 84 100 51 47 50 100 58 51 48 72 55 21 46 88 42 53 55 43 87 66 47 57 64 38 86 57 79 90 66 90 24 51 48 47 82 65 70 32 44 54 76 69 70 79 54 55 76 65 62 31 34 64 83 54 46 95 94 48 48 27 76 67 22 92 49];
BM=250;
CBM=0.500000;
CEM=0.800000;    