nBuses=114;
max_busses=110;
cap_B=[41 123 27 63 132 42 87 43 114 136 114 122 62 36 54 59 71 117 58 77 67 34 42 107 134 65 78 123 93 51 77 62 52 28 65 70 136 92 36 59 108 123 95 31 140 80 120 108 117 100 118 107 114 65 124 20 30 28 133 49 75 46 61 81 118 107 35 72 29 96 39 135 109 102 32 85 117 77 72 72 46 134 106 50 34 58 40 92 70 98 129 130 117 40 67 35 33 120 99 68 90 51 135 25 48 58 133 101 22 136 88 75 20 33];
euros_min_B=[6.580070652203521 3.4050812120110936 14.642593234916893 13.354169298335172 1.2679486926839965 2.8604544793481423 10.558249836045228 4.333640103077773 7.47763608460257 3.7871424659889317 8.229395667868827 3.530363271704788 3.4583846567972722 14.384346879281424 10.14239512791958 5.866293156183752 5.390049335088054 12.148733728555102 4.85134969898213 10.196631511903696 11.36140139707712 5.3871561138859025 1.3058220915290173 5.3707912653488865 2.842576129115337 12.52833817628003 13.480946298296486 8.019640842385481 11.968002210389184 8.362864659405961 1.8732667969196903 9.402256430240003 6.710553698069413 8.593000171056728 6.309422680198576 3.642731240313179 6.525884873176017 6.393630701986923 10.338360010386886 14.290145963831776 11.791304661913527 7.285925786468947 1.7847603578713305 7.360085197225308 11.054649556418129 8.226190617358554 4.580714176182552 3.6447463651467817 11.963898129599313 6.874523358868431 4.807132765020543 9.509132548722867 8.832576438906205 4.558254659367359 8.839249159506867 3.685222999443077 8.099849336017227 6.583506057078276 10.784265643708501 1.8578127719663333 14.466312910803703 2.281189291187517 10.16314558817788 13.00306458129807 12.169815073427538 6.030544305797337 14.771293522632911 2.6951364963668754 11.840662021892209 1.7266433524815505 6.284656608538822 12.71000368453718 3.516675873814899 11.013871648599524 9.255704416074806 5.560260236103479 7.6798937475529065 1.6215888797902467 10.551019772763599 13.394335949524862 5.744900612492603 4.593567348097663 13.548338357798063 10.010088475582535 14.161258406914403 1.9512972744030048 8.35735606728344 8.497016072866318 11.762832103864152 13.331111322990006 1.041522998080158 8.053857356019467 1.6636047269584373 6.736887971387467 13.515072622956364 7.807007976828161 9.937211859079914 6.6578535281882045 2.3575295792356337 10.183627580240966 10.362192803468647 14.470885587040526 2.8684518900773632 14.156367491737651 10.519459044473876 10.200414599307006 9.41637339755989 9.655392382241535 7.629261717944352 13.254449570643942 10.769200868482239 13.081138083532949 5.1967210224154465 2.9368427837910804];
euros_km_B=[9.286610155811658 26.161331005353738 18.869484642614683 7.816450696318854 6.651676248284093 4.0836729176503095 25.17892749739396 23.934688760758718 17.43919298809574 24.435612930833734 14.711767590032952 1.8941293265131076 2.1896155565876274 29.699871262410674 13.201294809562519 14.074825811832751 28.28584518977802 4.545631377086038 19.89529059212493 12.495434885131836 2.440536150434806 3.017369155915789 11.730725543853058 15.235765360689685 9.794157514654055 22.28246009259433 2.0465239763958296 24.16444001722774 1.4176623698888045 9.77804954569276 18.959306266498746 18.257435744953224 22.269444060046787 10.529557702203372 7.111336908738515 22.968513247365657 21.820966295128123 4.213005928276527 23.49441917316748 18.0783970117701 18.142982043215987 20.543549956341252 23.833076862222725 17.84729864424223 4.320397732124075 17.283556435155038 19.14066943574093 15.794955366955755 11.292624679163028 15.750407870717765 16.529205737269507 10.729548213911652 5.402767755628705 6.476415757934036 17.61608745339908 22.21701609770893 19.706106646524944 11.06477037453921 26.95470259405839 3.4069054117558153 24.427845290141594 18.780992752847666 2.6056804506612083 1.879401713489499 21.483154863105277 13.0207970838207 1.7402839622866513 21.659562274433494 1.7330835300318945 24.787461389110877 7.925155059375318 26.18258699009024 6.936006900599912 21.137797970252212 13.935395721407593 24.76750540617069 3.294956001203262 2.418452863727194 12.18774819264905 26.179957966969248 23.528824843175123 23.9001900022079 5.098587851618142 29.53706021128272 25.341894413585678 11.77019535941443 14.875960233078889 23.143237284367213 8.440946232890663 6.828555631901208 22.805947672774938 14.822486793164924 13.007134563834038 28.59257112718534 22.167976599523012 29.553942275274135 20.21187864248054 14.73906795199163 8.37496963034738 26.750654224928994 20.84663348446764 22.594699993479665 12.512146948823018 24.474972591224603 16.099397659487934 2.397936175805342 17.687739784398644 6.384802993238521 4.110410213574356 4.741692807063586 22.95544326086357 14.505453492215507 3.0485998900415363 27.01024264966187];


nDrivers=113;
max_D=[196 218 181 121 162 185 170 156 176 146 214 235 166 231 173 178 190 240 120 141 146 223 219 134 225 125 156 194 170 182 163 127 220 121 153 176 149 133 134 148 154 156 192 150 198 187 140 163 196 135 233 204 143 140 166 168 134 185 128 172 133 201 171 203 202 195 138 183 128 137 179 153 175 239 152 183 233 169 164 161 123 200 132 228 160 235 138 192 132 124 187 148 147 216 175 197 228 207 169 149 143 141 133 214 120 187 142 139 219 195 194 224 226];
        

nServices=120;
S_starting_time=[560 140 584 515 719 325 270 647 315 126 310 238 376 498 522 2 446 210 579 411 705 167 424 422 469 520 277 247 179 44 82 491 683 352 518 464 199 190 432 336 457 157 53 677 517 156 63 654 625 154 312 55 279 482 371 547 212 153 580 231 77 477 238 690 453 598 255 583 107 647 155 522 104 632 350 283 344 650 376 253 377 190 234 480 33 201 17 387 125 360 450 446 568 16 253 369 394 405 410 230 591 9 309 455 611 719 548 555 569 295 180 307 703 607 133 540 445 96 491 11];
duration_s_min=[70 86 82 86 106 118 104 108 111 86 112 83 120 112 114 66 95 76 88 120 65 82 71 104 118 70 61 111 116 91 68 84 101 99 102 88 91 87 88 94 73 81 63 88 67 76 61 119 77 63 115 91 69 74 69 106 110 66 102 76 63 69 80 74 72 100 65 81 61 120 112 107 79 79 66 88 90 104 81 85 66 103 88 94 104 94 89 93 69 87 107 113 116 109 105 77 71 104 88 94 65 65 99 98 81 93 70 99 117 115 91 119 120 81 70 66 99 102 70 89];
duration_s_km=[31 43 40 53 40 59 49 36 37 46 41 48 35 43 59 51 58 44 44 37 52 31 48 41 50 39 41 57 40 54 48 43 51 31 57 31 60 42 53 39 56 55 41 48 60 42 47 43 55 41 52 38 39 45 45 32 59 48 41 60 41 50 57 54 32 45 58 36 38 41 35 35 33 33 58 41 45 38 30 52 31 31 58 48 56 40 44 40 38 53 46 50 35 37 53 37 42 51 53 48 40 44 39 39 45 31 48 44 37 35 55 54 52 44 53 47 32 46 44 54];
num_passangers=[40 91 30 47 64 86 68 26 76 86 72 47 83 38 48 78 88 62 68 79 98 30 67 23 89 43 71 49 38 63 43 71 48 25 44 48 82 56 87 53 29 72 88 47 72 89 80 98 98 65 23 32 34 31 65 22 59 42 86 35 95 89 48 53 50 32 64 42 43 44 44 80 62 55 35 54 56 44 43 65 72 44 59 76 36 97 31 72 95 59 67 97 57 62 87 33 23 77 97 48 37 29 47 77 62 63 30 51 87 93 94 77 53 63 25 65 50 93 31 48];
BM=250;
CBM=0.500000;
CEM=0.800000;    