nBuses=95;
max_busses=88;
cap_B=[109 86 80 121 71 52 123 83 54 26 69 119 121 33 48 130 93 47 69 36 81 103 109 91 110 129 114 68 136 32 81 39 51 87 58 79 96 25 134 81 54 109 70 110 49 58 120 112 67 66 53 46 27 109 68 98 98 56 50 70 131 77 113 109 21 121 64 63 42 76 50 131 74 28 43 108 87 96 126 48 50 122 114 73 60 22 95 139 59 82 77 50 57 119 129];
euros_min_B=[14.472313969121824 12.620352498889137 2.0938406182814044 5.686503943992269 1.6777882596758478 1.3159838035948825 11.404008013714886 13.762938869462475 7.257895748018703 13.560899138962224 12.96847354200315 11.414980403480083 7.362082334565283 11.347919451144673 11.73992753817872 7.405938280124669 14.230888300491813 6.667666195837716 10.841545564324164 2.6985680452919345 11.17265908933154 2.195855787054464 9.901482207075947 5.874315650581391 5.509171969070714 2.2279092274351964 13.051398813214895 11.529439416536528 9.70008938277877 10.08698227619641 14.821505540730131 1.3121515480296062 7.684628698036805 10.64036323696923 4.176555738434911 9.42258522240986 4.412345743907036 5.3290135576518525 13.068917782576628 11.549264176619523 14.876289306381082 7.06723631903185 2.6751790326570166 7.266105700350131 5.486720244317505 6.050571470184092 12.303051621079742 14.42707377019867 2.690370751411413 3.603593823690055 12.9054609454369 3.4646263742509174 2.3427760883102673 12.528236578728057 10.756674651242083 6.317283408423485 14.28035375831528 6.679264713598045 9.210855274956984 11.771978470395212 6.216963521554103 10.945803709427901 14.740804528897154 9.678515868188889 7.744999521817315 3.4430924805346392 9.290225628370473 13.903501790389106 12.526826622079298 9.288236709555326 10.548670655741432 5.125188408784183 11.547156770600349 13.621040620725271 12.358401008051416 5.611197041024708 1.1772020504852208 3.1137131468784265 5.683477738281249 3.2676071969261162 4.212271879147616 3.3102619558069746 2.9978163635863346 1.3406928724294145 14.21570662555242 14.105094723129305 2.2638232113651653 6.172989007399397 1.7439817585655304 9.536541106728725 8.896026867280892 13.976857045168572 4.997162111189656 12.131420415361966 6.919256361466688];
euros_km_B=[28.988992113010006 25.71920226247666 23.695760548579557 28.886749202502273 3.84865166040312 27.976727087783935 22.016640965932652 24.637269315318573 25.3199508504258 24.499754199897133 19.069262920174985 8.789542193801122 16.248575860110243 2.5592285641677224 21.953461629817554 10.173867374464049 4.233699645259996 17.81668224645747 5.251541070081928 3.9381738242119715 14.830721895160112 19.266205036891204 10.436423433325903 29.072475222511233 10.119450643950515 12.145491861888184 10.946207849714556 5.280413709325638 9.99267882809185 15.678638437959291 28.004323680373542 29.92143955166837 3.7833687137544376 24.443408995110694 23.447531941279024 18.68980025486071 23.734181315773352 24.569474064724197 8.360347212663964 13.154693814202005 10.946963203386009 24.84667644013109 10.37024325680768 25.511893486712165 26.816832898709407 17.940792795238945 22.77264425477352 22.68742616443665 2.4762997541008156 17.567592934291188 20.115042561717157 11.220081568800683 9.89273064617289 13.872146289590281 22.86289138163049 3.5122370042343043 7.533008662714613 4.662347445916536 10.881186278508041 4.476278406491391 5.842416476389932 21.991791164628914 5.6036456101312675 15.752297070628254 28.425812912547446 26.44526543485395 17.02606800847319 18.480943153216955 5.087217858411948 19.39841721479859 19.425693629350086 28.0652118663248 23.02943053851835 15.33009624743018 5.8650858874607525 22.79397830465536 6.131465983013763 7.962033832873713 15.893310599785108 18.274024992410673 23.42095157353195 18.13867730973346 5.1512162903015195 26.935096814745116 2.909097536837084 12.027996458602866 21.010873996044886 7.022044813763061 4.15208677556078 5.006794774216714 12.665527056830523 21.79439418405021 26.986761812156303 13.219111216647157 22.02069519626309];


nDrivers=98;
max_D=[217 120 176 154 199 209 176 168 160 194 235 164 223 231 130 131 120 227 208 180 155 167 153 179 203 143 156 235 179 144 225 130 193 182 194 142 133 237 231 237 237 160 154 178 188 183 145 185 196 130 225 190 225 124 177 153 170 163 221 146 233 122 122 191 157 154 237 233 148 187 181 142 208 201 143 177 156 185 224 189 153 177 155 227 126 156 194 234 148 145 178 182 150 181 233 122 129 143];
        

nServices=101;
S_starting_time=[158 695 488 662 244 545 685 80 22 175 706 305 642 531 457 238 336 192 67 659 515 523 436 676 551 72 355 511 134 191 383 144 271 562 75 521 558 326 632 643 396 291 442 274 477 82 485 166 255 640 473 543 605 412 516 3 50 459 588 237 580 537 147 343 639 377 521 422 353 533 339 676 474 196 396 537 641 351 485 697 489 378 324 664 73 137 621 400 94 470 144 133 70 134 347 283 387 683 119 313 387];
duration_s_min=[79 111 82 107 71 82 106 94 113 94 107 92 88 98 114 64 104 67 62 61 80 120 103 70 102 107 92 93 96 82 79 109 97 108 95 87 100 60 111 103 76 97 78 111 81 96 87 63 67 86 81 83 90 71 71 70 99 103 106 108 73 113 78 107 72 85 104 91 113 112 117 93 107 104 104 119 88 65 79 76 86 119 62 63 85 74 73 95 98 88 63 108 119 95 60 74 110 99 105 108 74];
duration_s_km=[47 60 34 49 31 46 60 40 45 37 50 33 34 41 32 37 30 58 51 33 59 35 41 35 57 42 42 44 44 30 33 43 49 30 37 49 46 49 37 48 49 45 32 52 60 36 50 36 47 57 44 57 35 31 58 54 58 36 49 57 59 57 36 55 34 43 59 43 38 33 54 54 33 53 52 42 56 60 40 54 60 52 46 56 34 51 51 38 59 40 59 46 42 43 45 60 32 51 55 37 44];
num_passangers=[98 66 49 94 21 85 22 98 45 86 83 90 62 73 37 82 62 51 77 55 42 100 57 33 61 60 83 24 22 75 79 51 36 85 32 60 46 43 47 55 25 99 59 46 88 91 86 51 61 21 91 89 73 29 27 66 51 66 44 46 61 36 86 84 78 89 57 27 46 30 73 75 68 64 42 38 73 86 97 51 41 63 87 73 59 94 49 66 40 28 75 47 92 51 36 73 30 36 60 56 38];
BM=250;
CBM=0.500000;
CEM=0.800000;    