nBuses=67;
max_busses=65;
cap_B=[91 136 97 55 80 115 26 65 27 30 99 75 124 84 70 56 118 96 90 76 22 24 62 140 118 100 92 78 111 116 29 70 48 98 121 130 37 65 80 26 66 26 127 33 112 138 112 50 71 68 105 118 37 29 63 79 61 82 22 75 110 121 28 138 88 79 119];
euros_min_B=[5.133335780841867 2.2170337870869616 5.667170748387644 8.370774729466845 14.64726666410363 12.994159426598937 2.4154280209594514 1.7810970495321283 8.6839462085953 11.617691219377202 7.827561323685911 13.213327383315695 13.250428777084071 13.387460107565976 4.546804244307762 7.589834591213074 2.9487042693064365 11.988872810555739 11.973496365069112 12.901211721384534 4.763577283274509 12.967463284691318 7.452055297949737 13.542965112057916 7.496629869074395 5.8985848309646665 2.1154974823817057 11.644806244147752 1.5438342431420573 12.214106003016271 4.378922547852054 12.095155719590245 12.595069507504931 3.4220402364161457 4.6925821109777495 2.899371339100975 13.57594205294573 14.499413445552275 1.5708130336835837 10.91658073950363 11.070721851812388 13.85833666102 9.409624183667914 3.677051480748097 4.156759652207002 12.09671085207136 13.470344984660068 3.592058815826844 11.782048688488329 7.0113492731860925 3.0513659296080338 6.002304921722388 10.547572560093379 12.940513394705569 14.910310967586252 9.006631109469135 14.71817539079814 11.304372481630836 5.594474887190944 7.076173060579713 6.858593506732979 14.274649322513962 9.490240161571448 9.83715562370022 12.918433150137254 14.94567133386954 11.09828681353679];
euros_km_B=[3.813150831916832 9.326329172280786 23.889472111964672 2.7928229869885723 15.743846219152347 22.24119983333801 7.428372389866302 3.481029661442922 7.262755841827097 1.3331286107052702 26.277633818266672 12.391185304806292 7.820690605416658 13.186200336995183 15.54797905161552 11.761704073686882 5.048634311838184 6.679113874124743 26.800747312118556 20.504514641165684 20.415948419780378 19.114469425757832 17.033250443672497 14.115511229993382 21.87060137291426 3.7127971451604207 9.33608622391883 17.035658817275973 19.351621477830566 6.543844877873222 7.4247995988414415 24.55515839054684 25.196598055235086 18.96721452222535 13.284181731438139 5.347210219861953 9.585541275507238 23.563939902872658 17.907522610549762 3.760482653700506 26.993701555052965 22.82828092766195 1.3772515035427966 21.41129154949725 19.426131534739728 5.913298168390799 23.186710464242314 19.047510670637514 23.250978883177467 17.491764652101146 5.574992262211964 3.5626836582195978 18.817636884807577 14.39309062067463 7.329674528324459 14.207700502354855 28.170756291220933 15.929930236810597 13.492999851349158 21.848298123421724 24.446235735682308 4.439056694702844 9.304358515172982 14.531873193335255 16.783174691207805 25.585223723218142 13.731180432790445];


nDrivers=66;
max_D=[219 174 161 183 159 222 138 123 208 233 151 145 136 135 126 215 212 165 140 169 198 210 202 134 135 232 215 237 210 136 210 215 179 148 147 161 206 136 229 229 223 233 186 182 144 211 214 192 122 214 235 161 152 220 177 143 138 133 160 229 224 187 129 227 239 129];
        

nServices=71;
S_starting_time=[497 389 133 18 10 596 321 684 158 633 547 629 111 290 545 246 10 189 679 335 263 119 395 432 548 552 692 17 571 532 332 254 390 36 301 49 76 414 534 245 16 391 465 336 83 589 36 394 147 710 199 277 136 638 526 305 560 384 265 224 719 597 255 462 259 218 282 300 362 323 281];
duration_s_min=[85 76 90 103 100 60 70 104 72 111 88 64 109 70 105 72 91 71 65 90 116 108 85 96 64 97 71 104 93 114 82 114 106 116 80 67 86 65 66 107 65 76 67 67 73 64 101 112 109 117 67 71 65 81 68 74 93 83 112 119 84 77 113 75 72 113 117 118 74 115 68];
duration_s_km=[38 37 50 45 35 34 58 52 52 39 60 47 47 52 38 38 32 36 50 51 44 53 48 58 58 39 58 41 49 53 32 56 53 31 40 42 36 37 38 53 48 36 34 36 40 34 60 31 38 59 34 59 30 32 51 35 59 38 49 44 60 56 49 42 30 46 34 32 35 34 32];
num_passangers=[100 62 43 93 80 34 63 91 80 53 21 93 77 28 23 91 66 31 92 86 20 73 54 72 27 30 89 27 79 52 42 93 100 85 55 98 38 100 65 65 75 22 35 21 43 80 80 38 77 27 68 69 100 30 20 55 43 71 87 99 45 91 56 73 75 44 55 23 59 47 76];
BM=250;
CBM=0.500000;
CEM=0.800000;    