nBuses=121;
max_busses=111;
cap_B=[43 20 45 36 133 59 133 85 119 132 66 98 35 60 109 103 46 48 73 71 60 118 61 125 44 78 89 50 73 132 43 111 122 34 128 82 124 114 58 119 136 54 61 87 131 26 115 38 140 78 105 93 110 132 124 69 61 104 94 71 27 31 83 32 121 92 98 47 129 53 36 63 82 72 21 54 41 121 34 22 71 115 58 65 33 60 60 24 43 124 65 135 133 23 105 80 133 22 53 87 94 64 35 60 114 124 92 75 36 122 30 34 68 54 36 37 74 28 46 65 88];
euros_min_B=[6.016046047897552 4.837064449838577 8.691732470551226 1.058619664571149 8.963387762927677 12.163274791098845 3.891180362796926 6.011194304127803 5.20580635415839 10.972404734679335 3.448767942469386 4.83270919811795 11.669647892227239 4.49456806413963 1.7875597249432646 6.925694384830712 5.209449101010219 5.665009613182876 2.6889551762293658 7.8377736205483695 7.4389217026998 13.656850900573694 8.486669135231564 8.370188261913118 4.5824576339844345 8.122281262077578 12.838601671094436 3.8839238189779044 13.565075040281139 3.3640904990074416 13.26957365009622 11.119149049353833 11.585131700482744 8.294782905024867 11.68769364284577 10.002770098121957 11.643886654011459 6.475430098043948 8.077651709588315 5.602272456127484 6.702965892228871 9.909279488414555 13.745051753326221 5.396209998355783 3.8384310793956073 14.002057713179662 8.475268835483668 2.625800371571625 14.094802323640089 4.5941599248641465 6.26401014336062 13.841299444331703 1.964912368166563 1.4100753506417893 9.97816063303175 6.767544907784653 3.4827291017668744 7.483245892533552 13.30879576796949 11.64491899584744 6.873326819293429 5.197573288650354 10.519570365426365 8.678939485151368 10.6311692469524 4.53127631065073 6.372769735705183 2.6218221033130273 6.539124159330572 3.5291631287517315 12.346123713567257 7.544539636176248 7.043701044642804 9.145356169433766 4.409841922800316 3.6872711137870526 7.372299950895816 8.565862358834682 13.527444350998378 11.387239461183436 9.603586581802894 8.348039423915928 13.256937808493824 8.691433009108378 9.33042562562837 12.88893716939656 5.835092463712866 1.9892576772853898 2.4390108534493242 13.44680428180957 7.620349913578467 7.740462518801209 13.32922914104733 1.8320528442424777 2.8352575667825355 10.95366183924582 3.318924088547078 8.228431123067953 8.028018209874007 1.1913839678129747 9.860514006285003 2.056868930676738 1.2145743033565397 11.944452012203751 12.72721924325856 8.883278113226426 4.171906843121661 1.3612938099257224 7.02221647508398 10.590474321018235 6.038280658392237 1.537995490114107 12.9132841041988 6.827472990704361 4.3625853768009755 9.11595494058389 3.3977299153147174 1.549833683406409 2.838273197412053 12.73381242417674 7.298259926074544];
euros_km_B=[12.124259012606897 2.662381959402617 5.9707475393436935 19.544379729363655 4.848743680123034 16.649640964278817 21.502364682582495 6.8320989443006495 3.856391592555814 12.403304005213487 7.499828964364895 24.68431755665223 23.146632306934475 6.442225765842247 28.905504804475314 14.81907364435176 20.35417969151462 17.47935698285433 10.62986797146543 17.68725092690651 6.9427127405428335 13.433568320274842 17.378384420798746 20.50881770085533 22.48973869381444 10.813868650199947 6.13296712760741 1.1051203932113185 10.240754876415092 7.871984111511392 25.253348239503 18.320144106293952 7.901264188647725 9.966372420234945 28.77529866103812 16.52019922318273 23.332828281789546 21.74740948935051 9.77311667370003 15.40527990339 5.334741991473477 5.223268515608133 27.0748028721894 23.87411778432416 22.649687668565683 10.278279427893583 22.7189239076907 22.81002298415705 3.032563614125738 7.4398555211733415 20.21581318284511 22.51595143092787 13.95848787139577 8.321314275202642 16.38548104649447 25.32044317756239 2.003249180378302 18.05588751862851 2.11185228680356 3.691430141643622 24.01860701106557 6.83953017466844 12.355641197464735 18.5433965752547 10.034712550378813 28.291314264384155 1.688950652521389 8.2115134622958 26.46798574688389 10.918470802212951 15.895949380418177 3.383572581672511 16.008031970974116 6.446473640077012 17.49862983641318 19.542057506318056 7.693446328690019 17.976502543520336 11.25063886428128 19.099408153714247 22.557188547193494 11.516405591516698 17.27457296144482 20.630295672070048 26.080326049649482 25.794364200604427 5.238824511393157 22.106929351806883 6.330290968176494 29.68276021757766 4.999935417825526 19.698485667281922 26.568190330515343 22.957337398002014 1.7821519756946191 10.39441559696343 5.972586860370949 24.837880445644696 14.393940787657272 8.700693613519508 3.2066279967823603 27.92538276652463 21.777655853361825 18.42155748830932 4.2715610626216485 5.371468563895065 22.888682766832503 4.804122396658268 22.61968437958162 2.2726358333990215 16.239246537501018 14.62727418833504 9.169636512705779 6.114652303130615 21.87608656935213 19.38816427862278 6.266099749116192 7.365086568393365 15.278406182886048 27.202860128648542 7.480879493862861];


nDrivers=120;
max_D=[222 137 175 202 142 178 238 177 121 199 198 148 187 223 137 142 229 171 163 129 232 159 176 156 205 130 171 142 230 240 193 238 159 156 186 121 220 122 184 183 233 167 189 217 127 161 220 150 170 130 184 210 124 208 159 121 139 148 151 201 215 189 186 170 200 199 146 121 147 194 194 210 121 135 176 218 156 175 165 176 190 145 232 205 168 204 120 219 140 159 138 233 218 207 139 154 156 170 148 131 217 193 149 184 129 215 137 139 154 202 235 188 215 146 199 187 183 144 195 227];
        

nServices=125;
S_starting_time=[658 685 553 708 567 453 387 204 411 672 140 392 548 221 593 112 269 318 544 482 386 644 626 530 657 356 631 450 368 673 298 698 363 674 149 72 66 279 152 362 412 627 654 354 9 388 457 267 502 282 57 308 254 456 400 432 110 116 682 326 216 438 181 190 542 438 420 194 649 428 623 447 462 656 279 333 716 508 352 708 260 578 539 61 135 324 203 607 272 183 579 459 676 373 363 646 652 252 60 226 567 259 264 634 340 226 148 627 675 679 514 81 4 285 360 25 58 377 53 277 634 637 349 511 240];
duration_s_min=[89 62 64 118 75 112 117 83 118 89 112 72 102 60 101 95 89 85 72 78 98 110 67 107 74 62 63 86 102 72 69 100 71 106 113 113 68 102 94 91 83 83 98 106 97 79 79 100 103 96 79 84 103 76 115 64 95 68 97 92 80 98 100 93 78 99 97 67 116 86 74 104 96 61 113 65 81 83 113 104 119 87 60 97 85 97 105 90 72 104 92 117 101 104 68 90 72 78 63 113 110 94 85 98 83 119 98 84 103 75 85 96 79 98 73 115 82 96 77 105 110 61 69 92 99];
duration_s_km=[43 30 57 53 58 30 58 53 58 52 34 48 35 31 52 53 34 36 38 40 40 38 40 44 36 37 51 53 40 45 40 37 42 40 36 30 42 36 33 37 56 58 53 50 47 32 30 33 40 36 34 56 53 39 31 40 51 48 30 36 43 32 44 56 48 54 54 50 31 47 36 30 49 45 36 55 60 51 38 51 45 56 51 43 45 53 33 35 50 51 56 42 50 54 52 49 46 52 58 40 31 52 53 30 43 60 45 45 49 53 35 38 39 36 47 31 60 30 38 53 52 34 33 51 37];
num_passangers=[81 30 67 49 74 29 98 66 90 83 91 63 57 82 65 68 89 26 22 70 97 43 76 30 91 81 40 83 76 85 32 81 89 24 63 62 80 52 20 96 48 93 37 55 90 86 36 84 66 51 94 68 90 58 94 79 71 88 69 67 54 21 47 69 48 48 52 44 58 95 34 80 50 41 56 66 64 46 83 72 34 65 71 33 82 67 48 23 72 24 66 54 73 38 46 91 57 39 42 64 82 31 95 80 88 67 46 52 37 56 33 91 75 91 36 41 52 74 56 35 41 79 81 21 73];
BM=250;
CBM=0.500000;
CEM=0.800000;    