nBuses=97;
max_busses=89;
cap_B=[135 66 68 58 51 76 128 63 70 125 21 94 87 45 101 128 100 30 43 48 30 38 32 110 100 80 78 43 99 136 73 23 80 124 34 31 120 66 31 60 62 29 54 30 22 123 42 45 123 51 92 44 82 123 56 47 139 103 128 128 85 138 40 120 98 84 53 118 50 40 106 24 137 132 31 30 72 72 82 79 97 54 88 79 33 51 91 132 90 119 139 63 107 104 67 119 66];
euros_min_B=[13.171134833012783 13.827973158953133 9.480633096646354 2.231667541939657 12.570018360324301 2.181690796918909 13.182398068812287 1.5587441559179775 2.0685223346822434 9.78844434708397 3.0248229618824967 7.151103355435191 14.501479140331913 8.911984509727482 14.591776230592627 10.808509944151615 13.023956469739911 11.699301299778748 1.744445574434205 3.462901131979889 14.161338582798448 8.01880330047822 12.5455572893101 6.553853624524274 3.2132259312862126 3.8471393003276626 12.863881475763002 10.606246482720644 6.227864278914259 13.410346549370141 9.56934190226239 14.041842616570111 14.707627898617307 11.409367154525915 12.355886463983005 3.16423412250944 5.63714658973586 5.391073485477772 2.809273677762773 3.093640652642466 10.897056681191343 9.303576570021786 14.347304383199397 9.827059172750028 1.6864932028925586 6.037726428729082 3.4538520272446487 12.056524113274337 14.487689511303481 1.1455157033749928 6.461242347503215 3.1428381851910467 6.432614986804377 6.466262997410306 8.182139526927024 13.579440428717335 8.646172493805189 12.616198314118583 7.34760284175891 8.710062302837429 9.29151060881824 4.959862742507753 8.096530726105554 7.354345178967608 10.05023891289279 12.432678661915585 9.421774887547947 1.605171692139807 14.139245392735521 4.354001362406595 5.371617145977998 3.2862244653502133 12.401763992509744 4.328803265033068 4.101547918147167 10.719180217511092 4.080239354558833 13.45755278341383 9.191262551937912 7.1979335075891955 4.986186893899494 3.2772159924063633 2.7280789347632095 6.056393690019728 14.604092507503324 11.515205838909285 12.536025346090751 13.479146942373086 5.320952254447677 5.224974480847045 8.96438732813797 3.1137038109070527 4.194256343071004 12.090480090533203 6.896296019212196 6.246823596183006 13.353468586639735];
euros_km_B=[23.99017951209006 17.019440927667866 6.13873818210842 28.238558039493807 11.006605688765507 20.596577104462877 7.3017899769233425 2.352314228865698 16.749835415201865 6.501806139646475 6.250960533327945 14.417968721666789 5.914309689209783 19.25278869317437 14.933133204719109 21.549274081200295 23.121814633406895 26.584570754047462 27.02152199646108 16.557236025742107 28.225968493572054 3.3893776039350483 14.7736100004971 6.023790216524069 22.415583504016006 2.0778631064669817 12.848051697493993 5.3778116308448825 3.1684192766137382 14.908944691168937 7.562843271294364 4.3955800823467115 4.2085415861692805 18.154703765585552 24.949997851268947 21.406775674019975 25.454719520523923 18.820716854034554 26.875972754678898 5.002282508501383 6.813466117394169 20.439703096932977 19.05820673513411 8.715138765652863 19.10160560151124 25.5553060108193 29.75228730618101 14.334390980540702 7.101562563308339 24.235983662130277 24.19344781793564 2.7891420577021657 12.726760094658811 21.105696652438315 22.930781343064737 27.199203120055525 21.7078289733387 25.387021343696983 28.046475115743743 26.593172593731627 27.9467298599082 22.033942464073466 23.837339026931208 18.352393982562482 3.533116108580681 10.868513846598715 26.01118107282925 15.290845689120916 16.738773990265535 24.77397754851469 8.713135329183704 18.37478115739546 22.50942239350758 10.272936711970923 1.3860799496520135 9.084191285398562 11.487108942916148 26.566619238858618 23.649709901362378 13.632502301753378 4.3124066933786835 15.406017095668874 7.138155788224027 17.47264213804358 18.6395052635871 22.437958102873555 21.03509879113619 25.02126600479463 25.47297590819185 23.00245684625635 8.091509123675294 13.391309992682881 24.836265839453613 9.568336044691122 17.57121101041975 1.02443889847977 11.760672508879054];


nDrivers=94;
max_D=[153 197 155 229 140 150 175 233 234 176 140 165 124 121 187 123 146 122 168 123 136 120 189 190 141 129 121 139 131 204 214 224 144 204 156 211 161 149 168 178 202 180 144 145 223 215 183 191 182 212 171 158 202 168 130 214 168 223 164 129 236 149 218 210 128 165 206 136 224 128 204 226 228 222 137 171 199 144 204 215 167 161 177 145 157 231 233 173 183 219 143 162 139 213];
        

nServices=99;
S_starting_time=[619 609 183 40 324 672 147 207 70 524 329 235 226 452 633 241 115 623 294 170 545 16 571 159 88 674 562 576 11 389 265 645 441 154 143 375 607 135 496 235 708 532 616 327 164 376 109 524 84 93 131 486 564 456 204 121 371 709 437 205 507 297 369 167 89 414 284 237 182 299 685 78 502 145 389 222 159 460 667 308 154 634 290 4 137 669 206 33 141 360 618 685 62 203 319 207 715 137 398];
duration_s_min=[119 107 78 80 67 75 75 85 60 110 94 111 87 111 109 112 80 117 60 71 112 104 105 80 117 115 62 118 65 97 83 107 101 67 104 69 70 120 108 105 101 68 101 88 118 70 118 94 78 95 97 78 89 108 76 114 120 109 62 69 100 94 89 87 89 64 97 108 61 95 77 120 104 76 75 116 120 68 96 111 92 63 95 65 97 81 82 102 91 65 84 99 95 75 71 63 101 86 92];
duration_s_km=[57 40 51 32 33 53 54 33 40 55 46 44 54 52 41 40 37 54 33 55 34 35 56 32 33 59 36 41 56 58 55 49 32 50 54 40 54 34 52 45 59 57 44 47 58 30 43 57 40 50 30 51 60 47 50 36 31 33 31 59 55 47 34 53 50 44 56 35 40 36 32 31 33 51 44 58 30 43 37 49 50 58 34 38 33 42 36 57 34 33 39 36 48 37 59 32 40 50 46];
num_passangers=[51 34 45 42 24 74 77 75 79 29 34 44 30 27 88 50 68 35 29 93 38 94 34 92 25 43 45 78 31 76 57 24 78 99 75 55 96 91 38 45 31 29 40 29 85 54 77 55 47 89 22 54 94 37 85 59 36 49 98 41 94 59 64 43 41 48 39 74 66 55 89 41 95 26 54 98 81 76 83 93 20 98 87 84 86 84 98 88 69 22 38 57 21 41 38 93 94 80 43];
BM=250;
CBM=0.500000;
CEM=0.800000;    