nBuses=110;
max_busses=101;
cap_B=[47 78 75 125 124 29 104 135 27 58 87 45 105 30 133 137 125 66 20 107 35 96 34 59 109 99 63 121 102 75 39 54 57 46 120 130 35 61 125 22 44 118 69 82 26 24 105 100 83 69 122 51 123 106 69 64 103 67 74 133 33 75 135 87 131 103 46 93 118 139 120 44 37 131 109 128 52 72 72 113 29 72 44 50 51 84 89 69 101 32 126 105 49 41 26 125 28 103 20 91 62 43 65 87 125 91 44 70 84 117];
euros_min_B=[6.201259161437864 4.967724037744113 4.453536362532987 14.464258419096193 6.596690603762393 3.6083180468636846 7.74501184481365 4.568643186557808 5.821053169937995 6.329613984088048 7.974629487662348 10.742324983438182 8.322967414306412 8.430702391848204 5.779120005911649 7.029958238227506 5.6800070514535665 11.210521872235075 5.372617103496585 5.175482597364621 9.49947337545846 3.827538301206985 3.6440310029316336 4.774042317276386 12.641203164761961 9.18750449289206 13.72584419326325 3.8358663970341587 11.507333527693127 10.432512957856908 5.886899985232702 4.911228911922419 9.625021251966883 5.3523114961959894 2.5512391194810338 4.897455920208997 13.922421988874646 14.367564644804931 10.550584862619154 3.3760987356393195 3.4778466191273965 14.82595206664303 8.667656718099712 14.967715120569308 8.234684801268665 4.933545342042089 14.400606700535711 12.360349854313602 14.65347158108678 14.18211926337499 4.737493119265959 7.22123956611764 5.737906752761286 14.987539614920891 4.479434127063518 13.282683145726175 14.461385199024601 1.3259170975233436 9.58824920322575 7.486078858345929 9.027776483923816 4.568747674908188 6.472760734129387 6.971836122603815 2.4933667431252813 11.799805507660315 3.9070920393820656 1.5261960289444705 10.235878022910768 13.315064529107953 8.609488735964725 3.306890875053109 3.450819885162124 6.4040619813560715 12.941326621894692 5.628420787879408 13.477493765272666 6.725632745344695 14.779692005812473 12.893180576056047 6.558142399324272 14.216943717320136 1.6490447428789927 8.729652238247072 9.937515304115419 9.107551339633599 6.933019297443275 10.426189370276507 10.221187694053254 7.144136652867011 7.29323108236413 6.1405877615328945 1.8059346870593045 13.043738494687144 12.892831413884355 5.499465122606418 5.764523680553562 7.894164308494254 1.1344837263583885 12.12455134096826 3.4244929840890204 12.091615877961488 8.545415473524473 11.915430741280476 1.2089458477879795 6.059149797320157 7.066818265714995 6.192012495263536 10.740371308555389 14.373369576955357];
euros_km_B=[1.48113116026525 10.004036094178602 15.694849850892513 23.724795867782586 14.254554952358932 5.19017749814189 18.488526670312027 1.120208397713018 5.97860401329551 14.132271467955322 25.075846475853105 6.524773098417214 9.090978503080043 25.203315201918894 26.84365595366472 15.937592506612122 23.355777402089366 15.007039037015028 27.137579128947102 15.668639401840988 13.269582527516134 26.000693288711485 24.992142746571556 15.13101320075512 7.558627459036608 13.658777740533424 24.636169367554505 8.899448211879438 8.199790605634385 29.075239165299212 5.135890293848069 10.916126831601133 17.06628474140517 24.31845151510028 1.113262285150401 25.200949260943975 1.0664009457027754 4.513789872073379 5.41579596798416 23.054575114389394 9.783997024820025 21.051402312654222 25.28489065433052 14.298856635821597 7.894243819561044 11.664782613604858 3.663646919133919 25.410243692712765 25.17366472192054 6.402214348345035 19.173517096308707 28.03036045138996 8.604478837145736 21.07561845642764 17.018756114869927 24.99941614259915 4.5466282921132954 8.803106711015054 12.370152951133177 9.865281977928817 25.900115504579404 15.285355568303633 6.090621600802255 2.282874236550465 11.267493006394366 8.26478166473882 11.987262977990664 17.009491699455495 20.9073447836643 22.58689621036507 16.297458371528467 18.654747881772014 9.774550663657386 5.286820446199054 27.116087225235283 5.087116781704503 21.451013954586866 3.086050017553912 11.747987097247787 14.125204250751029 5.216812766167847 2.9074043670897476 19.855837377794277 12.30644110643548 27.442000883323743 7.073295323588658 28.18060427282291 28.8233323917466 7.604639002942823 14.193521840228678 1.6062120560763216 13.491291811649573 24.9096459179262 5.4082085226224565 3.3617986340204022 16.721003128879435 11.678609058489913 28.374868276667996 7.856104368078685 2.350359484334684 2.635341527393432 3.60374050030037 9.922033576512018 7.122766475829708 17.754284590355187 22.80485960761532 10.366606030576767 17.823778666015816 11.299914830309799 5.020579131840928];


nDrivers=109;
max_D=[214 135 150 153 177 145 226 208 131 176 153 182 128 229 180 142 178 144 197 214 189 149 178 210 177 128 198 178 205 224 185 127 207 234 236 127 123 216 122 129 178 234 139 212 138 192 231 183 210 141 186 161 213 222 172 160 228 124 230 188 134 136 176 153 164 154 175 204 179 157 142 182 239 150 205 150 207 160 214 230 155 199 153 220 187 192 189 155 213 146 134 206 153 178 203 191 166 202 178 161 137 200 131 150 136 204 174 123 121];
        

nServices=113;
S_starting_time=[332 662 47 313 279 478 442 495 99 489 154 558 350 265 534 77 315 204 586 623 628 575 495 143 279 481 541 68 17 105 629 148 135 56 680 686 136 170 658 181 577 65 35 286 288 343 455 328 220 311 720 35 367 484 539 462 712 486 276 354 444 692 31 309 83 419 289 42 349 395 84 656 470 121 671 122 485 18 387 646 76 455 45 357 561 632 170 72 115 603 138 101 137 42 540 624 565 26 109 647 152 573 593 674 437 387 226 490 290 331 617 484 11];
duration_s_min=[102 71 68 116 81 96 74 91 120 72 68 69 111 84 77 72 107 98 118 105 99 73 119 90 67 91 101 67 74 92 76 80 83 66 97 86 65 87 105 71 104 68 85 104 65 74 83 113 93 72 84 98 63 68 101 92 72 66 60 73 66 86 70 72 77 71 116 68 80 98 103 78 69 99 83 60 119 117 101 72 115 84 103 68 104 89 92 106 105 85 62 100 67 65 75 68 76 106 60 117 73 89 69 85 105 95 119 95 113 66 91 106 117];
duration_s_km=[55 43 30 55 34 53 44 56 30 43 46 56 49 60 41 45 57 42 36 55 53 46 32 35 53 53 36 36 32 34 48 39 37 31 38 54 33 58 38 56 45 32 39 35 38 53 44 50 40 36 35 51 56 53 50 34 60 44 32 51 38 39 36 45 31 46 44 36 52 52 39 54 52 39 51 60 49 30 39 51 54 36 35 51 57 44 45 38 38 57 40 51 32 43 37 48 57 45 30 39 60 41 51 41 44 36 31 36 56 52 40 53 42];
num_passangers=[31 21 33 88 66 31 49 56 70 53 43 39 89 72 46 93 85 42 69 84 90 45 90 71 98 65 32 40 60 91 61 74 78 43 50 94 98 91 82 77 53 84 69 45 22 40 34 64 100 37 54 22 79 100 72 91 64 24 50 43 77 81 91 53 98 70 92 37 28 71 37 47 62 47 80 63 80 50 75 67 99 97 100 26 75 83 69 47 80 83 63 60 80 24 78 38 56 86 30 35 66 53 26 82 35 97 67 79 40 20 56 47 92];
BM=250;
CBM=0.500000;
CEM=0.800000;    