nBuses=72;
max_busses=76;
cap_B=[69 29 78 92 46 137 60 78 75 129 75 102 102 70 70 120 51 133 133 96 110 39 23 50 124 88 138 52 76 41 128 123 108 99 133 118 98 129 66 134 87 58 115 81 120 54 31 82 59 113 87 111 91 29 52 91 80 87 57 128 43 122 114 122 37 62 59 60 49 91 67 131];
euros_min_B=[10.169213270521821 14.409528979834544 2.85396858792373 4.8474575112276765 11.471517456932997 9.77195367753923 7.784811360214232 12.92850625321422 12.530375338276817 11.14823887063666 1.2689380496441922 9.85370563706326 6.997760091454413 6.672429330591754 8.43187218278186 11.30128968485161 13.38494570563883 10.308815407298232 9.111185906699038 6.878624812993484 8.953155663331916 5.274550929406605 11.102915040887465 1.4369722344511033 9.9956581692547 6.437852744597787 4.090947510941469 12.84067611805519 14.6850064434587 6.027004978605104 10.796371360538922 14.879373675352028 5.109756208882828 6.226312945062852 10.266984027324936 13.61011858459251 10.922618269426792 3.2178750016118354 11.301657326648629 12.219169750146506 2.5541816546407263 5.34515209798591 12.857931918040814 1.9161355281851866 7.0866526987649205 12.163332905740432 12.52407374319496 4.246499087466315 7.5017552077497225 3.742367356185328 2.785453057022873 5.968386234666617 12.619444219869088 9.12326856250298 9.433338637773897 8.522553705179881 10.189325043781412 10.030329780103624 7.654005237927181 9.033562704405574 5.712520722723606 13.589289997957712 1.9754724813549946 12.303860736093963 3.0971091125424275 5.669591817377732 5.4123901041984475 6.569775701999596 13.602601240256986 2.918714568056319 6.198673203097014 6.764557322613646];
euros_km_B=[5.763925808168572 28.524328137904572 13.588867173977967 2.8421410149118214 15.924953989080718 18.974313860265518 23.9448298470961 24.171160773557624 3.5812976805127197 7.105694973076925 7.976944105549845 27.143632756380565 19.165355386792253 19.56298259718674 11.284000045905426 22.20845087980979 28.5622509046469 29.43389165083346 10.718230197048191 14.531828008000737 1.0149206667950397 4.076405496734345 13.565796529144501 2.0217382131278403 17.446958314175397 26.539013265714804 24.719427562658314 26.875087328483232 19.05117361060982 1.3243901154874491 3.1228457812984125 23.21102003692468 22.272730806285168 19.343733788353937 9.870203441466993 9.365639193366992 1.9887340978495363 9.135635051834868 24.940281510838187 16.56524187881146 25.175718313047817 17.250251962629278 6.710819185631847 28.65596362465587 26.18993414940454 25.410224726922316 19.992359938133593 19.42877874312223 23.8051993395497 8.359762585973254 3.0039759553806746 22.513204593869386 22.5297398823672 24.58480444300768 15.468514884425389 4.348572455090017 24.98814636077913 4.4374572204466745 29.956636742344728 20.531341644388704 28.764789697331203 23.83126202558148 3.5169425435933874 7.542759644010341 7.502782343679943 11.283328040229632 20.296553378774682 25.361032250099026 22.828083726687677 12.056869234329781 10.346976868842997 14.81728137150875];


nDrivers=71;
max_D=[150 183 188 187 208 135 237 120 204 121 227 182 182 180 147 217 127 161 203 205 192 187 166 214 184 176 200 185 164 180 143 162 215 156 148 188 197 198 239 235 141 122 235 188 140 211 187 204 175 169 141 165 131 221 151 213 205 227 161 234 193 138 127 208 224 171 171 166 159 122 122];
        

nServices=78;
S_starting_time=[360 148 98 378 706 480 560 385 337 545 93 352 551 31 45 39 234 314 597 683 147 331 173 29 94 569 662 43 80 377 410 462 512 88 655 445 396 17 12 310 122 75 534 702 20 242 471 192 124 201 218 306 599 485 111 572 475 166 88 213 183 221 274 147 35 282 65 580 315 560 228 522 6 4 703 716 387 430];
duration_s_min=[102 101 94 119 73 97 83 69 81 93 109 96 102 110 120 87 86 104 119 68 114 81 104 106 88 61 75 76 108 86 114 100 72 60 108 119 95 75 89 83 99 114 83 74 87 101 88 120 94 102 74 91 86 72 112 108 66 66 94 65 91 80 100 68 119 120 110 70 105 117 73 111 93 69 119 120 61 111];
duration_s_km=[47 36 41 54 53 47 52 30 31 43 39 60 35 48 42 37 48 38 44 30 51 34 34 36 53 36 33 30 54 44 39 54 43 31 34 43 40 32 56 55 60 59 57 33 51 37 34 36 38 31 42 45 54 36 35 33 57 53 46 41 59 36 42 40 37 56 53 50 48 42 46 55 43 52 39 57 59 31];
num_passangers=[40 20 86 52 80 29 35 36 20 99 21 38 94 72 88 45 35 50 29 26 28 90 59 80 89 64 83 26 34 75 85 36 47 28 91 27 77 72 63 75 65 61 24 21 100 80 92 84 88 20 38 32 67 90 90 31 72 85 60 81 70 78 54 61 66 80 90 55 97 73 87 66 54 36 89 37 40 74];
BM=250;
CBM=0.500000;
CEM=0.800000;    