nBuses=117;
max_busses=109;
cap_B=[62 109 136 79 33 123 121 104 29 83 73 105 71 118 66 75 100 82 62 53 114 140 70 120 23 134 116 138 60 128 98 26 75 91 91 91 138 57 65 128 34 84 30 134 96 133 36 93 96 75 52 108 109 97 122 127 23 122 80 67 63 34 113 26 40 101 88 106 73 50 76 103 132 100 126 39 90 38 126 89 79 26 68 69 78 132 98 136 47 100 51 137 116 74 130 32 24 66 114 140 108 112 94 47 112 91 92 63 90 106 87 28 70 105 37 138 64];
euros_min_B=[4.011745434744864 11.243952629101331 9.644145930994616 11.164189269335598 3.4468756859462335 5.172409744288048 11.439640818411396 7.9254573146570895 12.054354037073473 7.55380878714408 7.658575286664864 14.44592065000675 7.1422743797066435 1.5006883969761768 6.984713267482281 14.029081441314617 9.759126925343047 14.110561512790865 10.861711036736367 14.941373418241712 11.920047372677022 12.10256346127449 4.042669538666869 2.042822126581142 10.195500289232836 14.552386010082147 2.5603109581700876 11.065510596187854 4.516833071443186 9.169509392335108 13.319653181849816 3.2022143616374277 14.8674766340709 9.713735641171548 7.608652724420471 12.433721090279116 1.2391108547950365 12.475455989658824 1.1140806950998519 3.9757477882976064 14.91683044330723 13.459690342604139 7.126545841069389 14.902542703500352 4.083487706674208 13.217523172867514 12.807540825980452 14.8737997658277 7.161650625369219 10.308219177146405 1.6674587583701035 1.1693973829269058 1.8330657617565977 7.1524658680121185 11.745932005363093 10.952429960677774 8.517431885301407 2.1858468379297324 13.159551443815058 2.0514980330393113 8.383716507705968 2.311217675007218 9.360471854180663 1.4238869259752611 13.394616566719574 11.069791294179558 3.7953407843825353 5.672470898563667 1.2436809480053233 7.563641820019245 3.544785970161888 12.08099450757123 14.393351320627021 9.099507044558838 6.532830921232319 1.8550946556510768 10.232009773882549 3.529075286918275 11.606343760389748 1.0120423447231623 12.817841710549953 1.6533958181723372 8.043600989688173 12.321456336737942 14.437734302138836 13.258457019343385 2.765512456550293 4.743678084030562 14.542563026990935 12.259122421674832 11.043339220827132 8.58455466369951 1.163253556769742 12.218280529817992 12.812700193695306 1.9791575657157903 14.435369558515893 6.797124010711428 2.8269563606384107 12.815916774947254 2.8992778539065363 13.617957104466884 5.97769431442972 11.452033184500202 10.40079779003463 5.052457575798009 10.589196714811145 1.6272003515858449 7.2300026535683015 3.5820796140468634 1.803760340130132 2.053573633672212 1.464027900956642 7.313679404608253 6.722433460298301 4.570881687961712 14.423256167736579];
euros_km_B=[6.852646448147903 23.218709834142242 27.66551704675142 15.890808952998897 21.677824296955375 21.807949139489157 14.161619859052227 3.389699848476183 5.5431557149218476 1.390994472517224 23.86651184653333 19.082438169532843 21.092769014589887 7.672611782734616 5.707754417148308 9.8745355182546 26.695040518397928 15.528950996591778 6.2829989973882 25.7520465560511 2.580818805987617 29.796963205653512 6.21015042730319 5.65054064933474 19.13856873737646 14.702854534121212 7.502903481427963 8.61849756247673 29.462672291391335 15.44467546187424 7.756320287757436 16.34069379097355 11.863482014786095 12.135877370481731 14.32321432019772 9.755695534783626 19.90028338051509 14.688479692401748 23.998385813043065 29.10405300967973 29.51543214813618 14.483341474921533 28.923542003173363 4.269999711900221 11.750487389127182 12.379117053644695 13.415749088121526 21.899677955752775 7.099601405310334 1.621478965039732 15.526490707938997 24.52194392428877 24.493200290952267 24.832210644862307 17.464239739602274 12.146440294209949 2.835725839739792 7.576410760828715 24.584469168625073 5.357720352700476 18.24520004216893 4.435529066266217 10.894586510312124 2.446337055325974 15.292139631056125 29.644556357685975 28.92937920158918 28.076584536274424 4.1174815754582035 22.017241237100322 28.59959140105686 28.763402271297178 6.550106085897833 15.362457812083058 13.388480992856422 22.106293512139825 17.53059734730209 22.52419266955423 29.97493191946288 8.525971923699776 28.63942232345281 2.731856015794225 13.892659656141383 5.437275862512526 1.5337199186089066 3.803378417981074 4.7105388522890435 13.183017220455445 6.397551524565468 26.22038347931497 21.584290320452006 14.801005064562826 27.136342847000513 11.464480706247361 6.409836791204483 27.46916040637456 21.086800808498634 11.34570257620395 3.50044815224288 3.990578094999475 27.57275475142089 18.815875449864446 24.77242123626175 26.277626327760238 20.438819234883635 9.020276896588891 23.77680848827208 10.754420709153244 4.207829601674928 23.39141362241099 14.115462354819957 14.697070097780795 11.94356266801446 17.579973941054995 22.60955123184581 5.006973342016946 28.451075644285616];


nDrivers=122;
max_D=[204 131 182 150 126 153 186 236 132 229 209 147 131 190 121 205 135 189 165 193 134 237 191 189 151 178 197 181 148 197 231 151 143 150 122 142 236 203 199 144 123 191 232 127 196 161 145 135 132 225 165 167 205 221 206 127 219 204 133 240 125 168 147 189 197 160 127 167 230 198 182 232 136 127 239 156 223 236 200 157 226 197 220 201 219 141 132 201 236 172 228 159 202 229 147 186 128 121 220 217 164 208 187 183 211 200 218 120 154 128 129 208 138 133 161 219 186 177 171 235 161 224];
        

nServices=123;
S_starting_time=[504 147 436 472 340 20 133 129 456 158 485 611 116 528 541 465 60 240 662 204 307 473 275 645 612 387 680 338 193 405 20 324 301 686 625 163 194 138 53 25 185 426 244 262 705 342 656 606 99 156 268 60 623 644 591 483 427 377 423 370 97 271 133 116 348 640 433 141 251 425 597 271 369 719 681 27 336 313 467 75 655 424 516 182 270 465 127 681 152 229 564 476 604 577 165 218 263 155 593 185 703 706 61 634 122 519 382 152 389 458 142 431 507 219 656 661 607 456 63 702 50 123 36];
duration_s_min=[88 64 88 117 99 119 98 93 100 112 99 73 60 105 114 67 60 120 79 69 96 67 113 87 108 65 64 78 115 119 120 70 110 107 119 64 87 61 77 75 103 93 84 117 108 100 109 110 73 98 105 75 99 75 96 119 91 102 69 79 120 67 92 101 72 70 120 62 120 69 117 85 90 69 101 72 103 72 105 80 69 107 119 97 119 95 117 66 89 64 114 72 112 99 99 92 120 112 69 61 72 82 67 92 76 81 68 76 72 101 68 103 76 78 82 118 101 93 101 63 72 64 90];
duration_s_km=[31 42 31 45 35 47 53 59 48 33 55 54 57 47 46 41 35 35 35 40 35 45 35 45 37 50 31 57 34 42 55 33 36 48 58 48 45 52 55 31 54 57 55 32 45 58 54 31 51 51 49 43 37 36 37 57 33 52 58 44 51 49 45 32 37 41 46 59 49 46 49 39 37 36 34 36 56 48 55 31 34 40 48 40 58 39 49 60 44 56 53 36 57 35 32 55 56 34 39 53 43 46 35 33 36 32 37 33 43 58 55 59 39 55 30 40 57 39 54 39 54 30 60];
num_passangers=[28 49 58 21 80 89 26 93 91 70 54 32 58 32 90 73 92 86 52 63 76 57 44 33 27 28 53 37 92 60 84 68 44 96 49 57 38 45 51 65 70 36 29 24 29 83 91 43 75 23 32 56 87 61 28 100 38 83 90 49 33 53 31 83 67 80 82 100 26 20 73 100 65 21 36 27 80 54 63 57 35 22 62 48 75 39 48 100 25 25 52 63 64 76 91 87 41 60 87 51 49 62 25 34 64 61 64 91 35 71 63 89 45 98 25 31 38 59 45 75 89 86 96];
BM=250;
CBM=0.500000;
CEM=0.800000;    