nBuses=66;
max_busses=60;
cap_B=[76 122 140 85 87 127 68 95 22 59 72 80 61 51 128 83 81 114 69 114 96 87 109 110 140 42 132 123 61 131 108 64 82 117 138 89 118 111 59 26 128 47 99 118 139 109 92 51 37 70 124 124 119 46 89 106 21 140 123 46 101 78 62 91 140 99];
euros_min_B=[12.92257382285116 5.204287563252501 1.71407982489689 1.788477598465291 14.842325456473253 2.9495754778834016 7.307889053886448 2.7564411872261116 3.3130643302736953 14.714989238003398 6.749971935954907 11.539650641843627 4.135793172297101 14.677603867250061 6.240868070882404 3.7743827511108785 5.9484346846706835 3.441526059529992 8.314901338373561 11.507240616944404 5.9201614160858265 6.91821608167937 2.811676362635933 14.1351706273248 2.2234351717523384 10.203722548956753 6.396325955645965 12.553414881450454 10.494826407446046 8.01852922960445 7.770227807702604 2.8665541908176015 7.570264342130171 13.667972956608455 9.904543526395525 12.094668823113807 5.683447011241899 7.497687134168613 1.5567983668057668 8.178438515765187 7.93528541185718 6.894044739920936 3.8064590955041098 4.96060258771853 3.2638675875473195 2.5725202815810437 12.553768682277717 1.4947360088167234 12.07459395586141 9.732658815450105 3.492866410266425 3.2662507558150526 3.9003636399651884 11.996416834886247 1.334776910203312 9.218922153532201 5.383726419794986 9.19813292074315 12.676497947745846 6.596162895371789 13.527995728791733 12.52911047829992 14.80950653745172 7.663242622168528 10.28002956069775 11.215099256250145];
euros_km_B=[13.944554114469835 25.98863701367291 16.854060973457123 4.10493139541088 10.661111656663037 4.293220178180015 1.6664465212372623 2.3830918377862034 16.910676713389254 29.5029568491952 27.335610182741025 19.07666394238595 15.234733852739945 14.135415034478466 5.5615011522262 20.291849794003188 12.63033648880408 1.2630100506698743 27.701106452378504 4.821488072060682 24.224390137749072 4.359592853262769 8.887011642359884 16.186569901361842 16.82954472730701 18.362259069013927 14.065822781246974 5.887209708045292 27.881504954432092 4.208185894736949 12.939930941240762 20.929783737685046 7.442267626574665 5.304375576900561 24.75735132154556 7.252028130037212 16.75468720203112 13.922197776725573 9.398734151150762 11.333503717455699 4.466889838695785 4.424754746377971 19.87544927257504 1.69138249627987 20.10597323520819 24.686946219412988 5.62961908707402 3.5014166654192636 18.324490687973963 29.348784652063024 18.252669109616434 21.58752149070707 23.689342417156887 4.397342678049103 8.623298745692505 29.153916271046786 1.5287877998245287 15.388342493270152 10.113009215598861 4.115185159547043 16.149504379851102 12.866904594635876 12.9106935843887 14.221140815323524 1.8947515607611538 12.720495511156207];


nDrivers=72;
max_D=[145 239 203 218 232 130 207 158 227 232 183 205 190 239 122 168 160 142 129 231 213 228 237 193 187 172 137 217 229 121 165 177 160 224 170 165 209 220 184 170 224 141 147 124 178 129 122 129 153 229 171 139 145 162 209 165 165 196 224 239 149 189 230 182 184 162 228 218 156 228 158 237];
        

nServices=73;
S_starting_time=[640 508 347 305 659 87 227 582 319 617 193 228 194 201 4 143 265 428 298 554 611 102 465 442 215 65 561 539 590 468 652 203 390 357 195 360 714 543 74 126 155 539 204 156 391 674 314 47 599 422 399 164 507 22 35 693 57 177 242 657 626 676 505 96 686 496 604 715 646 73 24 385 513];
duration_s_min=[93 90 108 88 106 105 98 60 93 119 90 99 102 81 95 70 63 74 104 86 95 72 107 89 78 90 81 111 77 113 79 72 93 88 107 100 67 115 112 113 110 91 75 89 81 101 90 65 64 107 92 71 89 76 98 102 87 92 68 108 102 99 120 113 73 74 76 77 91 106 68 69 86];
duration_s_km=[53 52 51 41 52 51 55 39 58 31 33 56 33 53 34 31 58 46 38 48 46 45 53 38 60 50 40 59 49 52 60 31 53 48 48 34 39 51 58 52 52 53 49 33 42 39 55 49 54 35 31 47 34 55 53 53 50 43 44 38 45 34 51 49 49 48 54 60 32 41 49 57 57];
num_passangers=[66 37 48 67 36 23 79 87 33 29 33 34 26 52 67 78 63 23 37 40 87 81 29 43 38 21 20 49 29 39 74 67 70 36 78 66 30 56 89 39 99 54 100 52 73 37 53 37 84 26 28 87 63 100 79 100 65 89 42 27 30 67 26 36 25 85 44 87 64 53 77 75 78];
BM=250;
CBM=0.500000;
CEM=0.800000;    