nBuses=68;
max_busses=68;
cap_B=[42 43 31 83 73 40 101 79 26 111 51 64 113 91 96 98 89 31 132 31 140 133 88 138 90 139 118 124 56 75 133 84 25 31 122 83 61 62 54 28 116 140 76 132 53 77 112 129 52 50 82 134 39 113 39 38 25 37 135 26 57 133 132 130 22 109 139 98];
euros_min_B=[13.23768152134273 9.208057652590293 14.331311863648178 14.912240894588825 2.907738358908789 4.823188388907873 1.095186505284457 13.909365707053682 7.196147243575711 2.4788079442110122 2.381878332526946 8.909818462048015 13.124395931903804 6.04375375587672 3.7996737626404222 11.108999133144108 10.61011525848044 10.80202067596212 5.444526737999533 14.84867859023497 3.5451784739859664 9.453728500731986 14.695751455863338 10.772630808107978 4.149455705318629 12.487950740961558 1.6299970202650675 10.100254537811447 6.051951152649627 6.419584964484031 10.94557292508564 11.517900336812811 7.746184970580789 6.305150476217004 3.148753887654828 10.959719433735893 1.6901828325043664 13.417827659744821 14.269397174362377 8.302661693376495 11.323982280367046 9.369598271896809 1.649547180840369 11.544021774992597 9.629116118031932 8.958140963925604 1.8195177623057937 10.207246177160982 4.212921367199249 7.479800989420214 5.784501730281445 10.562350922483269 4.664762622805508 2.513781720757245 2.7985660838323207 3.7892361916271726 1.3261467313358617 5.501802342459246 6.557246027532779 12.66433053012387 3.8212866234204714 6.748236377101053 4.5849016368291124 4.319982169031757 6.09748075975644 7.905393151599684 1.7576203193072861 8.4016653759458];
euros_km_B=[22.64339798390997 26.31803701150536 23.141648005701704 25.495966061699427 17.71063739580963 28.193416634102565 13.014034519078018 16.52542212480126 24.952802547098337 5.5385203192625045 6.003646928454912 12.848209042896572 15.182271387233955 16.86436421386422 26.05303005416925 13.695879512001383 6.821337666018322 18.324542246229306 2.511396914681713 26.663363358279014 17.248951239598114 2.725045681126188 26.671394363571636 28.791363561259494 15.280437082509959 21.975477980898024 2.7944791499452064 26.059579434179113 14.661846811059329 8.27015535536184 2.1540896844593553 11.043602877650034 17.59575191389502 1.2447641608081204 24.944641185285835 2.019740964555649 1.4692361341626512 26.829694818762707 10.075546174601536 22.653795769253232 7.9386991261874424 13.781677654329272 13.16784883049995 10.65850638210962 5.69204008298308 28.167678080981236 8.300878247708445 7.679651339041689 29.261347968107632 19.549197299718735 19.87749538601225 9.365056998216774 3.6930820700772635 4.684797370845087 11.384122245995226 4.586069339770219 14.056451388470709 15.727340578187913 26.563059556472364 12.571146082497243 9.544505485310609 27.214081625987777 15.072991885796934 10.887385382220854 26.073481024463494 16.39618301054562 19.45556475905605 25.89981796219349];


nDrivers=70;
max_D=[226 208 167 194 200 197 171 195 193 230 168 194 158 196 177 195 132 162 171 204 199 147 135 204 169 141 201 215 216 195 163 180 213 153 124 199 147 202 224 155 141 125 170 240 132 166 230 134 165 151 229 127 148 214 150 209 155 148 161 126 204 192 180 158 173 182 144 183 144 194];
        

nServices=74;
S_starting_time=[395 306 442 468 187 532 316 414 602 204 508 41 511 386 212 693 559 374 510 640 303 377 140 2 15 104 356 122 278 155 352 95 460 328 224 400 39 635 480 646 247 411 49 662 686 273 552 668 548 335 615 331 649 489 377 603 390 49 184 332 454 39 100 386 578 67 228 237 305 501 556 224 560 264];
duration_s_min=[91 69 112 75 68 71 99 71 80 108 98 95 80 89 92 112 68 72 108 74 69 110 95 119 60 71 73 114 82 82 85 82 91 90 101 96 116 97 94 76 84 82 108 70 78 81 72 100 109 116 110 82 111 118 73 85 72 108 66 93 87 114 84 114 90 113 98 99 94 112 87 83 70 83];
duration_s_km=[49 35 54 36 41 34 30 58 35 51 30 50 59 39 38 35 36 38 57 31 33 60 50 43 58 56 57 35 54 39 46 32 35 40 52 33 38 37 56 42 52 48 37 39 32 53 55 32 54 51 50 54 48 34 52 57 43 60 47 41 40 60 42 44 39 41 30 51 34 50 46 49 53 31];
num_passangers=[60 45 45 73 59 87 99 65 52 51 75 75 88 84 95 56 43 81 96 56 87 44 24 70 27 21 69 68 42 69 47 90 72 24 33 34 69 29 59 59 27 30 43 20 54 53 90 51 85 55 100 42 75 47 59 36 77 43 35 88 74 25 22 92 23 45 86 63 93 99 93 30 77 39];
BM=250;
CBM=0.500000;
CEM=0.800000;    