nBuses=101;
max_busses=89;
cap_B=[64 33 54 82 124 34 68 59 117 68 61 34 136 98 82 133 95 94 79 69 130 49 100 26 81 132 122 23 25 31 28 30 123 124 24 101 74 84 37 107 103 28 85 36 101 93 109 74 81 37 79 74 109 31 73 119 80 95 49 122 102 117 37 131 126 50 140 85 37 134 45 124 111 67 68 66 82 105 38 22 38 135 139 116 33 128 45 36 59 110 50 130 21 83 28 77 85 51 111 27 110];
euros_min_B=[12.708728269039838 1.1608475579865147 7.526404559475385 3.9867033843955055 14.173986693476872 8.361130839807291 3.5435854297117233 6.082466317157712 2.721347640715237 5.160709727424645 4.78656482363589 1.0824023633303177 5.670287067000201 5.723072621473291 3.175400335700516 8.247968796225152 9.139425464286287 11.366739542909318 2.4523809625713477 8.287618440600648 8.819527540272006 7.685241097243068 2.433811504005263 12.088510893044177 13.888604025642278 13.314761199968093 7.493823959288375 9.253087602641788 3.658047589184332 14.727786120658 1.340290037906325 5.996996511424271 4.361651707076731 12.551121782677995 1.5355359839554827 13.977784868398066 10.210377333934309 1.080932978045762 3.3753030006034663 3.380082908720518 12.07524034954155 7.2997803535510695 9.46107108597955 6.42242297138041 10.856494972257165 3.5031877082553304 6.580821505723818 14.959246286719615 4.824126061397705 5.487336449466116 10.493389521727142 5.592193124040851 14.12016705235202 4.142596477756433 10.477219152161078 8.77520480922907 14.153603335234783 8.465071875390839 9.869835193947068 9.182844473727537 14.389739529844489 1.2605643256825685 10.51782218697529 7.81984682420388 13.162285131089208 14.356042179815056 14.78611968620359 2.3874195480354516 11.248874206217279 14.624213493753496 10.362550103380668 7.30638601809634 7.489094677371933 10.88385552024767 2.4240370939143085 8.453142536391404 10.440397827217508 10.932587399804953 6.885479313123824 7.97251628114067 1.1172691786234314 10.351239936096261 6.6962621083270495 1.6954243380725587 12.060882766413656 10.620616070755743 13.97205676963132 4.455509787570916 1.5966434180759508 2.8625279153855536 8.997125443546448 3.314350849462735 3.4505066395849533 8.33989164266518 1.4677616023502633 1.2991532704973034 6.963511787406976 12.649223063112833 10.750667340853663 1.3723941249368432 1.4843917365108255];
euros_km_B=[26.986719034947015 19.229597005254288 13.380004873601699 12.168915369879429 20.619638116158516 28.841939856086725 21.16395130452148 17.521943880961665 16.472426181262897 23.464294528944865 17.156238308830325 26.48083047352367 17.147312510457642 20.824682467031252 26.112086749144567 21.29817875717714 21.85381195694903 17.783893448015668 4.483241201068802 24.509582920126043 17.294218608413754 18.362396615641085 18.62446373691724 4.694289594950126 11.087568676763205 2.816705116467646 16.838530637555785 15.762583963308733 19.14644737472787 27.868566782099332 18.557806820939625 12.642097583953015 20.194123633684153 18.13897109182517 20.74081079574051 21.66558078083928 24.057664129389 13.532926626045123 8.125495664112261 27.66342289874824 16.751219646085122 17.635797938602906 3.9199898784045875 13.22348025596826 12.232735828029638 12.726149037546579 12.534360337128875 13.038880823215653 24.898802327839075 29.81550207814957 29.32225120994052 28.25335696514272 27.06120737394388 28.44567368180946 1.977784613646515 14.4372410915804 11.541185401327633 1.0727828510332524 16.645521494915812 14.414658615155066 2.9334380156343216 11.600309402912965 23.13863263043032 15.133056058531034 12.35141157955791 27.279926056599816 10.867018710908692 27.920077502204865 13.726681591433382 20.68239835409981 28.50254991395129 12.537102707005522 19.190478189448566 16.74107892890592 17.20847223141356 11.911671304318936 6.814742324349372 15.255926637522643 24.97979566036686 9.233632590712725 19.450714408788492 8.129137289380154 20.495710094499945 27.492990089624183 8.092940260902049 12.77360518611054 18.846242833839487 25.640337943145045 23.533142355207673 9.481107568429497 17.78542325627309 12.102036223921077 5.72181242721337 15.272170093218252 29.515271179013848 18.03876434791069 3.4844669295711266 15.16144400331207 29.992202463584416 19.836315745436153 6.968937424133301];


nDrivers=97;
max_D=[147 170 201 175 218 186 167 155 228 172 133 213 197 173 136 142 194 231 121 215 236 140 189 135 217 214 167 167 144 234 192 129 193 201 210 207 137 128 161 130 213 156 123 233 145 165 166 232 234 204 218 190 160 157 205 214 193 154 164 187 222 135 173 164 210 177 183 172 173 192 159 200 130 169 218 224 206 173 199 165 121 184 188 167 159 224 158 130 175 139 179 230 201 212 144 136 174];
        

nServices=102;
S_starting_time=[485 31 253 535 174 246 530 124 607 699 2 173 532 416 342 16 308 472 487 644 554 504 350 170 470 541 440 625 646 164 64 432 63 599 65 479 142 717 90 222 518 588 607 583 282 315 106 277 532 258 300 123 53 183 387 694 132 281 106 19 655 658 432 691 195 239 499 307 0 397 452 157 191 144 526 321 77 720 248 445 585 297 254 98 245 24 4 456 495 345 375 625 445 149 555 475 112 91 342 213 687 130];
duration_s_min=[94 60 68 95 96 118 89 89 120 70 86 67 105 107 111 63 70 100 75 116 69 72 103 91 109 64 117 66 110 66 69 61 74 99 84 65 68 119 108 113 64 88 110 93 61 65 101 78 101 83 94 68 102 96 64 90 93 111 94 95 68 64 108 98 106 117 109 81 114 100 74 106 98 86 69 104 90 111 62 120 98 104 104 72 93 95 99 97 104 114 90 74 72 74 70 72 70 99 81 103 81 67];
duration_s_km=[46 42 56 44 51 51 38 51 59 43 50 57 40 54 37 52 49 44 52 33 56 40 33 34 40 30 47 44 47 48 49 54 55 43 38 35 42 43 60 40 59 48 47 50 50 38 43 46 32 59 58 42 30 41 46 55 45 38 55 55 37 44 49 60 34 32 56 33 49 60 52 48 57 47 44 60 53 36 38 57 30 49 55 47 31 30 33 31 50 32 41 48 36 40 58 30 59 35 38 35 48 56];
num_passangers=[28 49 31 70 92 49 61 20 55 77 56 33 99 67 70 97 32 93 62 56 77 54 79 29 80 85 21 75 35 49 44 21 82 33 77 98 36 84 35 83 76 52 78 56 24 90 28 93 57 30 38 58 65 39 34 33 68 57 40 94 31 82 20 32 20 33 58 71 27 80 32 84 97 57 71 95 79 93 31 95 55 86 53 100 82 65 76 92 20 70 49 59 33 89 86 39 84 50 59 79 44 80];
BM=250;
CBM=0.500000;
CEM=0.800000;    