nBuses=69;
max_busses=70;
cap_B=[126 114 77 140 120 61 104 93 74 84 78 89 78 131 128 43 73 49 79 67 74 124 72 22 35 112 113 101 105 25 54 61 77 89 23 28 57 64 84 86 49 37 85 51 94 115 40 126 100 90 140 82 75 112 61 25 82 105 65 40 113 138 21 64 72 133 131 126 97];
euros_min_B=[5.629859057065189 5.17944196147951 10.168856981770707 8.052025465755047 12.98011714208136 8.535788393855952 10.071233509988845 1.7335822026936776 1.7094982827609013 9.119740723551429 2.0349336469601846 1.4029055142592552 2.0204525383926892 14.484182677199444 4.459813291105552 2.9233147585150823 11.926280809498147 5.2489312130696 4.924821559208767 12.996191819837247 3.6315071274892365 2.9739470372481724 4.701936919837626 10.722372158912762 14.628298431220045 2.1245446220083615 5.196107201287976 4.263840032816288 10.34230020532072 8.810284785205267 13.417155402333165 13.302501609318652 11.833867081092952 9.433192758038327 2.98781021037974 4.124680144775627 7.366388664249286 11.231392311966149 11.414912718113133 12.063493398430188 10.765221393042001 14.450627338596522 6.823616762602286 8.94328062995221 13.311580184463903 1.3814927194258346 6.8036146239153314 2.750658599305903 11.65252789404057 10.975108948569893 3.3741286560310844 1.860365446200714 8.606103457946375 3.5769979362070847 14.082170216409438 9.199588162612928 2.201636508816885 12.976478940193934 8.573368777061003 10.56237418727761 8.260946771482061 2.641229613897476 6.342106529779852 5.95759671098904 2.57999856427447 13.453802574031254 12.206390239229911 5.65936559343737 14.627906581047165];
euros_km_B=[23.95061351158341 16.752613575602012 5.180790663784466 3.3611494569400473 17.624265852056425 8.103996029541825 26.472771021785746 23.540934304394828 19.152039989120645 27.236875891129262 9.066167325294778 24.744868693000186 15.62786875255707 21.794451505518467 29.708642841799957 7.233279132823807 26.37925417087936 2.82679919632794 26.41664563751833 3.768684077589688 5.285192473920504 5.351239458394586 21.035562658646853 11.538933145851821 26.687485217411922 9.815241521704559 25.68987590836353 20.704930174720506 9.419631159346693 18.532201428653092 18.614542793113202 25.846029781235494 12.718405295309811 16.189225624790318 21.784765969741482 6.989119106483256 1.4284070294376936 18.239217340085524 5.777508161167426 23.55777758035302 26.405816014409513 11.13586461228664 19.71261690360037 4.140827166607922 28.06500712882972 15.338612019053834 8.726661841063205 11.756138492207196 29.46455913710579 13.474323049850385 20.735239288816764 25.675241159080066 6.748046911795324 10.067197908660974 11.869958949892423 10.1985068253135 2.4683259010134493 25.30990293759371 4.717047748563027 7.867379427414223 20.131474843806597 28.892783599683522 7.433266606321181 8.998001675457886 16.191258547924797 9.02612039856317 1.2825691885005597 11.289920437282776 9.19846473744399];


nDrivers=70;
max_D=[152 181 195 189 172 130 124 195 132 210 138 178 172 121 165 127 200 226 177 146 134 221 127 152 162 124 170 219 222 207 198 230 240 151 173 124 238 151 198 238 145 145 203 132 234 166 204 203 174 131 172 141 172 166 147 210 239 224 206 139 240 136 131 154 232 194 141 159 212 200];
        

nServices=76;
S_starting_time=[617 705 97 435 454 82 62 433 47 391 717 581 716 539 551 381 352 339 284 573 481 680 67 522 30 179 658 112 424 446 636 315 355 191 573 663 414 271 146 329 618 515 128 85 671 210 124 650 148 151 441 90 46 629 303 485 55 84 710 225 257 287 353 153 473 5 308 356 524 620 213 531 96 428 104 40];
duration_s_min=[73 81 119 81 84 111 76 92 105 80 62 67 95 82 112 73 65 82 91 72 110 86 96 103 63 109 117 99 112 88 106 114 83 107 76 103 64 82 104 66 120 119 65 118 88 116 91 84 111 112 76 119 85 87 68 100 75 75 86 100 120 106 75 72 98 75 60 75 93 92 75 60 78 85 109 107];
duration_s_km=[47 47 33 54 60 46 42 59 39 45 42 45 49 48 37 47 60 57 44 32 32 52 59 50 42 59 48 48 51 54 31 42 41 33 45 33 42 42 44 45 57 40 49 33 56 53 57 33 52 52 47 40 30 60 56 48 46 45 53 49 51 37 31 60 45 43 34 51 54 52 47 54 38 30 59 36];
num_passangers=[49 59 56 23 91 88 51 26 78 38 72 78 77 60 66 96 27 58 77 24 35 72 61 48 81 91 94 87 99 40 25 29 59 81 79 92 61 34 89 57 78 83 33 57 77 39 68 87 40 74 65 75 75 43 47 43 57 82 96 36 51 30 63 40 74 79 74 75 82 90 27 60 69 65 64 91];
BM=250;
CBM=0.500000;
CEM=0.800000;    