nBuses=101;
max_busses=104;
cap_B=[70 122 53 41 81 25 24 127 97 139 72 126 25 42 108 40 84 33 81 108 29 113 134 68 35 68 76 93 95 139 31 110 30 42 84 124 123 111 89 24 114 131 128 66 52 48 140 94 60 48 57 78 78 88 117 73 117 115 70 138 101 82 52 22 92 89 124 92 73 99 78 103 126 109 114 74 53 133 54 34 97 110 64 76 63 66 26 103 27 139 100 123 65 62 20 33 35 70 100 98 56];
euros_min_B=[13.981680786237053 13.291863417653694 4.783188248334447 3.4177655039820314 8.298670399336377 9.022882577789655 8.009130458725226 4.729127562076177 1.6094328479799436 6.482959010062244 6.694608791967063 5.6689995383623675 2.1871722574708956 5.944443851536715 7.4988451413963055 3.98605533020734 5.381295877200358 1.7277170121950984 11.69718562348317 1.0759657023934843 12.280424704712761 11.209792387710808 13.934643402317814 12.849123120031264 11.588730242893586 10.851420184501405 7.69390599947104 13.76983667804618 4.243964384428894 3.0827615126712855 11.96097736209565 10.806635326796972 11.73956793745147 10.636102481977652 3.001725230772495 11.885495790147575 9.46249595089732 5.501814136995561 9.212879323281937 2.64171874219447 11.622369727636446 7.384518480655743 10.396430534151301 7.6784531437006915 12.033417875110608 14.593728053679458 14.810403924436685 9.317324068108977 13.894754354108947 3.9513631191395477 3.861087195930445 2.80437603004306 9.67320474405751 14.784654830454567 10.67877535322994 3.5542895563768213 2.608098662203322 9.53944794822001 7.131960674545617 11.11520022043336 4.68905093613226 9.08469192506299 5.552592002511393 13.650443316517977 10.055368396597636 4.67603824700549 14.215611246623702 6.834610184342473 6.486725432852945 4.976939767653287 6.092433517225386 14.256745482942208 9.243004864913091 9.701960174799936 7.434764309558007 12.87472744529871 4.310925141175827 8.710966310370754 5.6681532483322545 5.312180890867528 7.920469446177296 14.68058517276371 8.675409545056043 14.819166560695153 9.966940422893357 13.560414296663314 11.989462455739604 10.225398668769786 11.712231030704942 2.497077992900654 5.523793665302452 7.965090889015956 7.474461678034178 3.107611432999321 13.258325078298721 8.769631556356284 8.042641218532319 10.803015653382484 9.167530271161835 4.050784029334785 12.255791451499416];
euros_km_B=[23.721378561220813 16.674081852293156 23.966139677085465 13.012681256933625 13.708757755629367 9.499444199457415 5.608180630531719 17.47310324969974 18.0508810235666 29.732873845584695 27.77054157432289 1.7953893172532887 23.532318423537934 4.032102852203189 20.357567555261415 26.47669627288936 19.185082123552096 26.011196167529732 6.477337109892409 12.550916073528834 20.761781837961262 26.67916938233686 14.534909511046752 4.50633458161507 19.85434334308814 5.124927307944091 10.094872860544852 28.491348629523007 10.016459730432842 2.9651954255045707 14.445814480232734 11.972576707544553 17.458269122766787 1.2339996868870324 26.015236344920133 6.599204403816354 21.120394915983315 20.58556789449168 15.790376873245776 13.420563936162756 5.574737804734587 27.242936625479263 6.356632081343612 12.069315655538944 13.465513037454729 1.6538845477945527 7.043005904119655 23.64166335218232 10.294658153622398 2.8836101567086683 6.097216370664604 6.794992508102751 23.006040680242773 9.408119300583152 1.883567846530406 4.245920761844977 9.194614538655276 5.38205365109589 13.17587585604701 9.810503339558705 5.107330551012449 9.435427825402671 28.783289413562283 1.3479666678467663 13.552770293540473 2.8666929966517705 3.553983683347081 20.499019329843517 22.443940065052438 13.852379742160227 1.1687760667017777 25.153985985296494 14.434136280280441 10.965638333069803 13.865863233592412 1.6026937212811343 17.199983063697815 5.866084254220709 9.538897481108773 16.1088575912727 9.231394366910864 8.812931009650178 10.638654993061618 17.91478878333236 13.466588567417618 1.3983456607111222 11.613199969614543 19.711009790163047 20.62575205828696 3.501822004251143 8.737887954876737 6.8152660675402235 12.686697511226257 25.404064847733938 22.605193066225688 10.530859641039129 4.341596387304601 18.01840010540602 19.09878081795981 25.794456262103697 29.76503419131051];


nDrivers=103;
max_D=[202 161 177 207 199 226 188 233 142 224 136 130 212 181 203 135 224 143 179 127 180 179 231 170 121 177 240 177 176 225 127 132 228 197 236 217 168 240 235 158 212 138 151 236 231 167 122 232 181 190 220 197 134 139 237 183 196 150 124 122 199 173 227 184 156 140 124 196 206 231 231 199 236 155 213 237 148 197 187 217 200 125 209 217 173 139 163 131 181 205 234 167 228 236 169 132 207 136 191 212 137 182 170];
        

nServices=105;
S_starting_time=[463 437 518 430 385 634 662 673 522 452 120 297 348 499 526 91 402 80 389 29 260 308 581 315 278 666 387 172 464 372 708 300 96 135 126 566 104 301 664 121 503 437 510 398 632 630 46 169 285 616 463 654 619 216 206 697 306 493 636 535 582 422 435 511 472 552 303 665 49 155 49 431 313 92 719 380 600 232 443 365 33 485 73 388 427 318 452 103 516 526 147 350 114 574 131 583 280 577 268 81 33 12 166 583 84];
duration_s_min=[99 96 64 93 82 88 73 80 114 104 82 69 113 103 110 117 62 119 63 101 80 107 96 108 60 68 89 98 83 113 69 90 91 84 87 114 68 104 80 62 111 107 61 115 65 81 78 94 61 61 109 102 113 81 84 78 101 80 116 82 83 113 74 89 70 65 72 91 69 100 61 98 73 81 80 82 62 102 72 73 78 96 66 103 102 103 105 86 103 68 100 105 103 110 106 117 109 70 72 73 99 99 118 81 76];
duration_s_km=[50 35 40 60 53 59 30 37 30 42 41 53 43 38 48 41 33 54 51 56 53 38 56 54 34 60 54 51 57 47 45 37 53 36 42 35 42 34 47 38 34 44 48 41 54 39 44 42 51 50 41 33 51 44 31 55 34 59 59 60 45 54 42 30 35 35 42 55 35 42 51 43 56 47 48 43 36 34 58 38 60 37 49 48 47 34 32 48 46 60 30 35 47 57 43 54 57 56 57 43 58 56 42 36 54];
num_passangers=[26 56 62 64 79 51 28 71 30 33 32 28 25 48 64 80 29 48 95 62 88 36 53 77 80 96 55 73 99 76 94 70 53 23 71 94 29 74 86 47 79 64 55 40 98 75 35 49 46 41 28 74 40 95 52 65 98 20 65 21 41 51 78 41 61 42 99 58 73 77 50 49 61 32 94 27 40 72 62 28 54 56 58 37 43 26 81 76 26 68 91 68 31 55 32 89 100 99 71 69 97 98 62 70 23];
BM=250;
CBM=0.500000;
CEM=0.800000;    