nBuses=118;
max_busses=120;
cap_B=[69 76 137 107 112 113 42 53 98 85 119 92 51 50 49 99 96 96 38 95 99 136 97 48 86 87 43 38 80 54 93 67 75 124 92 99 45 36 115 97 22 51 115 56 31 84 129 88 72 125 108 124 94 128 43 55 117 80 81 85 71 50 25 30 127 83 106 68 53 100 114 117 36 134 62 94 68 37 47 120 86 130 68 84 114 78 128 80 72 129 136 74 80 28 73 21 91 124 97 113 114 92 71 77 41 23 33 35 97 82 95 27 133 112 89 33 121 51];
euros_min_B=[13.249730512853423 1.6146722297373628 12.590526299072913 5.307238083682893 14.01294908132789 6.30992360556801 13.12055099734343 12.858728163847404 10.527007251663289 10.410527469528489 5.420754731189339 14.129057723394496 7.0543153929902225 12.382892203246241 5.560992444284322 12.281814378057872 9.657092996613391 6.875454469822966 5.411340906121153 6.04737661692904 6.275146555420277 7.115611031189345 9.504437247599489 12.686948166652556 3.5301047824332885 13.628674236986976 13.683190078188293 6.383417751990617 11.137384873292289 7.92582190192776 7.3722102776481035 11.897330875343275 6.075874306124089 2.5870283122418307 14.16833628040529 8.790056588297029 7.673025938703974 10.882755231341218 12.864860921900863 9.30600011956649 10.421021499843853 8.427217109084891 6.4849673457511114 1.164852942696311 8.447600850784857 11.880424350251147 2.561092598861275 3.10999173633662 4.010454381576479 8.031668405855482 9.256440788170023 1.9411845368917262 11.112144523795159 8.080457267914804 14.413567198362903 5.707518271196281 6.155518681571285 2.920799893359082 7.190261820561492 6.134620298172261 10.953097607911715 10.838588579739044 14.10959072062761 13.121155407821252 6.996294192576018 9.083072763161866 4.336395332015787 5.101689549478154 13.418929712766117 6.38497973157072 6.265717915376358 1.4548052631298862 8.340162444928243 4.224957772124476 5.9689955779689665 14.630058347000364 3.2926898477302062 7.309678594922708 9.21838347449417 4.340387294631193 8.648689241752919 3.4335924320726092 11.837714439928448 13.884086052374856 14.019900930451712 13.8257646305842 4.7348622100424995 8.483368221591318 10.26613301784184 12.568877544379099 14.867064764533483 14.774389309032578 2.6725515034412846 5.530800888046667 4.152722447002056 3.11567706998349 3.841787271419893 13.900079784810833 14.54548695025444 8.614808997596882 12.226794735562013 5.352303724423397 9.332780379685056 12.533994824338842 6.573586901403797 9.293263281086606 2.950122176462548 13.266775084046822 5.180849670915893 1.366896730402818 5.2439899331850715 12.228278480463738 13.935412405036843 9.207835051209766 4.429555647048942 10.281529471830067 6.664006736084763 14.036744424206024];
euros_km_B=[16.75525187546546 12.01045406551319 2.491586861382561 6.727059309542042 8.472122118976758 4.029819237394044 4.783497161554745 10.540821854219827 24.406262117273474 17.449015446060095 10.64184954379107 11.974315839255576 10.466144379038381 12.41614523154868 21.011126004069535 1.580432018334637 11.098800906379417 24.458656106613976 10.188143062729772 13.0094933726938 22.77973665826339 1.4183209282442932 17.27043235488311 3.8940502215661597 16.792158400647857 28.382743787572036 12.064144457278555 5.895995231082882 14.160043195358012 27.938111730489144 23.71432217200959 8.4114699485894 29.801745662845878 26.568569414869273 21.848877962910176 25.106176279951313 4.948948870932931 26.975934894018454 18.202676122656115 11.605565336571958 27.9331517051562 1.002040202213514 7.172994571998501 8.491170939389406 4.87161473015542 23.07762476307069 15.446079545286107 12.096152208914072 15.17092068622746 18.061515478302006 14.652244328407592 23.708848934251915 17.426683822050414 6.546533876164215 22.56759261792052 28.820675795710983 26.392300383861926 13.654087470426829 22.28441738627491 21.993529313068304 28.546161316448284 9.802313298640604 26.658123201463525 28.62992197059201 3.6156544578867535 13.743361708606932 6.332590096537924 17.657620656298228 21.6263994423683 24.94923626210689 18.647702483484313 20.093772548777526 3.158366971625627 24.978137152676492 12.501166130056637 5.8063624098358 4.111582357048418 20.936660271884072 13.705413789549965 8.334310003833043 20.981288096739615 21.548468431411138 2.3878460868432607 12.07512059536679 16.72642300721514 17.51922730038862 27.323931899487853 20.759361988620192 2.4276315803371906 18.99801017964589 18.100902390042624 18.494637771709904 25.59502132906095 19.43571908304953 29.961309205607968 27.656995878210353 20.949273214213758 18.72934152462536 21.296061273551082 14.008892459918531 1.7763820210431596 8.236451358183494 15.691784436279944 20.037805739706222 28.12890225059346 7.571244101594505 13.808709018896241 4.86402650425107 17.102899112126643 17.646280028615408 8.07026929786026 25.804441045997688 7.618285448812212 6.837148105649245 17.582467691722375 8.038008749517706 19.12770368385204 20.319972042833353];


nDrivers=119;
max_D=[223 229 164 137 133 132 201 142 178 207 225 189 172 230 142 196 126 198 178 137 145 179 187 185 199 129 183 145 196 142 229 198 124 209 181 223 120 154 151 158 226 155 188 145 224 145 185 197 174 170 152 125 152 226 150 226 122 203 184 199 162 207 140 233 184 164 192 184 212 158 124 132 142 199 153 135 132 183 123 235 163 213 180 200 146 212 205 196 143 158 204 204 229 122 129 184 189 169 199 172 184 205 196 123 226 189 136 165 138 131 152 199 217 191 216 146 186 159 192];
        

nServices=123;
S_starting_time=[306 297 170 132 187 262 302 561 693 112 266 327 369 540 617 37 587 152 308 127 351 378 93 386 413 644 421 146 89 46 12 714 581 385 461 468 359 607 297 100 460 320 10 286 542 464 542 667 207 671 177 360 644 668 367 548 380 378 155 626 269 42 559 285 9 250 593 666 606 427 583 34 635 164 189 528 604 273 535 467 104 557 386 178 37 368 300 635 617 150 9 242 207 258 76 639 48 502 712 516 235 50 719 438 31 595 60 454 576 139 612 245 343 642 266 319 42 233 227 200 486 242 408];
duration_s_min=[102 86 117 67 71 101 79 114 110 66 86 69 110 119 105 69 96 112 102 119 113 119 88 117 109 78 78 98 61 62 93 74 90 106 107 93 108 83 85 70 96 88 81 83 62 113 74 70 88 102 99 95 86 109 117 108 84 65 85 89 109 69 78 89 95 102 75 119 107 81 93 112 105 120 80 61 101 78 69 71 98 109 64 69 115 114 64 106 102 90 99 106 107 97 98 119 119 103 101 111 85 61 86 113 118 97 78 114 89 119 87 100 77 80 66 78 60 96 69 60 67 114 71];
duration_s_km=[30 41 47 42 30 53 34 53 46 49 53 39 30 49 32 31 31 53 42 34 33 34 34 32 49 50 59 55 39 53 50 60 39 47 31 37 42 31 46 43 52 55 34 57 44 31 45 34 56 40 60 38 43 38 44 47 45 32 56 58 48 42 39 50 55 42 33 52 52 57 59 44 57 38 60 56 60 39 47 31 43 35 33 45 56 32 32 58 49 36 34 54 46 60 59 51 50 54 30 60 39 47 51 55 41 56 43 57 35 45 39 46 34 57 42 56 58 48 35 55 42 54 50];
num_passangers=[28 82 36 44 66 94 92 100 49 99 67 65 45 69 55 87 48 55 48 60 30 84 37 51 79 99 45 38 82 83 53 95 39 53 62 54 82 99 58 38 23 77 93 21 32 69 62 43 100 84 61 42 86 89 53 32 71 81 27 79 70 58 60 68 69 75 26 39 55 94 49 35 39 69 51 79 24 72 56 29 95 97 74 94 96 69 46 100 53 93 81 23 72 36 50 75 31 28 40 59 48 45 26 83 47 53 76 33 32 91 75 36 63 81 46 45 81 68 63 41 29 22 87];
BM=250;
CBM=0.500000;
CEM=0.800000;    