nBuses=83;
max_busses=78;
cap_B=[73 53 95 55 120 131 59 54 44 119 106 136 59 32 94 133 30 112 29 104 133 70 81 84 109 46 129 59 96 102 41 25 82 92 131 32 36 137 22 22 23 130 115 39 133 59 109 32 101 108 91 34 101 88 47 114 126 36 128 80 105 22 107 53 71 124 42 49 68 114 133 48 35 97 37 130 80 43 73 27 122 100 37];
euros_min_B=[4.181955496902364 11.047505698774009 9.58670182867542 7.58606146451799 3.7350639669941152 6.284972883400336 5.239786114847651 13.683041529850994 14.235590949749074 11.805032588291668 4.955048767982662 5.4681382136530985 7.371521763812385 4.879334402251705 3.6663584051142784 4.80140228236323 6.51132517754861 14.105370067864019 13.996694069716176 5.398274085149044 9.83585460558139 12.506746419069248 4.078762261203044 10.830501265251238 1.1893755319292896 6.824716147047304 9.852665195062464 6.741474904416731 7.343191779248312 6.398487283886849 10.474645479027377 6.449639604302889 10.78676432148236 1.5487333799419654 8.042597233975306 8.728105221417646 14.493436822761721 14.915224751687319 1.464470460021627 9.941336325761194 10.885570480639345 9.853814706668668 9.896375067522223 8.734832099257204 6.009945084541234 1.8933081368826863 10.57916093798702 10.796878346054545 1.8190152238486532 11.414396777209085 8.406518066621649 12.599257455260332 4.265736290148634 13.522488031318588 3.0525066136855163 9.8247010605731 11.55694750939816 11.475488910356628 2.972984641869216 11.26160083985241 12.555491596173868 12.154985529178642 6.665813078022613 4.790892720568342 11.619890987917376 3.7065720672744513 7.386031535123678 7.481043744489141 14.128607140941407 2.5465739511123084 12.064548687036705 8.56719168335891 1.7114259475513114 9.529569069462145 2.52363704532702 14.171291971905887 4.242934808019902 6.597648220428443 1.2719349402944378 12.302414934723869 9.643322554872066 10.31033805933342 2.1177573927078788];
euros_km_B=[5.922151145650238 11.279993379808301 12.082501851490322 8.978186714894463 25.95709799627996 23.715917639219754 11.614477148962667 20.867261666058617 29.59174881854254 25.859975456582593 8.611221443939801 15.337926277888515 16.343180580095186 28.56506867428803 3.774992554857543 24.072264370909746 25.14714865114915 5.784558700754151 26.08459409860175 5.145217812232364 20.573778720917062 4.235754805668898 7.772020623190667 11.497653694778917 5.147169808295247 5.1091820096958855 19.75326954116599 3.2889711395672627 15.471475389804544 21.74083639184627 10.023094350193041 3.9480543422146783 10.346971530779692 29.251187817160794 20.128041959282427 7.907155692191564 2.7904848551699386 15.944956780924684 14.208149984039709 17.50672592674408 29.46033852620367 10.740331200934662 11.658712356730783 22.364771249364182 22.733143520477846 15.241851368111039 5.634577171697709 17.74186477391977 18.552018027285943 28.173322513127435 19.293486960699035 13.9031664311763 23.794422882411315 1.6944771645050603 25.49207238084785 8.524459797362503 5.755622806227281 11.893328069465694 7.651076051967391 24.70350071502916 10.1257664870885 5.133812263678236 28.27135945857348 26.75124634411792 4.498017583007902 16.333732453139117 21.069802804584143 10.663945665324254 21.87589904279883 20.901280806851176 20.23045883779977 25.078015607562484 14.788570169842696 9.188482218297267 14.145547928448062 23.32754440275729 4.415944160514298 26.770831949207576 3.3248113614729817 22.179745761625377 11.654709600620482 25.223933891682773 3.216847213318841];


nDrivers=85;
max_D=[153 187 172 229 140 192 124 219 121 223 120 172 129 121 234 190 216 157 169 221 122 209 137 166 221 135 196 140 143 170 235 162 178 228 144 188 211 184 130 145 168 236 193 134 168 221 211 214 152 192 123 133 170 160 132 191 217 194 224 221 161 218 127 207 207 228 173 157 171 184 180 240 153 132 150 229 163 184 159 171 181 217 190 190 230];
        

nServices=89;
S_starting_time=[55 100 401 284 206 24 58 221 384 109 54 453 546 548 201 323 232 487 324 326 373 205 400 107 591 24 421 68 629 328 54 189 676 397 533 204 256 373 440 329 0 711 610 495 376 650 43 705 221 285 55 627 517 372 508 549 376 600 332 638 129 404 551 460 557 500 574 355 218 719 65 646 39 570 62 548 653 446 550 703 288 438 26 199 208 366 168 66 325];
duration_s_min=[88 104 86 86 75 83 107 83 102 120 98 81 112 112 86 77 88 94 119 70 69 92 85 94 73 71 82 104 77 66 76 116 101 117 101 97 114 109 66 97 118 87 99 75 63 90 67 111 71 109 102 85 72 113 87 84 69 82 102 104 73 104 81 117 103 92 104 100 60 60 116 65 112 103 111 100 63 86 60 119 60 111 93 87 64 103 95 85 82];
duration_s_km=[42 52 53 41 50 43 44 43 39 37 44 30 41 31 57 47 34 36 58 34 47 32 32 44 58 59 55 59 37 40 59 46 59 58 58 55 32 32 39 42 39 41 38 59 47 46 50 38 39 31 45 36 46 41 35 40 55 33 42 33 32 32 51 57 33 47 39 58 49 38 34 58 50 42 55 45 43 30 37 36 59 52 56 39 32 57 30 37 53];
num_passangers=[27 21 99 81 77 67 96 94 42 35 63 21 87 71 45 76 51 94 67 61 70 79 59 52 34 50 57 57 45 30 29 87 73 61 52 93 68 40 54 33 65 29 28 82 94 28 75 67 42 44 59 89 91 28 69 92 30 97 56 99 54 72 95 34 47 30 61 56 51 46 34 31 68 76 69 89 85 32 29 68 56 95 85 84 75 99 49 30 71];
BM=250;
CBM=0.500000;
CEM=0.800000;    