nBuses=95;
max_busses=98;
cap_B=[29 50 135 90 135 136 93 20 61 68 61 97 139 77 96 104 36 123 135 77 137 39 90 21 132 92 108 95 78 50 117 64 77 40 93 117 130 64 41 34 125 73 56 76 59 39 32 50 134 104 21 111 140 52 125 21 108 82 119 131 78 50 52 22 42 138 118 138 114 108 137 91 48 21 40 58 51 60 63 21 32 99 99 59 132 139 37 135 42 92 89 41 124 65 97];
euros_min_B=[14.234866148753053 7.17540264107448 11.611419589766719 12.69117046324291 10.365604308580256 13.830756755748059 7.830164654402494 7.821041292789126 8.164136313589825 5.573762004757667 12.327985927000146 13.36196998079169 12.275855044239073 14.596486721922348 7.480689132362669 11.841341901939291 14.712708427459837 10.371016396992129 6.541306912914591 12.630560511016773 4.609732867732502 5.622291319234275 6.269607457022655 8.819078300725131 6.8902866622030565 14.684664639344167 9.083211437287495 6.4661579041559625 4.914231813256091 3.6101693502164816 6.123655845899127 12.58932653196773 3.6317024990164355 1.0257903243862556 3.5077107249410795 7.896507224943418 5.043917931720758 13.33442518258586 6.291361311206868 7.064164293493843 1.9809326149266537 11.352465274414337 6.152707341408481 9.280048286899984 11.491090129395511 14.330707659035987 10.625152769051317 11.142841463678026 10.825095020380568 7.494184019760145 14.320820887048649 2.07275481915445 9.535428261176236 13.779386188755415 6.837615368075539 5.958944575347495 10.046116229687264 3.577798963741687 1.4441975849056385 3.7771020321790068 9.124338319288212 9.082608705097176 14.593984281713432 1.647253067367905 8.46859674293053 5.318340236096318 6.934066329651966 14.626510640421229 3.2868673191199047 11.917850698606822 2.2862052624813787 11.19425192964534 2.2964733017054844 2.952468234029563 5.767617872266117 3.106120813722459 9.838800194575068 8.425421056752601 3.619960190403365 4.434400575450354 5.764250669963209 4.343610611060118 7.304833356756831 2.7560533174469244 13.103867790666262 8.211185972148392 7.443447613493125 4.127588066051256 14.192494085412658 13.649394971592923 5.590496307404997 5.155733636766652 9.313952204205778 13.937352238003484 14.912046109260993];
euros_km_B=[6.203132152300062 18.76105423648494 2.679186909412364 23.475105437582314 6.097127966864452 21.475720585288887 13.327798222128761 2.4591065123167777 2.0541902320509795 29.016754588481067 25.6514829916254 10.253815008735334 8.52175808234957 8.838018100068684 13.46685076871693 18.6803330065082 9.567026800378683 14.338490844424104 21.7694126432057 22.29306694898479 19.966384185705003 3.938667240477937 23.386216413988006 2.294669953018688 13.449522765345263 12.431656774486877 16.484416449390043 12.7113761451943 3.7127783450837053 24.73013167650774 16.69167755323698 17.94982091433757 7.714654437844308 26.18167935495229 18.906546276511403 27.83794754500058 29.880655820171185 5.304279670425832 2.531365383323089 25.42537274321666 17.89097669347641 13.633812478044586 12.95794880069372 20.83886518522801 28.870715732414094 3.591024114231132 1.2053037084254359 16.65996554000108 1.0889835010578552 15.255816571948314 6.64963262684245 22.772195861130676 5.338350384243773 21.266039552202233 9.373124797225353 26.76747702303023 23.385146846462295 15.430641980724156 21.759470117180786 17.131427844458894 27.145763890642307 19.71820491546169 5.010039550897102 26.062325988442787 1.2769239617761152 25.123322739641768 24.46992252250529 2.1145010727904 9.670191713417886 3.2121433376872424 8.790038644261484 22.77510161005259 4.3518752403487175 21.795581112714164 28.62111422640355 24.926424483756485 17.312226500671045 19.09364451555288 8.512934172667155 21.548526560437484 2.2188960785782887 23.077539871798738 28.932925177704725 21.323059901988284 24.091435878645296 16.976940670775797 2.34448293694102 25.424705355343004 18.528539441175337 16.676865909545583 16.92945323148141 4.0919639308428035 4.256181267490828 19.813794557224494 12.849802577837163];


nDrivers=100;
max_D=[175 173 216 121 172 178 139 145 140 237 232 171 153 185 228 232 196 226 165 199 122 179 132 132 164 172 218 228 120 204 179 171 198 209 129 206 130 159 190 238 198 224 189 184 201 152 205 130 229 228 209 226 141 157 206 190 141 158 162 240 139 194 121 140 142 235 211 163 217 224 134 149 153 167 209 228 143 125 122 147 208 136 120 206 142 131 210 202 222 168 209 128 169 125 174 191 162 181 206 182];
        

nServices=102;
S_starting_time=[448 545 94 702 578 110 275 404 105 112 516 462 225 443 136 259 411 361 136 401 541 540 378 2 337 676 149 371 72 382 697 182 225 84 137 707 0 589 277 507 707 615 385 590 88 634 61 406 37 190 61 24 66 341 108 418 474 395 221 561 24 457 619 27 106 559 71 126 407 613 68 425 403 404 451 530 623 457 633 326 598 582 537 707 313 23 131 258 432 31 564 447 675 569 306 16 205 103 196 253 451 73];
duration_s_min=[104 119 82 88 79 89 104 69 84 68 63 118 84 112 93 90 72 102 88 109 99 116 103 69 117 78 71 77 113 115 102 83 76 112 115 103 105 65 94 107 71 60 108 101 97 93 93 91 85 72 119 68 119 115 93 82 79 103 85 66 64 74 88 65 96 70 88 96 106 114 64 84 94 106 114 92 69 98 72 83 97 90 117 66 97 74 62 69 112 72 80 110 103 68 118 78 115 94 83 112 84 93];
duration_s_km=[58 47 40 49 36 57 41 32 38 53 49 49 41 46 52 45 44 33 40 54 51 30 32 30 48 30 60 45 47 45 49 54 54 46 49 47 30 48 59 52 52 59 34 39 58 53 59 57 60 59 57 58 31 41 37 39 50 52 55 39 44 42 60 51 58 40 43 44 59 59 39 60 39 50 40 48 58 53 37 42 44 36 52 47 55 44 46 57 32 56 45 32 32 37 45 37 55 41 47 59 60 38];
num_passangers=[70 56 51 92 99 74 62 28 30 82 59 61 78 29 71 29 42 65 47 88 48 31 23 40 28 50 66 29 64 23 96 86 87 47 70 40 43 91 85 82 34 24 85 23 94 49 34 36 79 69 86 66 23 28 38 82 34 72 42 61 58 85 41 84 53 97 45 73 89 70 45 54 44 32 64 24 48 54 70 28 75 41 54 71 54 88 92 46 41 70 93 59 74 70 54 52 65 37 29 86 82 31];
BM=250;
CBM=0.500000;
CEM=0.800000;    