nBuses=95;
max_busses=88;
cap_B=[107 105 45 64 81 102 136 61 100 98 106 62 52 59 21 34 116 117 36 102 133 75 60 81 128 62 109 114 35 89 56 51 98 84 69 43 21 84 84 20 75 38 30 123 93 59 102 103 100 128 101 80 136 122 101 59 69 56 36 112 122 139 134 45 97 87 49 23 67 129 68 35 122 77 77 95 33 92 21 68 130 124 42 108 136 120 102 50 123 93 113 22 111 31 46];
euros_min_B=[12.21124896884919 4.797109092538656 14.083069937337058 8.10786374120557 12.626110086803786 11.261425862476065 9.08996490529104 7.7949363822108735 11.787096086973744 6.7727782974006505 9.630130856005106 12.004910225904503 10.371824821094785 12.753970487589733 10.573478443441681 2.261277109889387 9.594461685560525 7.876654665450994 2.379640612050398 3.0913778052872947 14.727737865286928 13.966376491815861 13.69109688860272 11.388955539834484 10.245266982895025 10.529689409660191 9.240602325705133 1.436094095899402 10.73161587744927 5.5607936235843205 13.980323441732914 11.841026622002989 8.546328523194546 11.269689417143452 10.862695465253186 6.459762330772598 12.246889646096456 3.200445377239586 4.372256593577094 9.27133889108255 12.347796469151543 3.0796109437754993 2.07792162932223 6.260233081996004 11.008877741901133 2.0804026926441592 10.25564307560929 3.930687008775293 12.832696536359672 2.4956241999501088 11.978530747275794 7.112405026709823 10.129270922057245 14.121012522279582 1.3915638811623907 10.41122728660021 10.510707640673267 13.487870844253091 8.606565483376428 14.146267382584492 1.5946818330318528 6.037624544989311 14.86972404970264 14.264289877279674 11.81178274854468 5.382475433563744 1.4330456651402628 7.634236447671591 9.871500372449754 8.289076432140178 8.238882582610163 4.481047801472602 10.17470367181721 9.553633286975964 5.012125272571044 13.943694068809283 2.8325915896294376 9.548537295336452 13.75085978080567 11.906797229705946 4.359470232856996 10.363715058589952 11.475682083073549 9.167313081278648 11.020752039109233 4.592567178822698 9.285520105806766 4.040965191150972 12.613392717813575 13.465676978446407 12.187242134033616 7.511254356221446 5.831793007420211 14.041332500856038 14.473315665964368];
euros_km_B=[1.7488526668029665 12.392891986549474 29.82792354210342 5.459967722592934 12.764973886580071 11.377903337099758 25.019308812260928 27.96597800888208 3.866425989795574 6.055477018874672 25.649789035462042 4.534359523523083 19.084654832632307 3.3602772835083545 13.513133983937315 14.451416456294462 2.458081330893415 4.79135292590368 21.980412994211083 25.294776517053858 12.798808614283729 6.590966029894057 13.543794151586276 20.997282545900276 13.348055883968684 26.51680212699391 7.985792196320653 28.721184227094653 23.55950440916996 5.619705146188298 16.508403140801644 5.178183861254827 3.2375943575251718 15.030315341886913 28.597875891612958 23.173566679173078 20.240845575157397 2.074497725303808 22.93779531368575 27.68294610380417 21.777031844989406 25.190354438024766 24.740277411620205 13.148960060693312 6.361527488336406 12.69874499312119 13.912841077609368 13.213451636884015 27.858013875946405 5.309715364871591 14.464811149998422 25.488237359932516 22.718567619614163 29.10529079412485 11.925740452249586 23.651457762892125 7.403328324759321 19.02240248695168 27.69448943064462 17.694688906988365 21.29046627331889 5.340032683405112 28.744285579751438 22.784634153827362 19.263699386316276 20.102872736397444 3.6058006685711828 22.02162874013499 4.415949301929215 24.59081126135734 24.213812462429054 21.99270160739316 22.22023158568184 29.993435407803954 18.963074683197178 13.792648760768783 1.9770409730441987 10.622517184977033 29.693841847300835 20.38320629732755 28.684960924996876 6.4063598228803516 6.26578139745153 6.863483539225337 4.412570677003061 6.381832635759976 22.228069410048867 19.39111577227565 3.5599694818995085 14.215033242257144 5.863284333340042 16.961366545959613 28.165671771378562 8.920574836950852 14.444187812465508];


nDrivers=91;
max_D=[130 184 131 163 191 174 135 140 181 221 189 171 133 225 137 209 183 197 228 128 205 163 192 176 214 150 148 128 171 157 134 228 195 212 140 158 209 143 176 216 201 190 176 139 161 207 150 195 127 145 199 218 210 179 145 188 186 179 208 219 239 189 135 227 205 169 197 126 220 232 187 181 223 240 176 142 152 158 230 206 124 217 209 204 130 128 138 228 146 172 208];
        

nServices=97;
S_starting_time=[225 116 716 381 323 23 686 174 661 53 154 245 570 461 597 166 668 247 83 310 571 323 26 720 640 682 383 148 434 190 684 30 175 661 680 397 527 198 285 457 81 667 135 489 188 226 332 249 582 171 343 382 193 386 447 301 581 219 36 430 213 89 295 390 364 169 313 486 682 100 285 525 266 309 627 680 635 692 509 16 718 702 416 221 650 134 500 343 448 136 321 516 546 254 523 332 514];
duration_s_min=[113 113 70 91 107 70 73 109 63 74 70 88 107 77 88 99 112 105 108 85 69 104 114 100 98 98 66 69 94 76 85 99 62 76 108 72 101 92 112 92 74 108 93 63 105 98 90 103 105 109 85 84 62 94 106 109 70 80 86 91 111 89 102 99 77 76 88 93 86 75 109 76 98 62 81 95 98 84 119 64 81 119 66 67 94 115 67 91 98 116 116 102 92 85 61 89 61];
duration_s_km=[31 42 50 47 44 38 42 51 44 30 35 47 54 50 54 56 42 42 39 49 39 57 53 34 60 45 37 37 56 45 43 40 34 35 47 35 57 44 44 30 49 45 48 39 31 42 35 49 35 33 50 43 60 59 53 50 33 53 45 39 59 57 54 41 48 42 32 44 57 44 60 30 39 42 60 59 54 55 42 34 53 36 44 48 33 38 36 49 49 60 43 48 33 37 59 35 44];
num_passangers=[22 52 34 20 32 66 56 88 75 32 90 29 28 59 78 20 50 90 45 21 80 48 71 69 72 98 32 67 31 46 77 45 21 91 72 58 60 49 48 31 82 65 100 54 21 39 34 26 96 97 30 64 25 40 65 62 68 55 43 66 36 61 69 53 65 86 27 32 95 50 63 27 61 72 20 71 72 71 78 63 34 76 71 81 32 58 66 78 68 42 28 83 65 23 40 58 28];
BM=250;
CBM=0.500000;
CEM=0.800000;    