nBuses=124;
max_busses=122;
cap_B=[53 94 88 111 104 85 25 21 89 60 60 38 20 64 112 85 132 86 41 101 25 92 50 69 70 56 51 48 90 137 121 137 103 104 72 52 120 87 99 122 105 29 102 24 32 80 29 52 137 133 28 131 35 100 116 88 131 46 104 53 63 55 125 102 42 135 88 112 128 54 113 122 48 89 104 78 43 55 79 39 96 83 45 41 133 68 75 98 54 78 62 56 121 33 130 78 58 57 127 37 100 95 121 123 50 108 33 91 54 114 46 88 99 71 89 91 26 106 40 102 54 57 97 30];
euros_min_B=[12.391055752950988 13.92720936737185 1.4800918319168685 5.456832281485358 3.160549012544976 14.26746682506057 1.5722671771300334 11.339643065268499 8.371939259888814 2.9498537664491247 11.16870098871339 5.710169089566616 5.796373278286742 9.890313039417011 1.679524140383102 6.005667134346293 14.669494536453444 10.865774572964753 6.223499844614318 13.199038766171398 3.869895962318185 3.864201922795277 3.348031977370515 2.008212638669948 7.67819229019012 8.337662224053233 2.3839814484674244 10.250369441176465 11.610447641731772 6.71738147718639 4.385797649370569 11.74540383113297 9.750597957306958 1.1083325200041314 6.642424683359101 3.03566470683735 2.2163079355569524 7.636905127183269 6.115752384478299 9.8005156667477 7.05778155392274 2.446232788438473 6.721810310656406 2.90903234164743 6.762436850594723 6.467028044000763 12.812049784608153 12.391377982805142 12.840326104900736 12.020059035180019 5.4370965844982635 3.639393476141881 5.481620069257852 5.779292274269094 13.963638420016819 11.780597283940857 8.491672165917775 1.6556840563868274 1.5528141188490314 13.292514411180857 14.251568631862991 2.877977271088151 2.109596161612868 3.968126098314567 14.563675724187087 8.475580259654794 8.679295777059506 5.695599047237056 3.8373222742941597 7.039734072135051 8.160511507728312 8.11120839680746 1.292590828783252 10.749099210683426 10.852479304903376 2.306530171702147 6.217783228192204 2.1040638202615485 6.160416108865661 8.953812982694359 3.93264954636052 13.691627237523987 6.910044027849238 3.828512728626436 13.815608620503951 2.9876992704989074 11.95551776595797 12.867538335301331 13.207348433276186 1.2159274417628463 1.724380477758295 14.657460973971709 9.234224167881322 12.991219192238427 2.0932190195254936 1.828153754071942 13.870311364532942 6.155803695886331 14.971778908425858 8.67826001947728 14.999113512276438 6.376531316047771 13.980131891757702 3.7642937661284828 4.594202240260317 13.71944358342934 2.02352343460685 2.4985783724988138 4.340797350021282 10.688053390722438 14.312336674318493 14.40354321032618 1.5360808574080986 4.0617012369862175 8.026536308124527 1.7647035394541963 1.5655705822548693 9.569022760242097 1.1658129045305827 3.105099216265987 12.483163183450802 10.299267589787714 2.6705289912767447 2.3880603359781154];
euros_km_B=[25.06250090776563 13.36028384307533 6.751696267358861 26.537324002164866 4.994099401670836 16.345840018271446 19.934588848970296 19.97988236339744 5.470195502285419 26.697320395400236 28.9492974335202 19.771364040095005 2.25590715059201 6.715704963127992 2.8500827154425936 8.13723693202524 16.291700712299637 15.098780044490686 24.874864946938736 17.898787748509744 23.45382578058384 14.058804232891557 24.81126732073284 3.4073006515958797 28.859528760764775 28.39813937778258 28.076306628206126 7.816131550458234 22.999899866519993 10.435560720678401 6.313282686111157 29.657607338678016 16.640457966021188 22.848185147971762 15.30569324159509 24.004693372176483 20.673103017290476 5.965268204458183 21.559723568378104 29.686459267689568 14.232293907174322 26.036633546656034 7.733447956301603 28.671221971978834 18.256789800510063 11.387953007057964 10.99925309503028 6.843806547350079 19.333007848394594 3.5303741859634346 12.95945477152046 8.076025823147809 24.670434216170545 15.597815702532479 10.275441950026467 7.11154909406045 5.765251236848798 4.75366547387204 8.862203200509313 25.654061859124095 16.2257756094415 12.293783095620034 21.44334573692705 21.93671193720154 22.169894025721362 1.6177158203743351 21.497431291728464 13.350904201521601 11.869004910200228 19.029211633225565 22.49756832990123 20.32515458877632 11.949347094272815 16.352349085646864 7.985135543302178 26.43549669985283 29.055969198808423 4.981847829981677 4.661703460348342 8.871054619401622 8.436329441060204 15.25326622781619 7.748970395495778 19.44011317234962 15.554214886905177 6.680566478837529 21.422247547868594 22.242392521124945 12.641802497871355 25.14333639136986 21.077874251333082 25.26810521176544 29.808676553192267 20.83635769331163 14.625952283795506 11.574244420263915 1.1500234877916031 21.707866051980705 7.377246889808255 2.4554484406627255 10.137175887066231 14.346663103183772 11.274772367378137 26.180818616908237 1.6128264259740102 2.0894116765408572 11.779455177212768 9.826379451492574 7.150823322605681 29.364434461666093 23.906905172344164 22.974040864450654 7.8244859353042 3.151807231814623 19.115877939150526 29.219790178357275 13.522445802446262 16.76195041405932 19.001847590904394 23.058884844570926 22.22844645869773 7.086685552495153 4.86168905612399 6.502821475882984];


nDrivers=123;
max_D=[170 184 216 236 216 194 238 227 150 239 180 133 229 213 154 146 147 140 222 153 161 194 134 143 177 132 240 182 216 178 121 158 184 146 186 235 148 187 120 132 237 162 240 207 234 156 201 229 230 219 201 185 240 129 151 197 129 190 230 212 237 152 228 239 145 156 195 186 172 160 156 177 226 211 187 189 136 120 208 204 218 140 208 134 158 193 240 206 165 127 151 194 222 186 237 147 175 219 127 176 139 186 178 165 211 204 189 150 236 215 173 236 165 214 123 130 150 206 155 134 151 165 188];
        

nServices=129;
S_starting_time=[245 528 216 693 419 48 114 508 625 360 485 258 538 668 518 157 139 519 572 9 256 708 148 687 187 654 393 1 333 587 603 167 361 560 359 663 416 144 577 678 232 266 603 667 605 29 713 681 113 99 80 576 348 1 631 682 160 31 707 546 151 661 532 620 386 361 659 187 11 296 311 291 530 513 544 461 113 270 212 406 480 575 95 389 374 695 335 585 339 609 241 101 395 30 641 104 151 46 36 145 119 417 22 516 389 329 309 486 601 592 633 399 587 482 293 157 226 641 720 387 226 149 373 435 265 440 65 176 614];
duration_s_min=[65 95 111 91 74 82 84 83 117 88 73 94 88 60 118 95 110 77 73 83 102 66 60 89 95 66 112 66 114 118 62 108 61 66 75 76 105 115 110 89 102 65 99 104 120 92 113 68 60 68 60 101 104 80 112 107 108 94 97 106 91 110 115 119 82 115 103 75 69 108 115 115 93 91 61 73 65 74 88 119 103 69 60 65 95 80 68 111 95 90 74 63 69 74 109 109 84 71 109 80 116 86 94 113 80 113 120 94 113 97 114 73 88 88 67 75 67 104 110 73 82 97 72 100 101 115 97 102 63];
duration_s_km=[38 41 45 43 57 49 50 39 49 59 35 31 44 30 45 34 36 53 54 37 31 39 50 37 47 55 43 49 51 53 51 57 37 34 43 52 49 35 50 32 32 45 52 32 59 40 49 41 59 48 45 47 40 55 41 46 31 39 32 41 39 57 52 44 32 39 52 56 39 37 39 49 40 42 41 46 43 40 32 44 45 54 32 38 53 55 51 57 43 35 39 56 49 34 43 48 42 60 37 34 53 58 49 51 37 31 31 57 41 58 30 54 51 39 43 59 33 43 36 59 45 58 57 45 30 54 44 44 37];
num_passangers=[63 69 40 46 87 46 97 71 97 35 61 37 37 28 64 52 47 50 35 47 30 91 78 47 81 27 71 35 50 63 32 72 95 24 67 97 81 63 96 99 83 22 36 82 68 70 60 34 26 71 95 59 67 65 45 53 73 91 57 93 88 55 84 97 39 99 27 82 82 35 91 91 38 60 41 35 97 100 21 35 26 80 100 97 91 78 64 62 69 97 43 92 94 88 92 61 86 87 98 47 29 53 61 82 48 24 49 21 63 85 88 48 69 86 36 74 72 41 70 41 64 80 48 100 87 88 79 23 89];
BM=250;
CBM=0.500000;
CEM=0.800000;    