nBuses=75;
max_busses=69;
cap_B=[44 78 50 58 80 56 66 30 59 94 131 131 45 71 121 106 45 96 138 55 62 116 38 50 125 83 105 52 28 126 61 99 135 135 135 124 59 130 128 119 107 88 134 24 41 124 58 105 121 124 34 59 74 88 56 109 74 127 100 129 23 52 29 29 119 77 114 74 48 135 125 62 81 64 68];
euros_min_B=[10.25198192399578 10.70214296659744 2.5565962414013983 1.2842295819646248 13.67665368125367 1.5883422830610103 5.716087650557803 7.1336881718359395 2.8715028751741354 5.714661921387821 10.940789546983822 5.8022794311349974 4.3143753730818535 14.339990985789568 13.290683320558031 12.884983032039035 13.939147683276657 10.584920587019404 3.6422501392316007 11.739659189793715 8.645267007784742 14.133685320637026 12.57850958310062 3.4351418072691953 9.790929809898241 14.4405748264282 7.974212073098819 3.181897215575229 7.916191426479801 14.201099391649715 7.202545077349975 2.1913997154649376 14.0346054692021 8.451076005827082 6.384990776058766 14.172550244240695 2.510943790470057 6.629458095420555 2.4146302697021924 13.158667378617997 13.082482425060673 4.741370049351836 11.90103358922594 2.017448235136394 5.911167039220235 1.432467332810244 10.562547538749808 10.150649939544348 1.209496503858885 1.8914358569644463 14.566333199281086 14.849538490505521 13.905663033261659 12.779983040519351 12.567854844521037 8.531476366321453 6.7394735132450565 13.933129310752555 4.907167138253002 14.55544691777846 5.714967420264728 2.7005855848991414 10.650361835810688 10.203907823338032 8.189263232638632 11.365334340894991 12.458269489460289 1.3833366198118544 8.138582295344197 9.456801927152336 9.22478984880113 11.904044209115284 7.436015235592357 7.920216956590174 9.898568565552589];
euros_km_B=[7.30492020773948 10.07026911098533 7.6031604580202305 25.325142847225074 14.440371733945577 15.514964177750674 25.703529334175723 12.966406932829717 26.86713855773292 13.542746045347732 2.2187366488716393 10.113948851878641 4.663622366111055 25.769817602358525 3.494430618019164 13.13953913671723 9.758780183314252 27.893569282770354 9.883120109606539 27.39027666900932 2.9006129064981856 11.224998527530762 21.910584477687195 26.221503924832938 12.478344628592714 8.712965050049615 24.514765119891344 26.445152206687926 23.738821754081716 14.913050757322372 15.682361427516167 10.151933699248398 7.206219929319561 7.367804219606807 10.10906135473705 7.437692973914258 8.422891052883045 5.004418522126583 6.276671416010179 18.143646416623355 24.104816798423037 16.169459238557437 23.734661556001566 11.286287473487864 6.018459997245707 8.386571971344125 9.720959640165065 29.641760288596053 5.213145812717304 16.418800999346217 17.283879014846292 17.597291547239077 12.565608573533982 16.56364092639241 13.583053229335963 14.138700935875606 13.499767150053655 4.825240493097619 6.119442514106238 13.869232010967986 28.562267346833384 12.893599894571969 26.850548514571067 14.252760427719833 23.306900500268846 19.570228066957952 25.88761626019007 12.802857849717613 11.074377894436546 13.37411780796326 16.53664519054184 19.494731595332397 6.436506267650039 26.03924824486129 20.886867929666664];


nDrivers=76;
max_D=[141 212 224 157 212 168 220 141 155 235 164 157 153 159 143 161 237 147 235 232 184 177 139 208 195 229 221 168 161 152 225 223 188 202 133 125 205 164 232 189 211 131 220 203 223 213 201 196 143 240 214 205 130 218 186 155 191 156 174 124 187 201 158 155 194 153 155 205 197 130 145 133 210 240 226 227];
        

nServices=78;
S_starting_time=[82 612 37 487 569 530 126 72 341 655 504 336 670 392 694 460 626 84 161 614 290 612 532 485 129 269 116 118 112 75 268 375 677 643 455 125 705 525 181 249 668 330 227 553 68 621 558 420 25 495 388 471 235 406 521 587 718 234 341 411 378 417 61 600 261 230 543 163 304 147 550 301 229 16 533 390 56 25];
duration_s_min=[108 83 78 76 76 103 75 110 63 83 96 66 90 67 106 73 64 62 117 90 67 77 90 103 99 100 86 75 100 78 64 89 93 107 92 70 85 61 109 78 63 92 115 102 74 114 88 119 110 64 98 94 119 95 76 78 114 84 102 85 92 65 107 103 103 103 94 95 68 87 92 109 85 89 90 69 103 81];
duration_s_km=[37 53 58 40 51 38 54 49 37 43 51 31 35 56 44 57 39 56 55 35 37 38 47 57 51 58 32 41 57 38 50 47 44 35 48 57 46 60 49 43 44 57 48 41 47 35 42 37 39 55 48 40 39 37 46 54 47 48 50 36 55 49 57 43 32 51 41 56 58 59 37 58 52 30 32 46 36 53];
num_passangers=[47 36 52 53 36 65 91 54 83 59 30 47 79 91 64 71 100 98 72 83 37 65 51 52 40 90 64 32 58 29 34 83 48 74 46 45 95 45 59 61 51 93 36 73 53 29 27 94 54 30 78 88 24 91 92 34 23 95 89 26 69 74 84 85 28 66 97 100 35 49 37 96 76 39 68 48 48 92];
BM=250;
CBM=0.500000;
CEM=0.800000;    