nBuses=76;
max_busses=75;
cap_B=[57 66 64 65 122 81 60 92 32 101 105 43 50 112 49 22 99 67 116 29 20 57 25 140 33 96 123 56 104 47 95 70 60 30 33 116 59 104 123 106 62 100 73 74 77 139 58 44 66 57 101 62 55 82 108 33 114 137 76 57 65 34 31 56 29 80 96 32 54 50 111 90 50 36 65 106];
euros_min_B=[2.8278054066887353 10.275226103048572 5.69889077605627 6.027777910698476 9.206704130688369 12.864918742934327 13.0061200697417 9.445041833693693 1.0839508337609358 6.878899146127179 1.241503597586821 13.32664041941451 13.729188788004667 6.014189531901413 4.2825192348230585 14.305394652136377 13.945564264989196 13.24963524472761 12.351787044444855 9.844365114378004 12.713340842661184 2.1166711232164426 5.8792700457433416 4.2576854366257315 8.538270677112598 12.723220960483944 14.8005125462249 13.057465934749846 14.384107257079378 11.264500578717671 7.669416086323887 6.755452875044417 12.078615770174457 10.883446447234405 7.051470872012234 4.543428865646914 5.588256585027638 5.654076265162504 5.341401473753408 10.479507648266337 3.118213126628987 8.797392275360906 2.0359420642893884 14.68067011932109 1.187286902990292 8.820640982267705 14.457842465426475 7.7029839441096355 3.1889699707181163 7.666385104883684 2.186795949415332 5.055290676455707 7.05923356115612 10.730807667438672 9.933554219223906 3.8893230889709183 10.345504590978182 1.0084500362967057 14.371669881932988 10.337291951839859 5.3355148532037155 5.046712659060896 7.61841596359719 3.1723782068728346 6.630391824513014 12.16126332226502 2.67921258988586 11.802763989979555 11.233666792878356 10.498542614598358 8.891569703606393 7.274703296146617 7.255244303160735 11.8818920366322 13.786149194998535 2.666005828946342];
euros_km_B=[16.77299269894997 3.063485985421737 15.762700835309278 29.14463858444212 17.65923037010972 2.122697009457429 13.317785739642142 18.85626635297306 18.849924620889226 11.037000912261606 9.702299808672462 13.136427134755968 26.72265460898305 24.56957315567294 26.166687514155633 9.250554661507174 21.628670626324457 18.053080814643717 21.545424966454163 21.440710456921405 21.597177261139066 17.46561488026236 8.04182994008547 7.791967505037741 2.0882998474812147 21.96930186132604 16.809750495873523 24.571049768632566 15.042525154674124 19.24357057275929 28.559415140882347 11.907480463036993 1.6918872103196443 24.627952803527254 1.6339633317923452 26.460024213936034 4.762225041886342 14.670291833270593 15.278454005043956 13.731054304486197 2.4061122701511777 15.872409149649899 29.173028721321103 21.585671060871043 25.20009008753384 11.142966315577002 16.207417013773785 3.511598958405238 23.827473550049383 15.51591807562573 28.61694985344501 11.95532313557263 4.297365521329569 2.874823607106071 1.767021829644348 24.251574990044848 29.647280693761378 3.4582955212903634 17.485363603405116 21.375018687225893 26.45201663708596 12.901234887596788 24.36189931669824 14.725034416212713 7.162888743966971 3.5026096270461307 3.7018337502499934 26.476119990372293 21.375737399549923 9.822718911294695 10.205352722718068 26.787474039593505 2.7605958605035807 6.6887153288722905 10.125092703848225 20.451100342660776];


nDrivers=75;
max_D=[137 194 185 156 196 232 184 183 136 129 223 226 224 227 174 183 210 158 154 124 238 129 180 131 177 159 208 148 178 142 228 214 144 145 179 211 183 158 206 219 188 182 182 194 188 143 151 153 126 212 146 197 172 226 128 198 145 149 173 212 129 191 124 178 219 232 124 240 203 141 212 234 223 165 143];
        

nServices=79;
S_starting_time=[490 581 616 72 674 383 474 540 334 473 401 82 142 388 348 96 574 83 583 533 290 192 671 37 305 372 695 504 481 690 545 491 484 601 440 431 526 303 112 60 314 219 710 118 377 421 188 378 184 191 114 287 713 620 426 61 60 371 536 714 331 371 249 501 179 79 460 619 199 288 108 222 85 195 566 517 667 511 300];
duration_s_min=[96 85 60 111 66 79 119 117 120 116 114 66 68 106 95 86 119 95 116 108 83 120 118 116 101 64 94 98 76 74 87 88 106 72 96 81 77 103 88 102 76 63 74 81 85 97 89 119 114 62 120 92 83 107 60 118 115 73 118 119 107 109 61 88 111 75 69 93 94 87 73 80 120 120 112 62 87 103 92];
duration_s_km=[36 46 34 50 33 58 55 53 57 46 47 36 32 51 56 36 54 60 45 45 30 36 46 55 47 49 41 55 57 45 35 55 42 59 50 42 44 52 57 33 52 51 32 42 33 39 60 32 40 38 33 38 33 45 58 40 60 49 44 44 35 47 45 58 39 59 43 52 33 42 41 38 31 59 59 60 31 50 49];
num_passangers=[40 24 26 48 59 47 97 45 49 76 44 42 68 55 49 25 66 78 69 43 85 23 32 83 83 88 43 39 77 54 64 80 85 100 62 51 33 87 76 43 86 39 24 82 38 61 51 33 35 67 74 46 59 37 91 93 80 65 54 58 32 88 54 22 38 43 77 85 89 69 48 30 81 38 86 64 46 61 77];
BM=250;
CBM=0.500000;
CEM=0.800000;    