nBuses=102;
max_busses=95;
cap_B=[65 140 34 98 64 130 83 56 80 30 61 23 44 40 98 28 122 100 84 66 93 84 121 21 67 36 33 35 50 126 75 94 115 38 47 115 86 97 98 29 116 75 22 104 129 24 118 96 122 102 121 58 109 123 20 48 55 86 52 43 73 136 140 55 87 82 31 128 138 97 137 74 130 42 69 129 41 98 98 34 48 48 91 129 30 66 105 115 67 133 74 88 55 136 60 67 82 27 28 57 36 138];
euros_min_B=[5.672298083559921 8.871456132759512 8.251785393278606 5.189266578928706 13.135561384236073 9.253271293593237 5.708778570787212 7.484356104912721 8.192046833659429 13.968201072213 13.440962303626666 12.486134805345106 4.666161035822974 13.22597730174489 2.7503991911340817 13.79660850854228 5.7398501136503475 8.967948935746461 8.06217045490848 13.8479902197253 10.806273143936107 5.539185246798156 13.390067373060912 12.830608728956367 2.169486701074822 12.047669235193586 7.940130415518876 13.567828349070814 3.888552963346899 3.286534676092298 12.443697485572361 14.576152824593429 6.961594248143623 11.287191837700403 10.940358331158684 7.705995929353429 8.929929580364485 3.1474396908770537 8.669663721821966 9.058765545591758 12.225965916356444 3.2888889727888255 1.0785474706118103 14.842292137545138 7.538599597196746 6.0293270483069135 1.2024098640699246 3.7580440239324724 13.610418766752069 14.469447570544087 9.88790583826451 10.985540990858668 7.077948095869321 3.449775190548116 2.7323855727433055 2.333999910829098 12.659849187326662 1.7634454191634266 9.150889330939282 1.2403394270137709 8.622150319967757 13.03252990844586 13.733075085273308 6.627722302636853 12.724095349550387 5.477641049349882 10.62064320858654 14.755276890483819 1.4299345853821597 12.66431952683188 10.70213693020385 8.897098138223505 9.903862675300285 2.8691880187585577 5.17546240310998 8.819448458044256 1.752448263883901 12.980373672053815 13.233274148460257 5.269424237890036 14.558356337841996 1.1246439877237766 12.064445987055773 5.731077878439812 14.586324821789141 7.520924045764497 14.438890027253642 10.05590582019334 11.780300896410123 9.569004961028268 11.375114044108624 13.379170316134068 2.254049999290338 9.985277541621395 6.968935675967238 2.617517445579778 3.115695218058659 7.309073965011192 14.773727622715214 3.9972814874142646 13.934565690759495 13.78645711359989];
euros_km_B=[7.414408189860997 9.442940669588573 10.456341568242228 13.791280930099628 12.894272191009211 9.151746477997989 22.919222005351248 3.641769404403278 27.628354233695475 8.806538680945618 11.035180713860221 26.517197494384714 7.919901113578296 21.806102137583007 2.9403893307801985 13.156918134566842 25.126703075420533 8.455838707363979 25.43253401885932 22.202468851530156 20.17393592939561 27.690121014627373 28.99811099774288 19.436672540452665 3.2573866546394536 16.19636412521188 25.132941486110845 9.14506625312978 11.205196826354495 9.52028530251417 11.79318537113127 3.352905433552979 1.2759472906770786 18.272349611960422 20.384325137440864 5.384742954869122 10.735202997279746 14.749042255047613 27.48486327915457 11.872197316065224 9.689340139444672 9.719954739962738 23.314939959792863 19.025374338018988 7.226670417254694 4.101869792081349 20.609395002747892 23.283959029887107 7.644754811973581 17.165343844927136 22.943899180456203 28.588738511211343 28.322815151067037 9.479262241830227 21.59180498137663 6.738075055408505 3.7861200120996044 17.798502793799283 10.345114659525498 16.738793494865337 7.141805735680913 25.080519103398508 28.53264303665963 25.691559374545943 25.469873837032765 21.469795245634437 11.88654784080055 9.698339326060543 23.88885161085202 4.627073204940482 9.364458282114127 13.783875290704813 23.119174056894476 17.198741242288776 25.79157403578209 17.951065760003573 16.951579788689727 18.733144940782708 7.131268769292871 24.537796876064593 9.752938004948618 25.810947511479373 10.001605169514491 11.68817652105493 29.119338108181672 5.878880695071365 25.594638813026943 7.801303483110804 11.9524559891381 10.691706695814625 13.991555889043138 12.891348793898384 3.2447925614882553 22.1876442370066 8.614753927020967 15.411026928758547 10.787359838130655 21.00923795537497 26.014371715278717 19.178300884291605 5.136132424512171 11.397676289882178];


nDrivers=104;
max_D=[216 151 169 167 121 212 166 165 218 134 181 201 227 161 158 141 122 230 235 147 239 202 158 232 205 170 229 138 211 125 211 160 173 214 180 201 228 215 237 223 129 174 202 227 174 130 221 186 229 147 211 171 204 164 149 124 155 240 140 130 155 212 187 159 223 163 198 239 139 196 154 168 219 141 177 185 218 129 165 132 195 162 180 190 183 129 226 227 168 187 236 138 190 215 191 212 194 123 211 183 195 175 136 132];
        

nServices=106;
S_starting_time=[698 608 270 83 383 187 84 169 14 225 393 227 571 125 400 645 617 475 370 143 439 62 377 170 35 496 690 289 345 463 446 14 423 263 483 11 565 554 161 532 161 60 477 240 650 479 185 317 202 130 584 369 697 411 128 53 88 9 662 97 52 6 90 499 127 26 161 278 590 223 570 440 351 667 249 294 575 99 437 620 475 639 147 26 554 299 25 164 684 199 563 377 460 408 108 441 170 452 181 621 32 247 622 520 135 53];
duration_s_min=[97 110 65 73 108 87 73 105 83 83 62 65 96 109 71 96 106 106 100 116 73 115 93 71 118 119 108 117 110 99 102 72 108 91 90 65 71 105 78 71 68 110 112 89 100 83 99 109 66 117 68 84 101 83 68 100 98 113 72 100 62 92 70 60 95 113 99 70 83 89 71 99 98 70 81 67 114 111 90 90 68 76 65 89 90 63 105 94 117 94 118 102 107 94 60 81 118 91 92 103 100 103 80 106 94 60];
duration_s_km=[34 42 44 34 43 56 54 51 30 42 53 38 57 60 46 42 60 36 46 32 45 55 57 37 45 47 31 34 60 56 50 59 43 32 33 56 36 51 45 50 32 59 60 30 48 54 46 36 32 51 56 56 35 37 42 42 36 31 58 35 42 43 50 48 40 43 51 56 56 35 37 58 41 46 31 43 39 32 33 48 38 38 47 45 51 57 33 58 40 33 49 45 59 30 57 42 46 39 33 52 41 43 47 31 50 54];
num_passangers=[71 89 70 45 52 50 31 81 24 67 34 25 69 47 30 59 100 68 77 65 67 22 57 68 37 100 68 82 42 91 47 28 88 27 83 63 88 94 50 57 70 54 85 45 78 58 94 97 23 39 61 88 46 71 42 87 55 44 45 21 59 75 63 30 35 57 26 67 20 77 88 40 40 62 92 58 85 43 90 80 77 69 63 34 83 79 73 56 93 91 56 20 68 33 23 94 24 38 91 91 58 97 100 83 57 61];
BM=250;
CBM=0.500000;
CEM=0.800000;    