nBuses=102;
max_busses=101;
cap_B=[57 140 61 135 82 38 126 133 62 123 40 135 110 73 97 111 81 38 82 68 53 108 72 74 49 91 31 70 56 128 132 102 136 100 45 54 34 111 106 133 95 44 37 127 66 124 54 134 112 60 60 95 22 52 36 111 67 109 70 79 125 48 128 135 39 76 68 123 28 29 139 135 50 70 67 60 71 132 21 94 87 91 28 114 104 57 135 47 118 59 71 103 89 38 50 41 87 23 61 97 99 32];
euros_min_B=[2.7448287201813746 5.524802286265314 9.590228033541562 13.094832541008387 3.1927344618110767 1.577317864336934 13.45215219762535 7.937857825796936 14.433344743029782 10.232264904387886 6.14140477405356 9.356357814543868 1.2159194236967732 5.75216930594884 4.4257216519987725 13.004367635490109 14.586870461979835 3.2554114788409794 7.0444715321783296 7.931449424758256 13.256005789199513 7.690683356565964 5.1862631072203875 10.637672397162655 14.370899322515136 10.995960694866472 5.708380749320162 14.1660905879267 3.0707556903034323 2.9875824499827637 3.10003672097557 11.296916399902088 13.269978656469767 7.987401863224022 14.818151808655546 13.750051538658974 3.8995513109081754 6.592703513556246 1.832144874912196 9.085446753290679 14.701685108686881 9.284575845488064 10.173848863553935 10.87338300831076 5.843419238100667 4.066572802422984 12.289721128203889 6.957507104903545 9.316304273990212 3.3192425605910323 1.331741176932829 12.28509823876372 6.016340109242274 4.892339526508531 6.137777822159525 2.845768562495925 6.023235227533389 12.173176608311762 3.410252364674149 12.665556607850863 12.564112374228866 7.3181973969980945 12.861775268402251 12.02445874052877 12.844635870312342 6.8390592857290065 8.406619478116937 9.250508313954505 12.478864654909058 8.716283498172608 10.365944710115802 5.884639144908369 4.662181471060119 4.644520574398147 10.97677224978891 6.766762267962533 8.611949573693733 2.8904999463018552 10.806422657945706 2.7182039564608567 3.304165273248934 4.7784514687791875 8.866662298777158 6.589594649468542 7.916321686376249 10.570684984230724 4.167088469699683 10.360873541732753 12.632585279311272 11.98254621834637 5.967157397256532 9.868414902746322 6.2570356914540195 2.0511844554978724 11.913984908472624 8.812954977291124 3.060558918412361 8.507620185768868 3.071307906921752 11.69007297353428 13.788489026641367 9.292268842650165];
euros_km_B=[16.013526938603917 22.976604609752403 19.424773827967012 22.750164120323817 27.345423595533696 18.141145414000164 25.27925378641272 27.15992496343412 24.136917219624365 15.089764081830038 27.20618520325505 21.79262336840713 20.557814188660064 1.5228751843656485 20.786022243188214 2.132325125915047 4.436104447529914 24.274209408995983 24.10657069674383 19.92299515234736 6.0833427315443185 1.5925931586229662 1.5471284227477313 17.677562171077348 10.427967063180455 10.788757496457979 12.814441504217568 12.913388176010583 8.908879566181731 28.565318394442478 5.1193522550916395 8.765197201922286 29.014114541201973 5.736300201151451 28.637441405773853 1.2804188902549845 8.068983612207651 19.264535706636117 27.98382485735458 10.807807827033223 8.251413629532657 6.388188643672367 13.333171265664006 9.928183577353698 7.665811776923826 20.68548990058058 12.194866085751466 13.802029561291885 28.48638503822273 23.769265017082187 17.997029928016495 11.991263642544943 3.591071293914923 18.304760717027637 10.117807569856236 24.558369325522076 19.79035314883446 14.392226486130012 22.527447513015037 15.463456910573827 1.2204067760127228 18.72984968558504 22.34841283961836 29.06107810375448 13.591278658012058 17.757441102713212 13.754359749755292 27.09727634592722 26.804845455039086 16.497776724679273 7.723687188302755 18.76386351857519 7.194584980633746 16.799544460419494 20.507051782911375 18.180670318944735 23.98419349340258 2.18133238559662 13.320663179130495 18.044208871203324 10.104168416551161 18.456075861636467 15.869402861938395 28.255187257148883 26.783732089633936 6.235353071709104 10.368519233307817 20.766214865260675 26.329668998970675 29.151233078683756 29.388657314443464 15.415435896250356 10.634463710932845 21.821775908038607 2.85316153974398 6.856409412172017 14.390155929759626 23.303121472911116 19.84457702827345 25.246197715119866 8.154341644887428 2.820153309498944];


nDrivers=105;
max_D=[181 211 219 155 138 173 186 153 173 211 168 172 141 120 155 165 146 237 231 132 159 142 184 231 178 169 211 198 195 158 209 157 125 138 230 140 156 236 240 143 214 158 146 162 160 175 138 233 134 205 232 145 235 237 150 125 124 140 238 196 221 180 134 150 200 190 154 129 224 151 150 152 209 230 168 217 193 125 214 143 169 209 228 192 170 134 145 133 160 170 207 239 149 167 148 152 122 220 188 168 205 166 240 171 185];
        

nServices=109;
S_starting_time=[419 22 348 338 325 228 704 515 149 497 282 608 575 90 76 484 534 25 456 330 501 427 199 500 286 463 433 621 394 720 481 125 434 579 76 44 660 34 246 117 16 161 417 501 270 341 74 535 656 357 97 41 705 689 551 206 510 186 143 348 74 694 573 426 215 703 452 591 94 103 241 64 309 696 622 202 690 330 625 625 634 530 338 607 491 46 25 461 25 404 594 679 358 414 237 414 186 132 455 464 598 307 63 494 2 386 54 177 331];
duration_s_min=[97 81 68 64 99 107 98 75 76 84 99 110 94 83 89 76 87 75 63 63 116 76 98 75 75 67 118 108 96 92 120 116 76 104 71 117 100 69 76 95 76 117 63 89 120 80 66 60 73 100 90 80 97 107 102 107 65 120 81 60 72 88 105 93 82 84 101 73 69 89 60 65 76 75 119 105 83 72 104 70 95 98 85 71 118 75 61 67 62 81 68 63 120 72 100 120 86 76 68 75 119 71 120 112 76 65 93 92 82];
duration_s_km=[54 43 33 54 38 36 45 49 55 33 34 33 50 38 38 30 45 52 49 33 45 43 46 40 57 47 56 46 42 48 47 39 57 35 38 35 32 39 44 46 41 50 59 30 49 45 44 47 46 48 33 50 34 37 49 40 51 50 53 39 39 45 30 35 40 43 49 44 48 58 54 34 39 51 31 32 52 50 41 52 38 55 41 53 44 56 50 43 45 54 51 59 58 42 40 45 45 59 54 58 45 56 41 45 56 30 56 40 42];
num_passangers=[79 85 100 74 96 56 58 57 32 34 75 87 58 56 68 40 75 34 21 75 48 63 22 59 20 24 54 24 78 29 78 35 33 93 81 92 60 39 73 79 91 93 54 100 84 52 61 75 23 37 36 65 61 51 66 53 64 65 51 29 36 93 41 51 49 24 96 51 31 24 94 78 49 98 38 34 51 60 61 67 58 20 22 98 77 56 51 71 37 45 88 78 36 49 92 49 49 32 69 36 25 40 71 37 48 89 51 78 53];
BM=250;
CBM=0.500000;
CEM=0.800000;    