nBuses=117;
max_busses=117;
cap_B=[124 108 122 107 91 101 104 62 85 60 98 82 128 120 102 129 37 107 97 50 126 66 95 63 44 51 42 89 63 74 118 44 101 36 123 65 111 95 59 69 80 23 53 132 108 32 108 72 29 65 110 140 34 127 32 136 135 33 67 38 126 125 45 85 102 109 111 122 47 35 55 129 21 48 128 107 117 136 136 114 44 99 91 103 135 73 102 47 53 22 32 122 52 90 47 109 98 87 118 111 58 102 91 48 133 105 109 120 121 97 59 56 27 121 69 113 121];
euros_min_B=[4.564427465082776 9.541018937115966 10.396837306722801 13.850465443298948 3.6423487290343046 4.2407455080011225 1.4599127950026733 8.288128155225174 2.1301886566194392 7.347499647656875 8.478256877268272 9.483902919391205 7.307995154989871 4.4943494351273365 6.719719709268238 9.786246679975791 14.988695590739987 11.825389028750067 3.203892789552121 3.8367844516204626 6.954591679110047 4.260619120197462 8.332607831304598 2.7909542681004735 14.806992211660427 4.397566860680314 4.297243455184157 10.961454322626015 9.742744763787423 11.748857202763608 5.590216014650356 12.311200403095363 14.750688349775896 11.873520560580337 11.847606625780848 13.177649961133339 5.425345980497971 13.062708714469453 1.3871740114903115 10.19149857107497 3.6015115581698316 10.995426059083712 6.323909884467415 3.134093936101418 13.966216612179224 13.947237696468884 3.8998414813927216 11.660231469298347 7.991400670754867 7.3268279070285125 5.885684829989865 3.8292438763473795 2.9626915321040332 12.08119206221496 13.102708267556963 1.0069550701291656 10.093570219757261 12.737991817404092 9.318182646075723 1.3304839329604805 4.431135154837741 3.0774198930075305 1.273877766113207 8.694341220999515 6.023910525207079 14.663754506665702 4.027215131909877 9.001122996392823 3.7028655663639363 11.079697325080204 6.352979794171839 1.9743409635960179 11.078231165990996 9.657141001006904 12.411713105394654 14.223879930026326 1.5163561281870304 2.0229722221207656 13.507096780873987 5.567496692410382 14.378590576971902 7.38867745973117 7.919583224637392 11.947771758232907 12.331319317643613 9.155164736660042 4.944086365451698 4.287600013552553 3.167132948113621 2.5168106514616335 11.083381157019256 11.400981422868925 4.283472367166278 6.313350576027396 13.529634335393823 3.614464093284301 9.515056012581171 3.8122080577429145 5.866572908091688 9.021464913365419 3.4705630301897843 4.8292870620960615 10.24552893843958 10.925401047182847 5.412273615301078 6.9749660529801805 1.783643111309059 10.992555702019398 14.767415589506307 14.491863763221911 7.5176332908416335 11.726677799419575 5.182962236045946 8.288705249378168 7.883084839657506 4.553196758430151 2.7515541763353655];
euros_km_B=[16.395376548293285 11.13824647383618 19.113381667700665 26.510374401662723 10.493240146045874 20.55162476080949 23.079412246232685 7.350934707182999 2.2383598144879895 18.307168769137743 19.541861442380714 5.634994658346264 5.328623853274894 3.5839631461710146 11.773776009081244 26.550309802319454 3.431194933908871 27.551691129955493 23.274510822357247 3.971418196900591 3.0690370138152527 28.61543975736603 5.834194118171217 8.326659100113822 20.4385010486199 6.221852931019957 22.106293464973024 13.257517492166306 3.164810803030189 15.86597038011664 3.017424628724256 18.17005560742015 25.88607245656274 27.3288436854711 24.747224825590454 11.188397596595678 28.115349322749417 7.953894448896674 15.015125766256032 2.907292235564453 13.259863534960235 23.43342471161284 10.36718745322453 23.762722638829285 25.086576256289703 24.49502360318885 26.098118957078402 18.37827372027096 7.141639382000411 28.427388692567863 11.912660130861632 20.505173503942693 22.988390166173563 22.668870565564912 26.195747338846477 20.011256519869484 6.379675187097623 10.519055066409273 23.2590547843636 8.99726520401143 4.514279933162372 20.63663680080903 11.57981106717519 15.892777484582513 6.560529758492672 1.4111397953458662 14.997960511333154 14.987331764512902 7.090885481523456 29.224215598032234 2.721700959459731 18.425604310144138 23.675644136144808 3.6713196538212927 15.875566838152068 24.205248208361535 4.937885765967047 21.24526751131807 19.528675846546722 18.804670579647233 15.868645064080258 12.614811410391898 27.438348365358543 20.69986097630001 1.9498309510100118 23.351071456751153 15.104775972106504 14.478112707213578 1.7260485426178547 27.652646946286474 1.5603448183530872 24.220922700697034 4.972123859655033 25.49461349104367 18.651560836713497 28.32056550272598 22.446949447604734 10.46725254455307 24.422879632288634 12.450423477782588 20.240767406950916 12.39232273764701 12.620454364675311 5.473790099446038 4.586850336271537 10.524858054740807 4.5097550094134 28.07987739587704 25.95506607572908 27.958157571568183 22.431389318042374 2.026631275124981 23.064522824464095 17.809495348880347 25.29720124945348 7.613711192281185 25.48511139440309];


nDrivers=120;
max_D=[227 138 160 227 143 162 125 235 121 196 129 188 240 183 226 158 191 196 171 132 226 184 177 170 240 189 221 234 220 190 221 200 133 230 128 231 148 130 147 128 153 193 222 125 196 211 222 163 149 204 149 130 160 171 142 222 183 228 179 187 185 127 170 122 184 151 212 152 140 164 192 153 135 219 172 153 170 216 144 135 237 122 136 218 217 184 150 222 146 164 160 133 224 231 155 200 139 203 135 179 215 147 179 240 188 216 181 226 206 191 137 168 171 236 236 163 124 127 233 173];
        

nServices=123;
S_starting_time=[499 486 305 328 240 333 245 476 532 250 127 562 348 281 327 314 27 121 197 403 256 551 675 99 456 25 376 346 313 492 101 389 593 307 213 390 280 257 559 178 713 56 577 472 641 96 175 302 635 534 30 345 327 456 105 180 645 687 576 383 397 653 464 227 680 449 0 354 607 314 663 475 99 331 483 109 155 183 683 19 53 525 655 351 33 624 56 572 363 133 151 684 468 103 445 505 653 488 106 226 620 519 574 231 167 693 71 2 518 189 449 303 159 356 520 95 312 71 156 594 378 216 536];
duration_s_min=[81 89 96 68 108 101 90 70 76 92 65 113 62 60 90 117 113 109 61 87 92 86 86 82 72 113 90 77 103 68 82 68 119 77 108 89 60 71 106 70 113 118 83 80 106 69 105 99 109 88 111 89 106 106 101 104 81 67 115 111 107 100 107 72 108 119 120 85 80 104 80 67 68 80 67 84 69 105 84 77 95 93 117 117 88 115 64 100 76 103 91 113 102 67 118 74 105 88 113 69 90 65 93 117 107 81 107 108 68 97 105 113 77 84 66 67 90 87 74 94 86 74 70];
duration_s_km=[39 59 50 55 47 37 49 39 37 46 52 43 48 54 41 37 39 39 43 53 37 43 60 54 58 43 31 56 60 49 34 55 44 35 51 33 60 57 30 40 57 32 55 60 41 54 60 33 44 41 58 54 46 40 33 43 35 38 34 30 31 50 41 37 39 37 37 51 52 53 50 42 60 39 36 57 30 41 57 56 52 49 53 40 42 50 38 42 44 30 37 32 34 49 32 50 37 60 49 51 59 57 33 51 36 60 32 59 56 52 55 59 35 56 41 57 36 49 50 55 48 40 45];
num_passangers=[45 54 59 48 85 46 34 89 76 37 29 71 86 67 69 81 98 79 89 63 63 30 77 81 71 68 58 41 97 83 99 90 72 32 39 31 43 23 25 61 51 96 64 58 99 47 64 33 82 79 96 96 56 75 91 66 81 90 47 93 73 53 86 59 83 87 48 27 48 43 70 42 98 22 58 56 44 91 43 52 76 34 95 54 24 60 66 40 41 89 72 87 62 90 51 52 36 35 67 65 87 41 97 61 91 29 47 35 89 67 100 68 58 91 39 86 40 98 73 96 92 70 22];
BM=250;
CBM=0.500000;
CEM=0.800000;    