nBuses=121;
max_busses=124;
cap_B=[96 138 118 139 27 106 79 59 103 92 128 21 45 63 47 79 31 20 101 24 76 122 49 54 104 78 103 110 88 111 104 58 127 132 95 20 71 102 60 104 96 80 107 31 108 68 108 135 77 68 51 46 62 74 29 29 51 47 79 58 115 80 132 127 79 24 28 132 132 44 32 90 64 51 27 59 111 34 136 53 117 123 136 27 77 138 94 91 30 62 51 96 36 69 88 25 136 102 139 20 78 59 115 57 71 22 37 140 113 30 106 38 28 60 137 32 29 92 49 91 26];
euros_min_B=[2.0234726062896966 14.917312979704082 9.557206381614844 9.439899711416077 1.987667609382267 2.5171966382412583 9.648548220667948 13.684133843770784 8.39783768796774 7.24942613514815 14.077541715530801 9.14457405516357 5.315810624263454 5.961934617168444 3.6190536566648364 14.574127379237373 14.286825492146777 5.904824377933403 3.903530882348303 3.8188926731875283 7.856504035439683 4.836095571716355 11.801001504058297 12.802665339663292 13.626814090146251 10.349770620079148 4.355140680859144 13.066361831077392 8.59293316423422 9.877878747908387 4.089651777099164 13.876977796151046 7.965880919040452 5.806713372605746 10.073523574647897 14.400764709489522 12.396914292560814 12.206844040157192 9.95330061470482 6.94179805762542 14.717515616650813 11.384303576847897 3.8827791399846086 14.366144605609334 4.65781636681545 3.917715183210859 13.84881107152146 1.0677094625840724 2.65448764481563 4.500676846196122 3.8020478229258634 4.023254985452023 12.04242360359852 2.2489368333412445 2.7550955035916487 13.093727988109318 6.096848962566683 14.791651874343785 1.0726242383903066 9.274174609892146 13.980163709780829 1.3657873170402925 1.6114604095242373 4.909283804541992 1.4812898909332917 1.2523338372833934 10.780576222866053 4.737322011851209 10.560714125201624 7.3926191030179655 1.2339283476642833 12.43171037398326 7.903290185012057 12.178801324847583 11.531287787785681 11.381652450324252 13.498505820929843 7.5626792138609185 1.385792227676086 3.966190136485565 9.951593914590708 14.979438526270274 9.836805216856757 3.202854748092977 11.64884936334811 4.000449184959825 2.4093369290040236 4.184035264922628 9.839836968344256 5.143527615979197 6.986245597754875 4.759807203659237 14.327358866607316 4.957815045754865 10.738973052568772 2.8581168595311115 1.8819974315174985 4.169291999753856 13.976029107803242 3.8998115769982187 1.094295419444307 5.594161959980916 4.949953516158183 13.447354693415326 3.0667721791771054 10.587759940759241 6.133899253213648 10.707461637648093 10.794108352871712 7.054176991822862 11.202509163487335 3.1974369228467974 3.774604094073238 7.213794240687797 8.93501527762985 13.536690248218983 2.902765716477032 7.515841895566638 3.9169505780936045 13.171255455818997 14.568529775538542];
euros_km_B=[16.529597558652043 25.402182422062474 29.471848372648058 22.21790331959749 2.4563330875403206 28.834265146466937 26.6244284043796 9.684385697902647 4.502619209288485 28.529829322057175 9.931026105611146 22.004506657713396 12.154008865351194 6.388443870033365 1.2971885098782736 20.804513953790448 20.78847487533122 22.201286953564612 27.16971731563308 14.738086837075725 6.201815882167975 29.41311265238057 1.1808252819483682 21.235049382527425 17.3302703744479 26.659977740776977 14.431359465395643 2.732333649807593 12.055515197590825 18.819755386628344 14.326123096140034 2.235087796730675 22.286245863999728 22.20818451604787 29.62350183146102 12.34987439102946 13.234170789691804 3.117029576379545 5.176048535449139 4.972155389739879 7.771076093488977 12.154093827252966 24.993493990789414 8.946901627401429 18.655684443510253 7.864029968632928 27.22262924638897 11.05598848946451 22.450357711965395 21.36069494995521 24.010762538235486 10.407796874625415 25.13946412810656 10.91944393450264 16.389462286687245 20.572160988882356 21.846762182577873 16.729544135371476 19.357535080521583 12.75529490810884 2.4012063401713344 25.240407569880013 29.171862510319706 8.77189923826618 27.84126914621857 28.353894147087605 26.831663422047413 19.590396964795048 5.971378743627464 15.846363962815934 14.250565657117058 10.40647923032452 16.02984438358825 2.621396952166944 17.46861977009794 28.81064319397684 17.80939939793366 7.627566477961091 27.586718528351632 9.040156928143317 14.956816315618346 3.6527436897865537 21.478290127593898 16.69646205200103 26.578319098481177 24.86678232352782 25.791544852074146 15.669810744700763 11.266822788436173 18.35310711072673 14.651414828318986 18.505946413120167 8.118098408084471 29.46311594210137 7.324148687755947 5.531753411488803 25.210047922350935 26.20393617954827 27.030445891918777 20.227261365645532 1.8707217261928384 13.652003645205486 4.303666016423952 23.392362098944893 7.3377097023967 19.694864155922936 19.868385436153908 5.325526825620751 3.5856342357259834 21.357182160994697 21.15417986722448 10.331356796820192 25.605148484597255 22.947674343254857 20.44646556275609 23.79654766479956 4.829484890850377 25.290644170949857 4.933360346488742 14.17711042398675 24.43867033654853];


nDrivers=127;
max_D=[164 124 132 210 222 221 221 167 136 194 229 213 144 169 128 194 165 235 142 171 239 171 151 214 231 147 229 169 198 198 181 213 167 185 224 167 184 212 188 138 156 236 131 121 132 128 174 180 167 174 235 225 141 177 206 128 167 204 122 223 179 180 131 164 123 134 194 208 233 175 230 209 199 148 194 214 216 143 121 230 159 128 129 206 158 132 164 144 120 226 213 139 151 165 206 196 175 143 159 176 208 160 170 240 171 185 216 238 217 145 156 164 161 225 146 216 148 160 239 192 221 126 124 122 197 154 191];
        

nServices=128;
S_starting_time=[558 491 109 393 606 522 232 660 450 570 574 415 437 220 355 179 671 311 667 630 244 568 400 480 677 488 232 337 588 545 230 392 652 431 174 363 146 485 271 226 328 648 255 246 447 197 403 538 451 65 281 670 324 138 621 418 131 417 634 53 281 307 463 612 184 71 238 44 373 557 547 184 22 611 223 420 255 73 665 538 669 506 356 211 286 285 146 136 231 88 340 44 673 436 561 562 26 620 232 376 321 191 289 691 75 145 155 567 6 41 82 399 218 322 172 498 112 712 320 392 80 616 498 502 235 152 207 311];
duration_s_min=[98 99 81 71 115 96 61 65 78 69 76 90 119 79 114 78 112 93 85 87 98 66 117 100 109 67 93 104 89 99 103 101 77 63 93 70 103 101 64 77 79 85 120 98 104 72 113 115 110 85 78 84 96 69 103 72 88 111 65 68 93 86 89 68 61 63 99 116 105 92 100 120 94 110 110 102 116 102 80 110 81 85 91 115 80 102 76 99 95 106 80 78 87 73 98 95 63 64 102 61 79 77 66 109 89 117 99 99 74 89 98 73 76 92 67 88 105 107 115 104 100 84 117 77 120 92 66 107];
duration_s_km=[50 50 31 34 41 33 55 30 37 32 57 42 57 42 60 36 36 36 54 58 41 32 54 34 54 55 60 59 32 43 40 42 57 32 50 42 57 52 46 37 42 36 53 51 44 41 50 47 54 35 36 35 32 39 59 45 59 33 59 42 60 46 53 52 58 43 54 40 53 30 30 32 58 38 40 43 44 36 42 43 32 47 38 41 49 34 32 52 40 43 37 45 47 38 49 52 35 43 48 35 51 58 52 56 40 57 54 44 41 43 46 43 59 52 41 48 60 45 30 48 41 60 50 39 56 43 51 39];
num_passangers=[57 38 52 62 84 62 23 65 34 38 20 51 78 88 88 60 97 62 60 98 70 60 34 33 33 41 83 22 55 32 23 47 56 21 99 78 87 87 27 45 33 37 52 26 46 25 36 36 50 99 70 38 63 94 46 25 98 55 23 81 33 24 100 97 41 73 68 57 73 68 76 93 73 72 38 81 83 22 84 29 76 31 48 92 85 66 42 36 80 30 64 69 21 58 75 72 40 36 84 57 78 24 90 54 99 40 30 74 40 90 82 93 90 24 29 97 89 69 51 68 61 32 22 59 74 63 71 60];
BM=250;
CBM=0.500000;
CEM=0.800000;    