nBuses=111;
max_busses=113;
cap_B=[37 36 125 138 77 94 111 124 73 41 117 95 40 94 52 84 69 81 74 63 130 101 111 102 81 29 137 109 114 71 62 134 38 117 42 60 96 48 21 125 72 20 64 57 84 117 70 118 68 113 132 111 72 112 87 24 112 29 108 24 24 100 123 38 40 64 94 79 124 133 41 63 130 59 94 87 75 115 123 110 121 109 128 39 33 133 70 92 125 99 95 131 91 124 104 20 117 135 122 49 85 121 82 44 65 130 25 52 123 89 100];
euros_min_B=[3.8124608495561727 6.948274795801272 10.368237625647355 4.01045795740043 8.932010810171903 11.016476972756553 9.963875743034592 11.827707505434994 12.770137171498616 9.255365374557238 6.207042732773148 4.584423965348849 10.643366995419619 4.508537022968184 5.433174843343558 7.5666345691975865 6.096222391617019 6.097465183654499 4.615526760381343 7.674731247171251 7.934700765240416 5.826283272078635 13.171890977788392 1.572593497458653 9.633349537198864 9.96235912429656 5.650493706190215 10.360777812726962 13.259887667607634 5.73770025031687 2.0651299403740677 10.15324359631633 7.934401190759996 9.72165319078908 10.27573598119279 7.360518374404379 2.484536538908732 7.972314469355162 8.634436833760386 5.929229921207765 14.167632088677767 5.1657347934706905 14.957656834550072 10.450217686783624 14.921067690465998 13.443662993844896 1.1945874104560612 14.333419513580253 12.743309982329023 14.367813517545839 5.605561273997556 5.341255423172197 2.3085457582705358 8.739803746466762 14.974501204666952 13.631544869642486 1.86966483847023 9.861617070320321 12.712540483922194 5.895257658525401 8.68304971313728 3.7008183846149727 5.833740059534799 6.841616501328279 8.247980313770594 5.736523729354309 1.4837228797847168 6.351086990514211 4.6205926458181175 1.3480141311654947 10.075446479767189 8.934247628972905 10.045961557225185 3.1678398915889376 13.430470642789837 9.196082888713654 9.345909047106895 11.583601610643782 3.6674711770343085 5.76432613745056 1.28257091139738 5.979844034243089 1.9883188043262128 8.585768280413635 1.6940039566269123 8.810168128662838 10.49403566025718 4.225821567874967 12.718537848911446 13.329597867076215 1.8755989586370223 14.23627330085573 6.04980850838571 14.766548416860385 12.107830611250904 5.486469322106287 3.517189655998185 11.972935989580032 1.7585140591813695 6.630865716134059 7.8062315015395285 6.05969037507815 14.109015861624428 10.15087816126949 10.3389645747818 10.021076357476153 5.567110145020917 9.485716982384137 12.749091467980579 1.8280888064801082 14.579708447042627];
euros_km_B=[21.508082022071406 12.914417278161316 28.091339490771226 17.731420608902745 23.161003116903288 7.262057319198635 12.426802415730945 6.126117336603705 12.460924189015355 8.51750190264798 26.564317287704924 16.899135757939018 29.262132251475617 3.801059932150893 24.905371174070222 12.31561653240437 12.947084328896661 29.112925616011815 13.971795510212427 13.510397363767725 7.898954175540192 2.1775960081877286 24.036560885023977 15.163486036607715 21.379607742520303 14.155448667039671 22.41807637826522 28.325059169839527 23.93260111153009 5.27817225345307 6.040457992880689 29.659119870428107 13.119472898598898 14.113793376823175 17.667500975769116 24.12599061082679 5.932512586871631 24.457097769973377 3.5319919689318784 8.64257985537528 5.507495665633012 27.13879242990464 10.21825463687933 28.409929801074583 27.613347678855906 24.450435783747945 7.956776000298886 26.069413648817672 13.3030424154279 21.655993093504595 18.20682449767036 17.61474875753286 19.949905250680363 17.702724994296425 16.555496814315244 23.68960065008446 29.48038484648303 19.978984263403564 17.672579341420715 12.571187442683781 16.10666979639724 11.004070567131954 8.191585616610645 24.15953143718737 26.551828854188297 26.973616293400536 10.36920470223009 26.48501137391258 21.863560717248884 15.991754684367175 8.661333221588864 10.594926943250725 26.452989704564832 19.905035979620067 21.253231892279736 21.469442903948025 27.43550940547502 27.050436160726 19.365774261886585 28.180945140853847 13.133065982370136 29.103577018414043 28.05112619609895 23.56327143981356 26.207131594202647 23.25929978032668 26.449368944079986 26.093879681479674 5.971101233485111 18.905188786223295 6.099433864826957 8.388594274561168 27.08831907071757 23.17727168726507 28.956059873372514 4.27686588568794 15.061498709698165 9.050889470092818 15.090190049111479 16.564974761549934 8.478260027266634 19.845492172021583 26.536019220580922 24.25212116975127 15.173475135733236 6.561469854926544 13.487979379680286 6.311657578240785 29.331884449476238 23.361973513858622 14.851942878950767];


nDrivers=113;
max_D=[126 138 234 229 234 147 236 172 207 122 160 240 218 129 212 153 138 134 208 210 146 223 228 175 231 170 122 148 180 176 232 206 129 198 199 185 209 227 203 199 147 214 207 151 132 168 178 129 163 139 186 154 165 124 125 165 146 171 191 159 225 163 231 137 206 162 225 147 185 234 223 195 141 236 142 188 214 237 187 222 188 208 185 240 170 154 225 219 173 150 128 220 196 173 209 192 131 171 237 175 195 120 151 142 166 138 239 142 147 232 232 220 232];
        

nServices=114;
S_starting_time=[622 365 389 711 30 102 1 570 708 432 10 188 249 254 6 66 649 418 116 373 613 492 267 140 570 404 614 393 5 343 707 426 248 492 353 716 372 336 584 657 435 152 32 489 153 86 184 410 166 319 583 709 652 332 449 71 2 625 246 137 340 72 277 205 616 157 274 430 145 144 46 82 160 230 242 458 542 472 151 267 24 603 425 138 545 86 50 536 187 254 168 131 187 562 673 212 371 114 121 67 300 232 248 92 242 238 74 630 460 531 366 346 59 242];
duration_s_min=[94 72 82 94 63 97 119 119 120 105 108 97 104 84 114 113 67 65 119 103 70 84 107 94 77 111 102 93 62 80 61 75 93 91 82 67 61 61 105 67 114 64 113 95 118 92 89 84 95 116 92 86 95 77 80 105 84 75 119 116 72 112 105 84 64 60 112 83 80 105 71 105 73 119 72 117 75 108 119 109 120 101 101 75 104 63 90 81 111 73 106 111 66 110 86 116 86 69 64 79 106 119 77 102 105 102 96 115 96 86 120 63 94 107];
duration_s_km=[47 51 33 38 48 37 30 52 58 31 57 48 37 54 41 43 52 58 42 42 34 42 41 60 39 60 54 31 38 46 41 31 35 30 40 40 33 57 38 42 48 37 60 58 52 30 53 32 45 41 41 51 33 52 59 33 42 47 60 35 59 60 31 50 57 56 59 46 52 44 52 31 31 30 35 55 48 34 33 39 31 59 35 39 52 33 44 60 30 50 45 32 39 58 32 55 50 49 32 47 54 46 30 58 46 41 46 56 30 59 53 35 43 48];
num_passangers=[72 52 84 28 22 99 92 44 39 29 100 61 66 69 45 44 36 79 20 70 60 69 61 41 49 99 56 40 54 59 77 34 22 77 72 31 75 31 44 92 79 99 59 98 98 64 71 61 59 75 48 31 37 46 28 79 75 76 93 79 65 39 67 40 58 21 60 56 94 85 94 92 66 87 25 92 63 58 40 33 95 68 74 60 70 74 65 28 60 91 87 44 23 64 79 20 86 53 40 40 24 68 61 60 85 89 29 57 88 70 34 66 63 51];
BM=250;
CBM=0.500000;
CEM=0.800000;    