nBuses=116;
max_busses=108;
cap_B=[70 136 140 25 59 39 96 20 23 123 116 33 99 122 32 58 125 39 44 39 59 23 58 75 136 95 119 134 94 107 35 127 56 46 26 92 55 99 20 107 22 48 130 112 90 22 118 80 135 82 95 126 32 60 25 33 106 123 104 65 29 124 39 33 52 94 25 95 104 94 137 94 115 74 123 42 67 53 29 82 49 95 117 76 88 54 75 60 74 67 53 36 34 126 100 87 68 97 133 139 101 45 126 134 29 89 109 93 102 47 65 24 83 138 66 108];
euros_min_B=[6.446480427865188 2.2005909998385738 4.294757593250703 9.796513079756274 3.3316177830011036 12.447615654745311 6.905158131788051 13.895407119925917 2.212407621344295 6.1206882178357525 14.648612439641298 2.0531428726069674 3.7775728477610997 10.628193465677644 9.072418149990796 2.9325359992276026 12.924117840948409 14.456691958091074 1.0118182539418696 4.020610847051488 7.402913657092131 4.0506297824654025 2.5840215175073 12.104593568723867 7.257209350051973 7.4038449398353325 10.40465393363215 12.043481726459408 8.461932508241704 3.8997191896587604 10.003280189010402 11.09934627646242 9.009290279786127 12.275717100867066 14.004779472514775 2.1639499967429376 13.137956209790477 10.04813698492948 13.452519287732782 9.670529121541268 3.528312631204874 2.8826999717977646 6.89620028258238 14.522020272539217 7.885993985345979 7.940910298365545 11.307352969651973 5.547824541626952 13.900046073806957 11.7824126210287 13.032034371222766 9.183877429989593 12.975932258566075 10.611924715519104 12.683635158544536 12.254889765038152 14.01985748898001 12.653188746514754 12.227283985990146 8.376852653878458 5.55046703257111 4.94229811426504 9.029528512097833 2.6787640170450504 2.9336754132555507 14.472976137648137 8.93136501708725 13.102407755123117 10.534635701139113 5.391265101318622 1.6467977308551394 4.285145089547751 8.092972494729693 14.751115494246747 9.904962278571457 13.092102482238246 7.949940491589935 8.968987740220756 11.598997525111011 14.55980253929842 8.717280629150883 9.899997068730794 13.533885532980898 12.522660531005698 1.6826258310535436 9.981755622125405 6.161353757268154 6.170902976676733 9.758130453431946 8.191481812151904 2.655278918169865 9.102104775272569 13.155050884529889 13.723102003140554 14.132380628497318 4.46913542899885 8.668477583288652 1.3937944408827803 2.2845421193630626 3.39453923509455 10.001387163435261 13.970449048042065 7.0758382377173765 12.59119570442563 12.15611711017908 10.596717896260024 3.463849997181791 14.102725857750814 8.402764785901942 8.013432486022694 10.527654173340377 11.552695445968816 4.991852241926744 11.65132479243103 13.045479983984078 2.8558054573320657];
euros_km_B=[24.853795873514905 6.5514755272763425 20.179610364528173 25.964725413973163 21.321712155122164 19.918858763202437 14.552876499258625 25.802763309088704 7.272535895084849 5.917258219899833 1.5217276908596526 22.33414017003207 22.256960744542965 12.799108865701534 14.224942276210955 13.581554687478388 17.094574804446612 26.62350171534181 27.556299503170194 16.47939093191816 2.967241139049069 13.132304717086582 13.078372048936595 16.295288083262136 28.043287197215445 19.871396842331375 12.778248511127787 10.469717789503493 28.381254473398865 17.0990069427416 18.59325214185366 19.812940351972646 9.804108152587553 18.543087251059767 24.705833196516643 6.506588489427493 4.26881027836075 3.118694472885026 26.225491254798595 16.967049945539554 2.505652937328838 7.4290667702256155 12.077954534613951 10.894858777617308 17.867410207132966 15.134995015296328 13.990081025396858 4.616744656811159 22.57084798554835 17.301821580958315 13.343087215779908 19.812093813735963 11.006337535418472 8.220563092017931 12.791425265945634 13.601006551843177 14.595216592803704 5.806565962997941 16.615094762005402 6.241807027382114 17.47708140862705 19.92663291327871 26.213195729529417 13.493908149096201 26.045008711067542 21.87663134431301 20.526926162971034 6.771515098842903 23.376731702104184 7.83505452400394 20.19651389116504 14.520586992728152 15.649905490358098 20.217577985635224 29.40612942315266 11.345902938284524 1.502372703677183 20.725189632430805 19.681860046996338 11.377433336364346 8.068153405237505 26.20146878830587 14.632736313726898 15.921076122754252 20.1164903179125 2.2973794888030405 18.71307042435637 7.684080654738086 26.71556299917714 27.093456341579554 8.96122406752194 8.789813259379116 13.227294613062217 7.902691819354075 27.963762997807155 3.2295046488588994 21.615111210218657 27.261959777182053 20.013078573441128 14.86441579968961 5.828097642906843 21.911924749057313 24.206369080729594 24.483433664174786 18.39381147098896 23.24705374902373 4.304574619898293 7.542386365627143 18.92249064401803 3.215981476902253 12.683830067371318 9.949836192675058 2.5056732995320905 18.86073879331277 13.899960790667821 15.154475846678253];


nDrivers=118;
max_D=[179 218 190 157 185 154 215 162 207 183 136 222 235 164 213 139 238 198 173 158 224 234 207 186 195 149 144 228 218 228 220 174 214 181 149 239 220 236 179 163 142 203 209 193 210 173 209 234 154 143 218 238 195 181 193 216 130 181 130 210 202 225 229 189 196 210 146 143 238 238 195 231 197 232 216 159 126 182 154 198 213 223 232 218 207 212 184 196 236 159 229 175 199 167 239 190 134 220 138 158 234 122 152 162 226 213 232 183 158 136 217 130 200 188 231 221 201 146];
        

nServices=119;
S_starting_time=[657 320 53 125 181 420 14 572 227 558 509 691 690 336 634 152 522 220 209 622 196 8 617 374 113 538 134 544 507 222 715 118 461 686 390 59 59 469 98 471 68 486 583 669 102 43 271 261 470 465 657 269 583 302 254 30 8 195 378 243 295 278 1 557 405 72 11 259 211 546 684 178 429 611 168 194 352 529 379 110 129 573 399 204 182 612 414 718 560 585 365 636 81 549 649 28 238 636 643 268 54 681 81 301 310 279 620 217 50 607 228 281 32 667 443 343 143 517 578];
duration_s_min=[93 73 93 65 109 73 78 104 118 68 70 77 92 120 80 102 73 87 114 109 97 109 71 111 106 106 118 108 97 60 67 101 88 73 104 119 93 116 100 89 102 115 89 92 97 100 82 77 77 60 96 98 69 110 101 91 102 105 110 91 73 62 86 82 85 85 103 64 83 95 117 114 61 68 94 119 95 100 78 105 79 62 100 85 120 111 72 71 81 90 106 107 87 88 84 67 72 76 92 119 105 87 116 100 76 98 75 112 105 87 88 76 82 106 100 75 77 114 62];
duration_s_km=[42 33 36 32 54 58 36 36 31 47 35 51 35 59 34 42 53 42 38 56 35 47 39 45 46 31 35 53 60 40 30 49 35 52 57 58 42 52 34 34 56 30 57 50 45 58 49 36 58 41 42 52 50 33 41 47 46 31 30 30 55 53 30 52 49 50 53 41 53 59 43 30 58 50 38 35 51 43 32 32 57 34 33 48 52 38 59 31 36 42 45 41 45 42 33 34 34 59 58 60 43 57 60 37 47 57 54 39 34 30 32 35 47 49 33 60 36 40 46];
num_passangers=[76 84 69 97 33 38 36 62 30 96 32 75 40 45 44 31 69 96 40 65 100 27 52 86 67 81 39 21 37 65 50 97 93 31 32 47 46 90 84 97 59 35 76 51 76 59 60 99 92 41 71 66 70 86 49 23 98 28 75 22 70 33 69 40 79 47 45 75 53 20 37 29 48 39 32 40 33 45 93 82 28 86 21 91 56 51 54 88 84 26 63 94 57 37 82 50 75 78 66 77 78 88 80 38 59 88 74 67 70 86 69 38 82 50 85 97 30 41 35];
BM=250;
CBM=0.500000;
CEM=0.800000;    