nBuses=98;
max_busses=101;
cap_B=[32 85 53 43 62 87 70 128 134 39 79 100 104 126 112 130 110 40 20 23 63 21 21 74 34 34 50 62 23 98 128 25 65 26 40 115 85 24 111 117 117 138 95 125 76 139 76 122 57 32 21 129 101 107 91 137 82 69 40 129 123 97 81 87 112 101 32 127 66 41 51 119 105 131 43 83 115 114 76 137 108 96 61 60 58 61 115 76 44 101 29 81 30 62 125 115 115 69];
euros_min_B=[9.850687927991617 4.8838362645831 2.983999452054473 11.79062898293032 3.353150377235838 8.021253531060971 14.063005633879932 11.692059149032657 2.1498787995589024 10.596831353568739 6.88116290319758 5.956608941102643 11.749080344943259 8.414191833776759 2.621173369314059 6.307282206394046 4.898957865502384 9.672483944697984 11.675359946814996 6.109746451496265 14.676634716723521 5.826945828809803 3.619645712327851 11.729485719740893 6.037071693763933 8.324419938493662 11.394862415870396 6.8907732333432135 11.847361857958266 14.030348065485896 9.46390013486567 14.51871128494273 9.558435288855517 12.742413340510266 3.3910386513701702 11.314677653024889 9.946441821252984 10.355596839995204 4.825391332967133 14.333183607124461 5.185959666599646 5.526254177233979 4.73377414142319 3.173485412039634 7.200217850247654 4.465505246302872 7.04103029982634 14.2771898422697 10.74859568005151 14.82441150344952 11.079923410906277 5.35323518380061 11.11722830651143 13.950146759149638 13.478049321490026 11.678251731300385 8.266906794627005 1.574968873690419 13.467324802732891 2.099637429917359 14.443991134099667 13.412104086975571 11.908215728250479 3.7799026016958486 4.323258336674636 7.007301621845519 4.338579218585965 5.808333978416798 13.78098119655415 11.675427648030078 11.80244127777895 3.6602036910144244 13.059659503005648 5.444701240656826 7.684253665210666 14.822124050821216 11.253259532661554 14.771956574397825 3.0910345675774407 2.9637709714085574 1.5155074055092852 11.690939414574975 3.8291740797940785 14.4048679174453 10.347310478393814 12.849969506665575 4.60911167407901 3.2057632255085737 1.0176722975071364 5.992854047897066 4.52040021759518 13.855826291955546 4.6897280845932805 14.332098436347053 11.080780123786319 8.724751526346743 10.919688999668786 1.1140596944636612];
euros_km_B=[25.236721794682097 17.530240103733718 14.240934699242745 4.955103949393813 11.271881010690315 15.422581728724417 27.903920305605702 18.17226827043116 15.008193401802224 9.939835357329478 5.918567322828906 2.6895099313101634 6.740302850721257 19.20299056850454 14.004821189513908 28.311855576598298 23.57931442100155 4.4897293582646665 20.65562206439798 21.564026858067624 25.913091798383892 13.236134571114738 23.776092031765742 6.965745113912698 7.480630563639752 25.177034227112046 8.587162388022584 2.76244249265331 19.4596714262951 1.06131327677927 12.434313557092056 6.091276386984946 1.2177444147954442 8.134474983881665 10.859775556383521 19.890858841723265 16.729452902624438 17.960540302725622 8.160902834578854 19.933481108957597 4.807398165195121 24.38877932473882 12.192165977387052 22.555968121056626 25.10508149875159 10.893078455069253 2.6243939951960584 6.293040711412733 6.908583629533483 7.547500411930091 1.0267737701442907 9.409925653450989 17.59464678154146 10.724965445377077 4.983780840046035 18.137778379522203 26.09498708354497 17.24850162761607 14.44822948399479 9.694461196404545 28.86252485471966 14.17529995638177 6.798446837373561 3.209064792206481 17.522972568817938 18.018755676654163 29.631405974914667 28.90803604524607 5.598641674634365 19.043853206575825 1.7118647652454198 20.51491481927264 27.32886386097643 26.73386622092423 24.00756511122087 20.555906310117575 15.180122205074596 3.8580120358819774 9.287223879874023 1.726734435071429 16.045498188875165 15.719582598927671 19.44444284356573 24.584512865355833 14.366105695713062 19.25448647175478 29.420615216304377 20.903771075904434 12.439476911475555 2.331873740615189 28.762949607165652 20.45902691759844 2.4231237440569102 28.836792557504456 26.367461286052297 6.950777303909049 2.1538192166017436 17.585024122660045];


nDrivers=99;
max_D=[137 158 239 168 216 189 135 238 209 193 146 132 182 162 214 166 194 236 188 207 120 127 230 185 212 124 151 233 187 195 163 186 202 233 213 133 238 128 221 161 164 145 183 153 168 201 158 152 169 161 182 185 199 168 174 236 156 231 172 188 126 212 227 208 151 201 189 144 147 121 134 213 162 160 174 231 172 167 234 204 147 219 230 158 144 217 195 120 124 121 148 140 171 128 199 228 186 187 125];
        

nServices=102;
S_starting_time=[523 68 589 382 155 410 607 444 204 617 25 405 647 605 309 217 581 324 415 380 623 16 717 11 248 602 168 52 16 551 526 195 217 175 23 490 13 340 631 174 339 583 705 606 590 53 314 390 681 715 232 100 327 450 176 561 277 125 467 245 249 587 708 146 575 720 599 489 200 632 108 688 359 68 101 450 215 669 633 498 466 127 689 301 190 76 473 146 4 76 1 617 226 316 527 213 115 545 640 470 475 673];
duration_s_min=[73 70 71 90 104 91 73 69 88 105 62 102 78 68 85 72 65 98 88 111 72 91 64 120 96 104 84 102 73 108 84 64 73 75 102 80 72 86 110 67 96 101 64 104 113 101 103 118 117 94 77 112 95 89 107 112 115 80 106 87 75 61 73 97 100 61 83 98 77 112 82 119 90 99 101 85 114 61 101 117 83 119 70 108 68 106 78 71 99 81 81 73 75 82 70 89 68 60 117 106 65 104];
duration_s_km=[30 41 33 32 54 44 33 54 50 46 53 39 33 47 56 48 53 32 44 46 59 56 33 40 60 60 35 59 43 54 55 33 31 47 42 52 38 56 32 40 41 45 47 42 48 52 40 54 43 60 44 53 31 40 38 39 32 56 34 35 51 45 44 34 38 42 46 42 59 31 35 42 44 49 48 35 42 52 44 57 41 41 32 58 57 55 53 60 47 37 30 33 31 50 48 36 58 43 42 51 44 47];
num_passangers=[74 56 69 81 40 36 39 75 70 76 86 58 87 100 99 30 21 31 85 99 93 55 88 79 72 31 50 49 100 78 67 73 54 93 63 94 50 88 46 100 63 92 41 63 29 34 86 88 80 73 29 30 54 70 23 82 36 44 24 32 30 79 85 65 56 26 86 59 50 87 31 21 26 64 55 88 32 23 66 90 41 31 82 92 95 79 95 56 36 98 59 20 48 85 36 77 25 83 36 48 71 61];
BM=250;
CBM=0.500000;
CEM=0.800000;    