nBuses=86;
max_busses=79;
cap_B=[31 86 120 119 67 24 132 21 109 136 82 50 43 104 127 59 113 70 86 48 56 73 41 56 102 95 32 73 74 134 96 89 70 76 76 53 109 74 129 54 44 115 130 47 120 137 101 90 59 139 117 88 93 45 124 21 25 80 66 35 102 117 127 72 44 61 108 70 114 45 90 93 78 61 81 132 51 37 127 114 131 81 95 90 63 73];
euros_min_B=[10.31381613301955 1.9837383989748512 7.088749460130289 10.780625794353739 5.679978173085843 6.5691428183235985 7.487472547613889 6.955750997814146 7.338232179867196 5.891999427180744 7.344175734581525 10.546889044289038 1.975072822369096 8.321210259696525 11.147920880943712 12.633352385974309 11.942377543427435 9.813187116648459 7.21757314139578 8.953569119331089 14.892695509072915 6.823133124541511 2.5794243092071376 13.622947638399312 11.43872003404816 14.131005084986938 7.035726803967818 14.945887707356206 7.199037196036237 7.191313381076435 3.7282296956684777 5.349251683107631 8.992235698808397 7.7370861073588015 11.489252032726231 3.227328090030901 1.8431877304359134 2.0694211135558804 4.08770060166488 2.028846911979379 10.787617884696687 13.261502677500044 2.843853941444689 7.420500289467062 13.152182084131512 3.3396401228478716 6.942764072635078 1.9259633244978418 8.464204648956787 10.15424625361178 5.656857424466018 1.0996008153494892 3.6220877454060747 7.810863631132007 9.208926847969586 14.645041832944974 11.132091336238306 4.468960305359893 9.29578718265273 3.2464906041080694 12.225870418038607 9.481911243570668 14.491409196052707 14.302687901726953 7.123040139799861 2.1400545263159625 14.873895610832168 6.5677309631108 12.737907230262662 13.500185901597316 2.0223634542397813 9.049403014180783 10.185611221834591 6.753677043367185 10.904516403168795 3.2673972658934387 13.859298470834947 8.270417298870363 10.467591637778087 10.182314746875218 1.554822185801345 8.000043901630168 8.064503465142616 6.4092680068339 9.76164474121798 5.074157538176365];
euros_km_B=[4.491551814351315 6.344546075093398 20.10553341338355 22.370698852994174 4.221583180326583 20.380042892369868 11.301210114104208 24.677941085487674 27.201378923218723 26.736314185756036 10.991194812895039 28.93174880356481 7.557388902755569 18.018879514347287 15.801296689735441 7.453618880774015 18.364646033338907 9.268617443555648 20.51504228475533 18.026109026914256 27.484853801287276 22.866149087691127 13.763211234032196 22.598787313455524 20.580241511716846 12.513795857985201 9.858158590974334 25.367368952170434 21.257249761645113 10.11431119414248 3.8417723417805076 17.32561879198769 18.034553698872163 27.901990046419822 24.911413707734074 23.04287931248196 6.606297296165208 26.346529544356624 28.478761244193738 14.877229091334868 10.342576253266234 12.051696174932433 3.5001969969454017 11.231170024167543 16.82161779532745 1.5855508257210955 22.185333248638425 1.2236068585398874 1.239345875215277 26.493449771987088 8.733253549713686 18.7462926104033 18.73847977665472 14.538851977902828 16.00039173062435 12.617244765611302 2.135259680380944 9.921064980017173 26.883169113533587 18.944430671821348 1.397243962366529 1.9776404565896275 8.731823285510128 18.267330348969413 1.1757421413137679 28.59837763423795 28.468389294171303 7.60936440913104 17.37048994725199 22.422227911447884 9.385975226110187 2.243612635701026 2.885345626261085 10.627798827214608 25.992949404541584 13.900247157169327 29.56257477193923 29.505534996901428 8.554611178309042 23.109850234166473 11.030483399590347 18.79437652190958 23.684185874627648 10.372502667908556 9.233824398345412 13.94879333950752];


nDrivers=89;
max_D=[185 133 206 240 144 227 142 139 231 177 185 201 221 148 155 127 160 168 201 138 190 122 175 147 162 224 123 192 226 230 159 165 127 222 229 133 234 215 219 160 230 141 156 126 157 217 165 171 237 126 239 224 234 145 179 200 145 203 132 187 154 233 201 194 133 199 160 156 132 170 224 231 157 164 122 166 164 127 198 215 129 136 125 212 174 194 142 152 209];
        

nServices=90;
S_starting_time=[236 26 291 196 355 169 333 375 292 465 466 201 300 323 603 102 439 205 659 254 374 503 652 404 36 180 268 520 672 175 565 560 248 496 709 127 278 453 461 653 667 556 89 299 164 467 700 290 676 186 120 677 693 566 462 644 707 134 297 31 583 4 7 478 635 124 489 644 544 397 174 560 244 28 604 213 175 475 442 716 545 583 574 637 545 290 362 710 527 57];
duration_s_min=[97 64 75 89 98 115 105 91 118 81 105 96 86 119 92 105 74 110 98 64 104 115 77 80 64 68 77 117 68 64 74 98 105 95 92 75 90 67 120 71 102 98 80 77 109 107 105 90 94 102 88 118 99 69 109 68 84 65 117 118 94 81 100 118 117 109 60 107 89 79 92 102 96 91 88 98 66 119 111 118 117 112 102 105 114 95 69 98 113 79];
duration_s_km=[50 50 58 30 52 36 53 50 39 60 30 59 60 56 33 48 32 33 36 49 32 43 45 45 33 34 43 42 34 36 58 41 46 31 57 50 57 41 43 51 31 44 36 42 46 50 59 57 57 43 51 31 39 40 41 37 43 45 43 36 54 36 36 46 47 32 53 32 51 39 38 43 49 54 43 30 44 37 51 49 55 30 51 36 46 31 34 30 46 37];
num_passangers=[74 38 61 56 89 42 44 31 64 96 26 71 31 93 99 62 88 66 99 55 94 72 62 45 92 20 54 24 77 65 71 35 86 57 76 49 57 65 50 49 20 57 80 93 65 67 50 91 92 37 98 26 66 35 56 21 93 86 67 39 88 41 57 48 73 27 71 81 62 28 20 20 72 54 65 84 52 73 23 67 46 39 50 75 75 79 23 49 79 56];
BM=250;
CBM=0.500000;
CEM=0.800000;    