nBuses=95;
max_busses=88;
cap_B=[37 109 49 66 40 66 25 80 27 75 83 127 79 122 119 74 134 75 95 59 50 23 96 136 64 45 81 24 51 92 86 32 21 108 47 47 60 113 102 132 109 139 85 102 122 45 86 72 88 73 79 123 94 104 104 96 119 57 59 87 62 117 70 78 65 72 90 111 38 108 24 39 106 26 121 135 40 58 22 77 127 81 97 96 87 131 140 25 63 90 29 56 121 67 33];
euros_min_B=[4.089054446690962 8.984383834837335 2.78757268621143 9.49819077936817 3.548896016547104 12.701411068584983 13.096756073551404 3.0172440623289276 1.9702277571690299 8.802153945398345 5.18279341022883 7.89473014287087 4.713723907399492 9.963845963521495 4.876747103532078 13.648618901096047 3.382740791150976 13.484614919864022 6.453910907500598 4.474518894508522 5.780479600230242 11.091573819503468 3.5642152725850607 1.0524824680098104 5.979384307408356 1.774123626554377 7.484419009584781 6.180858549190102 8.534847093584453 1.6622700013414404 4.294754748241668 1.6032852674108746 9.540479592876768 12.37145491743932 1.3918964763049573 4.545005780242379 3.3568892300632474 9.81725078001047 14.491946887452226 8.31801855589682 7.995093238880315 8.212234955708357 10.240274396017423 12.830195032283855 9.87034028298987 6.483233857364709 14.058129262763558 11.048811951429148 2.668883602361812 10.90752572304922 5.5437850470506564 3.9389227211409796 14.162052213624138 6.224325785229415 6.219331484326332 10.611339578502417 11.93765390183065 7.237802808897867 6.811454165880933 8.031500289036515 13.706218365075527 6.8135798014512785 9.118552867777094 3.738133259250117 13.27156354774619 10.701283159740948 4.892197742141738 4.235252145145888 6.4766183604535446 7.8379926108241875 7.410222302005309 4.913341482184904 10.26855034573158 13.746500116464698 6.340366142890759 1.1674482589994573 6.915617859644282 6.2257718907058255 3.261004887301147 14.91245779707338 7.499735163057874 10.073653953189009 3.9682045404455604 13.857335578575391 6.651718281172763 13.186482018398388 3.7664220321147077 7.483471808137917 3.3989762614888113 1.744969692654582 9.79219850342431 10.848496416124888 8.328875732852353 6.885674962243775 1.0124018109105557];
euros_km_B=[8.436968283678528 26.238403961653205 26.573678792044927 17.946587605338117 24.942479900401974 24.21646850606346 18.780371852337606 25.207299438279954 5.14869107926794 2.4990502519794573 3.8606611501918655 10.108069408791717 2.646629879069584 19.851043004991713 20.389891348213663 4.081636280851958 19.50487132822934 27.252564545938995 29.67257920468907 23.794058692794952 8.523853084906957 13.421379481772817 17.660816782251572 7.706535147074504 7.442177689052126 28.129315348187188 27.148078428196364 8.339554927510736 29.25941876085993 4.6398300374742965 8.847013074468661 9.114197972283126 17.478159570320773 17.91494114351321 7.924239751479699 8.60818654877072 18.039173663725187 2.1714759335009837 28.434831801141954 18.039099692168968 5.060269638509318 5.911734830932325 7.607105177750785 9.261825400767627 21.23214466264002 17.806020306755464 22.68816853542716 13.095357123917601 16.39729410445816 17.43893084328483 9.279348824749327 16.909007942637214 29.38370656491458 8.562374162262838 28.1931228148701 6.109227448695411 13.638962554563253 23.65627393975484 7.287849216173184 26.85353758148478 18.139551674094754 1.6061345889793364 5.017657754672003 20.033462747977957 23.866282268098914 29.396710990422765 23.403584781394386 11.553974153683628 28.734347254589313 24.10422328509842 8.759722116600408 8.903788157939687 24.000693572111903 4.436336761657829 20.242979477536224 24.36009878151565 12.300999492058262 24.91802586492537 25.149133066896834 24.66596827978916 11.297340766887437 7.635221435460327 2.681754203138487 28.404974699640217 16.642499672256235 27.660155270146234 1.4234218150171523 5.097761567084171 12.830596337726012 11.026230904493847 21.304919601661997 5.473433579056881 13.63792042619012 28.778118371639856 3.6748430016755735];


nDrivers=91;
max_D=[141 132 188 146 198 198 218 224 184 197 156 156 187 133 175 125 209 195 174 223 209 205 134 156 182 224 146 158 149 203 201 200 131 170 153 143 146 238 121 177 220 227 135 137 194 135 151 162 144 232 221 204 238 166 128 146 149 124 221 150 136 198 225 219 226 169 177 167 137 159 235 204 188 120 130 149 193 240 179 203 233 130 235 179 164 128 133 182 199 232 224];
        

nServices=98;
S_starting_time=[95 247 46 666 698 327 8 162 281 242 277 247 308 714 574 618 228 100 199 17 265 457 192 642 480 160 707 581 9 638 55 283 1 626 363 476 483 393 680 650 356 536 425 485 41 708 437 252 12 354 279 219 371 242 355 290 10 394 477 430 173 406 120 657 417 187 162 178 641 79 355 600 144 458 281 97 529 307 678 678 698 68 388 475 107 691 660 504 7 246 466 648 179 375 578 645 382 608];
duration_s_min=[85 100 91 62 72 82 95 61 90 96 116 103 99 120 104 76 78 78 82 100 77 74 60 114 68 76 109 61 111 92 110 83 60 60 87 110 110 86 115 84 80 100 79 106 97 69 94 68 84 109 112 86 64 119 105 69 118 89 115 115 95 76 81 90 85 104 81 109 77 70 98 109 81 81 70 100 101 64 106 67 104 109 96 82 108 119 88 86 80 120 98 102 105 68 103 75 116 113];
duration_s_km=[40 37 40 32 32 39 59 33 31 59 54 35 35 47 44 55 55 40 47 35 37 52 45 33 59 41 60 33 32 48 39 31 38 59 30 53 57 54 34 54 30 40 43 56 33 42 39 60 30 57 38 34 53 33 39 31 56 33 46 38 54 37 33 38 45 52 58 55 35 37 58 37 45 46 37 34 58 56 43 43 59 30 34 31 49 58 32 53 57 30 38 32 53 51 30 56 52 46];
num_passangers=[28 41 22 46 60 72 24 20 21 82 70 27 22 56 82 63 28 28 30 21 95 62 56 30 62 38 41 97 94 88 56 78 53 95 84 32 34 61 48 79 57 41 79 67 93 84 64 85 42 71 79 25 27 38 21 58 75 97 43 78 62 47 69 98 54 57 36 25 22 23 47 42 98 76 38 70 38 87 23 61 57 83 86 30 83 45 95 81 65 35 100 95 88 84 90 33 73 46];
BM=250;
CBM=0.500000;
CEM=0.800000;    