nBuses=104;
max_busses=96;
cap_B=[121 43 85 107 138 65 68 96 116 134 72 125 85 121 137 137 37 89 125 121 26 96 112 132 65 92 42 104 64 137 98 80 71 58 24 112 46 44 21 85 88 71 89 26 108 79 130 71 36 112 84 108 98 92 50 81 39 123 133 54 81 56 25 120 97 108 135 100 48 123 99 135 108 87 118 67 60 85 132 96 125 53 128 97 73 27 22 134 96 134 40 68 87 43 73 93 112 135 61 72 105 73 123 31];
euros_min_B=[2.602019879106232 9.385853904136765 8.879235758960073 11.772401547522971 5.0088465758816465 10.909270491906417 8.779814856403414 5.823247658673925 14.913134711274154 6.7120489689552585 1.2978805620087948 1.9254193885724864 13.627332676418904 7.455625052560224 9.95814120032045 9.890369788231684 12.20097426401659 14.727649746369085 5.9195433651844915 9.88881525157431 13.966168427685359 9.544317992602355 6.972629284076133 14.963207812904571 12.23294439163962 8.42309029717126 10.8896950459914 2.546371416055808 9.909559357141216 1.5043929906094162 4.161841567060545 4.837295768388463 7.14186139283772 4.844849663829992 8.090887068619066 3.3909055539304296 9.485867725122464 2.2050611168259646 2.753534444549758 2.5597323339190257 2.7942835375542994 3.506182755729233 3.769058210257941 12.141815186847952 2.2793252407704467 2.200621011614084 12.132660340341248 10.510909891252606 2.2402121389113865 11.660770995840856 2.1920891631123363 6.0567385314098106 12.322170992758007 6.97421404323939 9.630378460743412 11.077027031737666 12.52303527180249 12.415841153101557 1.5960800146634238 12.424350303367774 9.391235415863365 10.268383334885096 4.456949001925752 12.829695452692903 7.606178890555822 2.4007593788124995 5.227544717371595 10.613515142670787 14.497247762574531 1.6686181984695925 2.8546335512379013 11.297949818218411 7.857250351183659 8.274186292535562 6.237370495179109 12.474074057689094 14.745120567262752 5.437088290742325 8.260971404610832 13.000562327151679 9.03776629637437 6.000844411548833 14.303600795953527 1.7515649228396746 12.682788795911613 2.4244111426985078 11.04130399947507 12.88531545215601 13.912959719420154 12.760616534339336 1.1833450143509052 2.617323299371466 12.88183845536478 6.217865021159838 2.2513402997199234 11.940328153102033 3.5612838804369806 5.239066838554771 1.1935240852486133 14.042167160307432 10.862468153384121 5.086827362250631 6.978972517703877 7.19180678006255];
euros_km_B=[15.938706452705624 12.878708229672919 18.302854034278692 29.439337303037398 17.132999455372175 26.594825695359827 5.386381636081017 23.53722938260849 7.158256518976073 21.860456634665567 12.731945160279285 15.362641722781966 6.95061365358065 2.7291259105488646 18.6036778460908 24.17020164255504 6.4145768537463965 9.30238746221181 29.604096214885544 23.72327799805555 29.639033898475862 28.10101451181627 24.791233733258206 20.62615408204098 2.232813161814003 29.219162846530008 29.738110649856083 14.111307301003261 9.160040903042475 24.204423325558388 4.5767298831462995 27.12955099429395 12.545014358253015 11.474903695801226 23.901322695357017 26.229957125871714 19.4373514583383 29.159930205142533 8.391443130563713 26.310614248636124 2.1877139429358383 27.658477253130695 25.995988490547948 22.548036067660163 21.548698884865278 29.20153899163634 23.36472124950168 20.954851945614735 21.622712158616626 22.855692482694714 26.44317490844479 17.450824208089912 25.148254110610395 9.758553064078118 3.048067945257811 21.295960261407647 15.694343678725712 17.081958326965154 22.87029216415669 5.109001439352144 10.985929102933904 1.342174892876399 6.104984883526409 29.91217450844828 13.589528664560836 26.873137450337392 6.789925927312517 21.813708659891084 4.403189061547963 1.0226709989640297 27.171867485805155 29.579113492678143 14.720707593484224 25.160835022553652 1.9976810537577794 19.60329387738872 15.510522137646493 18.67944737540194 12.809056546961656 10.746889081650167 21.115387791223842 5.3230825398854655 15.654471915881107 1.7793138767860581 12.903278505155974 21.611897182525205 6.986131435235576 14.655140877221658 25.167206815952852 22.66408889028859 22.410476604547927 18.5618993089599 15.302078628574927 9.510102157247351 17.237513291746502 8.255464719700147 25.90020180836939 4.953868675115636 20.307121944280983 15.18610751388621 4.927409021387457 15.90137028286739 22.92292834741351 15.183474348511103];


nDrivers=101;
max_D=[131 233 146 211 212 151 212 213 202 150 237 207 156 135 176 123 226 239 158 139 144 144 213 178 237 217 131 183 173 138 179 189 235 221 224 162 176 199 144 193 179 205 158 207 237 149 191 148 129 234 154 193 136 235 234 144 180 231 221 185 133 214 230 208 135 145 136 210 158 156 226 233 187 171 136 221 186 125 212 181 200 182 141 136 152 173 229 130 229 150 234 160 213 218 186 160 151 204 219 185 152];
        

nServices=108;
S_starting_time=[448 155 684 233 155 232 64 655 339 76 657 301 52 406 316 1 228 348 268 504 344 305 362 422 163 99 500 23 28 572 41 261 555 421 125 297 356 633 232 320 665 258 619 394 267 72 463 438 1 613 333 376 203 159 567 161 73 27 387 163 327 445 283 178 602 314 44 328 414 604 703 669 625 348 695 283 477 77 255 336 44 374 336 6 436 216 590 41 297 9 288 51 285 428 185 256 135 358 313 652 526 650 496 23 27 685 102 160];
duration_s_min=[61 106 107 71 70 98 105 79 84 94 100 111 105 62 68 71 74 77 78 101 85 89 64 60 109 88 103 66 75 76 106 84 77 106 95 71 87 120 99 117 67 103 73 64 95 97 61 61 117 90 120 103 99 75 88 75 86 73 113 85 103 80 72 101 86 116 113 87 99 102 108 63 82 90 63 60 62 108 117 107 79 112 103 103 99 64 75 104 86 72 84 94 72 78 109 120 117 79 71 104 94 80 95 104 85 60 103 119];
duration_s_km=[46 52 48 38 36 40 36 58 44 57 60 46 43 33 38 35 60 41 44 41 57 31 40 49 51 55 39 59 52 33 40 41 57 46 58 60 42 39 49 31 60 33 60 43 36 57 50 55 40 46 40 41 33 34 59 35 32 46 54 43 48 48 37 30 56 42 51 47 33 31 49 31 60 47 47 38 58 53 30 60 55 58 53 32 42 42 42 60 57 51 52 42 52 59 54 57 56 45 47 48 51 51 47 46 46 43 46 44];
num_passangers=[63 80 59 29 75 76 35 81 87 68 44 89 25 69 68 88 81 56 54 50 52 96 98 78 81 33 87 84 56 40 98 61 70 39 86 23 30 32 76 29 90 39 80 98 63 43 34 57 42 70 24 39 89 48 94 44 98 84 90 45 24 38 75 64 41 56 62 88 54 92 73 28 74 80 93 75 38 100 50 43 25 55 75 78 89 63 66 23 27 81 92 36 46 27 27 40 29 23 52 33 41 68 56 29 41 41 45 47];
BM=250;
CBM=0.500000;
CEM=0.800000;    