nBuses=106;
max_busses=107;
cap_B=[39 73 48 21 86 64 45 119 22 96 103 27 26 22 39 116 102 89 35 106 89 46 82 69 113 137 27 108 83 63 45 48 128 122 91 34 138 135 25 121 78 111 46 68 65 138 131 86 30 92 103 89 129 80 76 136 68 135 66 30 55 74 87 57 30 126 43 104 30 71 48 128 55 27 20 111 28 21 26 24 25 20 75 57 20 89 60 31 138 78 67 92 140 37 83 40 40 57 53 51 130 80 55 63 109 131];
euros_min_B=[8.971776290599827 1.9486225369699488 12.79640817021699 9.441200047141301 10.753708046401623 5.129536431158055 13.923881256511027 2.7408157225799066 3.871910210579367 14.822178165703884 5.194226631093891 13.129732110886028 12.38107580198582 10.34686100373994 1.3948350658224453 3.034952078179823 10.914536586383246 9.575498364767405 3.3776392285111796 7.977111962303876 1.7753699290179672 9.442334508186672 12.921322937762605 2.9180626681470088 2.1596499404327703 4.558752434266493 5.933974346866944 8.676274658941004 1.7117534233799323 8.340559331382337 3.743304127520082 3.811698136172355 3.408510382240532 2.02906921809889 3.122298113669857 7.660687424074185 13.659517932974477 2.053121405593619 4.532878288602076 10.032132125912288 8.383300941729068 2.0117227144538656 6.206721146850237 9.77428519259089 5.903895453777693 12.572052278909577 10.94523933562311 6.059869559792876 12.38143478233518 10.153966924072307 13.69260911963238 5.451437693407012 12.621018210425492 10.717841131356092 3.3760755754629126 3.801630031772613 3.392809278160308 4.490194861927154 3.9763143175314664 4.893438630667667 9.354498039939589 7.260040554889489 12.489133024461424 8.296290439840165 8.224942808719002 7.851177298220137 7.508499671701536 2.2139960863098045 9.48988571717261 5.675146789909995 5.407932918516473 14.923541758805131 5.400477743964215 5.971776466608032 3.3842903764381256 3.654640498358937 11.992546394387304 13.344125166998246 13.237408493056257 11.328523566767666 7.133039773214718 11.136206347399575 10.714008647718586 9.199644763029248 1.100140700170523 4.1742699835870685 9.053745698336725 8.19160609258664 13.296087466343433 5.012995173420481 2.0771748054639874 9.067632485046786 6.465200066433371 6.540103119519267 7.532698653988277 1.3832348466626907 4.492977789001422 4.425636827519465 6.430430613652616 6.920008262774589 3.8181538739760934 3.0848104975974957 9.458834491548338 9.900640887049384 4.88574212398751 12.647793528117393];
euros_km_B=[24.64601062387887 19.537654378119424 23.9983918742817 18.120300175526367 20.837132451761992 27.986127935759114 27.25224194544759 16.058636877597465 1.6293837609357684 20.04527308108995 21.995457063070628 2.5680725264851465 19.98375670224007 18.625908267244167 19.259582890482942 24.566239552106772 22.004143954294282 8.179243296186922 17.975103052935246 18.634669944704353 4.137727371618663 20.661148539545156 11.318663546641059 20.937952633083256 17.995942137218098 6.585618484998676 13.689427989217183 22.997231742796533 4.662413018369874 19.778170873986323 23.786716795708124 9.148118392780816 9.597340938955522 20.255208783611376 18.31490868748215 18.484568540090404 7.743798198247999 28.3160494742593 27.288759080002315 9.501565330879302 4.92980373981791 5.6829963028076875 13.581339982807785 27.46232874147424 21.634123114365057 15.019768271957629 1.497950621547111 6.740938376042095 20.77686287432229 24.83186658664601 24.790937742749648 22.30849903213187 7.74302595971795 14.129321703528797 21.506822028031614 6.848442400435567 5.379372073501983 22.325749420696294 19.391135927544607 16.16751138888607 7.657355511234918 11.328550929170833 13.939945686862947 9.175168102270478 8.624444113722301 5.828966108695846 8.09671594067469 29.130985438822986 29.754286301562438 4.052480948434148 3.606550942548592 16.38388571548171 19.40310090980158 6.256201525610767 4.8952728884154695 15.68496965649919 23.8447631184643 21.303207365925097 16.36593739339988 17.77605647871042 1.4712248560120957 7.931867606262555 1.94562742676015 24.41196144503584 5.418813004486091 3.3615992304393965 24.291452662009053 29.902277678489675 13.520566730067895 27.823336458993303 17.629562098963994 9.161698293096544 2.506656004090571 28.399838791837187 23.224511826115332 26.346635448136276 27.899023124948982 23.360888688514024 4.951507369880996 21.04053465298787 16.785475017634784 4.438253571846068 24.267315345118906 26.386367250331862 6.602841054486394 21.226283974716523];


nDrivers=108;
max_D=[189 157 223 210 234 153 144 177 213 141 223 216 159 233 156 193 123 187 127 167 208 138 123 218 121 166 156 138 179 187 220 217 195 159 143 194 219 174 147 217 180 161 222 152 180 125 137 142 199 132 133 138 176 200 217 208 127 165 167 135 190 142 172 146 125 171 188 128 200 214 225 226 163 173 195 169 195 185 181 170 200 158 188 203 186 127 240 227 215 206 172 240 192 215 149 228 154 204 183 134 146 198 166 149 221 199 171 171];
        

nServices=113;
S_starting_time=[112 138 243 561 613 306 492 514 521 690 533 714 185 116 691 365 411 363 499 71 621 113 347 514 547 240 679 712 309 232 305 375 448 569 185 701 457 49 718 148 521 648 348 621 570 347 114 171 52 648 236 673 607 710 330 139 282 180 656 216 531 417 309 71 20 435 676 343 170 66 11 176 313 485 405 662 717 60 41 260 565 370 159 634 477 31 685 560 460 653 395 541 322 84 464 211 667 536 387 34 261 634 253 554 346 635 106 46 655 147 661 27 283];
duration_s_min=[67 76 64 101 109 100 116 91 76 86 94 107 62 112 120 83 85 78 113 116 85 103 107 115 86 94 115 65 77 80 70 101 85 82 72 104 71 99 115 102 63 80 93 69 67 72 110 102 99 73 84 88 71 97 77 78 62 98 104 84 81 90 112 78 97 117 119 74 81 107 102 75 117 75 84 119 115 65 63 103 96 80 79 79 88 78 94 109 81 86 116 104 79 64 103 65 84 106 98 101 89 113 100 67 114 66 101 70 98 106 93 119 111];
duration_s_km=[39 53 32 57 34 57 49 57 33 42 58 46 51 33 47 39 42 34 49 49 35 34 31 42 53 54 46 46 56 60 36 40 60 39 39 42 32 60 30 54 37 34 36 51 42 35 36 43 52 39 32 33 46 36 37 42 45 35 46 55 46 31 41 60 37 59 60 45 57 42 60 60 58 35 58 39 59 56 39 32 39 43 31 35 34 36 46 58 50 46 51 39 51 43 43 45 35 51 40 57 52 59 42 35 39 34 56 48 33 31 52 49 40];
num_passangers=[99 99 90 33 59 67 97 65 30 88 23 38 71 49 47 36 64 74 30 92 98 86 53 29 62 95 26 78 89 60 26 77 41 30 87 32 23 23 92 38 74 60 24 48 33 65 48 30 57 69 72 77 95 98 79 40 71 72 91 40 89 36 32 31 32 57 39 57 43 40 79 79 60 27 99 45 89 55 21 74 59 28 68 93 23 91 56 79 43 35 58 89 37 66 90 35 65 99 42 75 99 43 84 34 30 44 71 95 55 39 74 58 67];
BM=250;
CBM=0.500000;
CEM=0.800000;    