nBuses=87;
max_busses=81;
cap_B=[21 140 29 105 132 89 26 103 38 73 40 77 93 98 80 118 81 35 47 37 71 123 86 58 133 83 62 100 46 68 77 33 107 55 125 23 25 21 68 80 122 62 115 134 46 52 33 98 131 32 118 41 48 119 33 57 134 85 51 140 41 95 53 85 116 70 69 132 48 46 61 64 89 29 43 25 64 123 69 20 132 108 78 51 45 82 114];
euros_min_B=[5.415317953118148 6.255543130431067 13.179126264696828 3.946766190326401 2.099600424416086 11.913076171497776 13.65970429000004 8.662909838067733 8.203439032746484 8.928364256809115 13.68429103819863 14.280529781468067 7.809108723147925 2.1569775420221102 13.539775838502807 8.308031729370752 2.681429918225704 10.551120765921176 14.495352817808723 5.002934372002451 2.98850590076397 8.000883922011845 7.6691924898289425 5.189718026486667 2.9904158630542863 7.953138131380054 10.974388886174989 2.511243901061251 1.535634827712749 10.150256332306167 10.29033482208408 13.992858385211296 7.960664987973474 11.173535253136935 9.048945872288314 12.984342791508734 6.064696168449291 2.792546262086516 11.529939689396757 14.061171489102803 5.262063204751749 6.911844039786743 12.700659672218215 7.733255544069263 14.396003966237751 9.071333433074086 10.423307353961416 14.106703385989945 14.448221706050765 11.07899241723965 9.636247648108082 11.147252907126937 6.497693790048292 13.102503035931605 9.767126595358171 14.976841208556781 6.666572167766702 8.866163725911454 5.04176923732669 4.94875497025597 10.044972109381584 2.1836211250551125 14.339278904957556 12.880968242052646 9.29678925293468 14.681660958204406 13.422996792887627 6.754959703699128 10.023014549759708 2.90257327635112 14.294005073885108 1.9985518330868592 14.476839421862566 13.665155763428267 7.693367233302663 7.421757450892512 7.766689670767929 8.944073499285384 14.673620021140565 10.872693116743212 13.05131596301466 10.240012127982817 14.312953169916023 10.066670813977963 3.663624731801475 11.433900523680578 2.6234697151080253];
euros_km_B=[12.931513502677435 2.6186010550119247 3.1856937827920664 28.271602239876948 28.29070000852394 9.247470603878009 13.683133456014119 24.403882368171164 23.638935023830083 4.17579798078904 6.567771852961554 1.0831144915302215 20.193687616191202 28.927074500510553 16.984195281565583 1.2464165699759016 25.674079918467648 22.63961365427427 25.2880629709781 6.278631268735173 14.341148237671662 1.9275097399772494 12.512895981534506 26.724608300776573 28.831546512189313 18.717399781880747 17.97716003068337 6.790561218284298 7.1259639577472935 10.570871668889545 12.86885522079809 11.975160303248355 17.35804653953782 23.99880504521566 7.14859992494012 20.259971821834696 20.401437782899812 7.942093268433714 27.317229731529647 23.692429502671057 24.66818844251431 17.00063573164406 29.295402179003798 2.241112300301131 21.77058430912728 23.940980511145 9.849079540866772 23.65703020965993 27.666547686247764 16.60495045183152 22.431666871734357 10.02331159722338 9.195239968330249 21.994943050939654 3.0599946468672123 16.98755303606955 3.0092117224124872 11.16148941702349 28.145427540366523 20.642753697030304 25.225012083552166 15.760388973167634 29.60813226294461 14.924850083788677 6.269149800493214 26.736267361887165 12.297639277531195 20.552159108114516 27.106302620698276 16.822824913535506 16.09300474246697 8.79379775019655 2.43569517224321 13.56217079861768 3.4725990134552993 5.160058603879246 23.277005576055924 29.23778453065062 4.204714400086747 20.443163400216225 9.651683013062229 29.211877135353976 28.4110488931297 17.013359372000483 10.72370651796244 12.25828520791218 5.770793548159822];


nDrivers=83;
max_D=[221 174 154 189 161 151 228 240 165 233 156 155 201 171 180 205 199 204 228 157 120 180 147 155 154 216 159 171 194 156 216 156 224 158 215 122 153 149 176 136 228 176 154 204 210 208 224 143 183 199 192 138 195 162 121 123 140 232 148 201 134 152 130 224 202 210 132 188 126 228 142 228 196 155 201 160 234 159 174 200 124 177 160];
        

nServices=89;
S_starting_time=[23 526 107 253 160 27 296 611 254 374 551 579 138 510 1 592 599 718 341 524 485 639 295 15 203 86 625 551 298 476 650 685 340 311 60 124 361 56 107 566 249 357 347 30 240 206 518 641 403 119 581 244 710 89 402 303 460 673 54 20 699 119 18 526 193 671 79 715 287 629 527 184 275 132 551 378 637 553 505 185 279 653 146 557 221 531 37 709 605];
duration_s_min=[95 87 119 66 108 81 108 110 73 93 93 65 79 64 100 100 86 109 100 79 83 89 95 106 119 78 73 81 68 82 110 70 82 64 82 115 118 109 92 78 83 76 109 100 102 61 69 69 87 82 110 79 60 118 109 89 63 101 109 106 101 74 96 80 112 73 119 104 114 69 120 98 71 105 82 73 79 112 80 96 99 65 110 90 93 92 96 64 95];
duration_s_km=[55 38 46 47 40 59 45 57 30 44 60 52 40 56 48 42 39 39 32 52 49 51 42 43 38 40 46 44 39 58 58 34 58 41 57 36 44 48 37 59 57 32 42 33 33 53 51 47 53 36 34 40 43 37 30 47 60 33 33 41 45 30 50 48 38 52 58 39 33 51 40 31 46 35 59 46 52 51 44 47 36 40 40 59 31 41 59 46 34];
num_passangers=[51 40 71 50 85 83 52 60 100 59 28 53 25 67 95 48 98 52 24 95 78 68 33 95 98 46 35 56 45 35 54 99 100 45 68 32 59 51 43 27 28 28 25 43 20 37 27 75 81 43 97 93 61 99 77 79 70 27 29 81 89 61 48 29 82 73 59 22 28 49 79 73 28 77 29 67 89 26 61 96 83 73 34 86 38 70 70 20 54];
BM=250;
CBM=0.500000;
CEM=0.800000;    