nBuses=101;
max_busses=95;
cap_B=[94 105 77 29 57 30 21 52 68 84 54 133 106 118 38 62 86 89 81 133 66 109 96 70 108 42 123 114 123 26 90 43 70 124 109 47 66 106 114 23 55 25 109 121 113 130 78 134 115 94 115 92 99 125 31 137 93 22 127 115 133 79 68 74 58 89 103 34 23 31 38 92 115 46 121 80 127 22 32 102 127 76 72 47 24 138 101 72 39 69 63 56 113 137 69 82 44 52 81 116 100];
euros_min_B=[13.570342032668524 8.876682550356978 3.5517581352698384 14.82158348135432 13.181104869563377 3.0586466728677992 11.760549603490848 7.974889422582113 8.82776613800581 10.001081864008121 8.427134153231766 12.240918610482428 3.3632469942736476 6.703188168751595 10.170155592183479 11.277163444311688 7.3169914400005105 11.850969704922226 14.44281039358897 7.1594402968476345 1.051569811201935 10.543107494713581 1.3771398496499903 7.375001883206284 5.186085121266764 5.1805525338495 5.41852771414099 5.250249414423823 5.403642085170423 6.446039465515373 9.711750347625049 12.75170136946173 8.108059823716529 5.581382810794912 5.528393707692692 13.154482458470833 2.77168180617973 3.5839370305929705 11.686334150419796 1.8924830163087805 2.4630523790941643 6.954608107049982 3.092776341643996 3.212928898730569 13.42628688947878 13.084110328555607 1.698132853554743 6.804406763296486 7.587267065461488 11.759790782423744 1.5239600002326634 13.254409977476936 12.073195504169195 1.8099759911047486 5.805899436361541 3.006472413769563 5.130320925867306 8.172266465178238 4.824646971430984 6.853731781903334 6.676105516521719 13.718669618167127 13.848467816812875 5.238414794817207 5.114394750224662 1.1511120985745225 14.662892807045715 13.425564357892549 8.065971619731364 12.633092789172691 12.483145915126604 3.6589840856173534 8.604922465352828 11.676936794787371 13.055241769379393 7.752093084325075 11.141443952057475 10.52165888642468 14.058925690883175 4.9634193517593115 11.38633049208245 12.972890032621516 8.091364937776532 8.301909244702808 2.549695114998599 7.650921301987941 3.514607326085642 9.02089367310424 6.9332599127236225 4.664103293660583 7.723477900367417 10.205865414447757 11.471580897798177 11.747670031044795 8.351477349906123 8.860383298766918 7.777914313008074 2.0345463051582264 13.062881857150783 1.6824272184914495 10.874842832413645];
euros_km_B=[5.109156705711875 5.032784184288169 12.51586331857983 10.688662105007028 24.709630448590666 1.5664321420404579 18.19213287445012 23.93965503589338 19.772030517428295 18.611126440892306 6.161461663683221 20.967085066449297 13.639168677658551 23.7554879978925 26.836335054334672 4.294544505319956 12.41092056838312 24.551409366638573 20.16263213993494 12.457695703070598 5.176242026073208 6.978663668894179 13.355392404122908 23.960112029913606 21.38076150637435 6.182535976368494 9.676027164852727 14.781740252016853 2.00709849065196 13.47648978182571 11.869782600848831 18.559117106887523 12.995421464054647 18.189408210491813 20.868708193514447 24.88491998460841 25.108158662218653 10.152410382925629 21.218773817821855 10.347813991627296 7.601040232169931 29.119987530229945 18.254418450487137 11.614770178273622 25.31501359217428 19.38495244297345 24.978755090485702 11.628270238633947 6.5903493795989485 14.511457561657194 6.775569845451496 8.779396236022718 17.072886635798678 19.34957422533103 26.785252706960964 3.113006374749047 7.482528647828503 25.962246762264645 24.854821784553625 7.425474195122868 19.816910391513563 9.709878466569824 19.418272598966936 29.795340787203738 4.092656288454943 16.221683484549622 25.471410335766976 18.565677089049885 4.848944348520174 3.609184194289222 7.834351399871924 28.061980545042356 6.141050648292451 14.268545096469516 29.98232558271329 3.0827313703491543 5.780659698228496 23.587783445016175 4.0377402709374985 11.411296438858159 29.34859916739996 10.962353110095489 6.093121451527639 15.326240877374653 28.24150245373994 7.428552779422982 13.706952523148788 17.155287921645673 4.755277729660381 14.298951661847434 14.121636690556427 3.589212185984001 12.28805370825984 24.37310024919317 13.399009815912835 24.982136267113294 12.263086967054665 2.3936203134293192 8.027033438747115 1.7953342534396424 3.1224858985531503];


nDrivers=105;
max_D=[217 144 159 171 217 162 147 200 217 182 162 172 196 229 158 194 132 190 129 230 158 141 188 200 120 234 232 192 153 156 169 173 185 240 162 122 153 146 148 129 140 188 201 151 153 120 173 132 174 206 216 195 142 151 135 137 156 173 139 198 195 207 201 198 235 190 156 183 160 146 186 158 136 239 209 142 150 126 145 239 132 208 233 188 178 171 218 136 160 229 150 171 206 231 213 238 232 176 213 145 152 181 218 217 122];
        

nServices=106;
S_starting_time=[564 577 633 469 664 526 396 466 621 503 184 279 710 143 440 176 487 187 605 635 618 692 560 25 175 480 325 378 459 193 678 365 692 282 197 25 512 268 546 390 22 264 192 64 120 295 494 127 286 150 99 307 39 668 41 717 464 701 152 215 170 91 688 473 660 196 130 248 53 663 493 343 550 516 98 283 238 441 546 535 198 661 160 493 212 547 643 563 608 281 483 488 639 132 538 612 95 342 48 707 217 710 190 379 610 69];
duration_s_min=[81 88 70 63 110 80 103 112 76 73 69 60 76 86 89 71 61 106 66 71 118 83 79 80 109 69 82 99 79 119 74 113 101 61 106 116 79 106 111 103 91 116 90 91 108 116 73 64 74 61 113 91 86 73 97 77 70 118 63 72 87 120 120 68 108 86 81 61 107 84 67 95 92 118 71 86 111 101 103 116 93 69 96 120 92 108 98 83 117 102 117 78 97 80 92 68 60 68 65 69 108 97 116 61 96 83];
duration_s_km=[57 52 35 45 44 54 49 46 37 30 30 55 33 41 32 39 46 51 42 34 49 33 57 42 52 38 43 47 40 31 31 37 40 54 50 55 58 42 52 43 45 53 51 38 59 48 34 56 30 36 38 37 44 35 51 35 50 54 44 44 51 59 44 30 45 46 40 56 48 46 45 52 54 33 31 56 42 47 60 56 38 39 51 58 52 48 47 44 34 37 54 38 60 46 46 45 46 44 59 59 57 37 45 50 43 34];
num_passangers=[31 81 29 62 23 34 54 98 35 82 37 75 34 39 96 51 53 33 91 98 74 75 46 99 35 37 51 52 58 29 58 51 84 32 66 96 25 54 37 26 60 72 90 94 98 23 26 67 21 96 71 66 41 77 28 31 73 24 85 29 36 98 51 95 30 32 60 51 20 53 83 92 53 24 63 87 29 67 36 59 95 91 89 38 75 88 63 52 28 95 27 67 62 93 24 78 72 53 76 99 31 89 90 61 75 84];
BM=250;
CBM=0.500000;
CEM=0.800000;    