nBuses=111;
max_busses=112;
cap_B=[137 113 120 63 94 118 82 105 33 57 88 22 74 123 98 33 33 47 30 64 122 55 63 57 49 130 20 82 52 96 70 139 103 44 93 44 83 59 30 92 30 89 89 49 73 74 69 89 31 66 136 80 122 69 132 90 48 118 121 134 79 92 57 55 27 122 80 23 54 63 127 78 84 140 22 138 112 48 136 62 63 23 127 140 106 130 56 24 32 35 62 128 47 84 106 131 103 120 113 128 29 59 140 67 87 128 24 29 42 93 64];
euros_min_B=[10.651014739551748 4.392350909303133 14.524977903520908 13.284981804160418 3.59081328625429 11.731770059627632 9.666770822972587 6.009534181521344 14.135566256370236 10.150112498143724 5.9663544820042596 7.2800676723915565 1.6784890051883967 13.933228957944186 4.470548451028793 3.4315881315975467 7.270039686987904 13.159114002607097 9.924797245766243 3.936810306957054 6.345896353821886 7.527641394968899 1.2211139498009318 4.257810662956425 7.881201597527735 10.521075324247347 1.0188289557300396 9.965929177665988 7.6207912343056385 7.968463596052256 9.896951818695552 4.202610575212164 14.133389921967472 6.666278052109135 10.522405067584904 14.143492958013224 7.5791095279073994 4.764919578044707 14.230352428251164 6.749240941617762 4.797239030607784 8.947620895237687 13.393480164061867 10.740578391953564 14.4138505207027 7.373964405516545 5.264336112284076 14.528793848367979 11.469286587311046 14.161082073715377 13.417672488712382 6.493593882471426 8.89018742082882 2.332049551789642 14.095257190246546 14.326487852575703 11.563342886502394 5.3269608586513755 8.45416147864631 11.565462966660132 10.016967128029085 8.172675303255888 4.611988277282133 1.9252875766380506 14.924110105341947 12.899837133894147 1.910298275099015 9.273089689616178 2.534243912284239 8.669312114783919 6.331924658223235 1.1575802757110567 9.142691120306017 11.1578684442711 5.177916887042421 1.056216098922284 10.920709638106208 12.324822929372232 6.667656435514642 8.266495110256251 7.448360820184498 14.778787868971554 6.0726377710663195 12.147193312337963 14.123276477576969 12.630279474104672 13.994693808681467 7.98353759173602 2.120724731615261 9.72523316489628 14.544497089759501 4.63515130387354 9.772874083793967 7.09889797060624 8.177737663728006 2.8247067738985594 7.670152993631237 14.406843298732232 12.170587021794931 8.149422583964398 12.875515747201632 14.239322765186852 6.1962670356252145 10.393212197884747 13.850615692856072 1.7733463515122416 14.149749693575375 12.893888576806749 14.914018383528102 12.641538472262708 2.2901782798888277];
euros_km_B=[25.909251464393137 13.704895257466248 9.30291464528267 22.105335450337563 27.464663748774086 23.115696732882345 7.111712298691182 12.546729108277919 16.383237942380045 10.213360918422449 28.235440317085626 15.093002079108869 17.573616062438077 5.129711942881756 1.8838435544062944 12.020761046436423 8.726703520814354 4.011561581227203 26.793781663253473 21.29111162200406 1.6661342508266315 2.9807924337305174 28.274380514550987 26.43975028967854 27.910010989555065 24.22667938455503 17.211392475237894 2.4728495719495363 23.894806913063167 9.138881630932469 14.032621873664853 13.118453155605424 8.254315547125481 8.438053270877353 15.91110364598622 11.528639325428431 19.04416612193016 13.297312945894413 28.736176909241337 26.966599335016618 26.17080960640383 23.00954146490419 14.263562377956944 23.503997921295262 4.172852026011238 5.87783099198532 29.279267547645876 20.075226831093737 14.060979613341225 11.110822176302062 14.036115202374289 23.616194575878282 9.275639773574543 10.197142361362456 25.448718196852607 20.446387648645366 7.865713756435914 16.28466947200535 2.460569303625498 22.585755885313684 29.80605032206776 14.761859326177081 16.46201966778799 5.225218323264561 22.380571060662398 5.172290346921517 15.841278334578353 28.969890979652998 21.904158592458824 21.163674662672783 17.360247996123082 6.693104531636103 13.434102522038685 19.68206904575439 7.555746557864151 5.086489630728644 29.81155250813799 18.868691937174088 26.502381324813424 21.774172072610213 15.693838070434959 12.647904414373366 29.77081483496158 24.657947392965095 26.22176845678304 13.852743412060617 3.03211080611262 5.62244115761398 16.05673344452361 13.2966701434045 29.94883624255452 14.410317895100722 14.586114800746737 1.697787207058763 21.674937239264324 14.491109317774699 26.205443617989516 3.315436006764984 12.322449181257225 20.251814587479995 16.118227017422235 12.921577206253037 7.052346245406266 8.354503058816338 9.503096616531897 21.0067536675247 10.900105675007238 12.972708195957335 3.63707697654329 6.427291181547384 12.977000223949139];


nDrivers=113;
max_D=[184 150 231 229 187 140 143 176 180 193 181 125 128 146 145 152 189 129 148 229 200 213 120 158 229 123 221 149 178 149 214 143 172 239 175 151 234 218 230 218 205 227 139 156 149 228 238 142 179 166 232 188 160 181 164 171 209 124 169 150 200 153 198 222 194 175 125 208 216 157 171 234 197 209 219 163 239 140 186 213 238 161 138 168 169 126 203 154 179 192 228 151 198 167 175 206 137 229 121 155 216 233 163 139 135 146 210 202 209 240 175 165 192];
        

nServices=116;
S_starting_time=[403 632 88 304 583 376 363 219 409 601 447 50 604 488 592 240 150 635 658 251 393 503 532 545 389 426 304 136 524 339 22 573 477 194 350 191 468 328 516 544 337 42 720 457 605 666 97 62 504 556 216 2 205 629 321 318 208 96 289 42 692 671 706 663 10 430 125 553 179 125 708 208 487 341 505 527 426 136 709 114 629 352 311 196 600 609 26 472 673 431 353 10 650 122 389 515 227 455 10 101 212 408 254 624 110 636 573 566 547 19 523 569 45 254 3 411];
duration_s_min=[72 80 70 71 76 87 72 60 114 82 90 63 107 88 116 67 98 100 108 107 77 83 96 60 76 114 99 87 88 79 118 98 97 101 87 117 104 100 100 114 117 63 84 96 110 78 117 77 75 66 69 94 109 85 120 84 75 73 61 68 120 96 103 113 76 118 85 106 61 81 90 93 65 89 61 88 69 68 84 65 82 98 89 97 112 110 82 99 102 95 85 74 80 116 104 106 79 111 97 62 86 83 91 106 98 88 95 100 96 64 119 93 97 60 97 76];
duration_s_km=[47 41 52 32 32 52 30 47 53 56 40 47 52 55 34 48 39 37 34 36 56 60 59 58 54 44 57 47 36 57 32 50 37 60 45 42 59 55 46 55 60 60 38 45 55 59 31 44 43 43 57 55 48 47 50 42 53 54 53 52 48 40 54 39 36 47 32 57 52 32 45 42 50 42 51 39 30 48 59 38 57 34 45 48 44 35 46 49 41 54 59 50 35 34 38 32 44 43 43 31 42 33 44 40 56 44 34 43 53 40 41 34 54 30 54 31];
num_passangers=[21 69 81 31 90 31 46 81 50 93 66 65 66 47 54 48 60 57 21 97 22 84 38 52 22 88 55 80 43 22 59 96 45 34 59 60 26 26 22 89 22 75 37 24 72 23 28 84 65 36 60 100 37 76 38 89 40 81 51 57 75 39 95 70 79 47 56 66 79 70 63 39 34 34 51 89 36 88 26 86 29 78 21 89 36 61 41 80 88 43 53 82 86 96 63 57 82 52 92 91 21 46 98 85 53 71 87 56 52 42 42 47 100 47 52 86];
BM=250;
CBM=0.500000;
CEM=0.800000;    