nBuses=127;
max_busses=128;
cap_B=[76 36 38 60 77 101 74 70 115 110 120 131 95 74 118 135 82 129 89 41 23 78 123 134 102 75 91 113 46 130 77 39 59 132 103 22 113 107 138 86 116 104 111 90 39 40 26 103 136 138 114 62 62 54 45 70 96 52 57 110 50 58 110 65 61 81 40 78 77 49 79 65 20 100 65 139 52 134 96 81 91 68 118 99 38 102 71 20 68 65 45 30 61 25 99 117 49 89 41 83 122 126 26 60 93 110 46 32 22 20 42 25 125 32 99 126 121 130 138 116 112 39 45 54 125 31 127];
euros_min_B=[7.496123679619572 2.787108732319604 2.612574797993588 6.255310199992655 7.779588126126837 10.889434007634826 1.920035091908365 3.204841402648723 10.8680693840109 2.8036771174493498 11.103421337587724 1.362463648228393 6.837301920843633 3.145922759392523 1.9334486691038513 9.192149608405682 12.836119999538314 5.120575282216697 8.240818050319058 9.602048637078845 6.727778582813915 7.730408683011598 14.530952702700182 2.544744505509091 1.7880484688366893 8.877730280263748 2.7386564145690198 8.045914466865735 8.600498711993719 6.863934145540704 7.1789711734559996 3.458863539286898 14.329924987252669 10.20045439417591 8.800563871095001 12.104140138558092 11.426903545555113 10.793514834300664 11.071898353041561 7.468340267422194 2.6729764982084516 6.460514396320009 4.877863026335794 4.4619138559052995 4.667183808275011 3.4568641171832937 3.1741115015175736 4.623511518208476 10.067382543005598 10.843872166634561 13.989410737009251 13.375133613492077 5.025601449690811 13.025892244689585 11.246518901874921 9.104229950326335 11.916727468886153 5.262936910195285 10.645094812095317 7.737566961886779 6.7948941199668305 6.353179796525863 13.747933962264147 9.513833429518423 4.657880956237653 14.96152988655083 1.841980115268002 4.8924567178204805 3.6346644653301854 12.55835539650312 7.473709493177012 8.452412643069199 13.998653180109393 1.3077862038223578 5.412490858732302 8.63347455334129 14.047368261408344 3.3575255288246098 13.790537523338186 14.135645064178874 10.437271316347509 6.7739264891605915 12.315610942523882 5.1139522218257145 10.967294897891078 7.5685401786806255 8.5577602635728 11.38795127278746 5.21804341370195 4.302690993216936 2.22212128040841 7.845462480548907 5.485955797087676 12.455716270501062 10.755024859125491 5.049664114504104 1.2946199954297457 1.1397499067841848 14.22120432854392 4.965408663919528 14.042717565570033 1.547713441369862 6.634514897216054 7.350413826944756 3.9813486885569978 9.177715717117858 9.73789005082276 11.13572340041062 14.539345726655593 5.719499102068828 13.419325125964416 7.247096943553892 5.955353442522369 11.66885128309927 5.8199623126295075 3.8006361185246766 11.505597182695752 11.286038231241774 8.899249932756874 4.477585928315703 4.158408103397105 10.351781552363061 6.058212193445463 4.8274757414598435 5.973715611472703 14.99443283728482 1.5682862230758359];
euros_km_B=[20.382418853961514 27.209924812339562 21.658155683382176 15.53255965772297 9.825708212548177 28.819074834959935 22.6763963952816 20.28971199813506 19.423795062172264 3.3375563711602747 12.008942225712069 4.190378323311486 27.53075575619515 1.1790554644104994 9.646701159870599 3.073034921320338 29.531260475256385 25.987264627011626 9.11913460398797 1.3397508115397478 22.26578116200143 4.846070383619722 11.083238620804195 21.80663907112173 22.75969026973169 27.37656734116835 10.182436364993979 16.97714551832925 18.851144645254227 14.118802189709072 16.49369357788915 25.77099829573821 29.911460415231094 12.104959436502066 6.872920459560152 2.7545408661306907 13.158590505626858 20.083294838228692 16.06597329660368 3.268950961495918 9.290095353931317 7.776639214379683 29.606876310075837 20.132038746957548 11.63707830176984 26.05537630626484 22.50637576363655 13.079293735284768 19.483074108336854 16.78452300943902 21.09194777740262 5.856426108172894 20.130211399649465 24.89163954088091 5.043794161157622 15.368096906140208 27.678577443552506 17.635399848676304 16.924434033819075 18.874443713064313 26.715681222001653 6.516098991824293 19.28162927984476 10.922147067733874 18.092727442273723 22.66084532271249 27.963132325348667 15.972020838212051 25.02099976856665 9.403843407088136 10.621573852103511 19.033521301877222 24.04232555713834 4.107732657154058 24.60211888668479 16.668543810520347 11.895589824680792 2.9440919393559564 8.083458133847891 2.98274032119692 27.3436330539296 19.052082815400826 10.457593229571627 3.80560563900887 17.907895503449918 11.59549739855114 18.535472054366235 12.641796123072028 27.602450060248575 7.016980221321739 14.299500314199793 19.629803320721063 10.175825185656743 26.169672035997415 13.76070391338813 17.212815128046213 13.836926274629304 25.385411956321185 21.858911844641902 13.182428699217299 29.006757920743965 3.691598430158349 3.5808813741646843 22.964985455413554 25.174258649886138 2.303162179398146 15.7166080254461 11.24393508782025 27.221959135432268 8.32221254906285 29.695765629996266 3.3317274157926793 18.213561447695078 22.697803730970012 28.972285653348095 10.654490090913193 27.05084247039224 26.423706724032222 17.19119454616448 2.1427053612030154 25.62218347147613 11.44575132637418 3.3088781632589432 17.918553434269022 6.55496841419089 9.243097250498135 29.955608509226014];


nDrivers=127;
max_D=[217 141 142 235 136 143 174 134 131 155 120 171 152 134 145 199 218 192 151 239 225 133 237 138 169 130 209 190 131 151 146 184 240 190 229 141 205 161 154 215 142 122 159 163 120 124 137 172 201 180 156 213 136 137 162 150 223 224 132 155 201 211 213 123 129 222 144 187 226 214 158 205 161 229 194 148 161 126 184 139 192 219 235 135 154 236 171 234 202 217 237 166 184 207 164 159 215 146 183 140 215 170 139 185 193 226 131 219 122 140 236 144 189 122 199 167 142 185 196 143 240 198 231 172 230 210 217];
        

nServices=134;
S_starting_time=[128 53 611 485 45 486 172 333 325 365 560 602 64 516 38 164 180 519 265 8 175 59 313 463 333 636 138 294 581 134 307 229 180 579 368 660 223 592 507 77 320 676 146 65 690 457 317 330 524 582 363 420 373 474 470 705 675 26 622 697 106 596 99 105 637 275 540 475 2 665 352 244 681 683 627 95 150 425 386 385 168 545 562 286 656 703 569 97 520 402 373 57 678 12 29 637 142 435 290 453 74 80 75 557 578 232 247 239 164 337 348 31 449 444 441 712 102 576 606 601 644 339 21 252 504 73 109 715 525 236 440 351 568 595];
duration_s_min=[80 67 100 89 96 118 84 109 106 70 90 120 74 63 108 90 65 78 100 94 94 116 108 95 82 114 118 84 111 105 85 67 108 93 90 65 97 73 105 96 77 97 80 111 96 110 100 68 114 98 91 106 103 95 111 87 60 100 120 82 80 116 68 74 101 71 77 90 104 107 113 64 119 60 67 92 69 104 89 105 77 87 67 76 95 70 113 100 115 94 118 107 78 89 97 100 79 115 116 120 89 98 82 89 64 95 78 96 106 64 103 84 115 94 116 83 84 82 71 86 111 76 117 95 91 104 63 76 83 118 91 120 91 65];
duration_s_km=[41 54 37 37 50 53 52 37 45 45 53 31 51 36 56 41 42 47 42 58 53 53 46 33 33 43 57 34 40 30 57 32 53 47 33 45 56 50 35 47 37 42 37 57 41 37 40 33 44 30 50 57 59 48 37 50 47 57 53 41 30 55 57 51 36 48 42 48 55 49 57 41 39 30 33 41 32 55 36 55 46 50 49 54 53 58 58 55 50 60 35 42 58 54 53 35 48 32 39 58 32 30 55 37 41 44 60 46 57 38 47 49 31 45 58 58 48 50 41 46 60 53 36 36 32 48 59 55 43 42 36 46 57 43];
num_passangers=[61 95 41 50 65 40 22 78 20 32 29 54 79 96 61 99 38 66 51 96 58 33 46 86 50 24 60 84 49 21 38 62 45 91 91 44 48 83 25 63 92 86 75 32 50 70 81 39 58 89 80 94 54 29 81 93 50 84 69 24 22 23 37 46 65 54 22 37 29 30 66 44 67 82 37 64 36 60 44 34 89 46 47 74 23 40 96 87 44 83 29 45 96 67 93 47 39 97 58 35 37 35 28 35 57 51 38 67 58 85 98 70 30 30 50 34 59 43 92 84 76 89 49 63 62 93 75 34 97 49 53 74 42 30];
BM=250;
CBM=0.500000;
CEM=0.800000;    