nBuses=124;
max_busses=115;
cap_B=[60 22 27 36 34 39 114 102 46 67 55 96 91 98 67 77 100 41 140 74 92 90 96 22 60 71 136 76 34 128 21 99 123 133 63 105 129 112 131 52 132 26 81 85 123 116 66 58 123 62 85 111 21 75 47 127 69 48 115 69 44 134 97 66 94 67 66 26 71 89 97 129 111 136 110 121 25 116 132 122 91 71 123 105 62 115 90 102 127 33 120 46 73 52 94 96 89 94 117 78 140 107 120 20 59 136 85 26 38 21 106 90 68 75 140 106 56 74 53 61 110 61 92 47];
euros_min_B=[14.35238775919479 8.956949335338786 13.215810375799013 7.346227218700571 10.766075032213779 13.127920832270592 2.9352421649940723 3.661215572103149 11.450082635540937 5.647132525797599 9.302391655408229 1.536434830511478 13.212543243617093 12.964489550170063 9.091999754457 7.3890099016383815 10.238139743349349 10.083318637430928 14.567697184876865 11.279220519701274 2.434042296465348 7.334138606976297 5.31121724103546 11.718162361128648 9.784078566285471 11.234543797705603 14.75722674587371 3.716860603873405 1.4747444928922093 9.054138004690726 6.1279301626368055 6.498500976661873 10.42315126632637 8.048703639978193 9.521815637201478 3.864406638843997 2.6459129548301217 12.160528105592789 1.1620328742856874 4.654469184251458 9.964336983668687 11.709717043965 12.722925558792612 3.1101372468562847 10.530919998013154 5.5402256554274345 8.283019021893391 2.4282545113054486 13.610941444223156 3.956957532086612 11.262849888880483 11.838562846372616 12.795333818732967 5.467594944621913 6.236490984953861 8.63244383363543 5.8445180740139 9.035670140498747 4.237806118566013 9.920365830009318 1.9340390960574145 5.074980062008972 10.331337585593927 14.887884435679528 4.788287806585979 4.817155311167933 12.81685855216161 11.827502070141389 13.787290142139682 13.13427241279482 7.084022501979532 2.6787626739082215 6.0251177676870515 5.596044261358719 10.48722064348911 1.8063645952107767 2.708496462948389 3.5339364035196064 6.105153961036774 14.741412193426314 2.652479693897413 11.149617473047044 13.594488120864066 2.4593831272269475 8.20545769935988 6.6097324785768485 7.042220825197326 10.22908202478216 4.8141391534487905 9.063933595655156 13.49174097125151 10.235630987694218 3.768690800738967 3.557844329303629 5.566184061894159 13.03740890865214 10.186337861917444 8.369322787863414 4.705121367514626 5.350390842086779 5.804605707223714 10.22917590525406 2.7706831708630535 5.4831970862612 12.299035176743498 1.7117241802953436 9.243863898735436 14.448697690606387 8.538020635717142 2.030921998128675 4.492225559409429 6.837823253746947 8.540721415310198 10.584084494703761 13.13108667297726 5.198800484743579 6.742718158941452 6.615644774214001 8.767271290333788 14.320873123102958 11.098405111039526 3.1335127136314704 6.36030076739341 10.136202420882892];
euros_km_B=[1.5499984950628214 1.8139449272544994 28.943403212604785 25.08484708403152 28.07725014501965 17.045082994125305 19.325136980228248 26.992114249433286 20.09917741392236 7.5071438638057195 14.149633301323576 27.13623718887735 7.867693935290047 24.318733352979727 25.07015734014256 25.43611877576844 13.951614917696352 1.6435074201544562 5.087902631216625 11.882078618155692 5.772267896499433 7.448864471811056 18.612761108869467 23.772310088586764 28.336899729529097 23.35133446157889 19.956084388379363 7.00330146712656 12.157874886593385 6.864271416475165 7.059059682714947 28.550259069742154 17.884336541392273 9.049036111210281 3.986884251242875 16.708955476129955 22.260091276577096 12.293699354825824 22.61799643244699 10.588091151533355 24.035002685430293 29.284741168899043 3.9041754660829273 25.307051065443844 17.981263966591165 15.533290769767403 12.734035478895661 1.210055899370292 18.668964410666618 4.133485010742469 27.898734678064585 11.157334412773146 15.596507359402052 3.6374509574061724 28.6940274818873 17.293673000122972 11.179436062922527 11.869430655625763 10.415398051922768 16.733315287574037 22.41786760549131 14.951624419480925 19.885557539605458 23.921607507632235 14.39679640682156 17.17924401489983 13.72541784747504 10.353112049205548 24.048483673383007 11.41902177584524 16.04534192765423 22.118323460155423 1.4031342819309636 4.795267559579498 5.34622474876991 25.83130195542124 3.406684612966477 27.302000456255197 20.439749431422573 3.691603799875807 23.629892078915255 7.893764120180992 5.6411545980784 29.710835529038263 26.99572430701698 18.18761053345984 20.46017762425527 29.209070197107664 9.325216971253903 20.360876958525285 18.050202787891507 7.699050360943268 4.354894359986299 27.441558543915377 20.17386546386458 8.229504318758504 6.1828405645211 13.289028281974682 10.857937320266243 3.326068473567034 26.156281157910545 16.852934396619123 18.101076571928623 3.3696969662544323 4.571460839112127 3.717022264198288 27.95878293789537 12.326632131082446 12.89500603030303 12.27472221986873 3.399232351748352 16.060367113928883 16.60328127905194 19.370405169355507 15.989615937687324 20.123102006152433 24.783823729862036 18.217313463961 21.960713570198852 22.427533781619573 27.861854777238296 9.603214865860917 28.008833035276886 10.640658794238819];


nDrivers=122;
max_D=[227 219 240 158 207 198 192 210 183 209 134 223 163 240 179 181 193 187 231 187 145 217 137 171 189 216 157 188 126 180 215 186 196 240 201 234 144 205 149 163 209 122 194 121 140 206 157 229 124 146 211 232 230 225 168 178 191 161 164 168 198 126 139 219 153 221 184 123 143 217 218 169 216 145 171 130 179 161 179 216 217 137 123 225 140 126 205 139 194 234 216 149 131 138 146 173 216 150 188 157 145 209 128 174 193 201 126 179 166 213 181 153 149 203 121 195 191 152 205 138 138 151];
        

nServices=128;
S_starting_time=[673 267 110 170 448 202 235 115 687 2 609 602 56 209 514 338 406 533 385 442 448 390 648 105 386 532 210 11 442 680 173 326 660 530 530 21 26 657 422 319 359 55 55 114 196 64 309 529 35 214 110 670 251 45 709 44 626 98 608 367 175 230 587 708 284 684 73 652 138 586 39 256 700 398 714 499 219 621 660 194 2 705 683 310 292 184 513 167 58 627 48 48 82 83 206 518 256 120 629 424 380 420 550 662 486 247 378 104 128 399 349 114 360 81 90 665 544 136 560 133 495 68 296 337 402 665 414 92];
duration_s_min=[87 75 93 115 102 87 103 111 63 74 90 97 102 93 86 109 120 60 111 92 117 88 71 79 63 117 83 90 105 113 64 120 82 68 90 77 120 101 120 94 80 72 73 110 93 112 100 109 101 81 65 98 118 108 84 105 81 101 108 70 92 117 69 91 78 79 71 77 97 73 64 84 60 99 65 67 80 95 98 90 117 115 60 77 89 91 93 100 119 101 73 72 63 73 74 117 109 103 72 82 107 106 104 116 84 61 85 86 76 80 88 120 99 114 117 70 69 117 91 108 96 103 60 117 75 61 83 103];
duration_s_km=[60 57 52 53 59 54 50 55 30 58 34 34 42 50 52 50 40 49 42 46 60 51 35 57 33 52 39 36 53 56 54 47 45 58 41 55 53 60 44 30 52 51 35 30 51 32 53 58 59 55 44 54 52 49 30 38 30 40 50 37 53 34 44 60 47 33 45 51 59 34 57 34 40 55 46 35 52 47 40 48 37 38 47 31 59 44 46 54 30 48 50 47 40 37 51 55 59 30 49 59 52 51 56 33 57 37 50 55 51 34 51 34 40 38 56 48 42 32 52 45 32 36 47 58 31 40 40 60];
num_passangers=[70 69 68 34 50 22 94 100 81 34 96 37 53 63 25 59 30 55 35 33 22 28 52 52 41 60 56 23 46 90 84 22 70 22 29 63 44 60 43 49 21 55 44 51 72 26 71 68 53 59 58 67 86 74 71 85 64 44 92 77 80 73 54 88 98 89 88 31 63 42 24 64 56 38 69 23 76 87 68 34 23 52 95 22 53 32 39 45 88 63 44 25 84 47 47 79 92 37 66 23 32 35 36 36 100 28 33 44 43 58 89 51 99 42 83 90 24 39 23 35 24 67 40 75 54 57 80 50];
BM=250;
CBM=0.500000;
CEM=0.800000;    