nBuses=123;
max_busses=119;
cap_B=[77 79 33 37 117 123 61 68 107 33 114 84 97 43 114 67 66 71 35 20 82 49 58 109 96 35 28 112 73 90 22 115 114 92 28 67 128 123 120 29 58 103 133 121 82 41 121 102 65 53 29 112 66 80 98 39 33 36 84 31 112 60 23 132 46 94 49 63 50 26 129 133 131 44 107 102 137 73 137 33 109 64 52 74 99 103 112 109 125 34 59 62 127 99 106 28 79 58 84 98 102 20 99 51 73 29 39 139 72 28 32 36 118 140 70 26 98 30 76 89 108 125 132];
euros_min_B=[3.0673498306499773 1.859820047076281 6.409866250233103 10.397473745437171 1.605180053473645 12.41524965749868 4.986431268989103 4.559419651357627 4.334202046451507 11.239449659144581 2.378436512960573 11.766018034232554 6.826192120443995 12.68111231832063 12.158633005054499 4.083090271744878 12.992908815308835 8.547605886970254 5.249558566457718 2.6793758593746286 4.9928127996175125 12.542831705485112 5.604319178342083 14.4270861845336 8.918973738411282 13.699997060880188 14.086814389188598 9.398718303274615 12.214710588917457 1.2537177019331587 1.2741205838252334 9.101340785674992 14.35167440692959 5.1778452363728755 9.251254953302197 6.942851880416172 9.186854589780323 6.761633066130103 12.011195743305498 1.5705279979289133 7.126047390794316 12.454300271368444 14.113788894062006 7.059187804088072 5.8206682007050885 12.51454776659824 9.323769827957133 7.301872753486275 11.238051012901787 12.552637595549088 1.6027917530643887 7.2418580614909285 2.636506494644504 1.5336347963879908 4.2061517714645005 14.817613965522936 5.873492364025186 8.542986724107902 7.431624515113547 10.79420701274285 4.727570222186567 10.91891793303042 12.64681637086951 10.437873427679627 2.106943762967899 10.973479789350932 7.928120261401957 11.474047440048189 9.189429637593008 3.958023997056392 10.629232889335603 14.956821104739433 11.183496702113212 9.226470261677434 7.36925408039861 3.2637428336804604 11.291952282358068 11.781688625177575 8.136610717848688 13.7456291976718 11.681334249379073 8.223264036089319 12.68645211200473 10.5450555860958 12.056845944639647 5.516167460596227 14.62462390608607 8.49758561259962 11.393617991623376 14.05386375805443 6.2428156846425 6.492952788525029 7.8806498446959035 14.650972112007693 6.850925784236699 1.0040688775167905 8.383299906351212 13.874662050136621 3.8296448853879994 1.1987637776456128 5.897146053763389 12.817652395060813 9.56884384708278 4.8247305662298166 8.763975157633151 1.1554057457849318 14.421121281795369 12.866664362665821 4.886065806894125 1.681830094862095 11.245613459214454 3.3299750699129844 4.779270400993268 12.879178225993579 5.576425222161561 8.476832875439001 9.970271688514774 1.10301289450218 9.59474250341116 1.3291285410967144 12.374211419104821 6.119749656073072 2.1112857011471853];
euros_km_B=[22.253034212573613 6.604038577910376 21.81399987208511 14.548656642622353 5.781072397594437 7.598878436478515 25.08687733339588 5.372492021027961 12.531815875738154 17.485932402925524 6.3460836968523315 23.516189903875897 18.324065624061706 15.465841625852807 13.130426770713145 23.34898077188513 9.43869160834093 28.970441454642003 3.5759170513534446 29.813851597898378 15.667539620003975 27.0018721815461 1.0788792743096334 4.463863319345461 2.4748240539792397 22.45058597377264 12.171512326056304 13.532644950782336 4.974037168447459 25.257961759526147 14.35741051849655 1.1371692897094827 26.785991998956135 17.717907964447136 13.6827415547841 2.9855619347414666 9.78453374096598 15.175978953542636 13.261368881004417 17.545324792265877 20.612969123968334 2.8087367165743533 19.792222127885445 4.0413486755120696 22.276794035945933 17.459756361294247 5.993740679654739 16.96201556779964 2.4466848587552605 9.37924394103647 19.326130329219687 27.459321406062937 10.565414425994597 24.827637464329506 24.417570099947472 15.928999232148499 5.573677270554568 28.550644855932013 21.374663705214758 26.105843370858064 11.745607374255634 29.454263769878516 24.679108175534434 25.130293928784944 29.9044723491935 24.662999558463927 29.633543680936068 5.8717627610056295 17.65280099287362 11.480785580004326 2.418772306121194 11.221755698353803 25.768699745420484 17.252719252455464 10.178794387769008 25.06280870080754 14.573207443307961 27.534692382363865 3.864499608862795 4.231012521584006 23.9844430388791 27.80852342770911 16.748816112759762 25.666518912497533 4.4228776807373915 17.34037365813631 2.4967051319211344 10.34230391336097 29.7318009373186 10.956244894944604 13.597742419106055 10.790492146482084 5.5476613884091615 19.66455592202191 2.0978157820822165 4.694556609197069 27.04250548113181 19.39161797048265 7.676655992183016 4.874166004397956 28.87656092155406 29.130292269903155 29.686226795652082 27.299860181005073 22.262488113328523 24.686866180445264 22.855752568110084 2.9508508131411793 19.282650352869393 23.01817089145111 2.514703030147846 8.41273126318184 7.106444629773433 5.784678628539896 19.76490359492621 25.6071317408144 12.135572779322384 8.17986115695358 4.654574745349914 9.610596858583403 26.879843458721744 3.949273000430761 20.053872370305278];


nDrivers=125;
max_D=[140 168 232 173 228 165 233 154 172 209 127 157 177 141 144 145 194 185 230 196 178 164 198 154 180 158 163 180 124 133 198 147 136 188 219 217 164 218 232 166 232 233 162 147 142 195 153 136 158 187 221 152 142 205 186 193 182 171 195 215 190 187 204 185 232 189 222 142 178 125 168 182 167 175 140 162 225 183 176 215 238 129 189 173 170 194 144 181 156 151 169 149 177 192 151 133 184 203 143 148 129 204 160 209 134 209 205 156 239 134 147 229 174 147 123 170 212 123 236 168 127 150 181 135 180];
        

nServices=127;
S_starting_time=[290 210 132 687 89 464 371 654 333 125 470 163 378 9 141 35 535 301 119 530 513 409 367 542 224 387 408 627 206 712 702 170 618 695 137 488 365 212 210 522 276 487 132 354 252 404 11 492 140 80 172 225 526 317 571 237 330 606 436 123 394 651 672 141 285 629 534 440 60 437 256 193 713 355 186 68 222 597 296 400 525 146 642 196 678 37 707 272 681 261 395 376 701 309 242 710 23 284 409 38 692 33 410 298 43 14 350 509 274 143 386 246 423 249 639 486 371 415 66 244 258 408 323 661 50 45 718];
duration_s_min=[91 86 111 109 71 75 79 94 81 115 74 120 98 118 79 88 60 100 69 88 79 75 66 113 94 77 98 94 79 100 98 91 77 81 77 114 104 107 82 69 117 91 103 108 113 63 93 83 108 96 112 70 113 114 70 107 89 84 71 89 120 73 80 75 81 107 108 63 74 87 69 118 76 117 76 63 110 72 99 62 115 82 97 84 63 84 110 117 64 68 82 75 119 77 95 70 71 107 68 103 63 94 87 99 71 105 112 76 67 79 93 114 98 78 100 118 109 80 109 119 115 99 111 68 61 88 77];
duration_s_km=[32 46 47 39 51 30 48 44 60 50 43 54 30 37 43 35 56 60 34 30 46 52 48 37 53 58 30 37 42 52 58 55 40 48 35 54 39 54 56 50 37 60 44 34 37 45 39 36 39 48 56 54 52 57 33 30 33 48 46 41 43 41 47 33 60 31 31 46 48 37 49 43 50 49 51 42 42 47 40 35 57 52 57 46 49 49 42 32 52 41 30 55 36 34 31 42 43 44 49 42 34 45 56 35 35 57 34 38 47 46 33 54 47 58 54 60 52 53 40 44 59 49 57 52 42 30 59];
num_passangers=[85 43 38 92 73 80 32 63 86 73 55 81 55 32 86 90 48 53 55 92 89 38 59 76 75 100 85 20 79 67 94 35 62 40 32 96 46 51 63 95 99 42 100 100 58 39 30 71 56 100 32 79 56 49 89 64 87 76 23 93 34 100 90 46 72 40 51 64 58 24 77 67 96 37 90 68 20 38 23 64 88 56 26 70 64 85 43 92 73 28 60 77 41 80 55 100 45 93 46 72 57 51 45 38 20 95 75 82 28 90 84 60 43 76 92 88 30 86 36 62 98 87 65 69 50 95 34];
BM=250;
CBM=0.500000;
CEM=0.800000;    