nBuses=113;
max_busses=101;
cap_B=[126 73 85 126 72 93 47 113 67 68 96 99 89 50 88 47 107 128 136 29 48 50 133 101 96 63 140 79 82 135 123 26 55 135 60 49 76 48 86 128 75 63 103 93 91 66 113 98 88 64 20 124 125 73 139 60 63 137 124 48 130 79 131 129 112 46 75 118 39 78 26 114 74 88 108 53 28 64 87 110 69 123 63 71 65 93 78 67 92 78 101 77 28 37 33 80 26 91 58 111 120 37 100 104 26 102 85 49 29 134 32 85 135];
euros_min_B=[10.79517575647464 2.222862236577745 14.496211994818857 7.342495998585633 9.493269335213636 13.575038999313204 5.5418470983390575 13.916297569484286 9.109603324781736 8.588903486800621 6.6723374251188305 10.906139913468555 11.135252976184102 6.388907204413018 7.824792904527578 9.177629639825716 2.69908475132364 1.5521808193500966 4.03585503861686 13.896570596141963 9.087308109806166 14.258296956662821 5.6648350143030495 10.977242837422528 10.308046538596175 7.5528129682181655 1.7839348382749505 7.654679502969479 14.856468113836119 2.8480385845931258 4.699859643183031 1.7255933682107747 5.087132367573204 12.54695022816411 6.849196181843173 12.825534639314512 8.770556553934727 7.987327237417708 2.197988689765777 12.555387770096193 5.373992742818057 13.252773837601517 11.184762019329943 13.166932837641703 1.6581401910238172 13.998689843527531 5.780489349031269 5.836525775468051 3.14455301545959 11.899153001331786 13.247719853325338 9.014937987037678 9.662383566281981 9.652803506401083 2.309452627007537 13.469931677999048 4.943459225719001 11.738738124182476 8.521326289525494 5.016320315955991 4.768891848066428 11.929783390475322 8.044241314143123 3.638595131744565 9.220046827806247 4.457743577069358 11.55087269740046 1.2938440370484123 6.087139310588517 6.98009526982262 7.385016068022889 14.648106982017026 5.786938489870828 3.552726473953994 6.512812364560191 7.211506559521867 8.491013069985339 11.035951855898023 11.247370789687395 6.505736943716069 8.718600169307528 5.951750371784723 7.55352639701506 3.5753160915261795 1.7771592426944018 9.261221138169951 14.577832330277568 3.471735976050045 12.494474019258131 4.040703102486475 2.754180493854653 11.998307228252076 5.137412449438464 4.662696491825829 7.148234495227658 8.464280555819245 11.4484143378055 12.46126793258019 14.851241469243092 14.38393283951851 4.601906945275267 5.0611194684952014 6.600461661149641 12.74859138992848 14.842767858305178 6.8398465005695765 13.607491191799035 9.622326157540048 1.8973087463253837 12.94638812411446 2.0370774304917463 5.679602307650092 2.7423250881544305];
euros_km_B=[11.246402992997277 21.18289003462112 22.483957300369845 28.061694495926545 25.82632188804031 28.58089391425026 20.41509865416108 19.036975142075473 29.15474762374525 13.011188420535666 21.688580282798558 5.591636912351951 23.480455401162764 22.661758949405666 28.63476011294754 13.36890693063187 29.02626000721008 25.695706174407913 25.83611660536551 12.015626817835923 24.273156400582646 4.678330142980411 17.353603256233487 6.944401706957113 13.647067444962637 10.752976899382714 12.730657284997537 18.43700338947623 6.9059324533104265 19.409158789704573 18.558753651749146 1.125528534153202 6.101455523536952 15.246941869006218 16.422211107133737 10.962425961245946 23.212499893930534 10.538347775535055 15.570108440479716 6.011328165365803 27.267402578402834 6.534150142854203 11.382109480765338 13.458828664734233 13.7381012250817 20.738552358546805 12.336444895635346 1.679812901139147 27.91555972323477 29.789634476301302 6.3025377593771506 27.95148420749118 16.412925801973856 8.00180316657114 25.012859060271047 25.800685156067352 20.30744137777032 11.431452128202688 3.918030107855085 9.90273105436727 3.5837905565944044 17.891943545934268 7.580825057702501 26.914140116727538 3.1531374246222423 22.39201545866233 23.811533833616387 17.474076147022934 11.35309824014439 22.761983626424637 19.841353241635048 14.89063217382613 20.897523497308317 20.940656831346434 29.939979126147364 15.022619942221976 28.629970858986976 2.650429350338915 10.340864455939613 27.44514965502762 27.119865255072536 1.4357535403215578 3.802271578324055 13.408299841238081 6.2146328980576735 19.337118869498003 21.91150635111376 17.634719948919958 21.5676101459263 26.5538904366962 13.436609020154023 28.848448585615046 1.8063789657866658 18.54863930051878 21.35269312164677 3.513025616593439 10.865006516762547 15.657341376027105 12.841001350221616 9.504033127108302 13.04904312440592 5.217812192201972 27.367368642403836 26.814078875520753 15.659289871627692 6.429121223299161 22.9509251596978 28.13390108929193 23.123150888981122 6.652426369201468 23.453798129435977 29.3138277335483 29.146731980024594];


nDrivers=108;
max_D=[191 217 158 148 182 127 131 181 198 187 148 155 239 181 168 153 161 190 138 199 213 199 170 179 215 143 137 236 150 142 186 232 224 156 143 201 129 171 171 225 229 237 230 136 203 120 137 198 192 215 221 176 239 123 196 168 208 171 157 153 173 128 191 213 225 146 212 200 215 237 212 120 161 164 193 122 151 145 142 187 196 185 171 172 143 181 177 239 187 166 201 203 153 127 225 120 145 152 145 198 132 132 214 121 238 146 150 228];
        

nServices=115;
S_starting_time=[553 513 542 650 122 296 327 615 567 579 109 699 512 656 285 55 533 330 458 400 374 590 541 133 152 479 459 664 122 613 610 13 211 190 248 433 373 680 8 138 573 696 219 532 230 551 81 513 423 136 704 658 566 203 22 513 144 569 230 186 556 178 608 550 462 645 23 194 231 568 104 380 107 58 121 301 467 110 234 414 480 220 278 47 345 527 61 589 339 103 536 573 362 696 548 366 6 172 592 368 579 658 508 169 140 274 107 58 676 444 608 193 86 530 264];
duration_s_min=[88 110 82 84 85 96 106 75 83 63 73 118 116 95 69 92 71 91 111 65 94 69 90 81 79 100 109 62 99 92 73 104 105 63 92 120 114 89 109 96 75 103 87 65 66 100 76 109 74 117 102 82 84 78 81 62 87 102 84 60 102 108 90 117 110 84 120 92 69 118 97 77 72 98 62 75 84 66 116 117 72 67 94 97 64 101 69 80 103 111 77 93 61 119 104 74 109 92 106 82 91 110 85 111 84 70 94 85 91 89 72 86 67 119 111];
duration_s_km=[33 56 53 42 59 37 40 32 58 44 35 53 36 42 42 44 40 35 36 38 47 36 34 44 36 30 37 45 34 45 54 41 36 47 38 36 60 58 31 31 50 56 37 31 32 53 39 38 41 34 40 52 49 54 33 33 35 34 55 48 55 48 53 58 36 56 59 33 56 57 47 43 51 56 47 60 36 31 50 58 51 37 35 57 54 54 55 36 38 36 45 57 49 55 55 31 58 52 30 51 30 45 33 31 41 44 31 38 45 53 44 49 33 51 37];
num_passangers=[67 50 68 89 73 32 79 61 25 23 44 73 67 27 86 32 77 51 79 31 53 31 27 96 88 69 66 23 43 78 38 74 75 80 51 35 44 37 54 92 27 68 72 58 56 67 48 83 59 40 36 75 41 32 85 54 82 88 77 48 65 22 98 45 41 99 59 82 56 47 45 47 35 47 92 74 80 64 80 97 26 93 24 20 48 23 28 33 69 20 58 53 23 81 28 82 54 97 59 95 23 27 43 55 41 41 80 24 24 94 47 97 21 96 94];
BM=250;
CBM=0.500000;
CEM=0.800000;    