nBuses=116;
max_busses=109;
cap_B=[29 67 38 131 61 71 113 64 124 138 90 76 99 128 33 61 114 138 102 94 136 66 41 99 44 56 32 55 27 72 61 133 33 39 66 83 91 112 70 114 60 58 31 63 140 81 120 117 26 31 71 82 77 30 101 100 87 24 28 124 87 61 116 69 127 110 74 98 74 134 50 139 67 103 30 119 125 76 138 66 118 91 111 28 140 59 62 53 40 92 94 105 31 34 112 123 125 95 30 29 125 95 109 52 111 27 128 138 83 85 35 31 81 27 140 89];
euros_min_B=[5.901154709008412 4.884190636930064 9.643782370500185 8.104559608176674 2.0362681954879602 12.261722585973988 1.492390176088204 8.762633829245388 4.289000700159456 12.786753810792709 5.867612007256358 12.435512329421192 14.044031955458939 14.295819104125979 8.41574975350521 13.078129214994528 11.95696499505437 5.886202844622032 7.095453034904179 13.60551624135057 12.243195806482166 7.424645649015973 11.247911082518826 6.583193979387265 8.186375068288623 7.138361117744633 4.2608754305578245 10.153918483866116 9.90504217478268 1.0646702668096943 12.609770118058274 3.124135785095384 11.308419860982967 8.345775055332647 2.63249075228972 1.46901548691199 1.7951207164834564 13.473953776712731 6.060559717287634 4.620084776203351 14.22368837315396 6.037696263964103 8.21737505402201 9.575025166710738 2.9652933826751906 6.164300268967586 11.054700937811498 14.425043360238096 13.509262691084132 7.953839857357481 3.2858926562729076 1.04634569184093 14.547365672505727 3.095729357852782 5.4651442718776995 9.304015656640592 8.766781880694596 8.319121709038534 1.925696403988527 7.663546622654299 14.820273295569121 12.099910739007782 10.914208392519845 3.617237644624077 4.754940104324104 12.618527356498369 13.157234571187683 7.210759085056191 12.819121734814722 11.03495235549741 10.38010068194409 5.877680850878642 5.2805904840931195 6.231023241017274 1.2853019179633562 5.3002181865378475 8.054801755427546 7.428407117348981 6.075456616157097 2.7339084836667737 13.886891853583352 8.69072228252692 13.601320758152971 1.7185025125119464 6.48692185048106 4.265044150327369 14.486120495456053 9.658345380097632 5.444007871309778 14.812956107132022 11.049998919561434 5.553183776343807 1.080382813311761 9.01634157978567 4.094891402112605 3.9755965267764193 3.6594140627263076 6.13338735868154 4.558348696343905 6.784309307300838 12.113923137369751 6.6804976651455 4.029336037202054 3.1496357259033037 13.866745997715245 4.913886618437569 8.685436890789038 3.350014484363344 12.881291247534529 4.782226175047801 12.338150202349242 4.279291966653731 12.117739828238564 8.399487987938528 10.616059299968642 1.7435643763294142];
euros_km_B=[21.82195054790278 3.47963009172242 8.04201018716399 28.523014303241887 25.27319123076147 18.2518182258517 6.407279171651434 15.633459084809859 9.676311071838416 21.768633466602154 28.128193203037917 23.393745299885165 8.855057312256616 5.705525691374461 25.422055247377088 10.657400563625826 18.84170146992229 17.425134636592365 27.32614904936107 13.3691721058144 5.7034834315551866 25.563743305707185 25.863997135793795 13.6263056488801 22.055898153578386 2.3553929608931603 10.194739583432648 4.9069989064921185 29.495398003295566 13.04232150382324 16.25221202851025 24.805533796486692 10.322454153541836 8.7552750926518 12.431539519447082 21.649380574170355 21.885230923020153 1.272950951912919 25.397902260030143 23.474616544273836 10.983194581858909 21.19863001979257 1.4437048377486765 27.528998577549654 18.21207932302908 23.755636943352425 11.479745184693487 7.482469718230009 21.99259605783914 14.852275966119892 24.86201688480828 19.259178882595005 19.135214340075088 18.540753816417297 23.548147309988707 29.453365587700056 9.048339648207707 24.45095651708461 13.728695337350374 23.327323400881323 20.147432879428315 10.670169049656565 3.226643266855466 22.823855959714923 25.67475647335589 28.59423234979842 13.391053189145868 19.01614777924601 22.548299229575306 23.577247289698786 24.96151858132683 17.354275768922165 13.165819751894677 21.423295895425504 24.31246378791839 5.041731536136076 6.8941033509162 20.337560739644214 19.757502235875993 12.973009252516794 20.17577569451445 27.424972461429242 24.747412276459798 3.720611454959627 27.794844912933844 28.616932630335036 1.1255628106909281 20.066206441474773 29.643421062048976 7.606798197267229 18.650180687927506 15.099698500694354 23.74573421101907 25.685492343167507 8.429670132838254 7.307831170034521 15.074286807652966 9.424908155753755 6.028670285585252 11.991189545753732 6.520788349859623 1.053705957366494 5.491276556857629 11.163283116230655 13.884805293423039 16.04048449267573 17.26118742598465 9.938927458105447 17.93170462575859 1.3938763724667278 23.85858683541022 11.607733300402616 1.9496436460876083 2.8321086018607353 3.3592567609034933 28.476878935273263];


nDrivers=118;
max_D=[184 217 172 142 142 206 186 200 192 149 179 130 159 122 158 237 192 150 124 212 170 214 165 228 213 129 212 176 212 204 123 234 197 164 240 204 181 164 200 172 225 213 187 149 153 147 176 205 181 130 237 185 196 194 239 168 157 152 198 151 140 211 179 196 120 219 138 199 209 120 221 189 165 150 180 202 182 131 146 194 178 219 149 167 220 202 230 148 166 153 219 235 142 210 201 226 212 219 218 167 144 228 209 195 178 142 238 147 191 171 232 142 240 156 132 205 212 124];
        

nServices=122;
S_starting_time=[483 23 553 305 607 640 530 310 280 540 141 474 362 643 603 137 218 327 716 334 703 139 173 551 75 274 608 393 280 328 450 247 520 339 510 17 362 211 711 75 16 66 265 379 375 98 83 42 247 500 698 267 523 192 572 635 481 224 545 271 340 22 522 30 280 633 671 470 309 233 57 464 621 275 549 65 130 293 343 719 497 500 515 434 572 435 60 674 269 381 61 306 435 71 340 720 469 356 639 361 223 226 132 313 383 564 427 630 486 64 120 620 139 362 429 620 241 292 676 404 590 506];
duration_s_min=[65 91 64 93 96 84 94 68 61 107 110 91 108 113 81 114 120 103 119 65 104 86 82 97 90 64 108 109 106 70 64 72 102 77 105 84 99 94 80 116 113 113 120 116 89 68 61 85 87 60 107 94 64 82 72 68 104 115 78 101 106 92 62 92 115 83 115 82 84 65 64 107 73 120 91 66 107 91 71 120 113 77 115 118 110 89 61 61 75 100 83 81 87 109 72 111 67 78 60 111 89 62 81 107 103 86 98 108 119 106 68 93 84 78 62 109 117 80 119 81 108 71];
duration_s_km=[30 44 43 54 46 43 37 51 44 36 48 31 33 34 36 41 40 47 33 39 32 50 50 41 55 54 36 34 45 34 43 50 39 44 48 34 45 47 35 44 56 58 46 31 46 52 52 57 54 35 50 57 49 45 41 56 34 48 53 44 42 35 55 50 33 57 53 45 33 35 42 32 52 38 36 53 45 30 59 56 34 57 50 42 46 55 43 43 48 59 32 45 48 45 44 45 46 32 59 42 46 57 44 44 41 59 57 44 48 53 55 60 45 45 43 60 49 32 44 55 44 58];
num_passangers=[42 28 34 96 27 40 68 98 85 70 72 68 25 30 25 59 79 84 67 40 24 43 74 31 82 27 26 80 85 78 89 35 64 44 69 83 29 52 21 94 22 24 100 52 87 83 67 32 89 78 35 54 76 28 40 75 91 100 47 68 73 21 84 62 100 81 53 67 35 90 40 23 50 66 26 86 63 78 98 91 28 69 60 89 84 33 44 61 88 57 99 20 84 41 39 49 55 58 39 93 90 96 34 96 99 72 59 70 31 35 73 95 98 98 65 92 34 70 70 44 63 47];
BM=250;
CBM=0.500000;
CEM=0.800000;    