nBuses=96;
max_busses=94;
cap_B=[117 136 23 108 26 41 111 63 43 88 134 23 68 113 133 56 53 103 100 87 131 102 32 31 85 37 138 82 121 121 93 123 77 59 39 38 77 111 51 137 31 130 102 30 90 112 117 96 37 31 24 112 85 23 92 20 64 107 101 121 80 104 123 42 60 99 130 70 47 72 82 119 84 120 29 35 77 114 136 104 46 108 55 89 44 103 54 114 63 132 122 25 90 108 108 46];
euros_min_B=[1.5917155986977274 8.673536960801568 6.581534165059962 12.322841563416093 8.055456293859868 11.228373567229173 8.26099626650377 14.942353206315785 14.0977532861299 14.865124735495334 12.166179096918627 13.832237320186804 6.626811119113962 3.7409011076729564 3.3938785739121786 14.745773128710603 10.422810143849642 9.765630755250722 7.536354896572868 7.089873010268558 14.053173013628331 6.272099421422161 10.445562377497735 2.515267217561786 6.053711981685907 3.5536271579351455 1.4044558693945564 1.4109160321794896 6.551442789861973 9.379117718416058 12.876636796558447 12.191140110903383 13.982723267702196 4.267196761318296 12.879767031556899 9.624337482164325 8.489768384392342 4.226117311683905 8.965373946457063 3.4994601351955144 1.7032294304806905 3.674242208457203 3.524153253723492 8.516710752294202 11.484939266174722 2.8884379140943985 13.196098488643791 6.1612090568380395 4.195748408630924 4.751017588790171 9.05925485781962 14.30548688945672 6.592420500426105 4.33956570402531 3.7995616014921447 14.46239223576928 12.384593983130983 10.363740002564438 1.2533590796751253 7.346187845675582 5.726551576104605 5.622262296403668 14.796866693372973 5.016133572557701 8.791899314718442 8.670712343156563 1.6700567214337776 1.9749821689937554 10.116165039280176 9.468281396578163 5.401109023813609 12.547397204826936 11.17735584446254 12.743862298155872 2.6527462323454354 12.482366416497658 9.640099487103624 4.751806430277172 2.1602309127837396 7.248343195777959 10.609262111586187 7.351595873223474 11.753065935874242 2.3669147170814164 1.832130174919785 11.793146531536328 2.214843634067917 14.89977366042194 14.754176585484469 14.49470806177861 1.425041200890879 11.730984734312903 8.040459272200987 1.5526321324542025 4.4813345491705885 14.312245492046674];
euros_km_B=[28.53192069530285 6.488210477848126 14.859335129557165 19.43788968938343 20.623843316497524 11.33310440951795 23.60124473851696 28.218524986111614 2.8389626469082705 8.592829573593946 6.69298977395491 16.211612393000237 17.884739943266364 13.841499794214299 22.590531821244838 25.43713248208957 23.55707877326798 28.16981428380605 24.59073204641935 9.332813787584815 10.915801118374581 15.679580432299952 24.46740570172341 22.61270029144819 24.107241362602863 25.159403635797812 26.00922156149929 20.129235892163777 4.492430445059411 6.361567957143859 4.465877707647529 16.577905659352982 1.5147849435825422 28.43171895491024 6.08840925839711 22.845142938544786 18.13553050572268 16.37593444800736 17.181708741991137 13.959941527807677 11.312345995439692 4.432212943349119 3.746357924555661 9.430114407279277 29.277952777905753 19.766832721232287 6.911467708205372 16.73208952507857 6.305186869992981 29.854478332872315 18.70290233125981 21.910482467638595 29.941704100437217 1.9570986539855662 12.69518515467241 22.732814674971085 15.292027345664465 20.08147718835135 21.467239531590884 24.64054923585985 8.859639414730228 24.454701265586408 6.6180267589247395 21.98190238974191 17.08681260459246 21.80472895109042 20.91111488350349 11.790263750975328 5.255762712246677 27.231504797709555 21.408895766237023 7.117990686726167 12.355869169472468 16.17778247371634 23.876511348219694 25.31593246025631 4.651113351670624 8.253500596366422 28.847800455681227 9.835286631711336 13.012173958733964 26.959166857259184 25.95535096886564 24.911008755027854 12.119281131405037 4.0391794068936235 16.745570320517576 8.989690048919549 22.879140058534436 16.888399742144898 12.251061936482976 27.119233444985973 19.78744042051886 22.004675182199907 4.9770773722446595 5.90293293922862];


nDrivers=93;
max_D=[122 149 180 189 188 120 183 200 132 177 201 149 153 124 240 154 188 156 204 155 163 163 216 172 208 136 137 217 163 136 193 164 139 141 129 206 197 195 234 165 147 186 218 217 225 155 168 122 209 199 237 134 130 196 123 209 152 223 144 170 138 120 233 154 128 186 203 192 240 143 159 164 199 224 180 224 120 154 193 213 232 183 160 194 131 163 148 135 159 138 208 230 220];
        

nServices=97;
S_starting_time=[343 238 15 605 443 410 462 174 501 718 189 141 219 689 643 175 164 65 361 48 478 670 666 613 654 597 350 311 429 24 622 253 58 60 705 601 258 587 466 78 274 442 87 468 720 330 95 356 501 128 555 562 296 101 400 502 365 255 105 402 594 313 196 170 405 566 715 554 387 607 364 655 179 64 28 37 391 109 447 349 305 60 292 539 525 27 47 644 221 635 616 696 663 532 514 575 675];
duration_s_min=[99 100 76 72 118 106 107 112 96 96 80 69 87 62 67 120 74 95 75 90 60 105 88 96 114 68 63 113 117 74 88 117 80 80 91 110 68 114 67 66 112 115 78 107 70 70 79 95 94 70 110 104 117 77 74 90 104 114 73 113 101 96 94 89 86 73 67 107 84 87 67 90 102 103 88 118 68 99 69 85 93 80 83 90 117 86 104 119 117 84 82 94 79 119 63 112 89];
duration_s_km=[30 53 53 55 54 36 30 54 43 41 50 51 36 32 53 56 42 60 48 46 52 52 58 30 38 32 33 45 59 53 34 37 48 50 40 47 38 32 44 37 59 39 32 56 43 58 33 43 53 30 30 32 36 51 49 59 37 36 37 57 49 46 34 41 56 47 34 53 50 56 57 34 52 48 51 55 58 52 36 51 42 56 33 38 30 53 45 39 40 43 41 39 47 33 60 32 30];
num_passangers=[22 50 20 88 57 41 37 37 55 70 55 33 25 100 92 82 58 88 46 98 57 51 48 68 54 69 27 82 25 85 53 70 78 83 50 75 63 41 63 56 99 77 89 48 53 92 34 35 79 88 28 58 44 35 75 40 96 76 48 33 68 56 98 85 58 89 77 48 63 23 43 86 45 44 42 97 45 34 72 40 84 88 53 76 91 39 70 44 29 58 86 22 61 55 52 47 62];
BM=250;
CBM=0.500000;
CEM=0.800000;    