nBuses=73;
max_busses=71;
cap_B=[138 41 23 80 60 53 138 66 93 136 140 94 130 118 59 77 131 71 100 49 108 42 32 97 51 30 129 98 108 115 61 139 113 109 37 101 129 130 52 48 113 109 48 104 111 101 79 36 130 59 36 50 108 43 45 75 89 139 129 52 53 48 132 69 44 23 21 107 74 109 41 108 26];
euros_min_B=[4.401500299845466 10.759364833437612 13.07632583527472 3.2470809079127174 10.037155265563506 2.534293018569949 8.058317337276222 2.0634181750906024 9.828635234002956 12.974950046757893 6.39617010217056 11.894134087451269 6.765201672694824 9.452066255954579 14.328615333806981 6.994445586069348 11.468706665850888 6.963665225442016 9.184701406311522 13.59558783129148 2.142141329596095 5.898488018830156 5.33092253040307 14.918992132902806 14.177285979037276 6.247205902404953 13.381627994924091 1.3766652002080668 13.124075410908576 11.53255978129908 9.999749683121578 6.54825957193774 6.317667020977562 10.651649029179271 4.67918414700417 14.980533788474894 3.6307567610894926 6.8183184486220485 8.852384949228018 9.463713836515858 12.692716929281046 2.1530104233456795 2.0842360678129497 12.055892620980435 1.027682789215138 7.263509208438717 11.078508142712666 7.647241173023991 9.333407362022086 8.569563845618555 14.489305969135827 2.573673185295413 14.551262285660835 3.3622179840262074 7.42897185209506 8.520860695046727 11.201598907092388 3.892739163612444 14.411540060410921 14.559809653990378 9.569732257160696 9.638983437552888 2.547238565510204 8.115916416031048 11.134584265086835 13.23271682814092 4.026342413899539 4.085059130247278 4.714171653688103 1.9854477678286864 10.05865012919256 14.81941551095934 7.570803884427873];
euros_km_B=[25.967845892222005 1.381814978279707 24.76981566254379 13.182240763702413 12.442146256716413 17.966359748542644 14.16888093012407 27.24007234641465 1.0308789813839518 29.386378126722718 4.42463498892376 2.672441112661232 16.865579435906245 13.214751273841756 15.42688912440263 28.49230406341664 2.323913327317657 29.282896403531794 26.899855599561135 11.689290383342014 14.076165880601293 8.01238275153634 13.159131300444683 2.8668578815262213 22.650244104342082 22.65808076277303 15.490162573171794 25.791283296232308 27.911693596948602 18.570641156285077 8.390093762867581 5.763910724172099 13.060677747071844 6.339726651713054 1.837275195435514 2.0274700776492116 26.532588969086 22.142492828172724 15.159689345691296 19.239589793507598 8.206632902125545 10.679674354622023 8.588816236507226 5.963658977454616 27.283546994427244 23.365788810310917 9.343548093777414 15.784066742938418 28.699154526028902 18.954765112411124 8.124527081589632 25.619660325510992 7.597399687164458 27.103896047241324 12.957112592438056 1.2192949926077197 26.675130585667244 2.471431817764004 5.432914390077825 24.29042798398379 17.770175528379017 16.048473493262478 28.798470016803595 8.611758844851355 2.2885104344946923 7.231707603525468 13.813573795809802 1.1654231318914878 19.12372273117974 19.534188583754528 18.44263568311868 26.26045911987925 28.95383145961562];


nDrivers=70;
max_D=[142 217 222 222 146 135 218 129 178 138 191 148 126 228 234 140 193 219 203 158 120 239 220 154 147 121 156 120 135 138 209 221 127 177 138 142 219 143 123 161 217 238 226 171 171 212 227 120 178 194 181 208 190 224 120 157 126 136 233 161 158 134 126 173 143 237 150 196 170 171];
        

nServices=74;
S_starting_time=[714 331 460 169 402 392 120 106 305 602 717 454 661 228 78 471 409 378 433 435 26 525 567 86 461 254 266 282 245 373 645 54 565 215 36 642 440 89 396 398 92 9 498 8 421 549 693 387 16 496 320 16 339 203 278 388 502 618 583 671 609 199 199 606 704 274 693 297 130 76 709 371 590 508];
duration_s_min=[75 110 119 110 109 117 74 67 85 71 96 84 63 74 96 105 113 97 69 105 101 112 76 108 98 75 108 84 77 68 100 118 78 74 104 102 83 92 112 91 104 91 76 101 74 118 84 96 63 81 106 114 101 96 105 66 101 60 82 111 118 88 120 62 96 107 107 113 89 70 74 118 120 70];
duration_s_km=[47 52 55 48 46 49 33 56 60 33 54 30 57 39 59 37 49 36 42 46 32 41 54 34 41 54 49 50 49 52 34 31 50 42 60 49 34 48 53 39 34 48 35 38 35 44 47 45 47 51 31 44 39 60 44 57 35 43 48 55 32 32 58 54 43 35 45 35 44 54 35 55 30 39];
num_passangers=[79 50 92 20 42 34 76 21 20 74 64 80 45 95 22 75 39 56 89 34 40 90 55 69 42 86 43 71 99 49 27 20 85 97 59 95 68 30 92 55 37 96 76 21 70 71 69 23 31 63 64 75 73 33 37 82 33 89 78 77 63 95 100 53 90 100 71 87 68 95 100 33 54 71];
BM=250;
CBM=0.500000;
CEM=0.800000;    