nBuses=88;
max_busses=80;
cap_B=[49 112 117 20 112 59 113 118 41 63 85 121 50 98 65 47 95 91 53 86 137 88 108 80 80 55 50 86 127 45 90 93 64 25 125 23 92 132 114 34 84 58 22 86 118 54 121 80 121 44 43 107 55 79 128 74 93 106 123 49 95 55 36 74 33 113 58 48 76 80 130 120 40 111 95 87 51 42 86 46 70 138 99 112 50 26 119 67];
euros_min_B=[11.399107264086279 3.3954842079304832 2.1298852682000207 4.526138838524071 6.275535978455737 6.065122181923803 5.379056121355462 7.736100925240459 11.71721530090013 5.25344892318529 1.217326119411334 4.49089723123994 5.8418393004647236 3.4654873225623004 7.627440956481193 11.451048187540907 8.643126881170758 12.655559424724123 8.790806847308573 13.725863696789036 12.199828941365851 10.357134312268766 2.6034185495079334 11.013776418610158 13.21241147757151 11.349583491824003 11.656705464864153 4.193889190631885 4.175626430501355 12.921601144630905 8.654216839699995 7.62599013893827 7.559786060610902 7.288829666788808 8.09787489244999 9.816904377070713 7.1749919779566484 14.980220793110014 14.970124510296449 9.946206620442853 2.1523454794234578 2.552595508903559 8.801786948155268 14.279486994586955 11.611612973123323 14.161773661741034 8.22744702343982 13.851285780650738 12.580266921225856 5.846590016609113 10.325304403491947 1.2223877328690713 6.623794133486445 7.274218149992606 13.68166911263231 8.614255519609205 11.298303960086251 2.8228881706907756 2.2418403966813387 12.704121318829301 10.63800987414084 11.268353039190659 9.76503912537195 4.000618074350238 2.6494475338941172 1.2857870434052843 1.503857647129474 7.357588899296136 3.1702130488903473 13.487207735825983 14.638105431344675 2.609423056287043 11.231765510160292 7.940973583946956 9.53044173493188 1.5315609485843724 2.630330266640432 2.104164912826504 8.481302007724203 5.5389712052316025 6.0403564813734185 13.291095942870669 14.638559345802156 10.800210154611406 10.523103136539115 10.964721763101965 6.185833604507255 10.724310417431806];
euros_km_B=[7.964047347784863 21.00374103050518 10.722779720392072 16.549287403779307 6.904182845943221 26.98659139948636 18.353272797153526 25.661851032722083 29.037045493508874 20.5952849040249 3.571830259633022 5.45659912491629 22.780138468831368 5.248956008034766 29.724698525165532 14.222955021742285 21.456683179944847 12.801918072794894 10.748779672725108 1.6922988876342175 6.367301587353394 12.945272767004349 16.347285835538187 22.45645831316713 2.6774749699434315 23.19279065375465 5.613525643201293 18.127237792314315 25.242359935813987 12.651231601906659 22.28419267829772 13.00081896618853 25.8072144972427 29.12920709523991 19.045305350605172 25.353074721176718 14.398259186397375 14.030081246760405 15.070858442313947 15.389758206919193 19.928102745781285 27.032826093028973 28.305708144306145 7.884773416453138 5.992691307847932 26.67468593054359 15.183780337223602 19.708914683314216 13.284435850494809 19.803559741555404 21.163708118399267 20.513660227019134 10.83153628506094 14.537576099745262 12.528910814573504 11.91777067795989 23.813553851731278 22.716273611858792 21.563926430739258 14.334665524300778 27.06818718745659 3.1411717489355735 6.024558211386821 15.676089310771566 28.604168238009883 27.40599043013619 15.822241434837464 25.673991804420545 3.602952616329655 26.197494374353987 8.400099859192501 3.750387216312078 9.268755525158559 6.062335343198522 26.604610904387407 28.555521948360145 27.239110162276056 25.07565021890122 18.73102113621233 29.52391968658396 18.94607784488893 10.562565794950034 13.603769392637602 23.59578973920505 11.237418206941513 2.116281868542512 11.996198230373116 26.96577547486833];


nDrivers=94;
max_D=[123 226 160 141 151 193 202 173 122 232 186 172 162 170 160 202 126 155 210 144 169 224 229 149 182 184 129 216 155 188 138 236 187 156 130 226 227 151 231 134 229 181 172 126 152 194 133 173 198 121 186 208 225 227 173 162 196 156 221 199 202 230 131 220 206 187 212 136 224 154 165 150 240 142 141 134 199 153 237 127 232 224 147 181 137 178 207 170 153 234 130 164 197 193];
        

nServices=95;
S_starting_time=[11 295 533 691 710 172 188 122 327 614 412 647 363 332 249 450 638 713 137 534 618 517 359 172 255 655 602 574 631 521 373 562 293 135 451 171 380 518 380 371 555 347 685 316 429 267 284 713 481 164 163 574 665 24 526 624 628 541 548 45 717 700 609 369 287 91 16 484 100 371 576 577 287 201 299 367 101 251 572 537 377 188 214 454 603 84 170 602 64 208 180 199 123 323 411];
duration_s_min=[100 93 97 109 69 90 98 77 100 73 116 107 112 98 65 90 82 81 97 87 105 75 70 114 98 63 66 100 100 110 80 72 75 95 68 108 91 73 95 95 85 61 85 106 87 106 64 91 71 111 109 62 94 116 72 92 68 109 60 114 78 93 78 89 98 90 105 112 60 69 115 73 74 100 64 116 108 107 119 105 65 116 101 74 113 65 93 82 68 71 66 92 71 89 77];
duration_s_km=[45 52 50 49 42 44 35 39 35 45 57 54 38 35 39 57 44 38 49 53 35 41 53 56 35 57 36 44 34 41 33 32 42 56 35 45 30 54 54 55 38 54 42 50 32 46 35 41 57 42 34 38 51 40 42 45 48 56 41 53 41 57 31 58 44 60 52 50 52 48 41 35 32 31 55 31 34 49 60 52 46 45 39 57 41 53 35 46 54 35 30 49 35 57 31];
num_passangers=[53 92 46 83 45 47 100 76 52 35 66 50 81 100 81 84 31 20 98 92 24 63 90 47 57 78 23 22 27 99 98 62 40 64 86 78 57 29 50 96 30 98 63 69 72 99 46 30 43 21 62 26 68 30 93 97 51 98 29 89 69 48 72 30 98 91 97 54 69 68 82 94 74 33 98 32 68 34 79 34 30 98 91 61 21 24 47 91 38 43 79 86 81 31 94];
BM=250;
CBM=0.500000;
CEM=0.800000;    