nBuses=80;
max_busses=81;
cap_B=[102 118 140 63 83 119 130 116 126 53 31 21 87 23 60 52 132 28 75 32 93 43 110 44 100 54 23 76 132 46 57 124 95 103 91 120 122 56 28 140 26 62 50 134 56 74 61 83 34 60 75 38 109 62 99 122 25 46 23 71 20 127 67 37 37 34 70 82 136 21 79 82 25 98 24 25 113 54 51 56];
euros_min_B=[3.162207867712622 1.5314596393048467 9.964739929797368 8.782806528382844 1.0168230897903796 9.263693170835134 7.990834670883151 1.5751520939751293 7.893465750607092 9.384476453767626 8.27441416112164 9.550228085875288 9.01157431457892 4.916627588153987 4.625948602807149 8.650547731699355 2.3023123571118047 2.4023618180243878 1.1718015903867836 7.556922624276702 6.052757011502428 8.250597526184679 12.136629755669722 11.504266679940319 2.7397247043863144 9.813589864144507 6.016139735847809 6.764807029219188 7.76095477628134 3.1492726048150113 14.273805094429289 14.412889395873986 5.394049989744362 8.03990426214406 12.589857826189041 2.62854420899063 14.00668381475972 10.195280387485173 1.9964582578761965 7.091446324060577 12.60078456799232 9.524291076477377 11.600468396427575 6.637260593039114 6.308400517496129 11.019322062571277 11.182547118383402 3.3267618122744738 14.326010063619552 9.229476971081226 11.393942729273498 8.653262220763642 5.163448213690179 14.170784924785146 2.1773754684911024 11.886367358652368 10.471699226133586 6.559620875567552 9.36710603570271 10.743564357341869 11.74578354968505 14.97011262677813 11.851678438592499 3.0443870905762975 8.083302509997358 13.427020190790273 2.143208967413578 2.4206522460591304 1.994005821007981 5.989777460693144 14.999517992705568 11.01151013252819 11.84966464073811 1.546362439826953 11.804330775087193 13.605406126251545 11.537968390129134 1.3555306397462263 2.3983295194125174 13.474721399614431];
euros_km_B=[14.288188680059035 23.546570257979997 19.792084708659385 24.758574360843333 16.724767741079937 13.663354746649214 26.189480271126044 8.213173899340825 29.431938932498785 13.914998929180902 1.349114877460866 12.589087394904215 8.822856098008163 10.84531535175018 10.047823723595924 8.649255281616652 1.049012693501754 7.596804010015101 23.66295404437385 3.2716383373836173 8.785490678894277 16.02908740571271 8.803833201925825 29.500854763325506 21.875470990328534 26.50543860075978 28.47041911018994 9.943069647320641 3.249348196290671 11.176738714479278 14.839806969817532 25.80955598948065 16.89671890625726 20.846897859025034 6.820975089902361 19.238460230041717 8.031962996731389 15.682103688813958 26.208761517284856 5.728013113406831 20.166824758097054 23.097289550735816 6.960565221490689 20.65196230940602 4.4930027562991395 24.982469579734406 7.192379732622465 15.321041094467242 17.258047661126458 24.11175693795396 10.058822873681601 29.708159800864106 16.626290866039945 4.440307509004275 10.305327075255844 12.323001174361206 17.914358104462494 23.35860687842061 17.927657278513536 4.67769761929779 2.11646542797977 10.586092669553077 22.491947993443357 22.025580817967004 20.470852219900145 1.8281990030940258 19.353502507650482 4.335953302775622 6.51276965918951 14.63007844634225 19.509596649836112 1.6802384784759172 18.006921763700372 25.83392770774279 22.10297074211034 22.16166824999464 7.147247446526997 18.176247025593796 10.579633771887679 20.886177075172643];


nDrivers=83;
max_D=[126 182 177 144 216 135 126 144 218 208 149 194 127 216 224 166 149 212 154 157 240 162 176 234 199 225 236 125 154 159 161 166 221 209 218 178 129 149 213 234 209 134 134 232 214 193 193 228 154 213 139 232 208 206 152 201 223 133 169 215 150 152 211 231 143 221 165 187 155 152 231 186 196 212 222 191 218 158 226 206 187 134 229];
        

nServices=85;
S_starting_time=[109 435 118 353 279 434 424 709 605 291 190 562 54 165 606 688 40 61 709 646 542 25 460 118 103 388 169 583 556 608 565 478 390 490 151 472 421 682 481 418 270 250 46 122 85 237 315 355 658 244 25 174 520 573 531 426 278 426 367 499 414 367 33 60 217 577 546 708 655 187 626 13 641 22 51 392 524 609 341 113 519 520 279 44 465];
duration_s_min=[86 119 108 78 75 114 114 115 88 78 93 74 105 80 79 92 98 93 90 76 89 108 66 110 116 110 71 110 118 119 109 90 72 87 102 73 76 107 62 117 90 103 110 68 88 65 115 73 70 112 120 100 101 67 73 93 86 78 120 65 79 104 82 100 117 79 89 113 96 86 106 79 100 116 82 99 72 72 117 118 106 87 67 99 78];
duration_s_km=[54 33 44 44 33 57 53 49 57 37 58 51 51 36 57 52 45 58 46 46 58 41 53 38 46 44 38 36 40 37 48 33 39 45 49 55 60 59 53 39 56 39 44 52 44 31 49 33 48 39 54 50 36 38 45 32 45 32 58 54 36 52 45 56 58 32 57 36 35 30 50 32 50 47 39 37 44 44 39 57 37 46 35 35 43];
num_passangers=[22 72 28 68 64 73 52 85 23 43 41 62 87 73 40 27 88 88 29 20 99 91 24 69 23 61 36 66 83 32 77 99 68 40 96 58 54 59 93 46 26 70 92 82 96 44 63 67 43 58 20 44 29 59 68 85 58 72 37 93 38 99 39 55 44 53 20 57 40 67 99 31 76 34 53 29 28 20 57 36 26 67 42 93 59];
BM=250;
CBM=0.500000;
CEM=0.800000;    