nBuses=106;
max_busses=105;
cap_B=[22 46 59 126 78 71 57 65 78 96 77 108 23 137 95 70 98 33 50 27 46 34 87 118 138 109 116 78 66 91 122 96 123 135 128 45 134 48 100 116 120 110 63 58 123 53 54 69 137 114 56 34 89 116 90 79 55 92 91 117 34 78 79 64 30 83 107 61 94 115 133 134 34 136 132 120 89 126 136 114 69 112 72 115 85 48 46 69 120 66 95 98 104 39 135 29 104 82 93 95 74 70 51 49 124 70];
euros_min_B=[7.452548205961431 13.177397357029964 1.0449671597663095 10.123348629233075 8.012719841306723 13.807313695777937 7.601689535597959 5.528070392685835 11.260298169859887 3.6934196523315515 7.187123534721386 4.998149865232783 13.459953605440813 4.164464473647157 5.717475183399705 5.149880160602585 3.8363243020755324 14.496479615451186 10.07000940244248 14.921375118942803 9.791918139363158 10.05675972911725 13.42754264658454 7.61440983660565 10.887410322742076 11.588447575304354 11.941818301640877 4.999454916086524 10.944758091330892 10.154275256493769 4.793134096127492 9.745662281868082 6.974013354175317 11.937363646147071 1.6434937244133418 10.680309677936226 7.692465808481716 6.510657298188693 10.723452528748542 1.4753357475931987 6.04682509217196 9.736135995710438 11.258807488276489 10.96053169822438 6.530231178086142 7.462488285044198 12.47467214769359 2.786313593461877 4.335458064183671 2.5800760064568653 8.575126128136615 6.275530305544969 13.38880492536964 13.715895366483158 9.71783569354463 5.380527487667242 9.014027422330784 5.839666014279972 6.550960434234113 11.982859563762338 1.2845895580651034 9.101566242564921 5.930504315751371 6.655407609250554 10.58796216905721 7.091247645571421 9.302902530143712 2.721682858091161 8.228785989315108 3.3444754218539154 3.784298980503515 6.633961155343911 11.758614040910196 1.8304331427654645 5.036690354710467 10.18226696125471 6.896476097142962 11.314742266472756 1.8563147677310163 9.878702593842316 2.9984231916030835 2.372605863989458 5.933877943732914 1.9606431421734245 10.400571679731975 6.37272803641651 10.851015398037836 12.68687077336466 6.679856513761405 2.443868370261728 3.6258523214059926 4.063672556835383 7.717396641109043 3.813126324087593 3.9328552791065565 6.167040685491024 3.2550845936255435 12.151811696098902 2.3476907080919336 5.849822399853901 10.313302811786928 10.678911727494159 1.396450596332131 3.2044697737482375 5.498739638360784 9.745793954143391];
euros_km_B=[20.329912889537805 18.296057181971573 28.093507745406253 29.45573659177324 24.147378139412194 22.010445491715366 4.447539413413758 15.824893021763819 6.1898857317292 14.09225391817627 17.30912454028859 15.05851227893395 24.627630010456798 23.377333388414076 15.423556182055968 21.596252513034376 18.076991215486174 21.610857221228965 9.938641477463019 22.430664700907517 15.254094349024415 26.979523453739343 1.3006347731504535 27.18392675705423 15.494836564375271 4.329673223930208 15.148675123079364 22.96885665191458 19.41426114342616 10.965525592248465 6.891085408195991 10.801343251878365 19.0841959809535 4.827485877596962 1.6390842807452861 20.84395846558127 28.340759314046203 27.574026360773818 17.83465914385317 26.43534930270497 19.515328634472453 23.700873389379943 7.992947533409527 15.625225566572341 16.067448228644015 15.965662837574891 16.42807687894539 24.68249070536406 24.40757684690079 25.707258253818203 21.35271777374228 14.25968991199227 27.676213959640915 11.402041315126132 19.30509817113865 11.119750691648457 3.479249842213079 24.648654475231353 6.314786846761471 26.389120381700863 4.350867380041283 22.832194757638064 18.667256633743712 9.764023011227254 26.445373340350532 15.857989759590215 18.261615954832887 28.277494047344618 12.311558975475405 11.351345385715064 21.293677349111263 2.2449856499038465 23.36358795238562 21.9327369603707 20.34182644969897 26.01229355205517 17.388909284918373 12.248571037977984 26.07403304253248 1.3697184530469815 17.044205618127123 13.027717974247798 17.995832490490738 16.517016619300055 1.5379343906617091 4.839722137304197 23.380257936813898 20.043540581781954 6.243267227937744 25.17655315086329 18.257116862465107 26.85800734366681 28.57223481348621 23.238619578567434 20.125235313323472 10.01921703169358 8.182416616684076 7.358938214122067 23.342809768469262 22.58839167210996 11.614900851881607 8.607240945723305 5.289339503165297 14.01191868752769 19.714726643418704 12.315849611406177];


nDrivers=104;
max_D=[231 221 199 206 220 240 216 182 197 139 161 228 224 126 136 170 215 202 159 210 225 153 222 224 211 139 130 142 135 189 240 160 176 154 168 207 209 159 174 176 218 191 133 156 239 173 223 189 174 165 227 138 212 180 122 165 175 192 123 240 139 162 128 148 141 187 202 142 142 151 237 157 195 132 174 240 183 157 212 185 167 169 159 193 189 193 195 194 132 122 155 238 202 178 128 134 176 205 170 219 179 122 198 216];
        

nServices=109;
S_starting_time=[238 540 459 151 446 301 21 186 239 596 494 660 224 377 532 606 326 64 609 475 353 44 671 418 75 688 476 194 1 396 707 380 102 163 548 563 106 164 595 319 572 665 324 631 708 110 509 674 195 626 265 62 282 259 413 532 257 353 316 672 378 719 132 520 142 615 267 561 693 558 159 442 392 109 60 2 587 407 155 497 417 315 628 513 137 237 584 174 456 583 467 615 355 168 181 112 11 182 691 79 266 76 287 58 100 718 403 329 330];
duration_s_min=[111 105 91 115 108 118 117 77 99 95 86 65 114 96 73 61 61 105 120 116 63 114 67 104 61 71 111 69 87 118 84 95 115 102 118 80 117 95 102 83 104 120 84 74 94 73 104 66 98 60 61 85 114 85 92 86 86 94 101 116 102 114 99 110 83 100 69 90 99 105 113 111 103 61 97 88 110 105 89 72 85 77 102 87 116 75 87 117 108 94 99 62 104 95 76 100 108 69 111 111 93 100 116 120 76 81 65 72 109];
duration_s_km=[37 36 56 30 42 32 51 31 53 44 59 31 45 33 33 43 41 38 30 52 41 36 34 49 54 58 43 50 55 45 37 41 48 45 39 60 54 50 41 37 33 33 49 43 41 60 38 37 32 46 56 53 33 59 54 55 42 31 34 35 51 58 54 32 53 42 48 56 53 39 42 36 53 36 54 57 39 40 47 56 32 50 54 53 31 31 59 42 60 31 58 45 60 44 43 51 55 44 54 31 39 35 33 52 59 51 46 45 47];
num_passangers=[89 34 86 74 31 51 76 47 97 40 72 67 92 25 31 61 74 52 44 85 73 63 44 27 59 39 49 45 99 33 59 78 88 28 49 58 32 56 32 28 62 20 86 36 57 61 40 47 25 43 74 46 37 25 52 27 53 46 71 88 63 75 81 42 86 24 87 54 33 81 63 22 21 59 21 44 32 73 52 34 42 52 79 88 46 47 81 54 61 46 78 40 28 65 40 95 75 23 77 66 66 71 100 63 44 44 54 94 91];
BM=250;
CBM=0.500000;
CEM=0.800000;    