nBuses=77;
max_busses=69;
cap_B=[140 114 49 139 75 21 46 53 20 31 127 64 22 58 121 139 54 122 57 56 55 105 53 20 45 103 62 38 95 117 98 114 39 79 122 61 57 40 133 50 31 43 77 70 48 77 33 117 81 70 32 118 138 113 20 72 45 61 60 96 31 94 139 127 24 80 100 96 81 65 74 113 74 96 21 102 84];
euros_min_B=[14.885630742454772 1.280882809876607 5.681634145262239 8.981544816557314 1.8341223402192395 10.156498159270136 13.330370922175655 12.987183647460181 3.2058175568301213 9.571520118503573 3.8000239679638397 13.485476492484606 8.335479821821906 12.172584286261973 11.825994720823314 8.841995795574658 9.41603986622179 1.53996018872479 5.968127796985357 3.211009411143694 13.291481698035433 4.649162380221531 14.034456716397534 6.732079464733353 10.368677402467185 4.787670375438031 3.2865856914903393 13.319367269025769 5.315385144561114 12.47524689713722 10.323843872069725 2.6074813617344663 4.974286115367219 9.935482241852633 14.846410925544426 9.629023804006515 8.991953728971687 9.440044426768548 9.995370918428591 9.388981088711116 3.65105327098507 11.606560922776643 11.480110947163396 13.373040207036492 6.723986394861666 8.848038891833834 12.15581919183346 4.497340253496657 11.507066898354507 7.395059705787418 11.730114940683656 2.733907311611233 12.653359228024474 1.576209922933315 7.331043279592675 3.969211130388705 8.336418285305328 4.136301958192852 1.3593790849333576 5.388824429552329 4.926021833129534 9.377264759433817 2.858996221454581 1.4452960099023242 3.705977170378548 3.022131953424469 5.598113139991911 2.656560327453934 5.741604673720414 7.28532478102892 10.990924657421907 3.821830933663736 12.822395463840564 6.891947938490953 14.147471921580063 7.579777027939255 9.009237865338195];
euros_km_B=[5.986407779467315 28.331859813968766 4.340949166785848 9.61947243317072 29.853516720909774 11.635247617692064 5.801322494715629 1.4471588762431358 16.73386312333102 28.78364743045306 15.857938636245956 18.517572340735594 26.22260885707951 25.907597794559365 9.934294104689211 24.759786441493482 24.52618339750138 3.8165982455408276 25.174373340573187 13.258162348673588 5.542707382747805 26.739512886618066 20.420751760826036 20.895595605240892 24.87710937703777 13.298524463686858 15.855379222819016 20.189285695068968 24.73755638500211 12.65518005820545 10.613527672883025 17.905209823866205 28.0079493057319 27.780495735022626 2.661933300027303 15.910495278845401 19.671139077706115 24.950629495407302 15.522656677098048 12.426159949588108 15.931687376788943 13.351766870579151 24.80397835565147 18.428584483309642 21.562497253684203 6.4362163214414 5.485638797295547 7.551456093263035 24.8907036057393 24.331611323956555 20.651969752627917 1.0905653858755748 27.5748979133661 10.014936192416288 26.53833663247609 26.807240369501255 16.24650830690632 18.108779147997556 21.89749479891844 25.02515695305155 29.246416191382327 23.14294250667932 5.553881471016707 24.964092271458718 28.64150025210592 7.576151222179077 15.13776594223056 17.96797420196088 13.720183317756641 5.49672015057503 17.08916472241813 26.538278047605615 1.0070827698166052 28.84581460807457 23.330731915406 8.108261954949196 26.34921585065716];


nDrivers=77;
max_D=[205 224 125 234 158 228 139 214 138 240 179 217 170 214 165 228 147 162 188 201 203 139 182 208 178 226 200 164 167 193 193 170 120 154 194 150 230 201 198 215 176 151 240 238 136 232 226 233 197 145 139 240 176 159 188 207 131 175 149 212 194 159 147 179 153 199 148 130 138 194 204 211 140 144 149 207 200];
        

nServices=81;
S_starting_time=[717 582 651 345 694 195 18 422 653 232 550 286 516 19 410 37 232 693 581 245 520 546 480 603 377 363 296 624 303 714 298 536 599 422 30 443 553 525 605 14 109 636 205 117 361 332 359 191 299 49 643 548 403 369 359 499 485 192 244 294 470 705 261 612 294 109 690 499 679 229 160 227 562 172 691 299 93 220 398 453 418];
duration_s_min=[73 94 101 113 114 81 64 120 77 60 100 72 68 90 102 71 99 80 76 89 86 111 87 109 97 64 107 118 95 85 102 92 112 94 68 74 64 65 64 104 90 102 118 89 106 66 78 80 76 103 73 81 75 73 85 63 76 104 101 120 93 100 85 117 105 99 87 76 98 106 89 101 68 90 92 79 71 108 87 86 99];
duration_s_km=[30 43 51 55 46 53 53 57 60 49 46 49 44 35 51 54 57 41 60 47 57 37 47 33 45 48 43 54 52 31 50 59 30 30 35 35 56 31 49 47 34 53 59 56 32 60 59 40 41 48 37 58 42 40 60 44 56 52 49 37 37 37 31 30 37 39 53 43 38 51 52 36 59 38 42 52 40 58 44 48 33];
num_passangers=[21 33 54 38 57 67 93 34 62 24 40 28 96 89 38 28 69 40 48 39 95 64 63 43 67 52 70 53 32 80 58 41 51 26 63 99 71 78 92 28 86 73 57 81 21 68 43 80 85 61 45 59 25 64 49 78 77 57 46 96 75 48 97 93 63 52 72 55 38 87 77 46 56 45 33 88 24 35 44 25 58];
BM=250;
CBM=0.500000;
CEM=0.800000;    