nBuses=125;
max_busses=114;
cap_B=[73 112 43 69 30 45 80 103 21 107 53 80 139 50 105 90 62 51 75 107 130 40 52 33 37 45 90 96 33 77 76 59 75 48 123 95 105 42 123 93 133 95 30 122 81 25 119 122 28 69 64 136 91 77 47 35 126 112 73 131 45 74 110 121 66 109 91 136 127 21 63 37 100 56 42 86 77 82 50 83 84 66 83 59 111 32 81 44 23 46 136 47 127 28 27 43 104 101 95 122 96 32 119 51 88 67 21 65 107 126 127 112 73 101 47 125 66 37 110 105 35 134 39 100 114];
euros_min_B=[5.49152165856717 9.649303043215646 12.78107949735119 2.76311039109725 4.166276552766669 4.049498470354352 14.164499330722684 6.052204807321261 10.578903526625453 5.484940206361585 13.823897146018313 1.599664756520924 10.9750754706962 7.4548722226805495 7.825654333744666 1.7127921723954853 2.9014345527607874 9.298409245326457 1.4226563940612227 6.591272658892057 13.290343123972013 13.212773770428967 14.859207052597704 4.362615709567391 14.735618224980252 4.056688025809469 1.6304459787497918 4.701480520347813 8.904677523661466 13.09279051439929 13.274531256087064 7.578827473506478 10.496914319082427 12.42713442087733 1.164567914533074 9.58413209863144 10.746645714894443 4.7427264242275 13.342777487821483 14.374597225865962 4.629853367405047 7.039399691214905 8.565068441810219 3.2525124456608907 11.73503830807139 6.24814828142986 3.04133942996629 13.054493964706204 13.985677441214063 6.848659561499822 12.074278007154037 10.371904334879625 10.52594070869829 9.832751287542534 8.684975013758798 4.175862302574675 7.0330648524411945 13.406720272649004 8.974112480114211 12.880363679385487 14.102694862774833 13.655969020233604 9.116751241362188 3.215298051822959 13.178937618625463 2.412948649186549 1.0083923024959387 4.727030835054366 4.3051873848357545 12.196398475086385 1.3713628056132865 12.980170734476335 4.065892123854079 11.23041216070585 9.757547932900914 2.7058246270920314 11.9309970355551 12.040221126082258 8.565725243536825 14.033654391318892 6.626740597498755 7.996202909146514 13.303917534094559 12.301812032253503 2.8960414248497615 12.766478617029719 2.9220492526602833 2.610170614093378 9.073946521771305 10.71499565638448 3.2164284994262475 7.833407302958534 11.315704641697922 7.38856847716547 11.016298925838456 8.592013577791356 7.590182561378214 2.934916768878462 12.859656430510354 6.088528486848544 3.079664323452209 1.8282476326282613 9.919896308311582 13.925615959599694 5.6560243547546065 11.590359738519936 5.029114456412788 8.730398105031913 4.6984936059497 1.8268466425055712 8.611516125015205 4.620671739350722 3.380120330286256 3.9530639356060853 4.303128186084772 9.824551677256649 8.531916447002583 2.5160102202948815 8.674871038043923 4.215942024126765 1.3408090681546496 9.514867953691104 12.458123075841298 12.97943024482733 10.566497420633286];
euros_km_B=[6.1848692978460065 29.201559763421745 9.956798777136923 14.400325962790706 10.056847245215378 29.669979215804613 21.40550839696229 17.045798214763884 7.306918716931904 6.939441303221059 14.50033594010717 29.72483501459632 23.856457378694536 23.790867927617445 17.135160035857748 1.8842197164826693 23.772040551979778 2.6781544372123607 14.122634503412835 10.669676623397676 2.4973296737210626 28.540363281936376 22.332921612093397 20.262212924066898 20.12999918942943 3.5046288687760425 10.678700506351557 4.051749791777485 20.287383267032176 8.930885963626553 27.175503607858047 22.32601005931512 19.071113867950658 22.76787036480585 9.520327060742048 6.1432056821268635 22.931038640509467 19.580645413940253 17.99872857393748 14.557278901505326 9.796690990206082 9.304635140000752 12.287293719872512 19.529690042637867 10.81071544350169 18.733373328916553 10.412223676947583 9.672233065561507 20.311757061370244 14.00929390487765 2.915242997155737 13.593374484595689 25.848361689698965 13.101406063490627 7.254425226582999 18.631008449417802 19.562298525594645 19.44503641041101 6.750699702264093 11.258693390469618 23.718476625828927 9.508301870212843 22.31329582242215 3.146437376844612 27.860925208575022 18.118752755371254 8.398500569686732 21.360994391556115 15.156869863848485 23.947829771511394 10.141611032365548 12.095072595149807 13.431159429395645 27.672293873048087 21.103723771763637 6.41443590539225 8.238478045667435 4.1022298043417855 15.939168389595226 12.447022620612506 5.876950982660141 27.85204838452234 3.0528752577189358 7.5876719594569755 26.041833835114893 21.789923576208206 11.772919777009143 24.57796691877416 26.08608467153992 19.15437731538926 2.6395032432864522 3.5760760360521178 16.53224054905189 13.508749502482715 1.6454395686012275 5.5797913789191345 20.685579052420746 25.62557181131978 2.964972102276125 19.06164999132603 26.870416541185993 21.052324224014342 18.736513639680357 25.903225722348562 6.904795265409511 1.517543711838519 12.955932792034284 26.391771407515915 2.7284704526445935 21.709084736413345 5.60492490080499 19.45877898600713 13.87486915354858 12.369940679839797 20.930823384558494 2.0112597475169363 19.565034961751724 27.504219613849617 7.4618993873548725 11.822850688672803 22.114198514162968 21.154280954777352 11.21015639749264 7.5421008657985915 17.818069255264565];


nDrivers=123;
max_D=[236 175 123 152 146 213 222 175 218 183 193 218 163 240 199 174 166 207 218 133 230 184 186 166 211 237 126 152 196 199 136 174 132 197 191 231 172 162 224 224 202 219 187 171 126 211 193 213 172 136 195 213 167 125 238 143 174 135 190 201 121 217 238 149 187 198 204 207 127 169 169 173 229 168 140 230 211 188 195 192 177 178 187 182 211 124 120 238 140 171 165 205 226 207 181 226 125 223 157 222 123 137 161 203 138 149 147 238 122 156 138 189 170 192 199 146 162 236 154 176 203 224 226];
        

nServices=126;
S_starting_time=[585 395 150 194 627 23 119 202 311 190 525 154 365 41 463 656 339 191 536 510 187 385 83 169 12 471 351 22 434 595 487 710 224 37 123 490 105 592 344 532 548 517 664 493 630 258 548 241 582 251 427 381 578 691 716 78 352 31 577 185 136 219 137 73 630 364 312 312 227 447 88 321 134 245 35 632 20 80 666 383 618 372 390 16 666 464 215 245 456 29 578 211 313 560 514 28 391 87 49 295 63 180 612 84 146 345 346 670 8 175 368 421 286 437 661 563 701 222 412 272 342 431 535 561 28 322];
duration_s_min=[118 62 92 114 96 104 84 81 62 104 67 61 105 85 69 115 85 63 98 69 73 69 73 97 70 120 66 90 98 120 110 86 73 87 96 83 103 99 115 62 69 107 84 98 73 113 97 111 84 112 63 100 102 64 93 116 72 101 93 68 118 99 102 64 103 106 116 60 93 65 76 102 60 100 83 91 89 113 61 96 117 60 118 109 93 99 81 87 112 69 86 62 106 64 89 87 82 110 83 77 92 120 101 100 107 110 87 80 84 94 94 84 73 61 97 92 71 112 68 99 68 89 79 84 90 82];
duration_s_km=[32 30 60 33 31 50 55 48 45 32 41 41 49 59 40 39 31 38 47 46 41 57 43 40 34 39 35 31 49 32 32 51 38 40 47 43 46 56 54 34 40 50 46 45 36 30 50 49 55 32 60 51 52 43 38 30 54 47 40 60 53 35 54 36 36 50 54 57 53 44 31 51 46 55 34 43 54 49 54 41 55 39 38 41 32 39 30 49 58 60 52 44 50 33 43 31 54 44 42 44 55 41 46 55 35 48 37 41 31 36 33 40 34 60 31 38 52 42 41 38 33 35 38 38 49 53];
num_passangers=[94 30 49 85 24 73 65 30 52 86 40 60 92 65 89 25 51 20 57 45 75 38 74 93 65 98 66 82 62 89 25 75 42 40 74 98 75 76 69 39 97 24 87 83 84 46 79 76 71 84 23 78 100 50 62 88 29 51 29 84 68 81 39 21 92 74 71 45 46 64 28 41 85 79 72 46 23 76 36 63 89 33 91 45 52 41 59 69 95 45 92 84 100 68 36 40 69 77 72 52 31 34 94 50 68 27 94 73 84 39 58 26 23 83 92 84 92 91 32 51 70 72 62 63 66 65];
BM=250;
CBM=0.500000;
CEM=0.800000;    