nBuses=120;
max_busses=115;
cap_B=[99 58 120 94 70 26 30 88 73 35 44 120 77 52 131 120 62 128 77 67 65 34 138 47 58 84 27 58 65 64 26 40 71 113 71 56 86 94 62 37 131 28 58 136 27 37 125 102 68 34 55 37 30 128 98 109 78 56 79 92 59 91 113 61 32 89 52 70 138 78 49 36 116 46 47 100 45 103 30 25 74 84 106 53 72 110 31 57 128 59 90 104 87 84 107 78 57 102 109 38 73 136 26 133 135 119 61 63 91 81 33 132 87 43 48 69 38 25 40 31];
euros_min_B=[1.9097099320421984 6.58165361566026 12.958317301939529 14.379291357019447 8.779766280880413 10.419855453157707 5.641839193209222 4.716077869764573 12.104790700681907 12.375145646218778 8.371666748367886 10.83275307623293 3.346125706972999 11.67787149453887 5.614363541980058 11.338450601516533 10.513816435310002 9.007440631961424 14.887339897570179 11.256279857789687 11.014025336584169 9.758742894250725 14.776327827774518 9.68933379107987 13.45921084309906 9.393027452551516 13.55207395318634 4.479102888565497 10.539789061351327 2.641343415802532 14.858455591998885 1.8776791933372614 5.424090380699174 1.8881898017795156 14.36293573229963 6.143359535583841 14.416534737835134 11.977845844936656 1.3568082300079432 2.896707609307375 9.398931423764578 3.6057463587074574 7.326826233501029 13.077262288638254 7.025850983552624 10.107725592343499 12.582437847166497 14.645482796652132 2.175897024484704 10.839407150945659 3.045845632648027 7.886558631558566 6.08814043944393 11.210206074022906 4.616875183734797 12.607903656905009 8.829556697451162 6.3878998061247785 9.937076755001645 6.587918182495484 4.741406258929611 12.01077112480243 3.7477409066833873 3.2643684352421243 5.4250248186177465 14.297962590356317 5.607949185486536 14.443535986730087 10.935577850111102 6.581003916829427 12.78733688645696 8.415444614546033 3.2512030657836237 11.757585653907698 12.192848399563102 12.747609406895982 13.656118632377447 5.468815462183256 4.870461556513291 1.5464634685035736 6.007158126068159 4.346416501921962 8.60748750505927 3.7412103444078024 10.941144361594674 12.487311419687545 11.708907373926145 3.007632856850524 12.150837556216574 13.879496627010285 2.2333707114974684 3.151836879543351 13.448298147759868 2.524014611156028 4.785962846505097 9.130876446030708 14.587300344486732 4.192960516149522 10.114486795087569 3.7779765846607516 9.482991462960051 1.1152081206254516 5.642898370395895 8.93242154642524 2.4744118245714786 7.586170034964096 4.707212700490933 6.828697697962844 2.289119870995155 11.110031701403175 14.585329706593138 13.165670413661099 14.623134437919802 14.931608072121403 11.587426502797562 14.669930352124986 7.994498231497596 6.076687795432099 4.357865008815816 12.354602006970296];
euros_km_B=[17.845776910093107 23.95067719735474 9.982176732151098 13.982336542715561 10.249348972044343 27.14276973132657 13.970549247283213 9.79331940987898 8.569922143386068 19.276381187498348 7.980152322510952 15.23106262383378 29.14159031492445 11.114885460379156 27.439608382016196 7.680851630183899 26.937140033136846 8.63401690239062 17.304354655661488 4.146221155244463 7.804017935816599 2.928149908246759 8.676083635663819 6.016634297505213 25.448551904436524 5.51315347016969 27.446416488525887 21.60372140903212 2.2370374940416142 9.115158069340007 9.491501184547532 15.190926835395413 29.091891046719304 23.782472613424154 14.567526175795177 2.629202620713201 22.774005792257142 19.580172270611072 10.791517574869376 3.1048837088394152 5.601971584558698 2.5057752152828807 23.279421150067737 20.518768727210514 4.931963700771307 9.373156948452548 23.700995540826337 19.68739812929904 4.451965247429746 26.952496107612042 24.335911611932268 15.713633641256731 27.779864795263347 13.707810223851283 1.1742309673118596 17.764306765851654 6.380425620407885 6.4018354140294225 16.22557674921056 29.990181479237318 14.737465037034623 25.488737339884235 11.485842400777253 7.52666865303933 21.209664680034503 15.526328327508189 1.2294505580914135 15.964822004694701 3.99061537709085 26.144870563666185 27.17835423148709 9.942455054799181 10.722666345004564 19.81537678623166 4.292136275797368 6.191808177328494 19.477295773501364 9.100818085642123 26.32710125269382 19.075889999963763 28.19811114970895 5.612128250155304 14.776808451260786 20.846602554942343 18.420614022271014 4.194211552785304 2.8679816591661087 12.727795953312775 8.425738822756514 22.854654906577302 12.459568615117368 2.0072758083689743 17.494157396239235 18.260958960035342 20.836056640189685 12.068522785369208 16.777372889369524 7.810316269436898 11.074016300022924 28.287563618657686 3.5537347792344907 27.23289993610517 24.671250774168158 16.55502722326325 19.668493567416004 17.576826110851307 8.747959090379707 19.529396008862253 14.257194507737395 26.40082805099878 17.8646328605721 27.126105490293277 10.879166092109037 13.965422484339738 16.61286247745754 22.755968297914112 11.85780215301315 28.868851233048744 2.82966959946578 2.209049107943274];


nDrivers=124;
max_D=[123 209 155 207 139 120 199 223 161 208 231 169 143 221 159 216 200 126 132 189 218 222 204 189 141 182 227 184 132 137 197 131 192 213 190 179 167 160 196 141 121 126 229 173 153 185 171 137 191 174 208 181 215 160 203 223 123 163 146 192 164 121 239 186 125 153 186 211 232 136 189 161 144 198 183 178 224 174 185 130 177 212 212 230 143 220 214 137 169 158 238 168 141 164 219 219 230 227 134 158 155 177 200 155 173 164 226 180 166 219 237 180 234 172 130 165 155 181 220 125 190 196 137 190];
        

nServices=125;
S_starting_time=[3 280 133 87 42 652 352 5 641 376 643 52 302 500 364 265 583 341 494 646 620 261 446 372 459 445 549 54 221 681 441 715 81 686 38 598 539 434 311 499 379 555 61 474 272 15 6 400 246 592 674 220 488 403 513 89 288 515 72 198 440 54 540 296 307 101 691 459 640 130 175 611 485 422 687 655 693 539 375 336 639 324 514 56 281 483 35 606 668 536 625 601 513 373 373 645 351 219 383 548 261 414 131 377 286 646 436 37 301 53 387 480 232 568 199 206 545 291 73 425 81 184 143 63 555];
duration_s_min=[66 92 60 96 109 101 106 98 91 74 66 62 97 84 105 112 102 79 62 73 80 88 72 107 61 97 61 64 82 92 65 64 74 115 88 98 101 70 87 106 82 99 113 92 95 90 99 71 98 74 69 113 71 96 110 102 89 76 67 71 101 109 79 73 95 66 67 66 86 63 84 104 84 107 88 99 100 76 68 114 79 85 70 111 110 110 88 84 67 93 92 65 109 71 77 110 94 61 85 72 97 118 99 86 102 91 74 72 93 118 102 64 94 85 64 88 111 79 113 74 82 72 65 74 112];
duration_s_km=[47 60 42 56 50 55 45 46 39 43 36 39 46 36 54 45 58 56 34 33 58 34 38 57 59 57 51 54 41 58 37 37 54 45 37 46 31 54 42 46 34 34 42 40 48 40 58 60 53 50 54 44 50 49 42 36 56 42 43 51 55 52 44 33 51 48 30 35 59 36 60 54 60 42 33 44 36 44 33 46 56 40 52 36 49 33 39 45 37 43 37 44 50 54 35 34 39 48 58 41 42 43 48 49 56 37 59 33 31 58 55 57 38 37 52 59 37 37 52 53 46 30 54 34 42];
num_passangers=[45 78 67 98 53 56 79 43 34 51 95 27 59 49 92 26 81 34 92 21 81 24 97 95 52 66 47 46 79 70 79 77 57 61 29 64 27 37 41 20 42 48 87 87 95 94 57 44 58 100 57 21 27 83 37 91 79 57 20 44 54 91 67 62 81 37 79 71 57 56 57 94 30 56 64 20 88 84 56 100 58 97 86 46 91 79 75 29 23 26 74 39 79 100 82 78 65 63 54 59 59 80 95 83 81 62 80 41 56 40 23 72 52 50 53 100 28 38 46 80 31 55 27 64 90];
BM=250;
CBM=0.500000;
CEM=0.800000;    