nBuses=109;
max_busses=96;
cap_B=[47 113 113 30 57 79 91 123 113 132 101 91 90 56 79 26 122 118 89 63 57 56 35 138 112 121 97 50 131 37 134 78 57 56 52 37 139 52 133 89 134 120 138 137 51 134 118 92 56 31 107 68 90 90 81 137 74 121 127 124 81 84 110 43 27 60 83 28 26 89 102 68 35 127 98 90 130 129 38 129 39 93 84 58 113 39 81 56 36 31 66 121 134 125 71 39 112 81 102 64 86 59 137 85 135 99 94 131 91];
euros_min_B=[11.802634918078097 4.168926692188931 1.9900175180703155 14.898417418718868 7.079950474526121 12.09075804608386 4.165995364138711 9.158260654135946 13.882308411108 1.0296668038996957 9.91273188260737 12.85152432133419 2.657487073974954 6.478528006730296 3.489726481524852 8.570891619305126 6.390454056014994 6.200137936701458 14.993696919389008 13.375426480817925 5.980469747534104 9.578727838588948 3.3576116919037933 3.904804862182467 3.539052936342658 10.532322067008765 4.576760549473217 6.342595678411969 3.451497780825647 1.6938561118271807 6.4007422660466196 11.194768154478368 13.461956692057349 9.875567202215736 6.648858609856004 12.952885174364994 9.295267291441363 9.764608163093905 7.466349022945854 10.649494341124617 8.990146472567549 1.1881546275205497 13.347593963044616 3.863257023950918 6.87938303846023 1.3696151506866197 9.29601136354469 8.423097730189511 9.908040274653558 4.197033753575947 6.819437469613551 1.983340502223016 2.4655230428850645 12.711388198372266 14.002227484686536 8.688469035999294 2.9346670312989582 11.558195980127758 8.417780067876748 5.36606983344401 13.264165731496472 12.04121388403994 8.130978906452526 13.24248670196372 3.2212249215138695 8.793294987706656 6.301658496706175 3.240080023860375 2.143555068596317 9.017014534912605 2.7230982006916378 2.6885750008542235 5.748447603537434 6.189542230107661 10.00586045889359 7.610638888722735 11.823004567408601 14.566092432471171 3.0530074189159175 10.757441353130591 5.637189176346369 4.614497487785821 13.67155810234332 12.45785254873725 14.785292314219806 6.3379573357110734 1.1148652407322128 5.157600011860863 6.348890969622412 9.195071044628328 8.082367954442903 10.341450455482411 11.428976392119221 7.0070242298361265 12.68873923145812 4.91443822234336 8.32936033375923 11.003084450732722 7.884412269413139 8.39767394364879 8.997121968158464 4.44128600971263 5.810563467299897 1.4355277157863013 4.200427159772524 9.475526031477141 10.726689338689926 5.57482301306065 8.21421229591496];
euros_km_B=[25.89409468905535 1.4191673635066975 4.642811504443429 12.523413664019376 11.902670476598361 26.114935626402833 28.184364048567502 7.335053521547026 3.887584267574038 1.112108361423576 6.773821615001974 7.259936418166636 5.238275199454162 2.4965437290549013 5.543073775093071 4.156121781471098 11.889812343663095 26.214992301030676 20.557250331620423 3.992005528527557 6.551484813061399 26.81590900185162 22.432331463874334 3.5922065007030675 10.122864994546347 14.417826011382918 17.76289029712924 22.406371999562307 2.610375988449669 11.692196466501953 28.249113370176882 23.775809550982935 16.153118801744654 26.615137249871793 25.77822807560458 3.148984119239285 17.4419198175408 15.379754002123155 7.649954781600259 4.420159268927414 17.901388905559166 29.769409178902322 2.755333812452648 2.1673310289781966 10.515813170290995 29.942358159039944 4.245816971420933 4.1834510651511865 13.37849262732927 16.56261608017298 2.4765516694098073 22.895750881937538 23.532393705277272 4.778155535100655 13.076603856178373 25.394529566988297 11.182361002727157 28.123146979380117 26.650100411315496 14.059719249346799 18.432869144574767 23.49463108507378 25.693947753596067 15.620354569398147 12.391144376972896 12.876210299690618 25.354706564908593 28.14775305017953 29.929612254114957 20.273476907649783 5.9144408546833604 26.58036371968263 9.035624182400962 22.060783044834814 13.14948088757812 7.1450379396524095 13.000227652881547 28.55194640377737 3.8022158767798118 19.834309746145504 15.117454210521844 15.441824326571496 6.4879285336777555 28.774613953000774 17.678318532090465 16.9765841813317 18.405923065075932 7.262204765571789 25.831787064185633 12.206281126386495 17.01014214256321 27.938693912775456 6.625833280019984 9.16624727052494 24.23571720451033 24.48904469578847 11.190093920326895 2.2967402039652565 6.727719786301117 13.27373670701244 12.605802954322838 7.432775821758304 21.69674123092532 2.373178238759568 29.24852206290751 2.852212341685797 10.90587713782278 13.641336568400375 2.1832646863721727];


nDrivers=107;
max_D=[210 136 172 201 215 182 182 210 192 139 167 182 239 177 156 162 214 187 132 215 125 150 194 211 167 136 139 125 196 222 133 190 223 150 168 149 197 225 189 148 227 193 122 203 138 206 173 170 125 182 161 203 130 168 131 152 129 153 158 154 136 185 145 168 153 175 181 202 186 229 160 181 193 180 202 203 221 136 164 121 224 210 127 140 186 232 200 239 144 143 237 233 188 164 178 152 141 145 138 169 135 184 210 177 136 120 232];
        

nServices=110;
S_starting_time=[686 366 281 343 107 343 706 531 262 215 82 516 359 469 60 161 89 243 690 571 555 719 3 597 419 585 187 268 696 458 278 85 184 266 681 172 241 115 592 354 177 522 26 319 100 207 44 574 5 680 40 367 407 289 50 41 389 522 575 22 204 674 693 349 86 239 651 626 57 224 605 183 612 433 676 177 261 143 312 637 68 536 25 578 484 311 629 104 8 716 5 663 589 445 566 578 93 679 310 43 305 427 342 109 97 184 450 48 140 161];
duration_s_min=[74 118 83 79 80 71 111 81 105 112 84 72 94 94 87 87 72 110 115 66 67 62 74 97 90 60 71 77 118 112 80 85 93 86 99 64 77 87 67 76 102 96 60 85 77 100 87 65 115 99 77 115 94 71 112 90 86 90 62 82 93 79 92 115 82 79 100 62 90 92 96 82 109 97 104 94 67 88 63 79 69 75 115 81 88 85 114 63 64 93 86 61 87 94 75 88 89 95 102 77 103 99 61 78 78 98 69 64 78 66];
duration_s_km=[37 49 32 32 30 53 34 45 32 58 53 58 58 53 48 39 45 44 43 60 38 42 52 57 49 38 55 57 47 40 52 33 46 42 36 41 49 45 53 30 30 39 36 32 35 42 52 53 35 32 44 39 58 42 41 43 54 33 34 60 59 40 58 52 38 45 30 52 55 52 59 59 30 46 59 45 30 36 31 50 38 42 37 48 38 40 35 42 53 40 56 32 44 34 31 39 31 42 46 31 58 57 47 37 53 60 38 39 58 48];
num_passangers=[52 67 73 53 96 87 78 41 65 24 30 67 67 22 62 53 59 93 44 100 31 96 81 31 56 86 82 95 70 64 42 54 38 35 73 37 69 29 33 45 86 86 79 61 75 100 94 37 56 73 70 66 94 73 85 71 94 98 31 69 92 88 54 56 29 82 41 23 58 40 34 31 33 65 60 59 29 60 80 70 40 31 39 58 67 42 99 97 54 56 89 41 52 31 41 93 63 66 94 62 63 87 81 31 27 44 75 51 56 81];
BM=250;
CBM=0.500000;
CEM=0.800000;    