nBuses=117;
max_busses=111;
cap_B=[39 29 104 46 50 64 21 100 113 76 59 132 36 138 40 111 66 57 45 131 79 118 56 106 36 35 47 95 97 56 57 131 22 122 41 67 61 77 75 43 86 31 76 62 39 132 51 27 60 56 97 121 27 55 139 54 134 128 129 92 38 25 114 114 138 97 132 20 85 108 66 67 76 70 33 32 110 57 115 76 37 93 103 102 40 34 85 108 60 72 120 106 38 139 52 140 54 79 51 96 134 67 66 47 134 45 99 35 29 108 61 135 60 26 102 66 37];
euros_min_B=[4.186923520375273 5.0468973631368215 7.067787062802861 2.3285761588999367 14.945217634350506 5.426161208398576 1.45284864949913 6.093302041768139 5.05049962084514 10.238528565635699 12.382999081159097 6.3698789782125464 4.997271901287963 10.748284071018727 3.866353916479028 12.902767323942438 7.807391357962765 10.56284864613574 2.927310340572075 8.33418302196937 10.2402154604272 14.261773753527192 9.54639099964683 9.75606278042417 4.940919193882641 13.74137970052714 14.641726453246022 11.75685316451374 4.311035467366917 12.540910769416671 4.238905393866368 5.887476342184709 9.108063728042943 13.888927572418373 8.364448210492048 2.2100956558519944 2.5483495975836092 3.2855010781108915 10.260043000860518 7.62750152394704 7.867463515890657 8.30169710595151 3.2188309275211804 1.4446072579001206 14.035951454756049 1.2998001122699732 11.87197714414991 10.361282327551791 2.5613352523974227 7.922652613484573 2.2349406128220686 13.16967742399306 13.511718841639622 3.9616014829624375 12.49770842571622 9.28539550941649 3.2530304896779247 10.135179038101322 1.8224313243295538 1.9310090790691767 7.325133046392336 2.7097444013687246 10.917170239957002 6.5177010324323845 14.62752137256708 8.749561183929952 12.161737546580028 1.417291709011467 1.527917036840924 10.652910676542781 10.633644917395602 12.183301527752596 1.4690838590167077 5.28243442413453 3.1010200223688793 5.846525853659007 7.128788494044964 11.666457676687246 13.367614403284774 2.9140210260024153 7.7645801741288984 1.2426154978423793 6.349337142808695 5.325309344719841 14.211167566384695 10.66428381673423 6.850978985598878 3.12841017676544 5.209627631095852 6.691008398584166 11.564462477788375 10.622425784818555 13.966851530469562 2.911310823090565 5.231474058429637 11.015565055436506 6.071980291840684 4.856043266166739 10.050859859253741 6.008169631369203 6.737171047405866 4.6225442340307765 5.730189753102845 12.409105794630952 13.024489470132856 6.389426909400504 2.3389116311552964 1.1241886503523404 7.652656686045509 9.079336146224493 12.379283799283023 12.059945539346305 11.481768546007782 5.879401884944911 6.188237247371902 10.283611982186896 1.390429344882991];
euros_km_B=[15.51364641472507 10.493545266589571 11.424357415018806 19.7128579085692 23.90803316256207 24.23776060124299 19.918704447573525 15.469329275337394 17.99060804402946 11.595080990883217 20.910065522315055 2.0598346216558436 19.851059499556406 4.801840832143352 8.593842834619362 3.2451209388645634 3.4662923718143523 18.409604046295595 29.70183887906027 25.917140883992637 15.829665589703792 10.663465053473956 21.928386579656202 25.84391620770575 14.099572198546047 8.566674139114813 21.766081944822055 18.59841859114384 1.185263628163154 21.09326334857355 5.448623074011104 11.876296389780205 4.544511391831874 20.737739998814334 26.66265799432634 19.73381178865558 24.379657271744556 24.755858912468664 10.566823626638742 27.27904877352199 19.63949630804432 28.409371971183877 1.2295052476027188 19.816396932226443 23.695655712149197 8.441819825944506 3.3837739031779517 7.1768089805035125 25.666347523809293 2.5749096843894557 10.47658277929356 10.420837353284707 29.132948978660412 1.1882876142355863 25.95891402364568 18.62697504932796 26.88458549473624 23.27111930243454 26.305837515712327 22.042690507906123 19.377838795647733 6.580408414048634 17.310469827089708 19.6653662599068 26.55736765101688 3.4857109238197346 3.893250564739728 18.14208344202495 27.60271123734878 3.5139444595834264 3.0658062647098765 8.375677230119466 26.210607717699535 25.145033309984196 26.73985978611287 23.808193344198735 9.300217601104682 23.20246012757373 17.306611606842743 24.571806400208608 7.722554315390363 26.06420272226403 15.583312942035462 24.191891709312923 21.379801156480816 25.312326180005595 28.947512116502473 28.43200439173089 25.44173290173889 29.398479231716532 7.397444083017446 7.228689733626328 17.197944638390663 7.387784854295167 15.691031232109236 1.8853765092233195 27.724604893045388 14.665214877226786 23.22724514294738 21.099559761536728 7.602122382543514 24.637784449538216 25.260095847394517 13.863379218730342 18.530466523166233 1.590126959589927 21.87096445741016 23.320878091343577 4.31886237744812 4.750829023397892 24.217619763846937 8.96863637678218 19.201284584493514 2.196485283935265 10.536383591536293 25.717527550035733 23.980338842864484];


nDrivers=117;
max_D=[212 122 205 143 226 156 200 150 158 205 164 191 218 224 144 124 174 127 145 211 181 229 206 199 192 171 152 133 134 234 155 203 122 206 141 161 209 220 209 203 185 211 147 220 121 180 151 225 125 133 171 130 165 168 177 198 181 180 147 192 218 188 211 200 131 227 236 186 140 192 131 240 227 222 221 152 230 147 136 183 226 200 196 207 240 217 120 141 196 233 122 132 232 139 182 200 231 154 158 120 139 149 226 212 203 134 140 228 189 239 171 159 190 170 162 222 163];
        

nServices=124;
S_starting_time=[261 2 455 514 547 477 498 291 704 238 278 609 181 511 577 3 646 473 102 435 274 499 260 332 556 154 76 183 480 220 524 350 78 617 0 177 184 389 339 663 615 634 517 502 152 625 356 296 576 350 396 99 30 449 513 486 686 153 489 258 655 6 45 466 489 491 452 669 146 122 598 218 500 453 165 519 260 79 504 239 27 626 223 622 415 424 645 631 22 230 566 6 692 105 689 627 41 179 297 352 305 694 87 546 130 386 262 567 694 127 158 259 565 575 698 117 133 224 438 568 424 94 284 240];
duration_s_min=[102 109 74 102 71 60 114 114 65 114 81 74 94 108 95 64 120 70 104 60 77 92 74 69 98 78 86 61 86 72 112 63 75 70 84 67 101 84 63 71 78 115 80 77 80 101 104 108 68 111 86 65 79 83 74 83 69 71 84 110 62 103 61 75 65 92 93 67 94 112 87 85 111 87 80 70 62 82 112 88 105 103 90 119 112 66 89 89 87 74 95 71 94 63 90 98 117 118 86 83 102 111 106 114 68 104 85 101 69 113 65 118 85 105 108 60 119 95 80 112 102 108 98 79];
duration_s_km=[50 51 44 42 31 60 33 57 33 54 58 51 40 43 48 39 55 42 56 51 58 36 34 52 35 53 31 55 35 54 52 46 56 46 48 55 53 48 49 51 52 33 35 36 50 38 36 37 48 53 55 37 40 56 34 40 42 58 42 48 60 53 33 45 52 50 31 32 40 31 51 37 50 53 44 36 59 35 59 58 43 38 57 39 37 53 47 59 50 45 38 45 43 51 42 37 50 60 53 53 59 44 58 38 52 48 43 56 30 35 57 33 30 53 38 58 46 34 47 34 57 33 47 43];
num_passangers=[91 69 61 26 55 99 70 91 50 51 51 48 62 85 97 27 74 64 42 78 89 53 76 29 74 55 35 40 63 97 45 62 64 37 81 54 50 78 87 82 40 43 94 48 82 39 62 78 24 79 96 99 20 80 62 30 57 94 38 33 39 64 64 50 55 89 97 79 32 90 82 63 87 66 48 29 73 77 63 65 33 65 49 51 91 50 45 40 91 27 36 92 65 32 33 82 80 98 20 62 95 54 21 25 69 45 75 82 97 65 67 33 76 92 95 100 72 87 70 41 23 22 60 30];
BM=250;
CBM=0.500000;
CEM=0.800000;    