nBuses=72;
max_busses=60;
cap_B=[25 46 27 127 49 91 100 26 47 85 52 58 105 77 118 31 48 85 124 93 70 134 53 131 90 103 80 136 49 77 59 115 62 68 20 58 128 54 116 135 128 55 48 69 61 23 73 92 30 35 69 105 24 42 34 53 46 50 45 27 98 61 126 44 92 21 130 71 102 41 63 31];
euros_min_B=[5.349169470899312 11.191453570688106 9.115757100447581 5.142646629347739 7.1971774046894526 8.321017006240403 6.911092432698251 2.6932581096579207 8.365679212945038 2.6907896365149027 7.899089158048986 10.692263398060861 13.014086894112443 2.8837127217346996 1.3742693423101962 10.710686937691223 8.246944824745679 14.134306037051669 2.8939237478577384 2.187207688045172 1.276710615240644 13.272067488035674 11.159595900193796 3.6930844719644025 9.254104176944503 8.44414548320061 10.370067408565664 12.606742013103164 10.231196662402237 14.820152341999158 2.5850790353173707 2.1800646190886006 8.010903124661391 13.07466696632698 14.74851987297677 7.2425443833520005 6.118360528913977 8.720173508355892 5.42314598572069 3.507923554486463 14.809058245145094 5.3221861644086355 8.467600720686328 2.8726131447372056 8.087052004573735 9.446295904707648 6.260878722969916 14.40713567787124 7.076278258908367 10.904626078671836 9.86124351531913 12.23599473439065 3.5410488286039885 2.451470389474811 5.185224187835732 14.545024947562014 14.117773286251426 1.4391866907523603 2.9641962794518193 9.877076891509988 11.759871410912167 1.4737093019332512 8.006289945498493 8.98866158159521 12.88593616975062 12.860416177685725 8.570494079520302 5.710017860425927 8.444470406125358 8.063747197704727 6.677936445027921 2.613510815833723];
euros_km_B=[27.743214457423793 6.663693755487399 25.984357333871102 2.9529725951285872 21.233801494011097 16.245112260659006 9.749711885683993 23.57433600767892 25.27247579865259 11.01487467984871 3.2211685597321105 2.081932954152759 29.716456735199014 26.928830426244723 25.204365790099175 5.48646451069591 11.87507264393335 16.624051915216377 18.59900956380868 22.680343894563023 16.77312131923845 13.137223701483054 20.645160707232744 8.196139715464604 12.905415538540334 12.717440347464395 17.125399414305793 14.551887088554517 23.792265809491127 1.2555377158841217 28.215099289165828 18.597904250575617 24.151393348621855 16.650982112036424 27.7456412815817 8.900188193644777 24.144838414005022 19.293613840770604 27.718116895321288 7.997339220267524 17.175030366482428 24.952450425649904 28.946679133588866 13.781541238016775 21.629413687747455 9.487309419947497 6.284189585136639 5.547909951694961 2.0542912140006138 11.380205090352206 3.510875121755195 4.250722702743303 14.680949895918257 16.09570673950631 8.115557800903844 6.177011492260722 2.8606109522627405 27.425965861392367 10.679299769051148 3.5163514456109564 3.592908089146106 20.749339542785947 9.514075581886578 24.57863267555757 27.444707630438902 14.31234704459213 15.80441741391121 17.44145453071453 28.081948026321047 5.743341535750728 28.042260469980363 10.11431755087668];


nDrivers=67;
max_D=[195 206 150 157 124 229 131 189 214 230 135 135 184 156 126 148 179 199 181 144 150 169 176 194 215 125 222 154 144 141 238 227 183 161 190 127 127 232 139 150 181 200 163 129 127 239 185 156 133 186 218 147 164 229 218 150 227 147 148 219 138 212 204 192 224 239 215];
        

nServices=74;
S_starting_time=[38 717 637 143 235 395 602 604 671 218 536 521 667 9 203 656 210 697 319 160 620 474 242 38 51 487 98 525 512 678 603 140 256 519 672 288 709 259 663 559 569 556 541 385 661 114 520 546 640 642 229 455 140 647 152 262 79 212 478 598 594 219 597 314 296 194 196 135 252 622 604 239 14 539];
duration_s_min=[62 88 90 84 117 100 115 83 90 85 96 75 109 85 89 75 93 87 117 85 60 120 104 117 61 102 96 83 101 67 93 67 100 116 116 106 82 82 70 76 116 110 62 115 75 89 86 78 84 83 109 81 95 84 115 68 78 106 61 78 80 110 114 62 70 89 102 80 96 80 67 76 113 104];
duration_s_km=[38 48 47 36 60 57 34 40 40 40 38 52 51 60 35 42 52 52 46 57 41 49 30 43 39 44 57 52 60 38 48 32 36 51 47 55 57 46 38 42 47 56 56 42 49 49 36 31 55 57 49 49 53 48 32 37 57 51 43 34 32 38 41 52 48 50 34 38 47 53 47 36 36 55];
num_passangers=[56 69 60 49 47 27 97 67 82 46 62 33 59 70 35 69 36 85 78 70 34 72 78 100 61 20 65 42 88 26 93 64 88 27 75 85 80 31 80 77 97 100 32 35 68 66 60 69 65 74 67 93 84 99 58 93 95 82 44 72 90 46 72 68 74 95 100 79 79 32 89 46 30 24];
BM=250;
CBM=0.500000;
CEM=0.800000;    