nBuses=129;
max_busses=121;
cap_B=[99 34 91 100 103 35 127 88 136 131 78 74 120 25 28 31 23 102 51 20 20 81 32 57 69 108 50 23 35 113 130 139 133 20 35 87 50 95 81 78 57 21 39 130 27 40 21 42 55 92 117 74 94 25 138 45 22 139 90 74 78 86 63 47 50 122 81 120 114 132 72 61 100 105 31 45 130 28 36 51 73 88 66 48 66 123 115 79 119 62 130 63 60 43 41 71 62 27 71 92 59 75 82 116 115 129 79 38 84 133 115 71 70 122 119 59 55 35 136 83 76 117 133 48 33 126 24 136 125];
euros_min_B=[5.824250480480654 14.855485971761262 7.7157464248728385 7.456775320938824 13.919033528935351 2.1394046181659956 10.743509076565497 9.89390510634081 7.371407763359043 5.0961129642599206 7.113407199758004 1.8610167184043311 10.062323557635077 5.071084665013691 2.318011183346573 8.973097445960974 9.14143033434908 7.415708464311316 10.86178165784434 3.6273245618576357 8.950023150964133 11.778023970375054 4.036743879029932 1.2150390592079368 6.94059972435779 12.983062488217966 4.424288238291359 10.34995815071929 12.324049121543693 6.66118291537144 9.149566698459411 14.79439027666211 6.394847123910766 10.527840973215334 9.913418186117802 12.420700503465378 3.2422727405542804 1.21873784482588 9.205102929389355 9.179162992050237 13.367515832020976 12.801071539943285 2.836554870219305 13.57451109152129 12.200018415508344 2.485972712408711 6.662396443722373 10.042586885646507 4.832864461610301 7.224661885651417 6.845560424784766 8.436567895979676 12.22103566254706 13.507250763474465 5.620718758536113 5.972833396331028 14.174976324191805 11.803972770970825 9.595215955186767 3.280023660887368 2.7283494362657104 12.624613643785018 14.100292020695985 6.470530375425678 10.651621196920312 14.771585081703376 2.345638072732215 11.436173039034742 9.154546112387207 11.188742078368662 8.391951764922196 10.46931286697114 6.681194041831951 3.6428460656465336 7.303851072385756 10.382522502002411 3.397663877837704 12.555810473812624 4.080060398083994 13.222421907580316 5.31648768165287 11.418981221590514 8.039491233790127 13.057614482066052 6.871521326410004 14.671916622954281 14.212388824481925 13.555615301638017 2.50144058928747 13.298997562349669 13.056250745347851 12.323196299976708 2.5248138309850723 14.205750769862203 4.926737619098287 14.350182449824876 14.132024051765894 8.724551724875166 2.3283873564190665 6.070020217670618 3.5301307210484003 14.01482265156399 7.476358306401237 7.658995660580257 3.2483431298387435 4.522713289449347 8.491666495005244 9.01599235807145 1.722088750310738 9.914217854682764 12.403129849570592 9.577802693740058 14.223967793067322 1.4198532383657898 3.9850237196724576 11.00559351190965 12.735071932118306 6.814466269248777 8.182652769886364 14.644652682040148 12.097149492614914 8.914179334989472 4.650193524215345 12.234930680898177 8.763445850410442 4.630314742108432 3.546732137169795 9.107150026005892 12.515026336001617];
euros_km_B=[29.40426566484981 20.65461281546186 14.916584695659335 16.76412124607498 27.876662585968745 11.819463778727927 26.499668614025353 11.60082422790759 21.37614568073947 3.9678292284545704 18.508092773520612 6.887635983287113 25.024989149915342 10.780358797205183 27.393923776799085 20.08288137916725 24.62160206603529 22.351712608679254 23.362026228110704 7.53931912301176 7.67212795376267 16.670466189933443 5.86864868884281 14.724494503893434 20.970327811780614 12.649605635054124 14.988703688428211 4.09589997432594 7.934610323841244 4.967738273214971 29.21539308334258 1.4631507241779276 26.232731366837033 22.76112027589388 18.684925476451436 4.957308465943608 27.467855246419656 14.146752791176034 29.344907072346846 4.785072113555534 26.120065159967005 17.37526088694891 8.129908948652822 7.919433801857947 12.644234322828007 18.205763828201718 24.045862072586534 27.421737180073524 5.337890351340264 6.05159417035742 22.489309036714083 3.8393497182630947 13.962786756335861 26.646888854213646 11.219614600488113 24.22536755208538 7.647373135835423 9.51296553308262 21.981140321291793 28.213934074247724 8.575859263616339 12.035951599341917 9.815008301978867 26.156226412978775 10.327786744216516 21.186259032864008 8.722659599176781 15.139920057436441 17.18989971946847 5.345317843519942 18.19316346627262 28.64692973090342 19.73013117893207 22.9133581780263 24.137239939783033 1.9078754362457615 20.4716357627515 25.223542206400154 29.94878924702599 19.13021792243225 4.301302839728499 20.552076723246405 29.79752137609814 20.853407398226512 13.481625086015772 21.150987087125795 22.183433926060676 25.564485393050667 27.058404450133942 27.71568793089539 8.064168484102563 3.227309772258277 12.959940106050336 17.212102209309304 26.35043134604967 16.51488955929311 27.156746923278256 1.0237948750545405 29.38615666105148 26.906896541729733 23.947108379072766 29.844431088048438 1.483337108230208 23.740721013855076 1.547584413404732 24.9259242302112 5.155368962687746 22.185420357365206 4.9543310222196775 6.562922716426122 22.58831744509165 6.594979304545283 15.73341239098206 28.581415418173513 24.98262051411271 10.581828582437202 4.02198442562556 10.759235866335892 7.307533164330383 7.617603792585356 4.128123316849329 22.575908917074393 26.415754511149206 19.08387487227732 12.01190967565563 20.086200555073983 1.727342018652645 17.891009860896673 4.021839557072066];


nDrivers=129;
max_D=[120 234 188 211 130 223 170 222 197 221 239 160 215 197 139 210 230 210 138 225 154 155 144 193 122 169 175 219 133 188 222 178 197 216 136 169 170 171 196 236 221 155 202 215 137 160 120 218 201 154 144 168 153 205 151 120 199 144 207 175 136 184 214 230 150 225 178 155 161 213 209 170 238 176 194 165 202 182 133 173 192 130 175 154 207 148 138 239 171 201 182 230 183 222 146 166 200 152 171 151 192 197 175 139 160 132 132 126 131 144 224 207 131 146 197 221 169 187 126 152 140 233 139 214 228 230 228 178 170];
        

nServices=130;
S_starting_time=[623 565 702 479 498 525 55 643 402 57 479 671 256 553 546 215 19 9 255 673 485 27 489 326 145 362 628 115 67 174 122 564 665 457 134 51 156 433 103 277 48 159 7 394 51 481 206 130 242 242 271 481 125 124 629 133 449 323 320 423 635 467 244 145 306 201 150 280 457 623 582 319 4 161 358 118 101 532 485 411 360 396 489 166 509 151 585 439 186 225 631 124 399 308 301 551 668 647 427 680 377 679 543 48 96 108 536 240 13 367 102 493 210 594 658 43 16 190 639 358 526 37 446 167 59 131 256 117 243 99];
duration_s_min=[95 90 64 100 89 114 77 70 108 75 95 108 104 86 91 94 115 100 87 65 63 92 107 73 107 70 102 116 98 111 91 97 111 83 102 101 82 82 111 87 107 84 104 84 101 99 82 103 96 68 110 79 87 106 101 109 77 79 93 74 70 71 78 79 107 65 91 106 109 112 82 68 119 110 67 105 104 96 109 69 96 77 95 73 100 103 112 63 93 104 98 107 60 74 109 66 101 79 114 88 119 88 107 69 120 82 106 117 91 76 61 64 94 89 65 90 90 73 97 70 114 63 84 67 112 85 70 63 91 72];
duration_s_km=[30 45 51 49 42 53 60 53 36 49 36 44 57 45 45 44 59 53 37 34 60 55 53 60 42 39 30 39 38 45 31 46 53 56 35 46 47 42 57 51 30 52 49 35 32 32 51 60 39 39 53 36 58 47 31 48 57 49 47 34 34 54 47 39 41 30 55 31 58 30 44 40 41 55 41 51 38 49 43 30 33 59 44 40 30 36 33 57 53 42 36 35 37 42 39 50 49 45 40 38 48 58 52 52 56 43 55 54 56 54 36 33 43 40 59 33 41 32 35 46 52 53 31 42 55 42 33 54 53 45];
num_passangers=[99 86 40 72 78 75 99 33 40 76 54 22 82 27 54 26 32 81 27 75 24 23 73 58 76 85 34 37 49 94 96 20 60 49 71 87 99 54 29 56 34 50 63 62 56 35 64 56 97 37 40 94 94 52 26 77 88 98 95 50 45 89 97 37 97 73 68 57 67 79 57 79 59 100 70 83 29 66 56 99 71 24 36 76 78 99 23 89 42 63 67 46 26 62 20 23 80 32 66 80 59 34 97 46 88 61 93 59 33 56 46 89 88 65 73 25 55 39 60 88 76 40 95 41 45 33 93 25 75 20];
BM=250;
CBM=0.500000;
CEM=0.800000;    