nBuses=131;
max_busses=137;
cap_B=[96 127 107 73 67 96 43 37 84 105 29 91 135 38 71 28 81 71 49 113 52 34 76 63 28 105 30 63 52 54 129 127 86 137 34 101 54 35 47 54 22 34 140 68 91 100 35 67 27 120 74 132 105 36 85 99 56 127 26 121 92 131 68 77 109 78 130 55 43 29 140 65 52 85 119 84 57 98 91 43 77 82 78 86 96 78 45 74 66 41 53 51 137 85 31 125 131 138 99 72 44 54 138 33 71 139 114 50 129 75 137 40 41 54 22 85 32 33 29 49 118 133 120 29 115 137 128 81 43 54 106];
euros_min_B=[11.319541653126976 6.643019067042641 6.93221116859841 6.408171834597679 10.997013650030848 1.6457158919093693 9.590615930856487 9.029250494461145 12.936559142434174 4.5387005647854295 8.133868259658113 13.024403942430693 5.523490025270865 9.464836140579017 9.357117631094866 7.770299395684324 2.3196497763596815 4.164446363488243 3.4611115969696593 8.364116320133876 3.7996557737020042 3.5418234460648392 9.482154569018176 14.041454589222568 5.250145554166968 5.751629963171096 7.858448689478139 8.354185210838953 5.291159492237773 4.820524947839415 4.528714974019859 4.911965282156955 4.946618323277299 4.195533989274589 14.584057714965605 2.0419786218674183 1.4098322134402708 7.288419519395755 7.476098871243998 13.654653082734898 12.933783561020725 5.355464096296946 14.477753078952956 12.438041038546952 5.3117957212859235 9.345745613053937 12.455600976098394 6.797056037718524 2.510616051298135 1.6413587214665353 9.269522145690395 12.27149536417444 9.487731956644803 9.756528676998764 12.013149805717346 5.9698319566618565 3.7707523498430002 1.1430450095063522 8.77126462355523 1.346173117271329 8.783255187886745 12.556026273205795 12.343932344362296 5.373112291905291 2.9435976768081433 14.447813369452348 12.726340516174169 3.2316475796922806 13.706201205908336 9.8333877986371 12.105634880111825 10.792161220748259 9.429938613004824 2.625752362558484 7.530882468504798 4.351662293294961 13.064181236338493 10.983769954210405 3.049660022571527 8.15943284792623 2.146062788286339 9.636120931067863 4.543181077382206 13.880066466947525 4.633150814565619 12.820778148442685 3.0999543510481558 8.11403280835508 3.451510705595366 9.51413040871838 7.075910735479459 5.236009310007697 14.825271115088425 2.3899734205446572 2.2438706235145864 12.871374831701731 13.504634568532595 3.677504973552155 4.888223190680349 4.677441269615518 6.6067547752650775 10.051309103694459 11.082274881660165 6.968471608820851 5.861924063719522 4.8049883612086095 10.774062054425452 11.775736615494626 7.463762405858921 5.771466544355862 1.5629535621877941 7.957705546615518 8.537556383339352 12.944675579183725 9.610615410222623 8.983035925934619 12.6663927576777 2.6902860731973703 2.8881222986252615 10.376477836861543 10.788185920604782 11.265342366739624 2.193160087571197 10.709869262173383 3.5816262608282816 1.5648527580689675 10.683894069358114 12.011207348368364 5.6281603802893585 3.4946072702171564 10.532054867289437];
euros_km_B=[5.982517907811896 25.213821843136365 4.4527709592733205 3.150144611518635 14.327287856629649 4.411580443335646 27.794089003889066 6.8539651142523805 19.954120295112453 16.82527557765577 22.286756579604777 5.602583598097961 15.82892582742982 12.98032487261663 10.672031987013563 29.215255014024873 2.564192609221468 5.787949348874125 5.2769977898722615 9.645265313330514 14.59756236456537 13.722781863828148 12.569411154483973 9.452138380601763 10.329007679232612 11.834494554910151 5.513270604585832 17.934409231372417 13.91014735527 24.26629811185638 2.5439639866359887 16.157927457300932 3.0825886386520436 17.946375012489987 15.292609197998974 24.531381282377563 17.87315397617395 12.526812182044937 12.187405797334316 25.487785757060855 5.680193177977434 27.55250612694665 12.947622214684172 27.8313684820901 6.2108255998218835 18.46207724770709 26.249363771567676 13.777346375814746 20.56548384008538 10.811963924423408 20.043541871389365 23.593115533632773 23.98073624217059 16.297736688910142 21.784840574315922 17.96431683897455 10.754362103574959 18.15949855298341 25.250574886459273 22.82781836474274 21.56331393819805 27.842533040120838 2.3926621438136113 9.508203874680213 27.376709279235566 1.7777623749167173 2.5849757532484845 6.320803895919296 26.120673624445505 17.781285911170578 26.59924309786294 14.550250129649019 12.910110140320272 25.489560373608978 23.41983907075712 19.16370111289021 16.496528302197046 20.012695706882155 17.927657237240556 4.384300127570983 13.960648706669593 12.804172869271728 13.384796937580406 24.816551447476307 13.711966862121287 5.231344449187601 5.62691579510906 16.317051507954147 18.451385091633544 20.65390914298928 26.40185027156734 25.342118398044075 29.87203911248461 4.652339631917619 10.549209331472031 5.74627076426653 16.955778440572 5.986616699503623 9.088201383175917 11.887030367902643 1.5426464648833842 10.799150374062894 4.848240973045483 29.53400582329727 24.000878561861704 8.313313696610273 25.43269842151817 1.9548263104516552 20.06509295342316 27.566309867548828 5.597188532194832 26.886103669668245 23.861954922924618 12.421050795355704 28.370986938162893 19.581662569382026 5.874405215925184 2.4878327895056676 2.268625876561539 23.666873504811974 8.381197736654785 23.898809233974397 12.472481376669972 19.88778908120632 18.288782785223408 13.589185390790782 7.64369289320098 21.72858990141763 14.847350196777073 7.684504954049535 15.504170468349349];


nDrivers=131;
max_D=[141 123 195 221 217 176 169 146 211 175 207 179 149 220 214 188 157 131 139 170 164 176 213 147 141 215 154 219 201 130 182 220 148 200 143 161 223 239 171 144 123 156 138 198 238 207 146 223 189 240 212 139 147 216 228 199 130 227 146 155 130 133 195 157 205 189 179 234 219 233 136 162 223 194 176 197 196 228 215 214 133 217 168 234 127 202 238 176 206 200 230 142 154 227 157 229 188 185 201 170 136 199 158 145 156 135 158 221 153 202 142 198 123 185 174 166 149 221 240 207 162 240 134 154 233 144 173 152 142 221 194];
        

nServices=138;
S_starting_time=[306 647 114 712 303 700 661 82 679 28 678 659 117 503 314 443 361 588 468 361 426 467 61 49 702 628 152 531 313 695 503 650 219 635 74 16 120 417 720 425 678 719 664 570 231 172 681 498 448 671 387 186 65 586 531 68 680 708 643 254 215 70 267 570 697 488 719 392 163 361 247 102 319 136 646 75 48 84 568 123 467 134 336 396 631 126 184 563 332 272 489 710 323 278 55 339 464 720 261 423 637 177 492 160 559 96 232 510 293 370 415 410 219 194 123 308 35 191 337 292 203 395 718 435 382 475 328 159 397 162 390 434 179 139 438 147 470 66];
duration_s_min=[110 84 114 70 113 66 98 64 93 77 90 114 85 114 119 103 84 69 79 116 107 60 70 89 75 115 108 119 76 105 93 118 61 112 109 114 109 97 96 67 62 68 91 74 60 93 95 62 113 68 97 73 94 88 105 66 94 69 120 91 78 102 96 89 70 110 68 102 93 110 77 75 105 83 84 120 113 74 117 62 75 73 91 83 120 99 111 85 120 69 81 91 72 66 76 109 64 75 88 68 66 105 80 75 70 97 105 87 112 99 101 60 101 81 101 98 71 79 120 84 91 116 79 61 64 75 62 94 78 86 89 81 76 88 62 64 68 99];
duration_s_km=[48 41 56 57 40 30 45 59 43 38 40 34 47 57 34 48 53 53 52 50 32 54 36 30 50 44 56 34 49 40 42 43 31 30 44 30 50 54 42 43 44 44 49 57 49 47 39 44 39 49 47 31 45 40 53 54 60 38 39 32 48 49 44 42 40 31 46 34 47 46 54 32 41 50 53 46 48 35 55 45 31 40 59 40 53 56 51 34 60 56 37 46 50 35 36 47 40 41 32 53 39 41 60 58 43 30 54 50 36 49 57 47 58 60 42 56 52 48 52 59 58 56 59 50 34 54 48 53 41 60 42 44 42 33 48 59 37 34];
num_passangers=[36 28 41 27 83 72 38 68 26 96 51 47 40 23 59 54 79 60 79 90 48 87 23 48 85 99 87 64 26 47 68 35 53 43 30 34 90 65 89 25 45 25 50 100 85 98 43 44 67 41 65 42 80 88 78 25 63 94 42 38 82 42 54 68 87 94 35 56 60 57 26 98 41 49 84 68 72 83 57 43 76 99 56 61 57 74 33 20 99 72 64 38 62 67 75 82 94 31 58 42 26 49 88 71 31 65 31 55 50 90 69 91 71 85 47 48 26 56 26 27 66 86 59 55 87 78 68 67 91 27 68 21 29 36 84 50 80 98];
BM=250;
CBM=0.500000;
CEM=0.800000;    