nBuses=76;
max_busses=73;
cap_B=[93 138 21 48 34 120 73 131 105 21 88 95 138 93 130 66 48 32 110 44 108 137 108 92 63 63 36 93 118 104 93 122 100 85 40 139 140 41 109 22 48 93 126 20 49 138 67 91 95 110 139 93 140 24 37 31 45 59 96 83 99 67 125 84 53 20 89 38 33 139 116 111 122 63 67 87];
euros_min_B=[8.455257231477894 14.100321102047618 10.163068398360585 7.012862382901328 12.462411724896771 5.6079206344857235 14.87505435850365 8.312524989091376 8.485912754925039 5.580159929884963 13.846261488603206 2.3974765806319582 7.0603487558155456 6.800845194175126 3.6753144404842697 5.4327543720487625 1.4109678777704011 6.349776156455 10.066124208184586 7.135560332974147 11.089228121555003 11.158307512050438 9.813222112488276 12.0219144508788 4.475474729182251 4.921715180206936 2.28152886432623 1.0956727186743056 6.655206540267509 3.959175499333479 11.031119842679058 5.96003941672522 9.78200536927087 13.049186318822183 2.9378077514006997 3.517034078155056 9.121111321725751 6.910797167095803 6.765409766159547 9.370656668122937 11.087361655179489 3.315596842176833 13.949381500094228 3.1902767542829533 9.353592259808158 14.50553055363197 10.318904168009805 6.482500621701613 1.5594231100476963 13.165412966369281 4.9455236346028055 13.319166707832839 6.3598529710714615 2.1048608033708005 11.938917302816234 1.5126989156034312 3.024005886932761 7.326889826924728 8.96651159718246 12.026688340420904 9.310000384954574 3.5564515178369174 12.696785650462635 3.126950798486736 9.596732630528123 6.966955708698725 9.256328529879195 6.335716192700279 6.439347884613435 8.172815949726967 14.131303813840704 1.1109759922871092 3.559744951136945 3.352611724429739 13.650914917027942 12.936218457996533];
euros_km_B=[13.94137547236978 22.755493369473438 3.1405087699310803 2.8843317068046805 21.525486009867617 6.262847046386229 23.08100164035528 2.242600706366177 22.92453366968128 26.312822021049357 8.341297559357072 10.963816294215095 9.55031786386246 7.413556620411638 11.976900453630817 14.585630870457862 9.054148960712972 5.387437423945212 13.195836212279694 13.732405125347537 23.63359112236898 8.42884542461827 29.594385118051914 20.143915575480772 26.211317772094056 6.818262208167401 17.04651576063108 11.31422347373168 7.024520980589576 12.864083344164573 9.50575626861316 17.82228545964492 15.172657138306944 11.829131993645495 24.76804164578188 11.144060658399711 17.312375929433287 25.472177143042583 19.090626095349936 7.995043715278545 9.818814866633545 19.25070636215453 2.580301934694032 18.428007442658895 14.73710849213982 2.3986477104747466 26.268474326365098 12.237094975344167 6.074864357613135 13.69689698574874 20.324293345077127 13.083554950726807 29.92875511344543 12.453809086760788 6.016343740355431 19.173495924898663 28.31521884458421 13.817393357855298 10.028915391748626 26.85166765592744 21.626081526109513 5.493777842559448 22.404458746095358 12.423683679858271 8.575112741297172 24.62390030346953 9.016699034390582 9.800521335114055 11.71695447416904 17.438652987153493 20.083763761595918 11.884388007008807 22.10558743499587 28.560258112252807 3.726181575601473 1.4075502859350593];


nDrivers=80;
max_D=[218 170 231 194 146 230 189 169 150 236 132 144 133 122 235 224 214 158 136 240 184 186 154 236 240 184 161 189 174 230 194 145 196 215 124 201 224 179 176 237 227 229 212 130 150 132 179 209 236 210 164 160 158 158 231 128 228 203 132 156 150 137 185 140 167 137 121 179 216 183 155 148 144 121 175 159 162 185 133 149];
        

nServices=83;
S_starting_time=[117 71 174 449 106 638 671 334 54 651 323 318 446 624 437 278 543 655 264 271 597 176 437 61 112 196 180 546 655 450 405 231 327 95 550 706 633 98 273 417 624 171 427 9 562 698 161 489 336 359 607 334 594 279 98 714 498 139 634 287 379 12 239 84 13 323 272 711 140 577 334 69 178 91 622 383 403 413 35 617 527 109 316];
duration_s_min=[116 71 116 113 84 104 65 106 80 102 80 100 104 65 83 88 104 110 84 96 109 107 74 74 102 113 81 108 120 94 119 90 81 113 77 120 115 62 88 91 99 98 85 82 72 109 81 97 114 69 101 104 110 106 97 100 116 63 106 65 86 74 75 107 112 105 118 98 98 101 106 63 64 110 73 93 96 105 64 102 113 100 106];
duration_s_km=[32 55 51 55 58 57 32 56 30 33 58 38 34 54 39 51 32 38 36 54 46 37 46 42 53 43 31 59 33 59 35 52 30 38 56 34 56 43 45 52 35 60 37 30 41 53 53 59 40 30 33 35 42 45 52 52 38 57 46 36 33 50 47 57 43 32 37 33 57 59 31 44 41 45 53 39 35 56 57 53 31 48 55];
num_passangers=[60 43 75 67 94 29 26 54 58 44 93 49 77 61 79 95 65 38 78 100 30 92 20 100 84 92 32 64 63 92 41 33 65 74 56 43 74 49 36 58 96 91 25 77 55 77 89 58 42 86 55 63 67 90 69 51 50 90 47 63 46 47 95 72 77 63 90 91 36 91 87 93 97 87 68 49 31 51 56 99 69 49 42];
BM=250;
CBM=0.500000;
CEM=0.800000;    