nBuses=81;
max_busses=69;
cap_B=[27 23 30 72 81 116 84 77 132 37 105 49 68 136 94 25 136 82 123 58 46 69 54 58 83 65 23 95 94 113 73 33 128 135 109 93 96 67 47 49 133 108 66 108 78 138 82 86 54 100 35 102 118 78 110 26 117 125 47 65 39 60 48 38 130 49 125 91 38 63 84 75 95 126 42 124 70 95 102 65 42];
euros_min_B=[13.667797472511364 10.228238465201343 13.746163756272107 13.361625687243654 9.773381002787136 3.3885252866239166 6.742664269548481 3.7426379691565432 14.654486949643008 14.46120997405142 12.218852654379116 11.06002384637598 2.957800404222925 1.3820242240823528 10.561689364418465 11.570749587083398 10.114207562647131 13.179323744798689 8.245505674592472 6.499624690647666 12.738337531277173 4.242257682814383 1.5777915137147474 12.049466524661936 8.445141498459735 12.722870278503692 13.076368091679093 13.433002709112323 14.794041633493006 1.2301972571497177 5.316217051003862 11.582990650813494 6.907656167128186 14.5014918045566 4.195009045355815 4.908048709411645 7.995951239903226 14.58621941896818 8.887659772394446 7.28676603740379 6.188653615380817 13.500294654832105 6.4201759040082385 14.524867664510337 5.928652778218541 13.879969767814336 1.6498120449946319 5.239498413639711 5.243934964970532 13.239659309372636 12.839001023437067 2.1711608108433804 9.019280676889705 9.693762605636364 4.787552941549189 7.69578381129936 12.269680390875603 14.565062038755745 13.135953664497883 12.656077041387778 5.420019530902893 12.485843793423173 12.275945622243349 6.644034043138118 9.718314855410243 6.103079262747361 6.194132401947515 6.02769511154426 3.611321072743089 7.230693634833365 13.11951696893311 3.2473248312209146 10.806118954807845 9.969964278982586 10.197036433297857 9.24766538397336 1.7658432208171215 1.2189528994265175 8.12072653327035 12.206791242706984 8.819497657182838];
euros_km_B=[4.5403249322595975 17.466012420537968 20.565733269467515 14.114918172764408 7.452295277170369 2.7520420313611424 12.063984240798398 9.780119722984187 13.44188087180091 12.148947307161507 29.801608709752077 9.894979661334249 24.875434827330047 9.255906831361793 2.1808792062395046 19.298249218248394 8.765069093655514 17.437975218047075 9.359612578730752 1.941122474340761 13.918697816807676 25.633454664425443 15.951660367685037 28.025187384239594 4.807983155978533 8.990045420170006 19.020068401409777 12.83988493944987 27.675001959619724 25.312249498816477 18.984321972151587 2.7408047859956364 6.157343721253169 28.245402991426307 7.864198102024346 4.9770413014274375 26.695605200144495 5.48473239817447 26.52587374118066 13.231945883345336 15.37319671138306 22.07479874945351 12.778208945405035 5.500427321957171 2.475633634275841 28.864361424690685 4.069467245401732 10.078355161749473 4.68653833184328 26.906119634780833 27.543453845741368 22.56775924799668 7.474031117757276 8.355867979362666 26.058344224894878 6.259978936121779 26.66247284066144 27.227766047652494 29.578760543161245 24.853009078711676 13.830573769094991 9.92411660232624 4.157794909197811 21.100670851452282 13.061436381742293 21.711577187039556 8.692365688778562 10.284865751509322 16.65448226175512 29.376867296470262 16.551483897093625 23.75061694087189 29.53798425322647 28.603821931602845 27.134488316022402 12.719645137823283 5.761698900985655 27.764277624453463 23.5769189448916 17.674552007732796 22.049002274448696];


nDrivers=77;
max_D=[179 152 128 184 214 122 169 203 173 195 194 147 125 218 133 176 216 201 240 140 169 218 167 218 218 132 181 186 141 149 208 190 205 182 204 134 139 211 132 170 231 229 230 222 212 237 143 149 239 230 222 178 153 130 227 203 142 137 132 170 239 224 239 232 186 166 240 140 127 131 183 205 216 196 175 167 175];
        

nServices=83;
S_starting_time=[193 187 454 602 155 693 544 399 314 175 191 628 405 611 339 471 155 75 333 443 47 202 670 486 195 166 650 203 302 159 607 513 492 151 631 65 679 336 240 181 499 98 172 474 702 265 82 629 648 68 611 344 596 239 410 527 617 585 10 485 71 71 387 282 553 188 119 634 574 72 473 57 600 698 613 411 714 628 595 541 167 70 663];
duration_s_min=[95 116 81 67 101 78 101 89 77 117 114 80 94 89 73 86 85 94 108 76 78 91 65 91 110 100 79 85 86 70 85 120 115 93 78 115 96 108 66 86 78 94 97 95 69 78 62 81 91 60 80 107 109 95 112 117 84 114 72 68 92 98 107 61 95 76 97 65 65 87 80 99 77 101 108 109 114 110 109 91 78 79 77];
duration_s_km=[48 42 54 53 32 42 48 52 38 38 38 42 44 55 46 50 42 36 49 48 53 51 55 49 34 60 50 41 55 49 46 38 48 57 30 57 47 42 34 53 35 56 35 52 50 35 59 48 51 53 54 36 52 40 30 50 33 51 35 50 51 57 48 57 55 53 49 30 32 54 55 43 42 58 38 33 38 47 43 43 52 30 38];
num_passangers=[96 32 22 57 24 47 36 24 45 72 75 37 99 28 72 87 76 55 24 100 88 65 24 99 45 90 25 20 76 79 92 99 52 78 49 20 61 35 82 82 57 85 87 36 83 79 73 61 29 31 99 42 66 25 30 74 99 78 82 62 48 44 58 40 80 51 66 97 81 69 86 53 33 65 89 77 88 83 75 67 53 23 69];
BM=250;
CBM=0.500000;
CEM=0.800000;    