nBuses=88;
max_busses=77;
cap_B=[96 25 89 121 43 64 135 42 66 35 110 108 63 133 54 25 74 57 125 126 58 125 110 45 61 121 91 54 53 79 88 104 121 86 63 115 136 129 48 52 82 51 119 139 127 90 108 95 113 42 47 126 41 104 87 111 136 33 82 79 64 99 42 93 24 134 114 118 133 88 72 55 78 53 102 103 134 52 56 120 25 66 62 78 55 21 53 60];
euros_min_B=[2.8763077487009006 10.99812831611504 12.369833498815346 7.7370452638823135 11.035704606548094 14.090154104793717 7.258179608392089 8.934204296455983 9.162984123384664 12.019901704948483 9.115775595337066 5.072834874556267 13.286500021404128 7.108069289982726 10.417091279169432 12.597423678755064 1.8821845256842333 9.9647295252485 6.23563638820824 13.39033928294381 11.483986801648177 2.480680460776383 1.9281528777222505 4.782297652982614 14.931285526902592 14.413653828009167 1.5182062439674044 6.765463931762196 4.647835987216707 9.067772247054254 12.181506133415516 14.43961522226457 8.960261763822823 10.092016939291701 7.70576320530455 1.0551726530486443 4.499856324804737 2.2459327931670874 9.58948786478441 1.051414580309102 2.23870222093743 10.915769586930598 5.11355814697929 5.65455784279364 1.304285641286226 6.962443369912188 6.020208672581312 8.10951825873293 12.837425664608459 8.138585073585233 12.178892061602467 4.864601316209633 10.450837641539847 1.0915349012687041 8.918838765719729 13.51985403261581 13.052976388418397 3.4636659173792035 6.5141902329434025 10.16610775770738 8.792153694172079 9.1851580301343 8.419292064834991 5.904738504420706 13.582524715612694 2.9392965041558012 10.992036271767267 3.8254030553161975 14.042256787808304 14.118365765142446 14.219209655795328 11.705030114204526 3.923798838431713 12.520962637216567 2.8946577791297083 6.50111879242176 13.727651166394109 9.223547504666216 1.8858832093137707 14.739533626895302 10.892438873381813 4.831081819870964 4.332358761028906 8.159761822588028 7.914290554185545 5.581298613345128 4.794976681552546 9.340136248009767];
euros_km_B=[2.558551594466059 10.487617436229218 24.07082840433249 20.124348677433737 28.90818208395359 7.8139843669218525 1.5184659514491998 24.7278794409299 11.513307381212785 21.086381648694182 13.183932549583288 4.450920326363301 6.573091064881011 10.346933431033289 20.53630763806487 15.730685149055788 2.698461752879222 20.053328805544233 8.369559626057441 4.1522728647374985 5.574555085831854 5.3162081034081154 25.392319464701345 26.67164316190765 9.49999097388785 15.559329861791392 15.167390847432054 19.528223927547266 29.25771107343884 10.293976698549544 22.227339929439857 19.143390777887785 22.66019482587245 21.767165165269894 26.8188659150862 28.624444965688724 9.442030193154874 10.054190071808792 22.9388804099999 18.72872692241741 19.676820513554045 29.364479623858962 18.125268816265415 6.813677627555155 26.204514299487546 1.2754721793611146 7.155122153336481 28.997824839762828 17.546594368882467 5.166340434849357 13.299649100981103 29.338711331173542 1.17099910443696 27.40248270054357 23.253561907126585 5.303734057317074 2.8019710029282767 3.5312101248092427 21.16418249775434 15.187021571321223 3.754796022841107 15.055698541103792 25.482403784128472 22.025728225510385 8.583811153041765 26.14264587304107 13.915875638241564 21.501203430785964 15.079597864328553 12.372745926511975 7.4287592756608305 13.914058891780286 13.829688636870431 20.28806506292181 18.112673597540365 16.246927225070124 4.233968078101668 19.289103888276642 24.358858927034984 8.571796972973491 18.599088119142664 28.094837673312536 10.457698443365558 8.427726046659728 13.177385275132341 11.90581796319786 24.26257545193966 28.089064689702443];


nDrivers=86;
max_D=[231 232 150 189 188 211 184 134 139 209 222 147 204 196 181 149 126 214 183 131 203 141 152 142 188 196 156 209 219 195 229 170 121 182 163 202 123 175 165 220 233 212 211 219 230 122 139 122 185 205 136 229 162 132 190 139 204 166 147 154 132 152 180 136 231 133 168 168 150 217 177 154 140 128 170 196 160 197 239 170 227 121 151 210 154 161];
        

nServices=91;
S_starting_time=[640 599 671 393 253 341 372 18 427 686 369 60 579 57 633 426 447 518 651 681 181 307 326 15 233 289 510 636 618 447 169 345 264 6 401 705 148 353 276 707 445 640 284 347 323 487 537 653 683 631 63 692 98 660 528 40 685 59 293 75 477 521 422 14 239 538 126 615 281 655 662 179 77 258 499 255 185 91 440 107 195 14 269 119 404 607 458 142 135 364 462];
duration_s_min=[65 61 62 93 96 92 81 82 80 101 86 72 81 99 118 92 78 69 82 99 84 79 97 112 81 78 89 90 61 111 65 104 90 117 105 89 112 108 80 69 85 65 87 65 105 111 116 106 99 72 105 106 67 93 62 65 98 113 116 103 93 113 98 99 114 75 75 106 84 95 62 118 68 69 98 97 99 91 74 75 82 106 73 67 85 80 103 82 96 64 91];
duration_s_km=[49 55 30 33 39 50 58 49 52 32 31 55 57 31 36 36 30 33 44 40 43 33 46 45 30 50 57 44 42 52 35 58 44 33 41 34 38 44 56 36 30 43 32 44 55 48 44 30 48 50 38 35 49 47 44 38 41 60 45 50 46 43 42 38 31 59 38 43 53 58 38 38 46 30 50 39 53 39 56 32 32 52 45 48 52 52 45 46 31 44 53];
num_passangers=[51 73 46 37 35 52 71 79 43 88 73 41 33 25 20 64 71 90 21 93 81 20 33 65 73 39 83 65 82 56 49 51 34 74 65 83 34 38 38 97 91 73 89 29 24 23 86 89 91 50 38 33 60 39 35 65 40 26 68 52 65 27 73 54 87 59 83 46 88 84 31 100 21 22 64 21 75 79 52 60 40 95 20 62 92 90 44 86 80 54 38];
BM=250;
CBM=0.500000;
CEM=0.800000;    