nBuses=124;
max_busses=116;
cap_B=[112 138 92 84 128 60 59 27 90 135 93 126 43 27 132 105 77 98 72 136 90 26 80 32 31 67 71 41 93 64 104 121 127 24 42 44 78 128 44 60 138 90 88 101 26 63 22 24 78 71 38 106 43 31 114 28 26 27 59 106 128 128 84 48 50 94 34 130 45 57 69 25 33 103 48 31 39 93 122 97 28 122 23 46 138 37 131 107 122 121 100 78 60 89 115 74 27 20 96 67 95 47 100 48 30 90 30 86 65 41 111 118 27 49 23 34 90 127 34 21 27 108 93 64];
euros_min_B=[9.18201128081009 3.8235333758662504 12.654456741208397 5.613328882305699 8.547321161632855 5.330061841329194 13.417807778171584 13.016462785704757 4.326430895134598 10.904161563395943 6.471527638387775 6.3074499282133605 10.989484381132044 3.1671024335154163 5.041530619370328 4.785086183532511 10.54556588093641 5.255648335291179 12.657286326992093 8.630343919736424 13.14550984380332 1.0832652260839564 12.832818282262588 10.564625298985076 8.184584520539797 6.343336785810093 5.567228824280996 10.560003830130405 8.292380072604415 3.8375133866706923 13.479767532129728 6.780773590277311 7.46653475353459 4.8363163335956045 3.6134717202725843 8.751193287215932 6.265688474127179 9.971077555408279 14.708409773365982 5.579790108960596 2.9058944849295067 11.69506191616351 9.142201648334535 12.919493857546701 6.871223854672537 12.745801057308675 9.512237650441449 11.827011834381297 5.9693037223321985 8.968698195419183 10.225580987443351 4.813124287530103 8.301792399840242 7.445885941100812 7.52596133399997 5.559798944090051 7.251115002462332 2.239910629041929 10.444633348130193 9.030600732290793 13.531305806318755 7.284881440740761 9.445891459812355 8.6770719480757 12.184000345428956 4.340790853064652 5.110591289814105 13.053998526995198 5.882911981340692 2.881069730739575 4.947017778273557 14.384624832898561 8.144040209336847 13.40613324034404 10.812719246763427 11.932494439780976 3.786744202860745 7.158823599430209 6.4786466895720665 9.123420842177941 12.895422482074618 4.694984880370946 6.801281139858984 12.487232155448758 9.786240246485432 4.664690313694013 3.441219222020779 10.038827290141048 3.66187699675136 13.292325746200211 2.0283087561728843 3.774117723083711 6.5386563117446155 2.469209663930635 10.260394369695323 13.60502415376778 7.304194098710289 11.246106671204453 9.384548951819033 3.6330571849891617 11.946802144209393 2.7457943419294186 2.1314142911795 11.873832548952318 10.806621308925193 12.031483436802295 7.009027892618861 6.448618325209143 4.609934014216866 3.572545176232027 3.775208786597248 2.3822991564466216 1.7995544133250365 6.944913636036014 5.465503431286788 6.976426654193827 1.168543520479294 12.572758591180502 4.46635919304264 12.13088373043938 12.001729921634544 13.673066306778594 12.109940042755152 10.480747447578285];
euros_km_B=[1.5870562431776456 23.14292448849245 19.837997462531256 8.931529277032944 4.422530499493826 22.700616222899555 21.017925195575227 3.3666250087794563 20.878385157782493 16.424938431565238 14.041880934426771 3.930152011690274 18.714821273076613 4.119042894710514 27.310015438941928 15.715697424305011 9.568693834664927 2.6509076312343147 25.868265531363903 26.563057738827077 2.345456745179566 2.1439285917966737 15.158312244186781 1.7173902723452852 22.588402945225415 9.025790783578016 9.625305779910834 23.79908553066009 12.560381205173965 9.136980573673878 26.145790106809105 9.373648174812446 19.64420154873225 16.378381288322515 5.855466497756653 24.542168415653894 26.36783880081856 5.058475752941872 9.154107433929505 2.8256034846799483 29.88484066754019 10.954651726468366 10.487543391763522 22.16341618226092 21.882669043769983 25.3171772829685 27.865070614506458 1.7752291206452517 1.6612374138342025 27.053443894177867 1.3167394305983962 27.839795296340355 17.54879208177037 6.588709616796615 5.616108835645581 3.460890530992117 2.053944439850844 2.381698359728312 3.3006805792786498 25.25442273924321 1.4276609085270409 20.891474519681907 24.372192532207833 10.385663831136196 22.989570537589252 23.288420143547583 4.528662240996638 4.363870957314878 6.722443300883747 10.550593757529645 11.490845533516778 8.363299676373973 21.173610940739753 11.083184936733092 24.56417255791867 23.603846643386817 29.460745339885513 16.29981488511421 19.89436628204776 3.9987724243964915 18.243227236578925 19.860084206127926 19.765589254074914 22.608740652943805 17.183551800180208 24.304419602544208 16.64262737760329 18.587736548625575 5.672720515049088 14.7214530221278 24.87081828206921 12.880779560715379 22.056173847342972 16.564578685191705 9.330879482948811 7.3550547805971735 19.399855005168504 7.945393907053067 26.934440878786898 5.985548258722069 14.861171831489447 21.980801498533186 16.156897228208422 20.9074162932199 29.947062261926952 17.41989358822486 28.545103847767415 5.636197753732276 9.525581333872854 12.167677379103347 1.4058782458808359 10.999132376965694 14.914621738946403 13.58822491972873 4.188151240128487 14.88428148362876 7.623725184045012 14.171995807989273 4.059030553068841 17.42214162467885 1.2904743563544543 3.871403165432369 2.2954447584581734 18.244372838178798];


nDrivers=120;
max_D=[155 133 230 228 130 149 225 142 213 224 170 179 178 161 216 131 238 179 209 204 179 187 161 229 172 195 219 235 127 168 176 216 191 162 121 124 233 132 150 184 130 128 233 187 214 142 134 190 172 131 197 202 120 126 197 199 228 231 172 171 201 122 172 161 163 230 215 165 125 218 228 215 214 224 194 211 218 128 216 233 140 181 239 164 172 204 203 216 151 140 238 138 196 185 185 138 201 132 184 158 220 203 163 141 235 134 189 203 169 208 186 231 188 221 217 230 142 160 166 220];
        

nServices=125;
S_starting_time=[498 713 97 563 684 229 132 165 415 627 502 337 369 270 372 390 67 134 557 347 682 254 541 203 697 190 489 119 698 70 280 676 481 315 490 57 418 13 244 442 0 197 300 603 147 184 65 668 57 402 37 277 708 513 339 57 82 74 125 624 455 554 463 44 619 669 535 635 123 422 244 388 107 613 482 516 632 217 283 172 115 314 134 381 114 100 256 163 683 598 144 559 253 334 106 218 22 479 662 446 443 538 202 311 558 624 100 15 516 483 661 36 144 669 264 232 645 559 38 606 349 107 331 695 325];
duration_s_min=[112 72 101 67 116 94 63 89 105 90 86 79 101 95 112 83 95 117 64 65 114 98 83 92 97 89 87 88 73 87 90 100 109 72 86 85 89 71 76 110 112 107 92 69 60 82 116 63 100 71 65 111 99 78 91 93 87 73 69 78 62 105 78 79 81 96 76 94 63 102 113 77 102 79 75 93 109 92 86 92 74 114 74 80 63 91 70 107 63 93 94 113 81 72 97 106 101 63 84 95 88 60 110 108 117 107 76 111 81 96 84 77 120 92 84 104 73 70 68 71 94 71 94 68 86];
duration_s_km=[48 38 55 58 58 57 55 40 56 37 56 33 47 38 36 45 34 51 49 55 52 38 44 56 41 45 44 58 32 45 33 40 53 46 55 54 52 59 56 53 31 42 46 37 60 32 51 39 43 40 54 36 51 49 35 54 37 34 30 36 34 37 47 53 39 53 55 33 42 43 57 46 39 31 34 60 50 46 48 44 50 55 30 48 50 49 54 51 41 46 57 52 52 56 34 44 49 34 35 45 45 52 45 31 60 40 57 45 50 55 38 57 54 47 43 30 31 53 45 31 53 43 38 53 32];
num_passangers=[83 44 61 73 35 86 56 98 91 65 85 68 68 92 73 23 39 59 49 57 34 56 99 86 26 34 57 68 32 29 96 73 84 94 31 88 42 60 81 72 40 34 97 100 53 63 77 82 56 51 25 83 34 54 44 75 75 45 29 59 58 72 50 36 41 54 37 65 46 73 80 79 98 42 93 84 68 35 87 25 77 47 90 88 26 56 98 20 34 52 24 61 37 69 89 34 61 37 44 81 26 99 96 43 23 42 48 37 29 99 86 30 50 53 73 72 48 39 74 65 38 46 24 50 53];
BM=250;
CBM=0.500000;
CEM=0.800000;    