nBuses=87;
max_busses=88;
cap_B=[111 57 22 92 86 63 102 103 106 20 38 53 107 124 109 25 41 82 136 136 96 138 62 118 115 116 51 123 134 85 54 115 59 139 91 86 28 107 55 100 30 46 88 35 58 72 138 109 84 55 122 89 109 127 123 101 122 95 50 118 116 111 61 110 38 29 61 68 34 106 68 57 20 91 78 126 99 30 45 86 104 99 21 126 111 92 94];
euros_min_B=[12.538104817684502 9.293603000381552 8.090105978982603 10.300800524419074 4.355711705616462 11.279053511253505 4.794084098964231 13.541331628968363 6.38848919201844 12.39172980600366 14.22848879353992 9.52841828931114 13.238052607361059 2.184357571361554 5.997886164323663 1.6918221142742569 7.910152391494143 12.389207933410104 6.134623320936081 13.046255166593435 6.844763036530102 12.943508818228763 14.988441921805027 1.5238516601422867 8.147922392753655 1.9591447107522806 10.128063380982422 6.327874076069804 10.154030428840963 7.088459995423109 11.899811031508976 8.89638468296312 9.86957827137745 7.534599606614345 14.149343573660254 14.057473261283832 6.0570436254381725 11.011194679787717 2.2094829817198764 2.6792538230786267 13.076109612776127 11.906345344373745 3.146189725847959 6.71665636065194 9.943220892483499 9.988303833120835 2.6784183325620425 7.106363239239651 3.300743180951874 9.65897581125387 13.619413516929509 3.3208182902849197 10.030671577045378 12.132022527723361 8.733387777424152 14.31143981555865 1.2438976693148338 11.672957821396476 4.005721375280071 1.086600165195504 12.182494373191819 4.347477044500435 9.749415335931351 14.08993690775311 2.6936024660341262 1.9625379538447292 9.328642715776848 8.888772873567891 3.599685353252469 4.368922705358878 7.32701594921517 11.710234364404476 8.956532622222241 11.099597788264461 12.668651491520446 6.198409465757969 11.744881637120931 6.878481955449949 13.818941900458682 1.7706006647030947 7.322721320749318 9.019928916197003 2.100823609369826 11.108982885961916 6.81541143314783 7.033609032023098 13.15522499651774];
euros_km_B=[3.9940295158177586 5.958864756765505 18.53592015650862 18.517485428844754 11.154585172394835 20.68875898873179 9.79171140753589 15.977625067406803 1.2204298393137658 19.095918767539565 26.854584537739065 23.436282881073996 21.79707502081255 5.402813303436144 22.02159533034405 22.589678544266736 5.139295416011054 14.147924211589626 6.104484307806015 3.1094296546612243 11.778557013760249 20.051177094749246 6.0779521050886345 29.416010580949706 29.509217157711152 12.160051390837825 1.6308002385734752 24.64934221073356 22.918567096375536 27.379709055614363 27.036072890609532 6.05383778229823 7.050937487489972 14.741605403957145 20.328179838430486 17.136187848419876 21.267604780865643 6.368045003625063 16.348882910292506 14.599837495461859 21.14143252648029 12.409967077242424 29.348879009512743 6.167845297968429 24.634026563676258 19.68393937543475 3.4644638830968395 21.27120837250972 27.7235274502538 7.6455563573688865 17.09014535883931 24.32646271090804 9.807965897091407 24.62810843720252 27.904475739982047 5.058059801199461 2.79354436850377 24.120984477713662 7.359089561215725 28.778007839329376 23.39751022549832 20.367328000853767 14.446543533146269 27.719122534741047 27.111947559695 4.880298823501263 17.095222819566846 6.650301733518964 9.050048703913195 1.1421058616870385 20.6846847425043 27.090987172169385 16.260786927564936 20.54414890267859 22.237153147379793 20.96537786143311 20.321616130565367 7.925110543132873 28.0971309089094 12.439280000178279 26.11423356490124 11.084079245887112 10.386728029393604 26.693638355370364 25.347118506347915 29.22992820308194 24.848719219316823];


nDrivers=85;
max_D=[139 121 216 187 156 132 239 224 179 132 195 192 185 202 231 211 139 218 221 144 219 175 200 194 236 128 208 188 211 237 157 225 187 141 132 183 189 208 196 163 128 170 215 129 149 202 171 185 217 174 237 212 216 140 237 171 167 149 228 129 127 185 209 125 185 213 163 227 228 146 222 138 158 180 128 192 176 161 129 210 183 190 125 213 207];
        

nServices=89;
S_starting_time=[118 447 437 308 207 531 640 412 222 39 651 635 209 610 332 570 248 418 709 430 340 563 593 672 228 618 65 355 304 35 6 87 619 442 545 20 562 43 562 206 199 17 620 254 221 61 605 390 120 171 519 72 552 347 602 88 336 548 116 40 638 298 581 305 18 457 281 316 141 201 518 67 234 345 588 599 619 668 239 249 457 147 318 456 632 672 28 492 131];
duration_s_min=[60 93 75 105 96 100 81 91 103 114 74 92 120 109 103 91 90 77 111 88 115 116 110 112 83 102 114 82 106 63 75 111 67 94 101 70 112 62 101 64 110 75 66 86 66 63 78 119 62 67 97 112 109 83 108 66 63 63 115 114 112 84 91 65 96 63 65 75 85 91 117 75 120 108 101 116 64 116 70 115 116 72 98 101 100 110 83 90 86];
duration_s_km=[38 35 44 50 58 55 57 39 59 33 58 38 54 32 59 59 37 31 58 42 35 44 42 60 45 50 56 47 37 55 43 46 51 40 44 40 37 38 52 39 35 35 60 49 40 41 57 40 41 39 56 33 54 57 33 39 41 36 44 40 33 47 43 56 56 41 47 56 41 36 32 55 33 36 58 53 43 35 32 49 58 33 59 58 37 55 42 41 36];
num_passangers=[46 27 38 62 59 31 71 39 61 88 23 25 93 59 75 73 65 92 31 99 35 69 27 66 48 30 53 93 70 43 62 30 83 30 98 64 33 35 98 23 87 45 31 91 50 48 46 35 91 33 89 85 26 28 68 73 75 39 89 42 28 93 36 79 70 66 56 34 81 40 96 65 88 99 23 64 66 35 96 100 22 36 36 82 70 49 29 97 45];
BM=250;
CBM=0.500000;
CEM=0.800000;    