nBuses=68;
max_busses=61;
cap_B=[31 103 84 92 125 55 34 54 47 33 54 30 135 88 119 24 61 60 82 122 48 58 99 31 132 89 104 22 105 28 137 138 47 34 126 40 60 31 62 24 25 67 137 68 81 126 21 135 108 85 60 23 108 98 101 26 83 46 32 29 94 85 68 39 86 35 54 72];
euros_min_B=[1.1236483251073246 14.573525606048985 7.540799685741286 5.8412593011326805 4.1077649631183615 3.7198848457128606 6.062698516965894 4.259492125359579 12.910732822561021 6.557939940657001 3.3215337032907635 10.705485091223657 6.404301587916974 4.883023421942711 14.281682553295807 2.6307552193637314 13.22935731577938 14.271977317808664 11.607791623563784 3.8150103971312888 10.246233748897712 4.166266062370585 1.7216696156132252 14.51879136604608 9.846064668358473 10.809522672015586 10.767591778521954 2.937039608861974 9.098797181674314 12.861818469365584 2.207387622176695 12.108847175516575 13.697910289445913 11.249296545298776 4.145706119123272 13.268963017116413 9.775478957365213 2.6063189973671888 5.262982044359311 14.678775909562761 2.1337417145203768 7.637817689712994 4.236621428111274 14.586443731000703 8.093988559581613 1.7259498047700796 14.64011380238206 14.60589409500568 2.6464546753164124 8.174369361254604 1.0787178157543889 5.904199043462791 5.4903919347961985 10.777764888408885 8.68898352274321 10.384281445095672 13.919084624160732 6.7106581650516475 8.883566129161501 5.967729918820833 14.948859991107902 12.543504253611466 4.922029981371426 14.806424281648368 9.28648024167684 2.68323724266629 13.563488352434861 6.993885581575806];
euros_km_B=[6.314320467934401 2.756524172866585 12.158235789608781 9.27932218007837 10.534036488036055 22.40623518698093 14.523259179144505 3.6331172835949492 23.855735035210852 18.57517143430265 23.704149348154026 24.811103256093602 27.840254367228173 17.613508683168003 5.479281852302554 18.21648409725783 22.895606381249223 19.635329261873324 26.053382327306895 27.807628357189774 12.443136554698118 17.192427782897475 2.0569432965394907 12.40880593367917 12.050941310308154 6.8383038406570975 8.422822737549645 5.42645149582963 26.023521307221152 17.836744342653642 6.978719585397299 2.4914732024849813 17.25842868303306 8.5470294960775 12.870564130603881 24.912039962314477 22.339540454587706 16.57610725460572 20.391011234242594 2.083578528001146 14.198774315064279 25.937799688031127 24.322373868007194 13.579445121564047 1.403648274836136 25.636460998207465 15.48858474792978 4.528044512665279 22.754518482306135 17.991823204821653 10.197602688084286 5.279861377008308 27.784751649000157 11.69659178158006 16.908094011576665 11.600029206377364 2.898832794890004 3.5579062488704825 20.317485144830304 2.4802988466886036 25.363546045180694 11.282585641019454 20.61906300513578 14.533288357679757 20.66049828542168 18.55247099694838 27.887742363170766 18.227511454033905];


nDrivers=70;
max_D=[209 229 130 128 187 157 191 212 172 136 219 145 149 131 146 138 128 184 227 206 127 139 218 140 166 196 237 199 123 189 155 121 233 148 203 213 186 231 227 189 128 225 224 215 224 168 224 240 175 134 206 124 217 204 127 222 173 128 135 215 177 152 191 135 214 136 220 177 196 231];
        

nServices=73;
S_starting_time=[504 535 710 459 268 550 477 635 601 710 667 516 401 223 75 77 21 174 399 133 299 667 363 417 608 146 520 646 501 101 108 547 647 521 60 61 384 656 409 24 627 65 385 285 598 238 66 600 620 544 131 232 436 547 38 635 192 34 232 425 346 556 385 653 588 196 47 117 497 176 363 649 24];
duration_s_min=[100 71 113 71 79 61 70 116 68 88 98 81 90 93 74 114 89 60 91 88 118 119 79 111 118 110 103 72 105 105 89 83 91 97 67 86 112 65 111 93 112 89 101 111 114 62 90 64 104 64 66 69 103 113 100 110 86 103 94 100 92 84 61 118 65 100 83 81 116 79 112 87 115];
duration_s_km=[50 42 60 42 35 42 48 49 41 55 46 55 52 42 31 53 34 39 58 51 33 33 49 57 46 58 57 41 53 39 41 53 46 38 31 47 53 36 44 55 40 41 40 38 49 39 45 46 59 37 52 41 47 36 55 36 41 46 53 60 30 60 32 50 59 39 53 51 35 52 41 57 42];
num_passangers=[38 24 45 74 30 94 34 53 55 46 59 53 86 71 57 27 22 29 20 84 90 93 40 84 38 25 60 67 78 64 41 78 97 77 96 59 24 40 73 61 53 31 75 94 82 38 100 35 54 23 81 78 24 69 97 38 37 35 45 25 42 20 22 22 35 44 98 78 41 33 68 59 77];
BM=250;
CBM=0.500000;
CEM=0.800000;    