nBuses=88;
max_busses=93;
cap_B=[53 84 63 30 115 94 118 113 115 69 83 140 39 97 110 39 137 23 34 101 77 104 129 105 93 117 39 74 139 35 32 93 41 132 138 35 84 83 85 87 133 23 84 31 37 80 80 85 114 109 75 80 113 108 70 73 76 28 139 88 112 107 42 65 99 121 34 117 39 121 115 134 124 89 61 24 75 136 26 69 56 124 68 82 130 48 84 64];
euros_min_B=[3.477712518569745 10.49117155416201 8.041077655810742 7.912329570860841 10.739503225825802 4.290441866231107 12.652059162751797 9.308274861194214 12.031817367088877 8.359624007035565 6.6816757575823145 3.613528253018159 6.635925977308605 8.845148388396758 13.850474838811923 5.626834370580356 14.22652872905506 12.867426453630783 8.673538486981869 1.9554683271191822 13.870066984525945 6.03974809215588 10.05847022013652 6.39357070182307 5.07500928705469 5.240480368835275 10.339784937589151 3.9412403911446585 1.814568549064614 10.959557738744799 11.191037680740402 5.14713353418287 14.709753562368995 7.862234186628061 3.8354673297564053 6.1987430867039786 4.999986730660898 9.796758200308657 1.2780677095769197 7.012879193386549 4.3274384348660035 14.705955120906353 8.224760758684274 4.982245383714583 4.205426983319905 10.411480191626532 11.984669587173025 7.022882148206428 8.686082906267124 10.177745181215052 6.480576586970213 10.059185497191153 9.92134254627144 10.687619519749912 3.7182405383681374 11.400735145032089 10.741290426792727 2.96572926861491 1.4697125031333675 12.895039105473598 1.2557995874472787 13.814981273724186 9.56535428732857 4.284668048312101 8.475324050680678 1.5379720924794982 8.5419155450674 7.689380214608551 12.364388130726613 5.0370763235489395 10.732194239844388 8.40204315007194 10.993792214378406 10.938025193668931 12.625037800602858 5.197870342704523 8.85272888422936 4.3914369292923485 7.36733416148322 9.374157294943736 3.884442118692225 2.2724056036599665 10.706038939701738 8.837525498695756 4.00209409751413 10.20524724146595 7.082476674275883 6.576654439747608];
euros_km_B=[19.939425207968238 13.579298385748883 7.804323362420943 29.32561644839772 1.7878189775582394 12.53787915368899 5.9183711589218175 3.648768951415614 20.57697750772117 20.07326457562239 2.9202318638939033 18.302207760291445 7.6432232803448255 2.333398634212031 21.859336771748318 27.35991370627132 15.003831010724754 24.454156449050743 12.211506062615326 6.4617027901916 15.578462627066735 15.217335857530685 17.552419438267815 17.298030331209233 15.383986678744085 5.362142140128353 3.2766854227284985 1.5069181277738166 20.727965943503836 18.00578519740535 20.29894481550478 19.346955272470847 29.193022390034976 4.673527983197115 15.0829540984602 27.064012747689368 24.669528262821125 10.00400211963406 3.6420209304225026 6.01075067743494 15.749461630497251 17.361883502836854 14.400894883651649 16.279813522784416 20.94763253485775 10.275662374857887 3.7507345303204955 16.2211759156596 14.49427100201861 27.110140554692965 19.10485039786121 10.927907710258658 2.903213974863608 17.76290590911355 3.621973233405085 25.34726818686183 24.812609114303584 14.03594362976099 29.545588734687218 3.61161892478427 13.703731746083175 18.045592207897933 20.557439994409123 16.322666862704317 24.379089362796325 27.329656257585572 21.564780382082578 7.133785490291746 3.87855853805974 3.164517520011572 2.2346588830237493 25.3739800321129 26.036300948644868 2.997458803621854 17.008256364379257 5.9796273718829385 11.914096594380267 27.980530721260944 1.7588697938438254 25.995861172507254 13.944066499509983 5.154852272320955 4.319665613609195 12.435725993036524 11.631233758490994 7.8572320706223335 6.250996326695784 10.230577622367147];


nDrivers=88;
max_D=[195 176 138 167 120 158 166 139 135 162 238 218 178 147 184 222 149 168 134 214 206 122 124 170 205 187 231 172 208 174 132 222 208 162 194 157 220 124 145 147 212 228 192 196 198 233 216 137 190 198 157 127 169 207 238 165 166 190 180 218 207 229 130 190 193 160 202 181 231 187 198 159 204 157 195 162 195 220 172 200 186 240 160 188 133 215 213 140];
        

nServices=95;
S_starting_time=[182 239 162 9 668 206 668 165 469 146 708 46 54 157 388 550 157 300 112 406 78 614 92 252 353 638 127 291 214 660 588 538 719 5 46 331 566 618 678 41 104 422 394 494 57 526 367 355 606 37 705 477 185 155 360 454 52 107 5 557 112 148 605 679 309 303 209 142 404 290 498 16 87 551 227 439 676 399 112 21 596 11 485 399 688 500 687 81 509 504 401 465 689 164 540];
duration_s_min=[108 90 109 69 108 118 86 89 86 90 86 80 72 108 81 85 82 91 102 63 63 99 74 66 78 88 82 103 107 107 70 108 107 72 94 80 84 94 85 62 119 81 88 92 110 61 120 92 107 78 60 75 78 69 84 105 89 107 88 113 118 60 95 113 99 99 80 97 63 87 99 88 118 71 75 112 83 80 101 80 106 71 116 63 95 100 114 81 74 88 87 76 90 115 69];
duration_s_km=[50 36 39 38 55 59 33 39 58 60 34 45 42 31 46 47 30 42 40 47 33 43 46 37 30 58 53 44 53 45 42 34 40 38 55 52 51 53 45 37 44 53 34 55 58 57 47 45 60 36 50 40 44 57 36 39 42 45 39 37 59 41 51 34 33 49 43 56 57 55 60 59 39 57 36 39 37 35 35 40 55 60 46 57 37 45 52 37 53 49 34 46 55 58 60];
num_passangers=[23 63 36 32 46 84 96 71 22 58 58 80 38 63 62 29 68 30 83 97 58 51 38 67 22 23 93 55 50 82 50 45 28 73 52 41 29 50 35 57 46 24 64 24 32 78 81 25 90 74 95 100 42 30 52 66 91 100 84 66 33 66 36 25 49 81 47 59 27 90 63 95 66 100 92 26 22 86 89 51 95 41 49 82 42 73 87 40 100 42 54 84 79 90 47];
BM=250;
CBM=0.500000;
CEM=0.800000;    