nBuses=79;
max_busses=82;
cap_B=[95 140 39 47 114 71 99 96 28 108 34 121 52 133 28 97 132 83 45 29 23 27 113 91 35 43 98 77 25 35 98 49 63 90 60 33 132 40 92 129 38 139 62 36 79 87 83 95 86 45 129 123 136 28 64 92 102 28 25 101 131 27 36 45 93 45 72 67 93 130 70 66 50 123 131 109 102 110 79];
euros_min_B=[7.716411770520437 2.2711769902259498 6.114904400060253 10.533885163926916 5.705996990135055 3.606706878791071 10.94535451383424 13.546345259321583 12.317931260949706 3.4173193778192577 6.704695300381841 8.48141191994355 2.8638253364216832 6.816895487577161 2.840652263633716 13.306251679027806 10.786694781989885 7.7764752677522235 9.678030344380929 7.797729264161783 12.30890707207521 8.922692288020036 10.624724524439493 3.0909513283057963 14.524475957098122 12.051552595264942 8.054629660756817 8.16787571377288 12.480656307575405 8.635266243439986 14.556133006422709 3.833660999652601 11.556014017084527 1.0163001331819543 2.9500060392510212 8.272994118327322 8.706707011075904 8.030416473198866 13.079854472081498 3.304128613024284 2.7336462114220748 1.9106088145231708 7.574363380869591 6.8193858493104464 12.892023406252246 1.4942136973457132 13.230154947180612 6.722632583551914 5.271557858844082 9.474985003759942 1.7401448312132253 9.490448986465335 11.834067421385235 9.000801131608865 14.66091688659531 2.2258938672918696 2.1372711214517324 4.078723302711428 11.535740788390452 4.275487359583417 10.084740388819688 13.113592648676685 3.077142508638137 4.594079562813374 1.455495284942001 6.585232153093038 5.002884267180843 11.525065059787066 3.7325408893435337 13.73421871954643 1.6509499302430728 5.96580638565942 5.367714758417533 11.92682910879547 7.581204640542262 12.851799468457802 11.882361435163673 2.1369629766296523 11.140005040336888];
euros_km_B=[25.183068110502454 28.936243441782377 1.40355115808032 11.024952810862834 15.97586374312855 27.364752293403885 12.629394420387772 11.05547471942139 15.998106264005209 13.466538521829907 13.365447353954933 26.845391511104367 24.013859613971743 4.990863188421106 13.350863209614987 3.7565907442197437 24.42827690111061 9.817784550676516 18.09875041855635 23.897051698644724 13.677878454617767 14.115200331795632 23.033208469787045 17.841503211988822 29.09496611223946 4.568777342535212 2.4733167153327473 8.404237401659438 16.755112568031528 13.294906028577893 19.387865298158317 11.062262998138214 24.187730678586775 18.50230117459622 15.290818468184467 10.474491669194801 14.150081321946981 21.005459105519137 17.4470717519896 28.357754765257802 29.690186503357264 1.5251003729317245 3.9127787561448146 24.2815905292972 8.065807782176558 17.053400761414643 18.97511167207525 25.917315526778733 2.9333604003595135 9.706975085286393 23.55641240514979 24.519557107566143 25.057391174166305 12.067827770299875 2.5273873471563046 4.590372199221556 20.12686885308858 11.341536705687785 2.0079100347077166 14.920241038510063 14.147690541951665 26.263154866151833 17.3950404262361 28.777043759489555 3.693604116416341 6.73634232349902 24.633265788624303 16.11405416382908 21.055011393533583 28.63855181167806 29.818663782569292 24.545775126848753 21.269885366638 24.207290722062897 28.477050575940375 28.678567001035198 22.852837393951383 15.12621668212508 3.306087731636087];


nDrivers=79;
max_D=[136 129 192 195 145 195 131 175 156 191 215 169 142 132 177 170 151 236 166 231 216 211 190 199 137 187 173 185 229 187 131 123 155 171 150 192 137 134 234 191 162 120 204 173 177 225 181 227 133 234 234 174 146 222 221 166 169 130 120 226 167 231 146 162 234 238 148 164 161 120 212 150 132 166 154 163 174 199 150];
        

nServices=84;
S_starting_time=[111 718 598 116 553 612 68 272 388 113 467 226 61 375 216 596 248 694 622 712 376 54 423 411 550 118 418 213 243 428 659 398 127 352 405 444 366 36 129 519 239 255 689 450 233 17 603 167 142 293 526 330 488 328 520 48 385 634 297 494 528 309 130 74 444 220 663 447 359 316 425 594 659 118 465 702 575 107 490 670 408 412 446 717];
duration_s_min=[68 72 69 82 104 105 99 91 86 107 82 102 70 78 79 80 61 87 95 86 100 106 110 105 68 83 119 117 87 85 66 78 118 70 101 113 92 94 64 100 86 61 68 81 90 83 70 117 109 71 116 120 74 64 119 79 115 119 75 64 78 120 119 103 83 88 91 94 85 94 114 103 86 108 81 115 78 74 67 103 112 78 113 66];
duration_s_km=[47 36 57 58 47 47 34 52 57 43 38 59 39 41 49 51 49 33 37 31 48 35 40 50 33 36 55 54 45 41 57 38 35 44 59 59 48 46 38 60 36 55 51 39 30 55 30 51 49 37 53 32 60 42 46 36 56 60 44 53 32 33 59 58 48 36 54 32 37 33 46 50 48 36 34 40 42 49 33 52 56 38 60 34];
num_passangers=[56 74 64 73 95 26 100 50 71 63 84 27 27 80 76 95 95 59 40 45 20 84 25 78 35 78 88 27 92 53 80 42 41 85 64 61 97 31 55 34 23 85 47 36 94 42 51 95 83 51 23 78 49 98 88 91 20 65 71 27 35 61 60 89 21 49 22 85 20 64 48 31 77 64 70 41 57 80 73 75 38 73 58 87];
BM=250;
CBM=0.500000;
CEM=0.800000;    