nBuses=76;
max_busses=77;
cap_B=[110 131 139 51 117 73 123 66 133 63 87 91 124 112 97 100 31 109 61 140 124 89 66 95 64 139 89 41 77 90 48 131 113 25 54 50 39 130 124 68 38 110 110 46 124 138 72 41 64 65 67 75 29 78 127 84 96 67 24 120 39 91 116 92 135 60 118 88 109 67 25 46 84 69 138 21];
euros_min_B=[6.580167216259885 11.792182032801428 4.124647143006877 7.2686947807158875 3.225890708385186 11.805798276292762 2.705264245120185 5.681069424888642 12.499218742828603 3.594353879554708 7.527624066029844 2.4465018023885383 13.707486370980691 7.173851252471639 13.85822731996411 10.80493043024919 8.358931584139349 2.342680755392334 14.918202152841008 6.433090741952299 7.463246045401328 1.8521844152215 4.756421118683322 11.594692773593426 2.3928328835834467 1.228664308150097 8.443140664388096 10.592337768910033 8.241261478571644 6.177405443915585 7.992064464062569 10.599491649790407 2.0140934054044215 9.603654159420932 11.086523073712183 14.93758397132027 6.3725571808942 12.81951936577822 14.45098226593324 10.990294176964035 5.977032772534685 2.181810610871831 12.86348156906893 12.181305365853731 10.132445546570745 14.136759634672632 2.377431022976003 3.1326512967891107 1.9493670852604084 13.674099269283262 12.157209436972305 4.262312788989479 9.619572530355061 9.319281324571298 7.701340218329536 13.356739044298521 7.202836377062518 14.187411120771191 10.823872432503554 14.734513555037333 1.0581857226812614 1.0806858104233195 13.561100959671293 13.381546701247416 12.692190330307042 9.709483987456483 1.4370548371012632 13.385529935811888 13.3389074145521 10.876088927252374 3.773950805775308 13.112413937437431 1.9106536613558043 6.3618220913096675 3.7235826721032246 14.324467010144591];
euros_km_B=[1.2808716206092465 8.61487047309296 27.405071587172998 1.150009224107618 12.850480017933807 29.19092054067709 28.214716945038077 2.565519497694057 22.49651374056077 10.60310772610613 7.946299322328373 13.033216010158478 17.7710879418577 5.078750849752117 21.91082051191024 19.918779830688678 25.002016929553193 25.017471082139007 9.28033492119042 24.271817584178738 19.756767445231713 23.308258221391696 27.01881975283392 12.696780437071757 15.023132296792783 21.798071940359062 21.049517352435572 6.423554632699504 8.53864180024955 18.19960336821983 19.955900574340085 28.66879045727481 15.261574301606446 8.855613752266635 12.979698181057879 24.792525619099326 14.525536033938897 20.414196537279622 7.5523089830130194 3.833123433006948 20.408390187399036 23.573297973892206 19.632797505363566 29.1953496342211 19.725165464540016 13.883617879985932 12.824865225850923 20.74442142296058 19.477037872667392 11.562873195641277 2.0918719033409854 1.0615499418540733 18.562725085538187 1.8902403676922819 20.7004160901869 3.491516476065204 12.040295819378017 3.318272094157395 27.422069427519208 26.459365052299855 21.923815965729275 24.510567795768214 28.614726697224967 24.3879489641197 4.735789202650166 22.474719072424847 5.526229741515802 6.576092078214696 6.382170576807186 25.02932413966782 4.104047884555258 23.51996072816993 15.317494272271992 28.21499794128613 27.550685751951367 12.40678349713244];


nDrivers=72;
max_D=[214 177 187 233 132 139 131 238 168 215 131 219 232 240 129 141 151 120 209 207 238 240 214 162 239 152 203 122 222 156 174 233 188 198 222 163 128 192 194 168 142 145 177 217 181 190 186 148 170 170 155 229 181 120 213 120 211 173 172 179 194 233 158 188 208 163 194 230 185 220 224 176];
        

nServices=79;
S_starting_time=[348 542 50 660 324 219 116 50 394 0 668 218 360 629 232 660 440 671 148 76 701 496 366 592 310 47 56 358 343 106 140 228 170 139 697 124 536 710 607 401 315 720 82 180 266 252 81 334 82 696 248 663 273 604 394 48 276 362 514 258 532 1 564 479 92 355 236 193 224 589 197 555 338 550 486 79 542 408 340];
duration_s_min=[100 100 115 117 80 67 118 84 77 87 83 120 86 89 103 109 117 89 115 102 120 120 79 67 78 70 66 65 100 84 63 67 70 93 112 120 95 76 114 117 84 113 100 111 107 104 108 77 86 61 88 80 116 63 101 96 118 77 108 108 90 118 91 83 106 100 102 86 118 64 119 83 66 65 81 73 116 99 114];
duration_s_km=[34 45 60 37 42 54 53 40 32 38 56 59 56 51 60 59 34 56 51 60 32 53 47 59 44 55 30 52 48 36 58 42 37 51 44 39 58 49 38 53 48 56 41 57 43 47 50 36 32 48 42 40 59 40 56 43 46 44 51 42 45 30 32 35 36 40 57 45 43 37 45 57 31 32 43 35 36 45 47];
num_passangers=[72 43 86 79 26 81 63 81 55 21 35 72 77 30 58 47 49 68 45 22 45 70 36 46 29 100 66 53 76 74 76 68 76 49 65 48 78 24 33 57 46 47 45 56 20 31 54 95 27 63 28 42 33 91 25 95 46 67 60 20 44 24 68 84 26 71 74 27 99 37 78 34 50 45 90 55 54 43 27];
BM=250;
CBM=0.500000;
CEM=0.800000;    