nBuses=93;
max_busses=92;
cap_B=[71 134 114 124 118 139 111 89 131 62 70 93 68 65 88 60 122 104 48 48 107 61 137 62 64 60 80 32 90 140 53 105 114 66 35 60 75 51 54 93 61 90 117 111 100 71 137 42 122 87 95 37 66 89 82 81 38 94 123 32 92 120 59 24 109 25 138 64 132 91 127 66 123 135 130 117 58 108 85 115 91 100 128 26 134 23 22 37 88 55 88 132 38];
euros_min_B=[9.63743845806765 13.718451882854454 4.989990742966837 10.941065156243477 14.866747272143353 14.372054126922272 7.845661060345617 5.143348444688025 7.024490061415824 13.802989913556122 12.076190047671423 3.9591083676498613 9.535101883854685 13.593950571713194 13.120493622922375 6.89702995269894 9.031410137020568 10.238833651764732 12.73708842364256 2.513670739097149 12.432151046499193 2.4210007416683377 1.7111825742415763 6.7130775791236985 11.95758549266656 7.5615496918041725 10.677623087705832 5.852884767704169 2.5666052510900803 4.5797514470496745 11.668733087226366 6.657465097868114 13.855971248748345 6.09855613275883 5.049493540210245 14.006702899420576 6.893599242002657 11.812462334638672 2.4362198195359084 4.835172496766631 4.089931905243791 7.919337383638782 1.0382533988412428 14.855008920298133 6.898108427327758 1.8080311427433409 14.49852233980462 1.983495955898067 10.52929801736949 10.286043086036806 10.536419503265416 2.930694287813452 3.5891809331426594 4.204567379282807 2.232117404141555 5.071044717598639 12.671802392634891 6.257474554520327 6.622319210991718 1.3869230087919648 10.07144559136081 7.330698900643181 7.014652194795657 14.226995633851578 1.9005836691877491 9.658049167181936 9.860831113703675 12.376360227650347 1.6492021648269162 14.327522149908855 5.0284767591716015 6.758373821456623 14.633472282312216 13.171579457776923 6.643149094650677 9.52285392160788 6.323634575010804 6.400145844377594 14.440948013958845 1.1952087120869002 12.691063703797926 9.132094392616153 9.546052833082728 3.575978368928224 14.659016229013751 12.990027763313753 3.555855897974479 10.610249396415691 9.717781611999996 11.55260698251533 7.766469528835009 9.083741925678599 9.356382056429934];
euros_km_B=[3.9570082855844992 10.261425082704053 25.967576102801132 19.701837596563273 2.157616057383058 15.62686126848152 2.416737072521614 11.076630743464891 9.825332563828276 14.022249726859226 13.251019088154493 14.979011411261673 11.919954575153135 25.675804950305647 19.336777984524453 2.405195714772682 11.512910072734638 6.805172769894336 22.505277191588327 13.78688011997632 18.286151022598705 9.600704937316278 10.996088004026422 20.222176217855182 10.937465837367535 12.034557368285032 14.621943646960649 5.045344752684642 22.22602078102605 25.575621409596163 4.7259004634456 15.668900395675916 16.75440871206201 27.272878085036247 6.164604297125203 26.549967104763752 16.273340217273294 16.62975055658041 8.980711486815752 15.813599307989813 6.281586380418231 22.89806836829581 18.459192876093425 3.7694750173318994 6.483866326752597 21.48986062996087 20.881573508493847 3.8757266407272475 21.065032834105796 20.604131995326533 19.916217381678276 24.9290856644043 11.276120232375508 15.332838835188307 4.388531570430628 21.233472401110998 17.08310844438909 29.577554233176937 6.598735469836836 11.30349410344579 11.374163639698748 10.821201170395303 25.931506672052897 24.565730287771128 24.902429879251212 16.461759127436544 10.688038737043138 16.715642591239984 10.35967090260753 5.57816466517979 21.36360244281149 26.62370785580941 2.007685725189318 15.637785811345584 24.69271413721751 2.808077639548036 14.395236811721729 13.052025689110792 2.936168195277705 26.439230896600595 10.455243798376147 2.328392066959379 19.958866347730062 15.607263746537027 13.694218041150224 14.848420575771932 16.948977665725764 11.821242128285112 12.566215304426422 19.218195728790946 1.6177260358747931 28.41511797887928 27.121636692048575];


nDrivers=91;
max_D=[122 161 182 223 155 140 164 186 236 172 184 224 231 180 203 170 133 120 159 236 145 171 222 210 154 161 216 183 155 192 151 179 210 163 157 215 226 233 132 127 152 233 140 175 169 161 189 171 158 218 133 143 164 222 206 202 155 190 232 178 172 129 195 150 225 210 132 212 123 222 209 239 131 150 122 235 233 168 143 179 122 221 214 217 220 141 170 191 196 131 136];
        

nServices=94;
S_starting_time=[105 660 39 24 393 311 372 192 528 458 203 486 526 582 230 298 497 717 253 414 497 540 506 698 176 45 316 656 55 81 8 629 638 335 92 677 316 76 50 343 305 592 504 10 650 473 327 666 497 432 445 152 446 229 547 200 474 208 691 580 290 270 552 702 273 720 571 32 181 456 116 399 567 246 389 147 423 525 237 384 232 492 460 184 519 345 194 125 100 614 97 125 390 83];
duration_s_min=[119 99 75 77 118 76 115 88 71 107 101 66 62 116 75 105 96 66 94 75 97 73 103 75 82 80 90 104 98 75 106 80 117 89 82 87 112 61 99 76 62 104 77 60 80 86 63 96 75 104 71 112 66 97 80 78 84 109 79 94 77 81 81 118 78 99 110 103 76 75 91 113 89 119 80 96 111 89 89 101 101 72 110 70 104 64 71 75 97 106 104 117 90 98];
duration_s_km=[50 39 40 30 44 45 55 37 53 54 33 38 38 33 51 51 43 59 34 31 54 45 48 46 50 40 30 49 42 31 38 36 32 37 46 52 49 47 51 36 48 53 60 43 52 60 46 46 43 34 42 52 51 56 53 48 58 56 59 49 41 47 51 42 34 37 33 44 57 54 55 39 47 60 32 35 41 55 36 30 49 51 49 54 38 48 30 58 54 42 60 37 59 33];
num_passangers=[33 22 55 82 27 24 36 83 51 47 54 34 27 82 90 79 97 77 56 45 83 73 32 33 88 80 100 23 44 51 31 35 54 40 84 89 69 94 64 83 100 92 89 43 54 60 78 43 55 34 86 47 85 84 95 70 70 89 31 65 71 76 34 71 87 69 33 32 89 75 47 84 31 41 74 68 93 69 58 33 62 83 74 90 59 69 88 20 97 78 48 83 47 21];
BM=250;
CBM=0.500000;
CEM=0.800000;    