nBuses=127;
max_busses=118;
cap_B=[74 27 137 40 114 135 103 49 97 113 117 119 46 101 30 52 139 28 85 35 39 49 75 128 74 53 120 110 37 45 74 47 53 76 96 35 44 135 126 47 117 116 99 70 111 140 136 125 129 43 37 63 85 120 130 21 121 86 112 74 95 123 118 53 27 99 130 138 62 134 134 74 117 77 108 114 38 46 98 103 104 120 22 22 81 115 29 50 76 137 62 128 134 125 100 114 128 42 114 100 46 30 20 138 78 24 117 36 75 63 126 23 89 109 136 55 29 75 123 101 127 82 99 37 138 61 55];
euros_min_B=[4.366158073301027 5.753779869021557 7.038455685556697 6.499430797052644 11.729913618698472 1.4753490970749417 14.777236923063116 14.354008638348382 14.616319906977381 5.9307192000758135 13.32867613232639 6.480785297618388 3.5806619953210346 9.198274310871314 7.872906273742111 2.231699902533134 2.5972631761243234 6.349467483447065 14.15389396495244 8.54536040726369 12.981117510792215 2.990470649076174 9.287939290438358 10.588048565298383 4.01838835423149 4.02631167612521 2.671428261368888 5.877206507692498 5.872136279986231 8.440444646225323 2.296145736264773 14.080666043949229 5.486619816488208 6.951447118232218 3.8824390165401224 11.23750513252882 1.0208971976331995 3.9709021700182383 13.539867090003007 8.903248371713161 4.597560164230524 9.051317076039076 9.509496407685186 1.0881287372137964 4.663087727874868 10.270008917018947 5.090570145019629 12.031032367707065 8.049814503688637 14.846691083061348 8.818829727168984 13.082518496202827 1.7950618434350292 4.850044507120183 14.504623376265169 3.52915495493581 9.657039040053386 13.304172171218134 4.064475327838908 14.115150910838317 14.9995129734997 4.726626180697275 4.160134522574335 7.903930224185142 3.3940441111187463 7.544662660566772 2.1552604058364784 14.638670648671082 14.082059411394074 1.2485903201100388 3.9506145307958396 10.068393639832884 9.810197518765197 7.406222889837286 2.266567685747577 9.611400884738764 3.0113207141461893 9.974899762886652 2.5830758649660384 6.680800660191922 13.968518196627342 3.7079544667110085 7.376150754975337 5.432498099364073 3.3392988285532557 1.1318593445127736 14.551697545141351 2.5277274238623235 6.490863911731327 2.1356531268272647 3.7149982602332265 6.671487711767659 6.078282207555917 8.209773790164714 3.7412591892096394 8.530245907116045 13.759845197694903 13.292161548367716 3.498117251832231 14.40178377807877 6.331717499349807 12.119161630567987 5.121392801832009 8.805452213539555 5.6048168512662855 5.886779355787085 10.43171052345322 7.8102850950350415 9.700858556706175 4.560899743523931 10.683103830207193 14.769662316536857 11.239128657706916 9.28746822979436 8.193881240205272 10.330581980483801 4.990877285640993 13.128748802534782 10.51797244430003 10.495821000249391 6.5110062449186135 11.894074166955075 10.867200788539911 11.247775836166339 13.696562392261908 4.544513215015923 12.011423874495714];
euros_km_B=[15.849233525124829 5.404921678740058 20.19597283395076 2.906325392156555 27.36348773655391 26.141045631579853 24.742388718376535 20.02862471839289 21.464353748502752 22.511144018676728 28.04197104066387 19.11151767595771 12.5206594624156 25.468480114238805 10.804366878067174 3.7669289030238007 18.74595670032537 1.3008052325456068 6.376981759658551 24.260129026108014 26.931251194525363 5.930812990671698 16.46640800808977 21.127218352055465 10.4120122492795 13.582091488625501 25.485722694207944 24.746215613566623 4.988954687377858 29.214979923351805 17.797411058497968 3.6515209992253044 21.74286728160031 25.690034890852708 23.114555012911108 8.156226179514764 12.176310226096701 22.28662322203748 2.3649628987605276 6.322368458846936 8.123611629261262 19.704131788073067 27.221183265627296 24.616274936083386 29.087676129812323 23.819084176711293 15.286953951755995 3.4937429311485086 26.550761084739527 28.99858436224625 12.990102627267486 2.0491679298751366 1.688105187409254 9.254312040435293 13.440006991538056 25.097424139478225 29.426763902239983 5.708803812659916 12.335348996263107 25.704551630828643 25.552807234509178 27.05044018680609 17.682840705439816 18.15666670659785 4.597032665374125 16.252967258947447 26.050885258652045 17.77938638132708 1.6651692525806383 12.603250660403564 3.029481331901205 25.157601873064035 27.10316312503715 25.7921063262607 17.41406046794953 25.980160456052197 13.852095488939542 4.122230543232034 1.624723129672268 25.259692074448992 13.584494291062683 17.555687335412742 28.778536472017475 3.553605115280079 12.958695571510697 16.943243951061206 16.077291369571633 29.430526304462795 29.0684232275972 22.03365905453565 8.764975570490634 6.991436497733968 12.594930937625092 21.737870221671493 5.989977136890846 8.978183921520257 28.84098271146985 1.1662471321986332 13.40232592344226 13.298400611483887 24.13511989835777 9.748105785988727 16.5019754612117 9.507238784952255 12.57643420820513 25.466680975655844 29.11702053573835 6.7972106172647715 19.553020353566588 26.098536705432984 10.011910600314918 11.341509340264407 29.685155869297457 7.641971235773731 18.805545409410055 3.2383299478951195 14.073194786988608 21.282175123338256 2.8048568352890686 6.152295617456537 21.105324126370544 22.25205171361637 19.18032115159388 23.702294885765326 15.708354615614107 3.856759435766972 12.002633852031604];


nDrivers=125;
max_D=[126 231 145 214 162 154 153 213 156 173 131 146 198 235 177 155 165 140 223 197 206 164 211 138 127 168 160 135 194 154 165 155 196 210 211 218 183 189 171 159 155 175 149 203 146 224 124 185 143 196 208 184 237 201 213 197 214 137 154 156 187 137 155 229 132 191 205 120 204 188 172 163 239 167 169 186 189 231 202 228 147 187 218 194 186 150 213 135 130 220 165 162 205 138 132 152 212 205 159 123 133 188 130 174 237 229 225 154 153 199 137 211 196 226 193 224 152 229 201 124 184 221 133 147 131];
        

nServices=128;
S_starting_time=[659 405 349 513 688 587 398 461 287 329 248 213 133 472 682 535 555 545 195 308 174 18 675 571 475 663 125 583 484 473 347 616 11 314 419 177 66 407 606 347 283 670 295 160 623 176 412 214 473 674 558 186 25 61 630 615 80 259 603 99 405 347 477 315 206 61 61 550 406 691 313 76 397 164 474 52 634 257 606 105 120 101 452 268 487 664 223 374 533 162 454 174 319 6 527 82 447 521 553 515 584 179 612 587 635 391 626 166 585 642 667 428 46 560 509 694 23 661 115 545 298 177 121 646 112 639 668 541];
duration_s_min=[120 66 119 77 96 66 77 62 100 80 80 63 67 93 81 110 94 114 105 70 77 60 75 83 99 68 96 110 94 76 83 64 95 110 104 118 62 95 78 68 99 88 89 67 97 116 111 62 65 70 66 91 84 117 108 95 61 112 65 91 96 76 94 71 78 118 68 79 81 103 83 102 113 61 80 68 61 66 103 91 96 80 90 91 110 69 111 87 91 69 107 106 86 74 84 115 108 114 104 117 107 70 103 103 109 72 92 94 114 75 110 86 98 79 71 86 112 116 111 113 115 92 118 72 66 77 80 80];
duration_s_km=[30 48 47 54 44 30 34 43 32 34 30 44 53 50 30 31 38 37 38 56 58 54 42 35 43 38 43 38 60 60 33 33 39 31 55 54 38 38 48 58 41 49 34 58 58 37 43 53 35 33 45 44 43 42 34 43 35 41 56 53 56 34 30 51 33 60 40 47 40 58 49 45 52 49 42 45 45 36 57 32 32 31 54 36 50 48 43 48 44 51 58 36 35 37 60 32 30 54 58 38 51 40 37 59 44 43 51 46 32 41 53 46 48 42 52 46 57 32 59 50 33 39 40 56 56 47 33 31];
num_passangers=[33 77 25 94 91 30 34 41 25 89 74 60 99 84 92 38 76 100 31 54 57 42 61 29 60 91 61 70 97 52 41 34 65 69 23 70 62 93 43 71 32 52 42 87 68 30 47 72 96 79 95 52 27 80 93 88 24 38 68 75 92 98 74 69 97 56 32 93 72 88 42 100 32 31 95 83 23 60 75 78 58 36 74 25 49 90 48 93 23 28 21 40 59 25 50 39 90 61 91 39 93 64 69 52 89 75 46 66 24 43 70 72 69 38 42 87 59 89 34 84 71 73 92 81 44 53 94 83];
BM=250;
CBM=0.500000;
CEM=0.800000;    