nBuses=95;
max_busses=93;
cap_B=[118 123 53 140 101 48 73 37 113 44 100 133 133 105 134 31 51 95 60 137 27 28 73 99 46 21 78 129 49 28 106 28 108 104 134 107 96 39 54 133 27 49 64 119 116 43 91 29 139 63 65 87 126 96 133 124 81 95 123 123 24 53 48 49 51 24 83 91 43 92 100 61 114 140 113 52 72 33 31 52 113 116 140 106 71 27 115 87 88 39 122 73 116 41 36];
euros_min_B=[5.827035308584035 14.482431749204725 2.6395908554518255 8.38543166782597 13.521850055190102 8.24694928026101 10.426390471418811 8.28613825142861 14.857769604388938 7.963317322648549 4.097345326900394 14.997643513492749 6.381254860804063 7.552695173959571 9.33546586666856 5.590599993312105 6.182480833066401 1.0878670887659534 3.3031483672108717 14.533385507101547 14.71351412792212 2.2980599574850373 14.477361517146464 3.2327640143639025 8.830292319271015 13.685174380327489 11.686727094984121 13.705835784888832 7.7911921929567125 8.01036584990618 11.023185236377481 1.2725975389865767 10.777249920103129 12.396952926425152 14.024162171385544 13.567845640185238 13.955640911062424 6.705755199628253 10.376084225436756 14.427689343131682 5.98116410007067 7.492989219796888 13.567654786101079 4.352451416639354 5.3796127539592336 7.16851333151506 13.49495735822899 14.426245439561416 6.872838316931553 13.244752049321788 1.3432084255219439 2.3504171260723137 3.991695297952705 6.7119483294868845 10.58724038718248 10.14026506917315 1.3861939367365737 13.89528382013969 12.678253782783296 13.573784462776443 4.826519911693943 11.248466181229603 13.67398009357677 11.202955903725961 13.421762108684304 12.251911753646022 7.218028609739328 8.509758435304866 7.476117310349989 14.236335719651224 13.373379448449683 12.84166253875001 11.305626136514617 8.268171555870621 10.273745588599827 10.774998513590567 2.9943532216775894 13.977831800193313 6.620765033299205 12.345674673561573 13.674990004568789 13.154224841358896 12.392866066451404 6.606657771654713 7.426050676723503 1.0584131089434043 6.248565544610874 7.373422762013762 6.600768979324112 1.7164064264079226 13.08481296404834 14.241649189188669 3.0139540709962596 2.5178078765328906 2.275797320748133];
euros_km_B=[21.60066586948441 13.59889896983736 2.3115337887892395 12.79939629151638 23.33537716389711 29.799141788036323 11.778046498727281 25.322241729969903 25.955567509475298 2.56076639723916 8.80301972664523 28.859888605847225 1.7842606143239732 4.731986300455137 21.25137573690361 11.745529376677368 8.886961978323185 14.61568162924468 13.521736934668597 27.133985469251332 11.338628873966833 18.671269582952444 13.059832472532547 14.506859658812234 23.853965333284336 28.916668101619916 24.12633912410065 3.8175900647636447 20.785985846845115 7.47615729737032 29.28552142660882 8.902644652011181 16.96996424758362 6.827017987361519 1.8082499743331097 15.736062378782869 4.683105426982788 18.0419856101941 27.53044403546416 28.303836988478185 19.563485808736868 25.905200549805755 29.199549235681733 11.845820093773105 23.6107283582038 11.346786531554756 13.54730005805918 13.906512115675433 29.860439333181322 5.930124005876974 5.217051619995973 3.784633657575709 3.3277409314861046 17.67280916969202 8.754927049233066 27.49468907143046 2.8387556252312294 9.6809646663652 5.198292078553026 25.844565407349858 20.052371545214807 5.498146123961413 15.16748279036169 28.762188347844507 7.6351069067750945 7.225113383698039 14.893163020886352 28.844873464968497 19.135806067338542 26.218360588488128 10.31023125987046 5.741881067179666 13.406271844630155 18.217497227926433 28.954865119362495 14.741234053083826 28.203626822927074 29.08301076127443 4.465307750851178 27.89965391358884 2.157618371720635 9.866119698413987 9.392415940591931 27.549687242236434 8.10739096970552 9.652129664747877 23.847933723880725 6.020952975257198 15.207020201599402 13.810305369385297 2.510791689543204 10.586015632501864 2.222425452378195 2.636715659798588 22.51034396861483];


nDrivers=100;
max_D=[139 128 211 172 229 152 235 121 230 186 144 150 179 197 143 199 200 239 169 178 211 229 240 129 148 171 191 204 167 207 226 157 219 211 143 177 231 148 186 226 207 130 152 230 165 144 186 130 148 177 192 218 167 140 166 239 162 159 169 160 125 191 186 206 175 126 155 174 150 214 174 238 179 136 120 129 234 135 120 172 159 161 240 223 208 145 128 201 193 177 176 213 203 131 160 215 207 185 195 201];
        

nServices=102;
S_starting_time=[528 659 307 452 366 537 463 595 227 453 273 697 664 127 479 503 376 400 201 711 513 89 444 357 400 625 220 129 594 572 426 315 298 22 685 142 465 68 15 692 554 67 503 257 78 359 702 155 36 298 175 75 272 213 585 606 514 183 144 712 19 205 370 218 109 215 514 705 90 144 404 589 182 407 348 680 353 695 293 662 594 597 597 196 163 524 610 117 593 635 472 345 442 285 596 57 260 594 606 607 584 400];
duration_s_min=[117 116 92 111 63 92 92 112 89 61 63 118 102 67 86 93 75 72 80 99 70 101 89 81 111 120 118 111 66 80 102 82 92 60 85 71 116 84 76 72 101 89 120 119 116 63 93 100 84 95 76 84 87 104 112 107 99 86 89 105 88 92 111 99 105 68 60 64 99 70 86 94 64 76 90 113 106 97 67 97 60 70 91 103 71 68 86 68 68 97 60 83 74 101 77 65 61 89 70 107 71 119];
duration_s_km=[48 51 53 46 52 32 44 39 33 51 48 34 31 32 45 43 50 35 58 52 30 54 53 58 59 60 42 47 44 42 36 31 39 40 48 59 57 59 37 48 30 49 52 49 46 54 55 50 45 36 48 48 51 51 55 46 38 30 34 56 38 33 59 56 33 35 37 34 38 33 45 52 52 59 56 51 53 44 42 35 48 40 46 49 54 53 37 44 47 47 46 35 33 37 33 47 32 42 38 58 48 34];
num_passangers=[31 51 31 20 96 72 70 78 42 20 28 73 86 26 59 41 60 77 50 61 75 40 48 92 73 50 80 63 50 71 43 37 48 43 68 42 86 93 65 54 47 53 99 33 32 84 36 50 89 36 76 98 84 91 44 88 39 96 75 46 73 62 97 28 78 64 44 77 39 74 20 28 41 27 85 58 85 69 24 53 27 76 29 34 29 59 94 47 90 66 58 46 70 32 53 100 29 22 38 96 77 31];
BM=250;
CBM=0.500000;
CEM=0.800000;    