nBuses=98;
max_busses=95;
cap_B=[97 122 82 37 114 89 125 133 58 113 34 88 116 116 68 84 50 31 26 20 111 23 77 30 26 114 113 126 108 107 128 131 71 126 64 21 52 94 64 102 64 63 64 26 55 108 87 56 40 69 42 137 71 130 121 122 29 64 77 100 39 50 35 53 130 122 47 60 113 73 32 90 49 128 62 35 84 30 23 65 111 76 105 55 79 60 49 61 82 94 47 111 20 44 27 35 108 121];
euros_min_B=[8.965121537619876 9.766356574148496 5.128356222956134 12.39197015774061 11.980436166726507 13.500225041076263 6.439745782160139 2.059172730466152 14.382685561716286 10.963110219573647 3.280358704568787 5.052832872138872 9.512987682841208 10.064799717016369 6.732261682755089 9.219525505523317 4.894233759277249 14.49890199393239 12.27755691570594 12.350759564831053 14.552839661251278 13.333462312742782 9.952047892120655 7.037939877001857 2.9008110603828 8.094753823550334 13.365605026633196 2.9403186326320334 4.1673985432003136 9.803268611720753 7.553352650331284 8.482589138169983 10.038150512261065 4.368027234696244 13.09549745578985 7.777350680296576 1.0665458504743124 4.064810294229225 6.793469242041367 1.1366989703614727 8.180959316694441 8.094548733917156 12.871925554690923 6.540181833450761 12.828416753980857 6.310429274304277 7.340704730421088 2.8500557108438462 9.757549566515179 6.291139809055934 3.665847078139346 9.323104031860652 13.774943672144133 4.717315425895023 11.132712937379448 2.52964293595673 5.300421042120911 2.0571029749343186 5.516912392656132 13.204717586499715 9.526760213649833 10.511486855689053 8.471140568077434 12.474194447030966 6.566731174768371 2.13713231068252 14.105195660083034 8.799174732588295 1.6504567131359316 5.683788689236726 12.73897933340017 14.930099497625479 6.399980613071522 5.3373713288014475 2.8610075451934973 8.030425238326071 8.3229728935479 5.137384930286121 8.703748379097778 5.408875801154098 14.87292907791622 12.751065830186391 8.618624360077462 2.64272871303581 2.747551649131597 10.100777155404518 7.998702205506901 5.645699876935581 14.087972285576972 9.048642087870038 3.8367791032737877 12.501886857270012 11.113859524783074 14.821523898145527 6.688054713538925 7.193238796828932 6.594567821284301 1.9639770772296026];
euros_km_B=[13.055674007724956 11.968508144690366 19.078303965746183 4.126599697148213 6.758396477794521 27.689128346599816 10.673511579088027 10.245244085883053 16.375179376935254 9.568423122873368 7.1548672208460955 25.610851774032884 1.1754111821111328 24.83589446048422 27.982812350296683 21.02368475692888 10.367967733773519 29.34511572091305 9.760909670316131 6.194554092839429 16.81642552330576 4.930313832984927 4.586179968085734 19.28838984655667 17.169114718844824 2.7997462139003386 5.937592773175431 3.423591703761549 27.85722597140193 2.7343230522364426 25.610832188683663 11.406890301795277 15.791690834948895 20.578234543699402 18.19042077692892 6.527891631277822 17.238738909673884 13.951417554358109 28.125917021393377 14.023452265305067 11.317099767115968 24.282947814735873 4.716964793267675 21.066543706940354 20.135337617400832 1.9153565683843137 13.430728501495267 8.919772629435043 10.094607515262668 13.042421595851403 22.685703315323845 13.719645608370014 7.929412276098676 22.241204962592576 12.060171994820083 21.838212901886592 11.362503260998864 20.566917252357342 1.7211940280074676 6.551696126924768 17.930662320043307 22.632841890280847 28.611769601666307 20.79110928453081 19.339661876857217 3.05704018238779 21.6373535164179 27.235794716071407 15.730960007562862 5.6028577044871595 8.973192686045135 25.640452568269243 6.964471873551891 20.07924617343529 24.350576729458055 20.413270162055092 23.759486005622854 15.597319058956973 20.34600972846728 20.255981593225698 26.195088678876573 22.090775984126427 13.806999936792774 21.582925571746156 8.401554540053484 3.1440615692291356 7.125439097692018 5.434069622887603 10.958214634666481 27.040368551722132 27.789612245358693 1.3702856100341696 1.9563947191431832 3.9620922292019918 20.190284207435607 14.710997573325244 9.257405685806692 9.00949959613245];


nDrivers=95;
max_D=[201 181 161 204 175 223 146 136 220 170 131 185 188 135 184 207 178 189 137 191 218 152 229 175 143 193 180 232 226 194 212 122 185 239 186 137 144 175 178 153 126 136 207 125 216 151 240 141 229 162 185 222 155 143 207 186 134 212 123 157 169 191 201 128 148 134 194 185 169 128 214 240 214 180 133 226 232 144 151 169 217 232 199 166 151 160 162 184 213 185 124 207 133 163 238];
        

nServices=100;
S_starting_time=[173 532 199 177 359 642 56 719 281 705 328 317 156 525 214 104 177 449 192 404 637 321 474 336 503 132 358 511 153 180 318 47 471 35 447 327 435 656 605 353 711 525 194 30 566 718 12 525 293 342 384 215 560 447 152 4 662 452 624 255 506 521 557 126 165 282 475 430 20 302 282 92 426 368 256 689 281 161 565 428 380 694 580 83 686 403 674 614 36 410 312 219 468 546 245 536 410 417 201 648];
duration_s_min=[94 94 110 104 114 86 108 70 90 115 114 104 60 74 66 119 71 119 84 120 105 107 82 88 104 98 120 84 106 117 81 112 86 92 115 99 68 81 112 68 114 63 84 62 68 78 66 95 92 77 72 70 62 71 79 65 96 117 96 80 79 104 93 86 99 99 95 96 89 60 88 87 69 103 79 108 67 103 105 114 77 77 100 73 65 90 117 83 62 113 70 105 63 81 93 81 74 69 119 77];
duration_s_km=[56 55 58 39 51 39 35 46 33 33 38 47 40 30 41 35 36 42 54 57 30 57 49 58 42 53 57 35 31 57 38 59 31 43 39 60 52 43 47 57 56 52 49 51 51 53 35 38 36 57 30 58 52 57 54 39 57 38 57 41 54 60 54 53 36 59 33 59 47 30 37 54 55 44 31 46 57 34 41 41 40 41 45 35 49 42 55 49 53 56 42 43 49 51 54 47 53 32 38 54];
num_passangers=[86 87 87 58 90 63 65 34 42 86 76 53 98 88 22 23 44 50 87 96 35 74 76 20 45 25 87 99 91 40 24 42 92 73 77 88 71 75 36 80 81 86 82 91 49 69 39 51 42 39 60 94 31 24 71 72 34 70 66 70 46 25 90 53 57 88 44 60 48 43 66 83 35 33 25 99 88 99 20 84 67 63 29 38 93 36 35 97 99 54 76 49 31 73 80 77 43 90 75 76];
BM=250;
CBM=0.500000;
CEM=0.800000;    