nBuses=86;
max_busses=86;
cap_B=[82 66 53 117 134 136 39 61 31 95 102 68 32 74 101 84 43 133 125 109 25 63 85 74 58 129 66 70 127 80 107 63 112 99 113 129 59 55 94 33 113 81 90 34 61 116 140 69 70 70 134 65 39 61 122 121 82 67 105 53 38 78 93 116 105 101 52 78 117 75 122 79 27 96 111 136 72 59 48 83 113 82 76 83 119 71];
euros_min_B=[5.483501224228515 4.889415568714599 7.370857330352606 11.560108322344535 3.1031826459449046 4.136234761225137 2.40890800271716 13.751747027585592 11.802950327117639 7.5574370517483604 2.578450654451311 8.190847964653361 12.993292512668098 6.924986322259328 1.0527107271632064 14.330134911013285 11.010295481109276 1.4460023540949452 14.131495099072565 12.967157409453879 7.168497580706538 1.9898981375445335 11.604028320110459 3.8768784373242973 11.512924116657178 7.4881180681006985 13.642858038156671 12.608747886831637 5.069848886249619 2.4611925161112467 6.203501802940722 12.420735306327133 14.306440287532576 3.46116047138812 5.319719220884556 9.623578238292867 2.3438043930248806 8.866835007666033 4.6715200416692255 2.4430150058953837 13.524337306781952 7.538141399368425 4.473083731214058 4.024924666203347 11.219517083218445 11.636450842070163 11.812616472088239 13.75367395570565 9.676994083709829 1.2706102460200719 3.8826221871863855 11.706617233737685 8.431827763268682 7.135309670215368 8.1065930314758 5.646367038305888 9.468037134424945 11.330647843791859 14.097051786258744 2.2632826805274777 3.4925524020995438 10.35727966982488 2.916829184337587 8.939930623637567 6.76167788343321 6.547570032930819 10.827744642215293 7.618339102677267 12.868378584603132 2.402064775487972 7.636132983606862 3.567058744033151 11.070923392254302 11.708226657244113 2.2195280588164064 12.179876554671612 13.40727182195555 9.208514569425763 5.599796293304809 5.610545899379723 2.076414543257134 13.309888221027178 1.2609835435163803 13.016486572324947 13.47249976589855 12.117664574068852];
euros_km_B=[24.91649372142851 23.5610311075663 27.682501950486458 11.858493111220728 7.948730513594234 8.27308474024612 14.649498076258324 15.620550029970389 13.454315730981678 25.299541251982028 21.067883884400047 22.741761193584292 14.156597525405502 6.282028489018193 19.46508836218961 23.26749232171609 20.226612907525467 9.41046782415646 20.64226445735734 24.998645993826244 23.401687630098685 6.933580521811585 24.731990715684635 18.743836981628675 15.078912049984782 14.151074655113469 20.337905665060667 27.94591542861182 7.816354197934993 24.47522176356654 18.630154535168852 14.910031646375499 2.6580528096309157 4.732340008870533 15.30043866213889 5.580361425281143 29.499193374854872 16.634241620978287 13.710674180350722 28.103535362564852 5.896711666514142 12.450278126358524 28.199955034542047 20.131168338248173 15.360032717318319 7.152734819890309 6.157895639376835 21.159395774095 26.900483910994026 13.51846979929101 7.24906200056034 12.903737377915842 22.25864544944654 6.380769888930976 1.7072425058826015 22.808750663214045 20.795228992479213 20.85121966402645 20.838731095642693 10.834425243452106 9.911127791605825 27.173746527894266 18.92158635876904 1.0836789273454372 28.49272928752297 23.626557911777642 28.781611102080507 25.993983894246984 27.737722727590498 4.189468169949965 12.902279846442907 26.258918280211418 16.399661857930248 7.645393059035316 3.930287780509755 9.920923605568234 26.759781847726344 6.1250888462097155 19.2901856964021 4.570869254650818 13.037433901319407 7.7173289834283585 27.408883721257602 27.212674582600314 7.880437684179426 1.0777851270411263];


nDrivers=85;
max_D=[206 131 216 203 226 208 133 196 210 166 230 148 166 202 197 221 167 188 208 226 154 215 226 132 192 191 123 137 220 129 239 197 225 233 167 229 232 163 206 232 204 227 199 167 166 238 219 161 232 129 201 199 190 222 183 205 155 159 143 157 146 185 165 209 149 226 190 214 128 130 136 227 237 181 166 151 223 208 163 162 154 167 194 125 220];
        

nServices=88;
S_starting_time=[680 71 421 184 516 3 92 383 510 85 267 13 53 225 277 656 390 275 326 638 118 15 209 692 380 195 380 701 532 669 222 163 102 369 496 455 115 111 356 92 695 379 620 370 512 239 480 696 254 153 548 385 223 34 641 130 276 510 261 119 628 523 664 594 649 307 516 664 489 99 49 489 24 188 596 682 605 266 115 499 380 506 48 720 439 235 495 687];
duration_s_min=[73 73 99 119 87 120 64 63 64 72 93 105 103 62 60 92 108 106 90 106 114 89 96 94 100 112 75 116 78 71 87 80 70 112 118 102 71 110 112 85 100 118 95 99 104 81 77 108 82 107 75 114 117 61 94 118 97 115 76 89 92 63 63 60 66 73 71 104 91 112 74 67 67 87 91 115 72 94 72 71 96 66 80 80 66 75 92 67];
duration_s_km=[45 39 59 30 57 47 58 54 50 54 56 35 53 58 56 35 57 45 46 45 49 60 39 58 46 51 30 33 52 49 36 35 33 47 46 56 30 52 43 47 57 49 50 35 59 49 57 40 53 46 58 43 32 60 48 57 33 43 35 43 39 49 37 57 54 35 60 49 38 30 48 56 46 44 35 57 33 51 57 50 47 53 59 43 44 37 49 44];
num_passangers=[95 22 69 27 64 90 67 48 44 65 90 81 38 71 21 39 97 61 95 23 30 73 46 64 90 82 94 45 25 97 95 22 56 75 52 95 76 51 62 71 70 71 89 81 73 33 63 58 35 83 65 76 91 97 31 88 100 76 46 78 62 43 62 24 89 30 46 83 36 80 40 80 95 79 47 23 63 30 34 32 74 99 32 38 62 63 88 90];
BM=250;
CBM=0.500000;
CEM=0.800000;    