nBuses=125;
max_busses=115;
cap_B=[70 28 45 87 50 56 117 63 116 119 102 97 138 103 104 109 90 52 110 96 63 95 49 31 84 132 97 21 79 137 43 125 119 75 113 39 106 58 103 109 33 140 32 87 100 68 75 97 62 45 67 99 58 111 35 33 133 102 41 57 61 129 115 43 121 115 102 99 130 108 111 59 139 23 75 138 118 34 54 48 98 96 95 134 65 38 91 113 32 84 49 123 37 59 119 45 134 28 120 29 32 114 34 113 50 72 70 88 94 116 67 47 47 133 24 58 25 114 100 37 77 110 21 70 56];
euros_min_B=[3.7666439406307646 13.410040731555679 6.603942013795103 10.137808102644625 5.35686726081862 5.058271218018832 2.3284722062292826 2.3630962923697902 4.7550192221325585 11.593771939776179 7.124318091202221 8.803057570099401 8.244529196980547 2.9765848901173255 12.256744900555713 1.2314677301371129 13.670615564544333 10.731314248149431 2.4370071211859194 10.627224591558932 1.0056355408058613 8.959724341398704 14.847280701357725 5.466105656896637 2.1335831447245486 11.811224148181497 13.446513817417689 6.821845556604087 3.5402442670660887 6.489367288005418 9.369960217515064 13.20563947842844 7.0660989036704365 13.53550021324744 7.259072212404431 4.675438604064063 3.15800261790981 14.967149327617411 14.643382203618474 6.419198793761602 1.8113535449416138 9.943721589948249 10.37944538192538 14.358902147460048 4.314035272010724 13.976366450777075 4.569037940420473 4.771634927093146 6.487797453902272 11.623281632613324 3.178723435675686 2.209252294748219 13.477827055898922 14.564017490255067 6.49608138124678 3.3573636643515528 14.2098374613485 13.881500849159426 7.868964243655166 9.150969295351826 2.6405339429289683 6.674727303481251 1.5504695275643383 3.093423511332703 10.602126096509776 4.484247771699916 12.921385216385984 4.329504117573169 13.853480113616111 11.974660158972279 2.9003870837888703 8.615225109908835 5.281859506819213 3.1408162341593115 5.966524019389217 10.247934825819897 6.935514594763801 8.261823148829318 11.309727487768429 2.4558028947350876 8.99623943169681 11.411006712069346 14.725897976092437 12.35702400317693 11.790283979378373 9.027825997777974 10.673753245694733 5.408032012706269 6.282811522311885 10.461732330929065 13.065610873765193 11.40378974672063 8.803468679843416 8.017550323028447 14.336144085138848 6.9791021002832 4.098844988572507 11.29798570969575 12.694351716095918 10.970178908545178 7.909178562127068 7.1598369321209505 6.116479666146257 10.325382014344772 5.943052872414002 14.635561369262904 1.8131526718019046 2.0918861926714722 12.768015438692494 5.061533432650741 12.524997161527363 9.513335818317104 13.261605756050228 9.862434481826252 12.479606733443726 3.333734194302738 7.6637507991468645 13.751496506001319 9.566708072519436 12.760487419974881 11.931124968038988 12.449705845931591 5.508139882191587 7.764417215519263 5.980685546856032];
euros_km_B=[29.414782953295052 10.308734881162984 3.2482981933293984 3.3379305181204098 1.359613575088889 19.711290247275215 16.77449970568121 3.7926949481562664 25.06463269421296 4.019957840495794 20.018877642176623 4.881226896204832 14.998079582923976 10.126187490537221 19.10927093508575 29.842213071752393 11.295710237989665 8.922740012441697 2.24988984743384 5.759625125562417 29.03240778098328 7.057295247788659 6.593867446230886 18.474904631183573 24.818352122534044 11.226479561330754 11.177121282507505 2.974114486569304 10.025014487736783 5.456867531232571 19.572315153555486 2.135419211856993 24.938633707786767 12.180477768473727 1.9555982390424953 23.061779202324654 21.641991123235982 5.516546628651556 3.4610372884504716 3.3863025803521025 13.102054544113091 14.585497232999618 1.1604565411060384 17.875724895928276 21.940975913805424 28.937783446012872 18.451723146762323 12.367534389913747 10.713518358213163 3.9874473227273173 10.892309095705835 28.48553446119653 21.684114530409353 18.817396603969577 19.205281006321325 20.95761399975633 9.35355601850404 12.369014572184078 20.080621484066103 4.344959939537095 29.231344274297136 19.43049123813101 11.09901533916573 26.88918195689937 28.468540963698178 9.554234883650896 23.229617162627434 12.949970530485437 16.654089975884716 18.05106155709172 21.973851582717334 27.742223532872117 28.06307744965651 6.066472066840359 28.471504616297253 24.716201983231148 29.664557301389586 21.136311978893723 27.951645971278374 11.006184449739917 2.110552320606086 28.61404117526157 22.42144713347361 16.72497475867049 27.39589872128176 22.75159029741868 11.860049519098851 21.862684898935534 8.019560421192455 25.914493164190745 20.01076667962816 14.969724935715714 1.8816418898677527 7.143779094111045 21.874920340534807 21.084486853635518 26.880184553229718 4.659566061761522 6.832922548476481 16.652878545907875 4.273808561124024 18.38511546642793 7.506555973711813 7.795857168826304 19.681579359045642 20.098524143125726 24.64906246323474 29.389453742372808 4.095359981564262 13.913252701253478 20.901655494051866 9.50784966659492 17.703979461983966 1.1714865558638203 2.57906561509203 26.32495198161102 10.871940290741057 14.283301305908735 16.270339788670107 16.226352236178414 15.836976741325365 13.97451601580065 12.319199352942366 28.064504906368278 10.783821273483836];


nDrivers=126;
max_D=[133 213 144 187 201 159 191 191 209 238 197 173 173 150 126 200 149 203 240 146 203 179 210 154 198 212 157 212 162 218 230 188 197 146 216 180 151 201 143 124 149 221 231 165 195 125 170 175 213 157 233 167 178 129 163 198 215 211 151 163 173 164 184 239 169 173 126 207 234 140 183 225 120 173 182 178 177 205 136 234 144 138 164 136 166 149 159 238 162 121 208 221 155 226 164 209 158 160 238 152 156 235 135 223 212 198 141 137 189 139 211 219 212 235 132 146 208 195 152 198 179 171 235 154 195 136];
        

nServices=129;
S_starting_time=[392 168 203 267 705 653 373 648 18 173 503 301 218 539 624 384 615 209 13 636 198 112 461 91 48 625 13 608 409 160 626 97 117 365 474 37 464 462 181 500 558 629 476 19 496 8 281 587 11 569 221 341 179 238 248 375 589 574 692 16 58 528 653 386 341 258 348 692 632 147 116 191 602 163 47 394 360 569 631 434 229 467 594 680 130 691 224 523 256 414 201 386 301 254 663 544 551 221 27 448 368 549 408 383 701 21 50 308 311 413 719 562 497 527 468 412 389 279 174 0 341 128 203 366 614 9 214 635 664];
duration_s_min=[70 106 68 76 60 99 79 118 67 65 108 103 64 116 91 97 60 89 68 101 97 69 95 120 94 109 112 103 70 112 67 74 119 117 72 70 115 117 105 93 95 100 99 62 95 104 94 120 73 87 106 87 72 77 117 113 88 97 111 69 117 112 77 70 82 97 101 73 66 87 74 104 120 98 101 85 67 95 111 107 88 111 116 96 118 67 111 88 96 87 63 72 93 68 94 74 72 116 73 60 107 84 111 112 67 70 61 94 62 114 61 93 116 84 72 112 78 69 86 68 112 93 99 102 99 86 98 60 118];
duration_s_km=[57 31 59 46 52 39 45 55 36 45 30 33 57 53 59 44 57 49 36 39 52 58 39 59 38 50 60 53 35 46 43 38 47 34 48 46 49 31 49 49 47 53 59 38 32 32 55 39 52 54 60 45 44 42 30 43 33 36 54 41 51 32 57 33 46 41 54 40 53 35 53 52 53 53 59 49 60 52 58 55 49 40 34 35 39 53 56 53 38 44 48 34 46 39 53 43 38 35 36 42 34 37 49 42 32 57 49 54 50 56 58 33 55 45 43 53 31 44 49 59 57 43 37 32 58 35 34 49 32];
num_passangers=[60 54 89 96 56 97 60 95 32 93 45 91 98 62 30 23 93 100 32 44 45 98 39 74 95 90 34 55 73 80 49 93 61 72 72 49 60 87 84 33 48 31 46 37 100 32 56 41 90 56 73 90 80 88 60 34 99 62 55 45 73 63 61 99 29 34 79 81 63 39 47 92 68 55 65 63 62 60 85 28 27 85 75 78 44 83 25 94 32 64 35 29 37 40 65 49 75 56 93 46 33 38 76 49 65 64 41 62 25 94 58 43 52 28 48 83 33 29 31 93 25 87 52 24 49 62 37 49 76];
BM=250;
CBM=0.500000;
CEM=0.800000;    