nBuses=78;
max_busses=75;
cap_B=[105 99 50 132 137 36 131 116 128 126 46 100 115 49 58 66 108 66 67 120 89 73 65 116 101 106 99 119 34 138 22 46 82 24 28 91 47 66 104 72 77 113 137 50 121 88 44 25 135 99 44 119 47 124 44 90 30 125 47 28 95 87 32 87 138 44 96 56 49 67 79 85 71 67 65 54 58 119];
euros_min_B=[1.4716381106339513 7.060179026364181 10.022629716116272 14.188793603349758 13.905520833989572 13.525404702977937 2.7937411735501048 4.891507746663236 2.939796268300805 1.2290287488938907 2.8865491887304198 5.87563205010232 13.791644656305957 5.294120581830173 8.29576838487932 4.429714658886532 2.2174243008251504 7.754270080484931 6.468371791607625 14.059667918663893 6.606099570322225 8.364515088973171 3.9605270310632523 12.654715556522769 12.416278367193078 12.08929752642827 5.727026552551681 1.400272494634628 7.412361603530559 5.868682487450512 11.340913008254132 2.415338994245907 11.765662582533277 9.395097963875907 1.1519059903505502 4.34822645232511 3.886174596591209 5.8601164239951276 7.187389432450965 1.5350549671505385 2.819875899500473 13.664116122584188 5.456714342572913 8.631755252358507 7.886700044499763 14.659151679507316 13.434275279832825 3.0750865064303037 1.1755291120794276 7.42543363529479 1.5140844962499027 8.845176885104012 2.2624097835838057 5.142348975098913 12.82116433791896 7.723334080523654 3.201698186713207 8.035946774533619 10.253394901759073 13.782303453556603 3.6282129296758066 14.660260628299085 8.511170501278345 6.011270133081894 2.396497389715739 4.998491281865897 5.08841194182951 6.647328662627519 1.283719861966777 2.018851334846274 5.306617276831095 10.08937707756762 9.424630400690193 11.872278443665255 9.146811540620991 13.015137763009344 6.921657765442537 10.553036023767394];
euros_km_B=[11.133095983906607 10.208237268105668 20.471956796201383 12.528970625607661 19.5217978184621 21.935001473777707 8.550569240030905 10.537554562236751 10.434799261010362 23.27766346023587 25.114666808435995 3.636071838352807 3.7298007714340082 7.0764618544517335 11.158443167265556 20.145193709021008 15.11741087827606 3.511841051635222 21.151394710302966 16.78814040504421 27.8934485215205 19.750939388142257 7.870560084658375 7.939147038598417 9.848879715262342 23.52575114201971 5.082908530003661 29.115483513947684 8.35787481686324 14.659101494631246 27.17244898677783 1.3462953236722082 9.602968616757696 20.349372128800805 10.205539061838278 21.689071858731552 17.088413807419386 7.000537063048189 29.15970549020788 20.490682030597096 8.887714658184535 28.471095594396928 20.453730733608822 28.803251088969596 26.180955301596402 6.861881960612894 16.39034441238711 9.085125558634857 20.7950370539854 5.8888359960690995 28.293387232553446 14.410159029719285 6.067133201085161 3.4486612960084413 17.942319588813625 8.978157942775294 6.401680315616241 10.698818633816508 2.354962218027259 28.512333298119806 18.284689423208416 4.132006423733209 29.480566455626175 25.90316981044189 4.281509448366759 27.958904945334645 12.43824711416771 20.08407332818957 16.45243450234287 10.353530901020498 23.849229028186684 12.320815757361926 5.3281988466606816 1.1266417362181902 6.808827088615301 16.950934936248178 18.17846707180413 16.206235981332995];


nDrivers=77;
max_D=[142 189 189 123 221 173 232 238 160 233 162 164 239 185 214 122 226 174 121 170 187 163 199 140 135 224 128 151 144 232 214 217 164 163 178 216 135 208 161 177 146 193 155 189 183 204 211 194 187 165 184 125 173 225 163 187 148 220 143 126 157 211 145 213 132 134 179 131 151 211 188 150 199 168 213 171 236];
        

nServices=83;
S_starting_time=[255 299 418 138 545 478 68 584 341 629 91 632 339 543 702 252 80 261 222 652 511 631 172 413 20 186 193 429 15 478 305 49 131 259 511 660 664 292 376 130 103 318 103 375 46 631 246 305 164 339 472 422 354 358 12 174 417 643 710 81 199 199 5 691 358 555 240 181 68 436 700 507 188 466 4 428 0 475 573 126 332 166 485];
duration_s_min=[86 73 94 81 119 60 84 117 91 109 115 91 89 82 120 116 101 114 101 79 78 98 103 68 95 116 75 68 84 108 102 87 87 116 82 86 117 64 112 111 64 79 66 74 116 99 107 98 71 64 109 105 112 74 105 101 112 78 114 117 112 110 84 116 87 80 67 103 79 113 112 61 108 105 74 108 116 63 93 64 76 99 113];
duration_s_km=[32 40 35 53 42 58 55 55 45 34 34 53 38 37 42 37 52 57 48 60 53 40 38 38 46 48 40 55 48 45 39 39 48 45 41 35 58 30 54 60 54 46 53 47 34 39 57 47 41 39 44 33 52 42 40 58 60 58 55 36 33 44 37 34 57 55 37 49 38 44 60 34 35 58 60 53 31 50 49 47 32 56 38];
num_passangers=[35 56 46 85 93 24 74 89 22 68 36 20 38 100 43 94 71 23 33 75 97 72 98 50 54 31 100 30 84 48 58 61 21 30 93 43 47 63 36 75 96 53 22 61 44 66 76 28 42 98 51 51 40 41 71 28 97 69 33 73 63 71 61 70 54 59 24 25 97 39 95 99 69 50 21 65 20 64 82 76 66 35 66];
BM=250;
CBM=0.500000;
CEM=0.800000;    