nBuses=104;
max_busses=100;
cap_B=[80 35 126 112 128 129 51 115 76 112 55 139 127 87 46 24 28 91 46 140 21 22 131 93 55 136 124 54 134 87 128 133 99 34 88 26 100 26 113 121 51 101 91 66 134 84 101 67 74 21 122 49 96 137 42 112 34 31 45 116 20 103 41 128 77 80 29 115 23 49 105 123 43 121 40 56 66 71 22 26 74 117 98 32 122 74 49 83 105 64 76 33 112 128 64 99 106 123 125 108 85 103 137 43];
euros_min_B=[11.651502080591472 11.087219710757637 6.620920607814048 6.966260314722952 12.296126116361739 3.333311457098378 9.16756644583817 10.610768879759611 14.580310602375816 6.317543964020149 3.0890317370455214 14.42857344819179 6.31082464657383 11.348635872975132 9.53067500322094 9.868052929984202 4.5963002050637485 9.603425649296998 1.0006445709409184 1.963045255102385 13.938745006331912 1.5655868588799748 13.172214861711046 7.02234063761664 5.644947983675365 12.11316030309886 11.945882484445974 3.45783506770544 10.731792831684169 8.956618242705039 1.6540539623437391 7.076855912999065 10.944834135427625 3.7272761690358247 14.318484666800911 10.048947515244242 7.118428286092055 1.5321147196623264 3.3109675101181146 5.377732286464655 11.271016511824122 5.3049299386431805 5.972183154617635 7.276732309433031 11.85056119270592 6.8126741899607355 2.118086270848116 11.256745841942665 1.8348657472931666 8.963695222796542 1.6654184614519743 5.2280044200868225 13.921160513339515 2.203543989244629 12.0231206648875 9.397107142971462 7.441300631529557 5.070462834136666 8.256551822645841 3.3955179761477536 8.256005439831615 7.887937389877363 7.651070982502703 6.1540328449211215 8.48182984819567 12.323498174856628 11.303867162053129 2.5087599798187554 12.541669585738362 8.262881880529038 4.72479193452172 2.527801712362125 14.366789371536338 8.326127614946447 14.668130353311412 4.593323984921172 9.167302984301584 14.030959781700249 4.110350975937313 12.731969558406837 10.848952500849531 12.019365350550846 11.263992608458182 11.13882151890704 11.55255687217734 13.767986911315418 10.47726164022246 1.3335685429944883 6.834544136040716 14.604827557613941 5.211280365558533 6.46102205710442 10.051967670749926 10.280935785654503 1.1185807990283085 11.49947065286363 10.145591819933525 1.6081396687712493 8.770267340896659 10.726536548769175 13.162283039806372 7.991593281050547 4.0180840995942155 12.913376884509713];
euros_km_B=[6.206965634340289 10.043259215237764 18.21522881381048 11.14760685746559 21.30949816234641 24.100198556183603 13.139254752193 11.818802009937212 12.490070364620365 5.065230466151385 14.856023332480078 12.308305851584194 19.001607167295525 1.1845166574385648 13.09967476693544 17.131002652824716 18.56713356661585 2.3467923011094065 15.224786075150153 13.992935807483262 26.859014453514426 18.764686542309395 21.161553169458227 5.835273255530415 4.172269576241779 2.5003317092733113 13.888042502119909 18.33351361553801 19.132065978399666 18.18630913318885 29.37418239836792 15.317587118162232 19.456667201179204 5.726363770549178 26.237228444850683 21.995756486191866 19.3594316327059 5.713092008816481 8.883445443112851 17.280408898252546 15.87773641916339 22.273948486962173 25.64517506742848 29.96584466563092 11.665984275006352 6.953389102194182 24.119745164181648 28.460730936037287 20.145208131096496 17.293853972140372 21.923374729161267 13.018033848209098 2.2237806931299584 27.501639539589405 5.15600201064416 16.040542183337827 22.670642348460436 14.006747253065006 17.270642315526562 16.062887136197578 15.73108427275514 29.47067599891135 5.365516428251293 21.393715818249124 3.1488268760833464 11.731441357745199 5.92183388617844 21.00890280691823 13.410147924207632 3.054919737324604 7.042018667817386 20.645986557882225 6.698144487388605 9.549553312081285 25.68036019336238 16.570585192484657 10.199360326590481 28.496565301963148 21.406681695294846 9.026958066955377 17.033970343250594 10.059161792280698 20.332429866867816 4.187918989690243 4.261883181627148 24.885890023060192 14.365418511626164 28.107016913551988 29.465400709389925 27.257658967583904 6.1686212689466045 8.897689839771665 24.24415036350622 2.4051653578135372 28.342955611037304 12.947682031794919 18.368598283617995 6.290161663559413 14.381209644291001 3.6202250333965176 19.572651860630067 9.285596548676642 14.583726496362456 11.107310115762429];


nDrivers=103;
max_D=[177 204 141 149 128 170 207 183 140 217 229 226 190 187 120 142 238 152 180 133 197 127 171 209 144 238 216 192 226 202 160 182 139 224 224 240 156 121 216 193 133 214 135 173 209 123 121 165 181 124 126 203 200 164 214 182 120 172 229 169 189 236 132 153 143 141 202 173 160 123 178 185 154 240 200 161 121 179 152 239 145 232 125 164 186 194 158 224 140 153 179 142 152 145 237 192 133 240 186 161 234 181 127];
        

nServices=108;
S_starting_time=[475 297 75 658 379 659 551 174 311 117 566 602 481 525 290 612 79 662 211 475 142 60 580 280 519 137 642 482 200 614 175 635 156 641 57 348 199 227 8 177 595 267 259 16 174 230 97 638 266 8 332 31 435 686 218 343 376 237 271 276 511 405 250 446 5 7 10 257 3 270 531 39 438 640 8 260 546 410 188 283 454 335 245 316 259 435 401 11 243 95 521 709 390 258 509 107 612 33 475 648 616 3 321 86 585 320 628 575];
duration_s_min=[81 89 114 116 111 68 93 69 108 76 75 72 119 86 104 61 95 106 69 61 81 115 102 113 119 100 63 67 92 99 95 113 63 113 74 88 84 82 71 106 102 62 73 112 93 64 86 83 86 84 92 119 63 98 111 73 71 110 102 90 103 100 114 114 82 102 63 63 77 118 69 101 61 104 67 76 85 111 86 92 61 103 108 77 62 74 91 107 94 112 107 92 84 64 99 99 61 106 100 120 69 103 64 75 77 108 113 70];
duration_s_km=[53 51 38 54 57 56 40 47 38 35 50 33 36 55 46 39 41 30 44 52 43 49 32 59 44 54 47 33 44 42 33 37 41 59 36 57 42 40 52 39 53 30 34 44 35 42 36 33 38 59 44 37 43 59 35 55 31 36 44 55 37 31 53 49 47 35 45 50 32 52 35 58 53 59 44 50 34 45 47 56 57 52 43 36 60 48 34 32 30 45 45 44 34 49 33 36 56 57 44 31 35 32 43 44 59 40 42 38];
num_passangers=[58 58 58 55 72 80 51 79 99 32 68 35 44 31 35 30 30 63 98 66 94 31 58 83 66 86 74 26 57 67 44 40 80 21 76 22 35 65 68 89 84 91 92 62 85 94 81 82 96 82 90 80 40 32 42 20 78 66 47 29 37 89 54 64 33 62 83 73 61 45 29 44 70 83 33 26 30 50 86 33 32 51 79 34 100 21 58 32 58 58 52 97 83 58 91 85 22 34 53 90 20 68 64 91 68 84 35 78];
BM=250;
CBM=0.500000;
CEM=0.800000;    