nBuses=69;
max_busses=68;
cap_B=[27 88 129 88 80 55 137 130 129 28 123 20 46 137 130 85 32 29 49 34 120 48 32 109 75 101 82 120 28 139 70 32 90 99 95 55 24 138 81 107 73 88 55 63 70 140 113 72 93 35 57 111 121 37 68 104 118 138 51 25 21 93 87 135 121 107 46 131 56];
euros_min_B=[9.926255134365846 10.093815331655346 9.224375266235421 1.334089192786055 13.904678265883877 4.287972365351265 8.436945647485965 14.902018110033909 6.147295579462714 12.196201268753745 13.23818037815554 9.896586369635191 14.28512445654145 8.285402747744913 6.723392525809876 5.232768835999621 4.9847445727185455 11.479268188043672 14.837014303694694 5.970972327153165 11.480347668754852 4.833816291354307 8.577771631410636 7.666926972414647 2.3932859933248296 4.308485176261465 5.115454639120569 13.792145183351716 3.1674226797181486 10.278173223430288 10.601235048279664 3.659155418313887 13.116603717147587 11.25095913800441 14.579351261868393 4.929551290532916 9.882910277776773 6.467571905139797 13.2732676553619 14.412527891499394 7.180228784193327 7.945008773486819 3.383519850826171 3.939180204643348 14.263561163556053 1.1382729105081633 7.050127209245587 6.493102994597164 14.846550221410894 2.9504892953461086 1.5304842616156844 14.694011874743387 7.225439935512914 9.130863727556529 13.303201539253699 5.428751752426252 6.776523077851755 10.004843059740894 12.30910304847595 3.2524819413450237 9.568437311615254 9.990667664352427 10.45405536308224 2.7560407022693783 11.395341915688228 2.6874475314877118 11.009465434398338 8.31260616427515 10.224064501133281];
euros_km_B=[9.769182929822124 28.49401577890409 3.3530202509876443 3.9365740234843827 22.19467470599343 7.085424880978717 7.430657312425996 18.866388493628897 25.253895664915206 23.645449267543263 6.746190533604276 14.900696045862956 16.208745270989894 24.184468087914883 22.190513149518427 16.513968194028635 1.7864341751607833 17.402671619246867 19.49795397783134 28.38306888335868 21.83050038208563 17.79956937648197 29.31019790189717 4.8879712923635905 24.42621233270789 11.282336119764604 29.491329888502573 17.287659527434798 3.0194696110347885 23.985905608717104 15.499652664894741 27.96570634257632 14.974890262995235 12.759588440261398 22.366359507638897 27.795337693507147 29.72697860083197 9.071139752932082 20.715883643062984 14.600611231630824 1.5894753355406745 29.802536735762448 28.14719956725729 2.6699336594609013 29.966268750580063 5.4231549671475445 23.85822778497792 28.94781559571317 24.24499248646494 3.040074907701006 21.16290841147723 10.063733360779189 12.549261175543352 14.378649581636685 3.202485560301616 16.040647403075866 13.553260947396312 28.626917802482243 12.737887362510687 25.79270523640391 2.706377305219575 9.13012294938836 7.842398270084197 6.140184565084637 1.9596466154956542 26.54648515628266 13.730367027907144 15.15109754170009 14.053104056493485];


nDrivers=71;
max_D=[156 145 169 203 162 149 224 172 239 187 221 211 240 172 215 189 194 128 152 176 146 194 150 147 212 197 188 126 210 199 160 183 230 182 181 187 207 195 211 147 172 228 215 158 199 146 200 154 235 228 157 150 176 145 162 199 150 240 120 215 166 230 167 182 127 166 181 151 153 184 167];
        

nServices=75;
S_starting_time=[19 8 307 558 107 477 104 460 430 169 608 554 168 116 199 357 626 341 155 82 97 409 109 81 228 388 671 312 432 485 356 693 298 685 469 178 187 283 687 518 216 666 326 45 339 312 362 80 654 79 91 316 703 37 579 380 440 362 28 383 329 326 628 399 307 422 481 128 10 83 115 504 659 320 684];
duration_s_min=[95 68 85 120 115 96 95 62 82 101 61 94 77 93 73 60 103 83 67 91 63 98 63 97 96 79 66 65 95 111 104 111 88 83 120 111 115 92 93 102 120 87 90 120 85 100 78 70 95 79 83 102 98 117 62 109 69 70 77 67 118 103 60 97 62 109 88 120 64 96 107 84 66 85 81];
duration_s_km=[45 42 42 37 45 35 54 54 56 32 50 51 56 35 30 48 54 55 49 35 42 40 58 38 49 44 59 32 54 57 55 45 52 38 57 56 40 47 35 35 33 30 48 49 46 42 60 46 46 51 47 44 51 36 42 36 33 31 47 46 35 42 52 34 57 32 41 43 34 41 32 30 40 45 59];
num_passangers=[21 25 34 100 73 31 66 76 20 22 90 35 24 34 91 97 92 95 27 93 49 85 79 75 97 51 32 27 57 91 53 28 32 69 23 67 95 97 28 74 72 70 87 96 64 100 32 20 23 27 65 40 80 67 93 88 97 46 75 41 75 81 53 41 45 42 91 69 90 91 34 52 70 36 66];
BM=250;
CBM=0.500000;
CEM=0.800000;    