nBuses=87;
max_busses=83;
cap_B=[46 119 79 91 95 127 25 66 92 124 122 114 103 25 47 109 136 27 67 37 69 60 51 23 51 128 112 137 23 112 103 100 116 130 51 99 39 46 74 43 31 95 64 114 99 46 76 125 96 55 33 76 37 60 76 52 22 80 71 44 66 73 23 27 65 123 98 85 50 90 136 94 48 37 133 40 109 37 118 64 114 66 65 39 55 91 103];
euros_min_B=[10.231582223049058 13.59906154315642 13.448593640000942 5.509384013447196 14.979466982716243 14.89991922085141 4.824126372123414 1.52102584686883 6.45844949941648 13.377770036247428 6.072294860435832 7.211673100793752 9.490145635269577 7.381667056868794 9.891019493455168 13.353869158724194 10.952453203447838 7.34526048127117 12.742251554416294 9.403570067883688 5.191982809514404 1.1192919476012275 3.10707955428906 14.376926293551591 3.208947345202522 9.548249133510138 11.594210626177093 12.002012859451032 14.453799204982735 11.40582305997779 1.9047829375295928 9.91041406468884 8.449841648560133 8.727695506475742 8.282710183306996 6.792828819010348 2.94932289545653 14.1041949288869 9.201742892885205 13.339383631197691 8.258161840044632 11.46640438072166 2.3614569080609984 1.88802779880417 6.463416187171214 1.2746714449435128 12.207633855501802 9.211379504663917 6.0279196682301865 12.413572908445921 9.10524363399187 13.828583829376122 4.608882166224806 4.398395342583113 12.658299423621214 13.245981265872022 2.272887476656537 1.1076730808309296 13.633584422278036 3.9942441329165774 6.558946037176318 2.755669500026345 14.172834548197082 14.380039417058935 1.0531407846250562 9.162552114399194 9.632226408762278 9.693177248998078 4.5762626279062175 1.0961144769936237 1.0233125151065128 9.58914276564578 12.198641525222248 12.106587852236666 6.395033226108775 6.287024914581336 7.717489827282597 11.330059935934763 3.2034831484586292 10.020449615796094 9.385373293114679 12.28086669015918 8.112772885460766 11.054332868332015 5.583197189249432 6.345336653178964 1.2479159336881582];
euros_km_B=[20.17021645006308 2.303880040800703 14.367522076004182 16.12479680780851 28.93954556073754 11.541503457988089 15.99379465551361 19.837346348403877 4.491147498048422 1.9215905350607456 28.768082640870038 1.1626728159041353 25.833021611068585 22.601628566521853 17.28353151817703 7.639963470513111 2.293516929102828 10.7064270472749 24.337736209782733 17.748601245583345 19.744309688097946 29.548005464327304 22.35540451945984 16.418954156860593 10.955548868884017 25.948552204774316 27.916698327777727 3.046133636553133 20.741711578417387 19.394708922861394 1.04736443424072 26.972220037672447 2.591440115298353 11.350126372731669 1.200785014754616 13.886627358093227 27.73332472715792 7.463996823443361 25.66986330321747 6.832720423358765 12.647106306437271 24.21678795230128 2.311787399941103 12.207204899436723 23.407473585452365 6.456441068701316 15.061581029432787 19.161358414516915 28.709001851605958 2.7089662248867805 15.822558909374274 22.41100319256644 29.59340199469607 18.71045974246481 8.806768003371893 15.329072319811477 7.408289240536423 14.442723432388508 20.080106145207683 13.215414244854337 26.318741296350552 19.88506817347177 19.899916220323647 2.65088924726422 10.476039601471712 6.451413924360658 7.6386772565924455 22.890035067682508 3.1087299684925096 18.75396309904286 22.135956847878788 28.288116282056194 23.970652048236015 24.93664717193259 25.031975201407196 24.404237263186566 20.09922909126491 11.440688681459969 25.05264733012726 7.679473286575282 29.218863923184 5.363366304894238 17.660185740988815 15.027037010047353 23.315409955610505 21.557182922293546 17.838616703027558];


nDrivers=93;
max_D=[141 173 172 161 128 215 176 237 166 187 228 143 171 218 136 194 210 158 149 157 201 227 183 127 120 173 217 178 138 188 179 237 217 163 158 129 181 239 146 219 240 124 157 238 212 162 229 147 180 196 209 228 188 123 130 146 175 201 168 145 157 198 198 120 205 124 140 202 202 196 168 189 155 136 157 162 184 153 168 186 124 189 235 237 183 223 215 148 236 208 234 159 155];
        

nServices=94;
S_starting_time=[80 467 185 597 593 504 316 334 566 362 707 536 590 456 604 527 342 95 643 567 84 476 158 401 538 696 645 198 135 380 402 591 81 154 292 450 666 267 389 511 95 503 141 488 671 463 58 140 706 143 164 574 527 133 654 573 177 452 297 66 128 430 48 131 427 476 201 629 8 534 466 433 390 282 170 16 662 424 50 416 492 213 43 114 13 86 347 15 104 586 171 243 555 402];
duration_s_min=[118 109 61 105 73 75 75 70 108 115 109 103 99 65 87 80 90 89 64 65 60 92 69 61 77 100 76 112 105 68 82 70 81 116 99 104 85 106 71 102 88 64 112 70 117 78 87 70 99 120 115 71 64 86 107 66 73 118 84 61 76 61 117 111 79 98 98 84 97 71 97 107 117 80 68 120 120 74 115 105 112 92 115 97 92 116 79 97 101 109 111 96 99 94];
duration_s_km=[54 40 56 50 47 57 32 58 59 47 46 44 48 60 33 50 59 42 57 45 47 42 42 44 31 35 55 39 54 54 59 42 59 58 50 32 57 55 43 53 40 53 38 31 46 51 48 56 42 49 60 48 60 45 39 54 43 50 36 56 46 59 35 34 55 33 52 55 40 54 42 41 56 43 36 38 41 56 36 35 44 42 59 51 35 40 42 31 48 44 47 59 49 34];
num_passangers=[24 81 22 81 100 36 89 43 79 68 37 61 87 54 27 48 100 36 79 58 31 73 96 25 93 95 32 97 90 77 49 55 28 65 83 92 100 50 54 63 25 21 56 50 72 31 78 51 97 86 100 96 71 43 58 55 26 53 43 87 53 28 51 22 95 21 100 81 61 86 70 61 51 99 20 59 46 90 86 74 54 84 29 62 86 29 31 39 48 92 79 38 51 22];
BM=250;
CBM=0.500000;
CEM=0.800000;    