nBuses=124;
max_busses=120;
cap_B=[136 62 100 69 31 86 74 73 28 118 138 122 87 39 89 135 76 35 89 52 115 86 30 98 90 70 140 51 30 128 66 72 54 36 114 36 135 68 78 31 61 97 121 70 34 112 125 37 71 107 87 91 42 59 102 37 90 119 57 26 28 56 123 112 134 92 119 56 131 59 41 51 124 131 90 125 109 43 47 101 33 85 50 101 99 117 82 96 39 40 26 102 85 66 23 35 135 39 45 121 129 139 59 76 83 40 39 138 20 77 22 67 108 124 82 84 108 137 34 27 71 123 84 101];
euros_min_B=[4.813927711802673 3.0075955689871066 4.188273388393408 1.419487379914891 12.141542259222222 14.171699058034875 3.6921689754604574 3.727979975162391 9.784979423424234 1.239053381670584 8.333509458064547 8.541206466671628 11.979464519182924 2.0360247180087105 8.419067689550085 4.470728513810739 7.958889192061723 14.879122283538141 11.080596475339641 11.941631026541444 9.858392801167904 3.441803806726594 1.382547771609878 5.685533303230436 5.910890233031794 14.672737704010581 7.055024205343992 7.216703517654655 2.901119981294512 9.909124159892412 9.415914633165002 8.52522060670946 11.140003273343655 14.416645326276827 6.690719783884026 1.3573062100066575 1.9779622045751284 7.885299023714376 8.16958799602099 4.547191736894541 4.701465258224288 10.212134216740896 12.626350083397224 5.3435283813072765 10.391670268111545 4.411309219801364 8.82200266970533 14.587537517980042 10.64895796112552 1.6329519197830937 13.403037640770837 4.411586124726988 7.553051919130136 13.75158200779305 8.12266160667233 7.579743658299168 7.91859996995623 8.243445587164011 12.201619451833915 6.534684878715323 3.5393355126183144 14.442678427359523 1.0992679039116788 14.976264309336143 9.454614357111229 5.946608813924729 5.155104243397728 13.418123767484913 8.922558880895185 8.289223985905693 8.297189987086997 12.583977386841333 1.6220742299903759 10.41710854694779 8.166797622781377 9.76244902931358 2.1536945062261097 4.292494080107211 2.163133718343695 1.9397788327567063 13.898853412548537 7.904682179093724 8.276983407253255 14.230020873914391 4.942120175481801 10.067303213114892 2.040375731522536 6.668776876643396 7.2489784628894105 7.653392960371423 9.606963971901694 11.712350372392823 6.742777972219393 7.979292099660139 9.311856445528447 12.828443520467562 3.540123583012222 14.575077758753167 12.454376231258626 9.739312982409036 7.383293724714872 14.13691689060227 2.826637334671699 6.072716299223877 11.426448388990096 14.533310599635806 11.58237968348283 8.057683321087513 9.457429537057589 2.95789942800641 6.0085628295954425 2.5913293200010656 12.07398991785138 5.382444069332378 1.486769933397696 13.558163637101607 7.168317571328432 13.31243676778466 12.338870777497345 7.209440579614228 8.372138101133306 11.5092022573571 5.397051291322924 1.490164045595777];
euros_km_B=[6.391406909644974 19.35408828842159 8.93397484665605 6.948489044629784 18.070923178293462 11.804395112307104 3.561616094118291 13.790574538513948 8.205748024925324 28.27154553745107 12.104073647637858 24.154570678517103 26.907415796676833 28.47705546318206 23.496884620891798 28.237243531195947 25.43720397121472 22.2252689252897 1.9210837173601338 1.734878732110707 20.877365175171924 12.888277598872984 10.186360091757487 11.7584785014692 26.32097841398315 18.173305814682507 2.177247697799352 1.8430487847383743 9.774595029030333 16.976185175566663 14.0873498507827 13.96776677419326 7.034125727259977 5.965637322306597 7.646972588473458 16.25185947092365 17.716815654420127 25.248621092030326 24.1983325131226 16.536951929799788 22.067982524226633 26.41861797327384 5.240631477584781 21.832259795256142 8.055474637770136 17.560391628539307 16.871389895562054 19.56718277919424 25.273641560765647 7.24052751547636 28.38820758840128 15.102755857510017 15.720207528230537 27.220116426200185 11.60161582458982 18.607709360526453 22.16940599100609 10.850915539621475 15.546815758924604 5.1686924185779475 3.4764543676702475 22.87029226657213 15.153865822801968 3.8973606991772534 6.577181460499888 15.35966224121867 23.171650664452216 11.4836498276686 5.699337331630259 28.314840120347437 18.541641338392278 29.239725179175995 26.347375064762687 5.528000596308555 28.138096229503425 27.423329550569765 5.8815096099609265 11.276650101634855 2.0411668041371067 11.00615487472793 12.724912522350804 1.2154017040297187 13.925039565928822 29.515941189180367 27.182912668929717 25.789342072399183 15.257724637438052 23.27465333199344 19.62193492499019 5.852829316777384 28.947303696481 4.1938926241565575 27.053493743560594 10.983066838106813 29.444796570211825 16.03699776940245 11.72283292873999 15.00372687883171 13.04625222421026 29.034417499337344 26.60706643979325 5.314392975433591 9.353177630512043 5.795169436580003 13.666104534558746 4.0751353386960485 8.222901056716276 29.717718512106345 10.302760573017991 1.4248678002234323 20.505399427945157 19.38564528012687 23.153679233139968 3.8865892955176804 26.581826748589553 20.14122271436387 14.410972546948033 22.517014781299967 15.174771359072231 10.989229816322888 27.489430518296846 20.328721225922703 6.337427419324544 27.608789042896348];


nDrivers=127;
max_D=[164 150 144 194 123 181 181 217 162 130 156 211 143 156 122 207 140 171 187 150 214 158 165 147 139 207 207 195 151 225 144 163 144 183 213 159 234 212 122 180 151 212 226 213 175 195 215 136 197 219 170 128 167 205 240 176 196 124 236 161 127 200 201 156 181 131 175 176 137 191 208 240 221 238 186 191 190 153 203 122 201 202 217 166 203 142 201 149 142 214 139 148 137 154 200 205 212 122 157 173 180 197 183 133 195 216 220 175 122 195 144 209 140 194 218 143 133 208 131 216 237 159 170 184 136 213 140];
        

nServices=128;
S_starting_time=[548 695 119 380 419 213 444 606 453 47 151 706 315 534 149 208 567 681 423 713 167 271 647 342 187 678 610 474 654 478 498 383 491 127 50 549 556 326 494 693 467 84 658 113 581 17 447 481 632 100 315 561 464 553 417 216 697 416 541 540 635 160 251 650 711 692 483 28 540 477 382 256 184 549 372 293 649 175 199 96 665 455 467 146 80 626 267 366 301 248 8 250 155 352 307 72 263 417 378 529 94 594 361 556 205 494 299 107 94 657 7 588 346 344 193 267 215 235 3 507 144 475 243 145 185 14 379 407];
duration_s_min=[90 113 88 60 81 108 103 66 105 100 89 66 62 101 89 65 105 112 107 70 71 111 63 78 113 94 71 104 68 80 60 72 78 69 91 94 99 117 72 104 95 72 91 99 77 60 99 95 98 98 106 99 63 113 119 76 66 86 103 93 98 74 97 120 76 76 83 73 118 120 101 95 96 70 116 90 100 66 101 60 96 66 61 65 108 114 106 99 112 61 79 98 64 115 110 89 64 70 87 70 62 105 102 108 94 117 75 114 63 61 97 80 79 60 85 85 97 81 61 105 62 86 88 74 113 107 88 107];
duration_s_km=[56 33 37 58 37 45 44 32 60 39 34 51 30 56 53 38 31 36 54 49 46 39 38 41 50 49 55 31 40 36 48 43 47 44 35 57 58 46 51 50 58 59 58 58 54 33 34 41 52 30 43 58 48 57 34 49 48 33 38 42 57 51 54 45 30 35 46 52 57 52 47 56 42 48 54 46 54 49 54 57 38 45 58 37 49 54 30 51 47 55 51 40 50 31 39 55 39 33 31 35 55 31 37 50 50 40 60 55 45 39 35 33 59 45 58 60 43 50 39 55 35 55 47 44 56 46 30 50];
num_passangers=[99 55 51 45 75 77 92 78 22 54 38 25 93 72 36 41 71 71 75 29 28 60 27 76 63 55 67 26 87 85 74 69 74 83 99 94 74 28 97 61 26 59 91 31 50 30 64 65 77 91 100 94 39 46 76 31 60 24 74 77 60 26 57 40 71 86 26 55 56 67 24 76 21 25 49 47 92 59 72 97 84 46 71 71 30 64 100 88 37 83 89 57 92 60 53 97 59 28 52 52 99 64 44 99 92 71 87 68 34 55 72 98 81 94 64 64 99 28 42 33 31 20 78 85 34 51 49 72];
BM=250;
CBM=0.500000;
CEM=0.800000;    