nBuses=120;
max_busses=124;
cap_B=[79 66 23 102 111 126 65 35 102 96 20 28 118 87 124 54 100 91 70 33 22 51 83 102 134 31 72 49 112 92 51 138 139 56 56 135 92 135 77 120 46 120 98 67 126 111 43 32 81 43 32 125 72 66 75 58 137 53 55 27 127 127 30 28 32 69 50 117 97 92 98 24 121 96 23 26 30 124 23 70 76 126 90 137 92 125 71 131 70 37 39 104 43 36 105 30 124 65 139 26 97 107 118 99 39 63 46 56 133 64 46 89 62 52 47 72 113 128 36 115];
euros_min_B=[13.335797609868244 14.716193731127202 1.549391896585756 1.0916759550931663 1.795109479826244 11.73570973709926 7.4166228145036035 7.444911070827011 7.23721880178281 10.807009391732738 11.486285787646748 8.191387723980029 10.844021953967921 2.908292067111285 6.66731232595011 14.047686981486693 2.9549414893450665 11.65659675205168 2.787492251752746 6.626314857696919 1.0228802188167787 11.96896108533885 6.3632535293158785 3.6935560313255467 12.365046712971498 12.449395328602616 9.058148396617462 2.088838638830893 1.0987140612673951 11.882740141723215 10.979474238169416 7.614157048101907 4.84303594415991 4.84580844985549 6.686974177043371 4.803905238419413 5.564711647904563 8.214538118643622 11.038644440111273 1.100720794160663 8.530537140112763 4.827160094073733 4.267865885576331 1.1787986809160031 5.01298960979298 8.174792843096915 5.951149686137106 13.954331388514978 13.884327981755174 4.713266121656378 14.090600063589182 4.1210620798645285 10.369265901648209 5.478699494749746 5.776033732345848 13.814041268962702 5.439264924133022 2.677281889261291 6.383426897927633 6.891849107554393 4.335122228583122 14.082231716840463 14.09672039450397 14.505006762529165 12.4994737672533 14.028596497266173 4.93123335380527 6.05292997910115 3.619157148294415 1.6288301408604937 9.358002853938437 14.389945493872858 5.809638665944286 13.408966716309541 7.195421890091547 3.1088707776127995 10.933704881315329 5.461080716990136 13.294530271441056 10.081398266565772 4.644715353920047 6.303995548379882 10.007646711716072 1.0606446726640693 5.802415260349493 8.999761925793393 2.273187485287803 1.9026063885830689 13.63649321691737 2.5928310840794557 1.29836224173635 10.43063530326026 1.212390433458636 8.02508646532952 13.568307074171399 1.7391777937408237 4.300403985117286 10.946948981894879 13.315975793960567 2.0442969204319477 13.999562626404817 2.267525965190581 2.4892848144187285 5.186683980310701 7.67957495401055 4.862813866239456 14.531066996272223 10.005170108942096 7.32600017117483 3.2560817456487667 5.044158756208297 11.058919558127275 10.345317585214628 12.62471160430471 1.2936618632766226 6.151596812013025 14.874457666836093 6.298970275514616 14.874775034392375 5.656146525681115];
euros_km_B=[13.152850562052894 26.1773444667622 4.596273940438239 1.80157196866067 14.875181848028946 13.169178182452226 3.9382201879712295 6.63173791970849 6.939427020859578 22.867717309875268 22.883571887658256 28.18324070751569 17.642683782135848 26.678037099019434 9.143299849671452 1.086871570217086 7.35424663664163 6.6831644103922025 22.194359159626952 14.694242528045336 18.211391357852207 27.127304290262675 7.387669345043438 19.728205734762014 29.532839639144427 29.5507018767647 6.747173067864975 27.81149950865065 6.0111840196660165 22.970843182726135 10.031075472150793 27.165071413890363 19.789910527415913 26.203317011909743 6.072422129183237 2.288747686776375 11.822088297299281 17.474190209266663 29.87745711361516 23.914191750411423 13.058864662720387 23.832691738792963 1.310342042510593 25.15258612185822 22.074421741113 7.310836186674168 4.333118184715433 2.1914228119656864 24.078489562335253 27.930355179568796 11.469942105286554 17.3278543515441 17.442557542235853 4.804379906355075 25.324028743642106 26.061726005922495 23.72045294523218 10.342969313912844 6.378054241138884 20.32072895626062 10.0049744757208 9.729070988864855 19.243529035017943 29.774053628498496 7.252455611108358 12.702741851621756 22.640492901599835 14.944676852985435 6.129314624178855 25.03707180610416 8.64663554821396 27.222255796557107 2.8732009537747043 29.553156142141326 3.1790914085802475 19.325475827994225 21.670697543330416 29.34538712547965 22.766033517082093 25.98259355488664 4.659279542831317 2.6893335120836115 5.561040079055811 16.259859445831175 1.1398871504029695 15.397566839443172 6.5478335879327085 25.484583642248158 9.074905361920045 23.740656580849407 18.521097377366406 13.437707984532448 20.4202999780604 27.472818594914038 13.671397068005081 16.64232517035309 8.910760921842114 1.2023429737261613 27.434948960790038 12.777485049977892 16.75958639803558 18.507846994492606 2.705323358131006 12.714893721635514 13.445315600574459 13.80783828641883 2.126427585791013 18.495809790554688 21.320649185918473 6.182502540438932 19.07508554223837 22.720738648702408 24.431713825612874 13.601800931987288 28.899471590541012 22.321425877988194 12.12296720688698 21.301897038748677 19.45508118525192 11.207583727310503];


nDrivers=123;
max_D=[230 202 126 239 183 204 212 180 130 121 146 166 137 167 209 181 236 201 127 198 173 230 238 140 191 169 135 152 222 220 136 177 224 225 183 153 187 127 150 155 163 132 167 166 120 225 194 205 158 169 204 150 152 223 207 218 193 185 137 138 151 157 130 136 219 220 121 175 199 163 207 130 221 228 206 123 205 234 178 216 178 237 128 221 152 182 176 220 207 230 234 169 214 145 160 143 125 181 167 194 126 134 151 134 186 188 126 141 154 141 204 179 227 212 187 209 237 190 205 158 123 141 196];
        

nServices=127;
S_starting_time=[393 235 587 138 428 282 194 155 145 563 491 248 549 699 219 175 252 560 453 211 591 182 95 507 311 361 264 562 670 625 300 436 534 656 151 550 216 163 425 189 244 277 440 478 418 699 165 122 81 155 18 625 160 93 93 598 33 351 690 74 322 672 519 283 305 605 247 15 335 42 307 294 466 365 314 189 210 202 227 30 175 532 290 688 446 537 564 145 486 380 521 248 419 450 142 74 321 601 263 563 503 482 521 108 376 371 341 502 580 226 688 618 136 581 278 665 191 703 155 119 453 204 690 412 536 658 715];
duration_s_min=[80 101 63 120 114 118 92 102 63 69 74 61 115 82 78 72 86 100 67 120 108 74 104 110 69 73 73 72 104 62 104 101 69 77 71 103 63 77 115 92 84 101 104 78 71 109 65 68 108 76 87 115 106 81 84 104 107 76 74 69 90 79 93 91 87 106 118 61 61 107 81 86 71 85 109 70 80 89 106 64 111 77 87 63 91 115 82 84 110 62 87 110 86 66 95 117 61 77 118 66 67 67 107 62 89 104 71 87 106 64 73 113 102 68 107 113 76 100 110 66 106 77 93 114 74 97 103];
duration_s_km=[32 39 47 59 49 31 41 34 36 53 54 33 43 40 57 33 31 54 32 38 59 57 41 43 42 33 34 42 51 36 50 39 32 50 51 34 52 36 37 54 49 50 44 49 46 41 35 59 45 48 58 45 32 40 60 54 42 41 54 30 46 37 49 47 58 36 48 45 35 38 39 56 45 32 35 51 37 43 37 37 60 58 55 34 30 35 41 59 51 50 46 50 43 54 39 38 60 53 56 52 54 42 56 42 52 58 34 32 39 43 34 49 52 32 42 33 39 34 51 58 59 48 46 50 53 49 36];
num_passangers=[94 31 47 20 63 68 55 58 54 42 47 89 93 48 41 56 62 40 70 93 25 46 98 92 86 28 80 31 39 28 78 55 21 88 49 89 57 62 89 39 70 71 62 41 67 83 43 61 74 59 53 41 55 22 55 89 83 21 86 90 47 29 76 95 92 77 39 64 53 83 51 94 59 94 60 89 29 50 51 88 88 38 64 23 88 62 98 31 52 64 84 54 41 56 48 69 81 52 78 37 79 44 29 73 47 29 64 30 67 36 82 53 98 86 70 50 65 45 56 86 61 65 34 24 28 24 22];
BM=250;
CBM=0.500000;
CEM=0.800000;    