nBuses=93;
max_busses=83;
cap_B=[107 103 54 72 63 37 119 48 33 28 56 126 22 59 88 101 111 85 60 67 136 32 80 80 71 113 85 43 138 96 49 137 35 134 57 126 112 40 115 90 53 37 63 26 119 34 136 63 82 120 118 42 119 27 51 91 89 79 112 125 139 115 97 65 58 108 63 56 64 100 66 133 133 106 78 121 114 40 134 25 121 121 44 50 68 95 33 48 127 114 91 64 101];
euros_min_B=[5.4727822481533 7.736974980633738 2.26677405606303 4.629877459271787 5.358986512362815 3.0342942551046894 12.772991372764167 8.738832683211054 4.8192871508732615 12.836316780743413 5.128871213136614 7.6532323804353855 5.754769189044953 5.388296666768095 14.60846882138473 8.374535017967979 10.236812923359656 6.333877693087678 6.408154620379685 13.93043966428951 12.969243612878511 7.757921399825477 9.725538447037298 2.706941577204492 2.5383628417366166 8.051720063716884 3.6898014354104167 14.876510380123689 9.727498691169712 9.527510730131032 1.2379018161909354 8.543938597576485 10.219754577207425 7.627142991872908 7.254868163071897 10.83711130334782 6.127194251203996 8.178360673356282 8.003458609071725 2.381446043862419 12.2053413164365 10.557132650879543 8.390353027776353 11.48172209825378 11.259396552794525 8.022449166267958 11.137515782718703 11.85836981268717 4.696003551016319 3.7320034429944497 8.96411795637603 12.487939683860327 4.554379011215865 4.943895731219309 3.5387589001713016 11.976465632298442 14.222160543649236 10.57614323225816 3.945875657331775 12.458990271424792 6.5330473363138655 6.667850747114279 14.942836962525796 13.883706944934987 11.602273072074308 4.2138312320919145 1.4115130361813895 1.0275552836234074 5.305124248248446 2.152582924874644 9.740473872788009 9.270250545937042 13.669306309692198 14.039638924465311 13.515321701025412 2.526427024676992 10.72293916481059 1.2005829172133888 9.6477751717408 2.0299051959489036 7.443293145228749 12.224691370896014 7.1352804272435755 6.209336081327819 13.716880288236032 7.631765840460995 9.272127355867205 5.007141196783664 1.2822169085521553 6.483012578291346 8.738676056693848 13.06261849537798 11.464701922000415];
euros_km_B=[2.3542372198341264 4.73587838338499 9.239591117948663 1.0774455276888413 1.0906843256901246 24.338505171317436 1.2811665644138919 3.4217987720575986 22.20934992857013 24.229872647490794 22.845024944511056 28.497768992454144 20.424879964325964 6.156115683837025 17.053231389423996 26.95921339704578 11.404553309373247 13.956428944563458 19.165673008646987 28.516748449627592 10.542959631774718 21.632613715620103 1.7180052431512345 5.84589738912869 1.736010435520544 23.084534981797418 8.531617352490422 12.186631222669172 6.493291297321917 26.422479722843065 27.484572048588717 2.6153736844970807 12.474516636636164 10.24205034260923 28.997382914257265 27.309172681244167 14.883326858542608 2.117195394176621 21.829425247672187 16.987900700503666 27.386086671097924 24.206089901552723 29.3350448129628 7.3116990702809845 20.969686702951908 6.315651599097582 19.677819007089916 7.885508121638541 20.569857703731152 17.900193779492938 3.8421830383802424 27.491436322454977 17.814728608683037 24.76625908455678 13.544166581589426 20.352410515274823 19.826869075050045 5.89175572314198 24.454884724199896 5.830304094747264 2.077724240100141 10.579935283337331 1.3685515712691556 5.515582375790098 8.903797431031688 7.732515759861764 15.622846612046656 7.698551642477028 8.072102719837304 17.826052017333456 16.157299119020852 29.57172259120498 11.7485602555428 22.531796761112496 28.568359177174298 28.653832226213105 11.991123699734777 11.381591466918817 18.508748639421334 1.1121400998693534 21.82118877661927 7.255521642419538 15.041242549308034 18.691919462090592 8.241082611453798 18.62521464305357 21.07267667637146 5.578188084460553 5.3179019275988555 1.9045667498741252 5.616730776741891 27.449387374487745 28.253087937877247];


nDrivers=89;
max_D=[158 139 214 207 184 203 205 160 170 123 124 132 157 148 211 176 239 194 187 125 203 163 237 202 234 150 214 155 158 120 130 191 210 192 194 200 215 133 221 233 211 141 194 164 200 170 139 185 158 139 205 177 176 168 146 155 136 162 210 197 149 200 204 171 159 138 201 204 146 191 160 182 150 213 218 189 183 143 165 188 173 136 162 217 195 123 122 238 232];
        

nServices=95;
S_starting_time=[463 203 485 377 112 5 324 380 540 506 218 235 76 80 596 439 715 311 243 44 192 361 436 287 674 355 257 187 376 517 46 488 359 707 111 395 331 82 6 156 242 539 140 115 582 305 182 96 112 404 209 145 482 179 271 394 556 385 582 673 567 81 336 532 488 481 338 179 291 605 523 207 294 267 74 177 483 691 119 51 304 116 188 449 590 652 495 346 6 467 604 234 218 538 342];
duration_s_min=[68 102 102 65 110 77 83 99 94 83 85 118 83 103 111 94 67 64 61 77 68 117 67 114 84 90 72 76 80 99 73 95 69 89 101 84 62 86 73 97 83 81 65 111 101 99 114 87 87 116 83 112 61 84 69 92 93 110 120 68 100 79 105 82 99 86 92 103 77 89 119 89 78 89 101 95 96 87 97 112 86 84 77 86 90 83 83 75 83 109 85 115 110 88 83];
duration_s_km=[60 53 36 38 60 56 57 44 46 41 42 59 32 52 36 38 44 47 49 60 39 56 58 33 59 47 59 33 43 46 50 36 34 53 37 48 42 47 44 30 35 53 38 44 50 33 43 52 44 40 34 41 50 59 31 56 45 53 47 43 55 47 36 37 31 34 34 41 32 52 32 49 33 60 38 58 54 49 48 49 47 31 38 40 46 42 31 45 46 52 47 32 39 48 36];
num_passangers=[31 55 39 46 84 25 85 40 73 89 83 99 98 56 52 37 30 41 93 50 44 82 69 39 68 94 50 63 31 69 71 60 56 43 27 88 26 75 62 22 79 93 99 42 70 21 20 86 44 98 64 85 40 100 95 74 24 69 68 89 26 48 45 82 79 75 95 36 48 60 58 94 41 98 83 79 28 85 94 69 36 92 93 76 44 83 40 52 58 89 63 81 89 71 23];
BM=250;
CBM=0.500000;
CEM=0.800000;    