nBuses=122;
max_busses=115;
cap_B=[111 36 61 126 65 53 48 88 72 77 37 30 21 81 59 114 50 34 51 43 44 47 29 95 46 101 30 46 56 89 53 73 112 42 74 99 50 110 81 90 130 40 123 54 134 113 52 110 56 63 30 47 97 35 77 53 79 48 26 42 112 54 112 126 107 26 98 60 122 98 71 82 138 48 88 140 130 102 125 120 65 28 28 84 116 52 103 55 91 126 84 31 86 119 100 30 115 20 135 53 28 94 21 52 100 60 77 98 49 60 68 93 91 86 83 97 90 31 137 106 133 23];
euros_min_B=[10.214301767733307 3.176300470056217 9.557137289770527 9.657913958257557 12.97944955054003 12.900384036990014 2.6891268166897158 2.521162135475002 5.795180933438395 13.335803439085103 1.6808823047932284 3.065017532894916 3.2530810721129324 7.552944578076135 8.644350468001686 5.914601061772847 12.206980106347512 11.212635416325382 5.138223279081766 10.522063746698237 8.085618141245945 2.523105797770813 13.838513526456248 13.509426595977054 10.142213308906587 14.735905634050898 12.899637556102991 9.097763870322938 6.069709506377048 9.707162766709537 14.760601760865798 3.1101584886619724 4.799616229853813 11.511705457304418 10.298062315659262 6.519601110455999 10.588714120560212 6.676574241308154 6.542624326021204 9.988908698912796 4.143848256039685 1.8216391393889249 2.8997346560689423 2.7501943266186877 13.607604995210899 5.872292924325765 11.047681442067931 8.41724973212658 5.785430952925385 10.312043836107941 4.04925662792783 9.85893932345396 3.252764607695844 14.266689951857753 8.51736168834541 4.769430660946526 3.377561098419682 1.5785039332862938 6.599708686894279 9.428554362273983 13.997059979370066 8.41130510655865 12.70201414596261 8.152526069872813 13.811030623151973 6.744646861903868 11.882890375379814 9.204017128427763 8.75326984083889 5.008277722506533 1.097500094400562 13.575343193928909 13.226077026623459 13.73553647274708 7.203455378228563 7.538301373728781 7.077310011149055 3.3165647924935286 5.724006726472103 3.007414446687089 14.067865186644935 9.60141444793129 5.283358601186672 8.432898991773259 14.213162105298322 7.049465642068883 1.1277314330833956 8.512840645616631 2.975967775384756 10.414894225856345 12.120719153535607 8.960486267043311 3.0211013372130298 12.506155976583155 6.5666312022610445 1.2274086204275545 1.3646364935625768 8.687897955282615 10.180626760547012 11.769330491931079 1.3905797785902165 11.450483848157784 10.778717317802434 12.444781249065933 3.337802098207674 9.82339050844618 14.112347074609916 4.923042421730269 4.027684148093393 3.099120958721074 8.700293550829505 6.602025593878596 11.173557952433976 10.572248852518925 13.026718619945342 11.488561523048489 12.073976378982834 4.049658452494205 11.090222021126177 6.243809162583576 14.810727566966277 2.797218405195414];
euros_km_B=[6.782103479701621 2.390421449415313 18.315084143944954 22.717204540986472 3.5896548830671238 27.72930346858813 28.170987928666957 20.862023471888897 18.4709510676257 15.041247089793718 24.76744124429748 27.210264249708317 25.953770278761617 22.512950644150273 6.277518861084345 18.37285790917378 25.321325424665254 3.4765269087905946 25.504884900310504 4.162389139625841 16.026588205876372 14.496577969898942 4.49057541876008 7.230604691354888 1.8996296435107993 22.963107467158615 21.440324818116547 1.254151584793235 20.830314840281986 19.781930863352315 24.349798719810742 26.71122105673396 10.579613322153474 25.524044785803216 17.086139140530204 24.930266403436278 9.280728658709481 15.533678695000173 3.3913532891495644 5.925714841482133 14.883953265725662 18.475702646064903 17.256977353286647 3.936414408370446 12.866969818827261 15.080267795081571 3.067148993796038 24.818230026367928 22.02966840194389 1.3193067728969023 27.47124941407344 11.8022000396992 11.134465841659264 10.115102303289772 6.522509084496576 13.24858631624444 15.480981214530651 10.286120380412 6.351160813043906 4.1291083803657145 24.978279430616578 3.1925982597314664 28.749959108215418 2.549801144784655 27.33841741855822 18.348092301877198 24.73943360218739 7.527011098764465 10.021841991267909 9.232964428115052 27.037490539570015 19.723012376949463 2.4953544092844337 29.092640632949774 3.237466300667636 20.41093154211156 1.2016161534798682 23.006420705035623 4.155809624855579 3.1475272013211057 26.53368191947298 25.012368946219002 28.35006303761422 3.6277292317280927 6.324071437804019 18.479550262217657 27.229155467095207 3.7426367370353764 6.321738526305038 14.467701704636028 28.11195762497066 27.787250442064565 5.016093496029422 1.6884517724926433 10.548409659279653 5.560193938834841 3.7744212198826017 28.347989578976605 29.611013543793558 20.705549185603324 7.885316901086392 17.425127328674755 22.569968491806474 19.317493227185462 16.04657195432289 7.71593243535676 11.741696181176117 11.17325560904222 27.125459795758697 5.904746920654002 29.16597348191918 11.529987825030338 9.780257090530927 11.563519782089713 19.0083013047239 2.348906439231677 19.0191195979092 1.4523766107811928 20.4176239248153 24.21215832625605 19.75693398806447 19.60243500046167];


nDrivers=118;
max_D=[146 144 216 129 181 122 175 230 198 123 215 176 120 145 144 235 167 152 131 158 190 123 229 128 135 218 123 153 137 219 125 218 121 138 228 147 153 170 137 191 207 196 137 166 144 194 152 211 165 185 182 157 208 186 120 162 165 210 126 185 120 199 130 176 229 185 196 221 196 195 132 146 158 233 203 240 180 174 138 132 173 123 234 190 199 154 196 142 156 212 237 149 227 212 173 121 238 205 203 175 135 174 212 237 169 165 141 196 123 213 235 223 219 142 128 145 145 231];
        

nServices=124;
S_starting_time=[139 227 718 54 196 2 178 627 671 244 87 395 196 601 615 474 519 518 695 690 696 565 84 161 326 432 420 596 555 593 148 309 594 543 260 559 428 661 503 55 553 636 130 583 213 102 446 411 633 454 475 381 76 413 38 646 436 554 158 670 266 421 631 31 541 610 22 199 318 220 180 582 627 659 283 499 187 580 660 362 177 63 71 719 389 388 51 0 455 545 161 277 656 77 78 331 201 571 642 410 163 133 293 391 294 522 635 610 47 75 601 675 341 325 532 609 666 14 12 411 720 523 590 241];
duration_s_min=[84 105 87 75 97 92 102 84 79 81 101 96 99 79 60 103 85 78 64 64 114 70 70 115 97 65 117 82 65 104 64 112 80 117 60 106 99 71 101 100 112 91 79 78 97 77 80 77 111 71 98 72 66 60 79 92 108 94 93 115 68 116 63 82 120 77 117 90 67 94 64 80 99 111 100 61 103 102 93 74 93 115 82 80 114 98 63 113 114 115 95 117 83 95 103 106 68 66 83 99 71 95 95 105 69 104 109 120 115 95 87 74 65 104 79 115 89 74 80 64 109 105 117 114];
duration_s_km=[33 31 33 60 56 57 59 47 54 60 44 35 59 49 30 31 44 32 30 59 31 46 56 42 51 48 34 39 45 41 42 38 41 34 37 57 51 43 58 42 57 30 37 48 48 31 60 42 56 38 31 31 41 47 38 49 39 55 43 34 31 48 44 50 46 55 56 38 41 38 57 46 37 39 50 41 41 48 55 32 47 51 40 37 53 34 55 33 45 47 33 45 42 50 41 54 42 49 36 38 49 32 31 58 35 54 51 41 46 41 31 40 58 32 56 50 52 51 50 60 58 54 42 32];
num_passangers=[65 38 74 69 48 48 80 39 68 74 48 41 75 60 91 78 82 76 66 67 31 34 47 88 31 82 30 85 90 98 47 62 78 84 74 21 34 23 29 38 20 85 71 86 65 41 42 44 49 52 52 56 20 97 98 31 90 31 38 37 63 65 85 46 29 85 54 68 56 82 81 45 71 29 89 47 85 24 97 30 23 88 33 51 72 31 70 69 67 44 29 48 98 68 60 72 100 43 21 25 39 36 52 50 24 57 98 22 23 71 78 85 39 77 95 48 99 49 64 31 73 28 83 49];
BM=250;
CBM=0.500000;
CEM=0.800000;    