nBuses=99;
max_busses=102;
cap_B=[133 49 44 21 27 44 26 23 87 23 94 25 71 75 55 64 135 53 60 123 90 52 53 69 99 115 60 21 35 53 47 25 105 129 71 122 52 88 40 132 26 29 25 127 120 37 56 132 112 99 123 49 25 37 25 54 91 25 36 79 111 125 43 38 118 53 99 84 49 48 85 94 40 57 36 61 76 93 23 36 50 77 105 85 140 76 23 32 127 120 110 29 87 110 124 29 101 78 63];
euros_min_B=[11.93828467922472 10.83578131247572 10.059039325289135 2.4478097419710156 13.904101957029237 10.156724780248817 7.059043211730282 4.416024384871586 6.168293956894637 10.643150768085775 9.28219548537212 3.257070651732647 8.401278998541308 9.307812825029439 12.177421031138977 8.736583272008748 4.588926949461047 2.033431573637306 5.043188747782708 8.22653390614927 11.314998306140657 2.4041810102845855 2.027903532716917 7.048383027630828 11.217226378365702 4.599009810231116 12.362275090433698 1.8811559833122935 11.086686902254847 12.326513799117901 9.012139462521505 7.429976275649768 1.5004280422848544 2.7231307237981115 6.8742311070834425 3.66177520499081 14.878561723834597 5.813756102716612 9.48423556339064 2.3225155359391647 12.815241760915287 12.903628219413049 8.422963141111824 11.99716789317606 9.288403422124173 9.40762929499928 12.16551511333311 9.875251898509681 13.890604011828756 9.615490645924694 11.660611790665133 14.953763490045088 11.88479226187263 4.904026675074423 4.806987601533717 12.86934104061429 7.853508094702291 12.716859451050494 1.1479989367373211 2.625214473101343 9.67373965527852 9.724924265390303 9.413689793726999 13.25833010940051 13.099211202215013 11.566406445443615 8.86281027734303 5.748669826399267 10.350764818456362 1.3334673790239593 2.892847528487022 13.222669828730604 9.319864781982469 14.892243812127846 6.288637039188329 13.894360682292316 12.03808050156451 3.069395851015299 2.1180275351212563 7.877128044273076 13.36858618622271 9.788162245910591 8.200164807534158 5.208959414405071 12.19128957052201 12.985587992522312 9.449571655421133 14.291155202612243 13.682474200348368 10.445876841830458 6.337031951790626 6.517193055993463 2.90893859723662 5.440518961627897 4.294138254998547 14.767333937775511 1.0283261531197927 4.608371168086948 2.243492482832292];
euros_km_B=[5.268405967825907 4.318423450697184 13.627481817105737 11.984683134833475 21.595264651216617 11.87779208576705 19.443993665035773 5.722662354748564 8.333423404925064 19.240702012038547 29.735824288550894 3.897507927698695 8.03304033155666 28.34832377866454 25.301245196938805 12.475553288407497 19.966007336210264 1.5656344787184966 23.86258030346132 18.013017786320233 17.806485217803818 12.578699270790235 5.595832610985715 15.923872935647417 21.999863390733932 25.797393957377118 16.783263365904574 15.81674485046021 20.910805165723325 12.705145403126988 13.84521702593418 3.8907418249929844 26.3807885932464 19.97873720989188 16.193968599834704 26.578397039601782 7.7526505048529195 10.596592284883245 1.9480370058241856 15.180494558637612 7.342555291796754 13.48575276142352 27.711290263001242 1.4053701404973953 22.44367137967275 24.6739741160606 26.87513028880341 15.225553474355781 28.130767450230497 2.164922717902572 20.13782847551212 18.987464138973987 26.786865363446744 21.238618269462368 23.365492226757826 22.24327484319024 20.556602929383423 8.820995004679357 14.651727186805001 10.994586151497597 29.32139460748772 4.817873355871876 21.757287043715383 1.4500533225922991 21.401617112325983 23.22865621046323 28.462514704796646 3.1002150286944294 14.614569329802412 25.660706482759874 9.141230604283209 3.251873960400669 18.4956939260106 14.148500408365857 3.8219346289099922 27.213482819413063 29.840441999906638 11.886167102382956 6.917738754268103 2.845970466648394 21.210839991808193 16.423704897261878 25.256509611195302 25.220980249303516 23.53540730616318 18.465587242927157 13.012201794328004 27.821191762657126 2.5470686959913085 24.15049613825039 26.062851201662554 16.61623248330004 23.648169208392744 27.568606043579237 25.65156234134382 27.245684583036045 24.486953120043534 17.827017737837302 17.866206893687107];


nDrivers=103;
max_D=[225 212 169 206 177 160 176 137 221 218 238 141 161 218 166 176 128 207 141 215 129 184 188 202 226 175 173 191 234 141 175 173 123 212 120 162 150 132 140 128 206 202 154 234 215 202 181 185 159 238 152 188 133 166 221 178 139 182 178 218 212 144 163 171 135 136 182 148 238 156 161 217 237 151 232 217 157 216 228 194 148 200 228 188 157 235 186 133 232 194 200 137 123 167 134 141 210 205 220 160 165 235 191];
        

nServices=104;
S_starting_time=[330 59 232 82 322 195 499 618 26 655 58 675 80 380 251 420 56 561 151 717 94 518 110 60 581 568 550 449 199 521 63 72 541 559 52 651 406 599 447 696 338 79 383 176 258 34 321 297 697 266 616 261 706 242 508 431 589 677 391 161 287 324 162 394 231 262 170 431 236 155 510 533 329 602 292 274 616 258 559 546 323 675 543 717 28 479 639 668 415 398 120 518 668 177 165 585 386 66 282 546 709 469 1 368];
duration_s_min=[79 92 65 91 101 86 78 72 71 98 120 94 76 119 91 92 117 106 92 110 81 69 80 67 86 106 116 105 107 116 83 106 112 62 79 61 117 64 94 88 82 97 82 76 72 84 70 77 62 75 90 84 111 71 104 67 99 77 88 102 111 78 78 85 92 107 101 116 115 109 112 101 78 78 75 78 82 87 88 79 97 62 63 84 110 99 91 111 108 92 101 110 117 68 117 81 65 84 98 60 62 66 90 90];
duration_s_km=[55 58 33 37 41 42 37 60 40 46 52 59 49 30 45 57 37 38 35 31 51 31 50 44 60 60 57 50 54 43 60 45 58 48 60 49 33 47 58 44 46 44 49 55 34 59 38 35 43 49 56 47 30 43 52 54 48 52 43 32 55 36 41 58 43 56 56 31 53 60 42 45 51 47 32 51 36 38 37 53 30 37 32 59 52 50 34 48 55 49 34 44 41 38 35 41 46 46 58 43 42 47 43 60];
num_passangers=[94 68 34 52 35 50 61 42 73 98 96 47 82 25 54 46 94 52 47 83 49 91 40 25 49 42 39 56 50 97 35 31 47 35 51 63 96 98 45 25 45 20 44 72 98 61 33 60 33 95 74 55 61 93 93 47 77 78 69 28 44 44 97 93 76 50 67 22 45 71 52 57 59 23 23 73 36 89 98 29 77 52 63 76 41 24 49 20 41 23 77 70 23 27 93 22 86 21 98 30 34 91 69 28];
BM=250;
CBM=0.500000;
CEM=0.800000;    