nBuses=106;
max_busses=107;
cap_B=[88 131 117 115 86 50 66 87 116 27 79 114 27 31 108 96 122 116 89 111 77 37 101 92 126 51 86 82 106 124 105 137 104 84 82 107 112 128 41 32 32 68 125 100 106 43 84 124 52 76 67 102 27 129 112 139 135 69 61 102 69 22 54 91 130 122 92 31 120 125 140 52 77 128 48 138 79 103 43 126 90 32 59 101 55 20 119 124 100 108 101 24 130 38 126 45 91 68 35 96 50 88 65 134 124 35];
euros_min_B=[9.70049979553044 6.4354167232976565 8.760331348851325 2.126906789635709 6.147207653156005 9.988726283009038 4.40259907977987 7.162699465781022 5.388616495276052 6.4570890931853535 4.073085731429773 13.70911133856701 2.393340160267749 8.035645808152482 12.370786314807397 11.396069151905504 7.385257812589625 13.336185556652202 4.591370600873076 11.613434423330729 8.401363340189542 13.701642186404024 1.7977260963206285 5.038062487974555 13.373212945522617 6.73586062804237 3.66894234672505 5.871480951559201 7.826043415854469 12.041228412787529 14.043234752055906 12.074269859267353 5.5301846338906655 9.033344030371278 7.419586533582342 12.67459849421028 11.218493932629807 4.862829467606067 14.579672998548272 9.767104935801274 14.239724318600224 6.27326219359913 1.2344750758080056 4.110757827746059 9.124120090408871 7.657438380862488 3.3367341648141355 12.274752552236299 9.373150388640784 7.972846211034348 2.1829125076036338 2.4406727043642706 7.574686900529864 8.777519198090328 1.3579392709347438 11.186869945545716 12.65211180571189 13.16476308967694 7.338421674560641 5.460470192330859 6.650375963415195 4.998640470059732 13.334464827240877 8.830114556752795 11.191890460739879 10.70434932158135 5.31909607475861 11.192943380604229 9.351618819336586 11.314538264135692 5.750715828367819 4.883419585340073 5.381555791002002 14.863147230786723 14.294428450573253 9.198972055024885 12.049205520833649 12.926212787675453 12.83540017342576 14.565044142075093 8.81555422052417 14.890218537655118 12.051405211376748 13.810595831455654 3.066996861181952 9.812589899491437 8.951936243362514 8.621588586080126 7.340525348134809 10.297189575486083 9.808000111301771 1.7830858375654917 11.566818726134494 5.561201137566441 14.274114180801975 1.4338554857957306 6.9454146713362155 3.340981086830541 10.784933096004274 4.435682273404854 5.5387631709632155 10.712859761191197 3.1772257287084154 7.339915920116542 1.0659803647202213 2.510830143222233];
euros_km_B=[16.413434878789943 19.055008134358058 24.539490210907612 1.5889329231078555 21.48675460217428 9.746904792749625 20.049218396895416 15.303566080795795 29.97550720411947 11.937021748232192 7.836348286794352 4.298475173135673 20.977070224965356 16.560129478342013 29.353160155241707 20.031974928652748 29.355303869046594 28.02739991619812 26.706222380503878 14.11912518811155 26.695163602238672 26.053199255302655 21.842932133467414 10.08344027241729 19.46517114380641 19.813170390325187 15.52215100463875 24.219911492654678 1.3074829933680308 24.89428058214783 19.714017469139975 2.0320176485164683 1.989969680255192 28.745428792220093 24.440598064015415 22.482084308385534 3.511622745299845 14.692828236156691 11.270974868111159 23.685887919781926 15.061798884923153 2.174252416389672 7.151824430310169 9.763533606422676 15.330035219525701 1.4995799502561908 13.161061974861191 26.061368047488063 8.149582970241454 4.349411320067272 26.06885129808778 8.042124561832678 29.719255697348025 28.24562330952901 14.557621097595202 7.294529172756949 4.472603993628157 24.574099548737934 11.435443389169826 11.204135930592617 14.6439250881996 27.069226361745056 19.20996765745252 7.029640312656363 10.837888642923057 13.109666992968346 22.752634148364592 11.544839442554617 13.78279919654116 12.708981513411494 23.688034905089463 16.610245594948715 12.939079376655961 17.508017346414082 19.585559094031503 27.543433554262478 29.260681192688338 23.229654599068006 29.15614451140445 3.8500818587750265 9.528965892285246 11.096902708879917 8.463706024989747 22.35104174374923 28.072809335707053 12.676829815730255 9.289260502276175 2.6947130503286223 18.586031393782 1.0990559315351893 8.117551104730282 15.110874620930016 24.786650577753445 16.86290553628069 28.730025605202655 19.32932355253839 11.008992756593813 18.692083054502685 13.229998401896495 3.916232439936633 1.4720023338096067 22.25554152366421 25.256424258409876 20.534231437858576 17.38613682318082 11.072602956949458];


nDrivers=108;
max_D=[158 201 200 203 146 205 133 181 128 129 174 225 126 192 136 157 236 161 175 176 205 208 236 125 229 197 147 159 155 193 155 230 234 224 148 217 166 190 171 150 186 143 164 152 179 132 141 164 139 239 236 130 194 154 135 127 177 214 236 197 142 131 216 194 207 150 169 196 211 174 184 163 200 124 208 206 140 201 177 168 182 147 142 126 204 137 180 217 217 218 237 142 195 209 223 145 237 137 126 150 213 240 194 214 150 225 167 195];
        

nServices=110;
S_starting_time=[34 492 314 244 207 392 522 235 174 321 532 218 559 636 472 251 492 692 171 115 125 592 271 421 540 485 42 163 387 671 49 328 421 604 685 326 501 31 146 75 26 609 277 467 614 64 281 18 707 171 677 296 599 121 45 575 30 500 208 680 81 413 381 408 258 471 585 375 298 266 382 81 435 48 44 445 400 382 519 140 160 279 213 513 130 535 463 364 182 111 376 383 633 640 69 187 334 510 301 498 307 439 704 127 346 669 42 149 643 96];
duration_s_min=[113 74 117 92 94 66 119 87 82 99 95 89 79 88 64 98 78 93 82 67 119 62 101 61 61 110 85 115 110 78 109 115 111 91 90 73 81 73 73 91 120 85 83 102 72 62 112 76 60 87 115 67 90 68 92 86 113 106 76 106 81 94 66 68 104 79 80 90 67 67 104 115 101 65 74 64 119 120 68 70 77 75 103 99 79 113 109 88 104 102 83 77 91 67 107 74 80 113 94 72 91 80 66 95 71 96 98 118 104 86];
duration_s_km=[49 42 48 37 45 45 51 44 53 44 46 52 42 48 35 43 48 40 36 55 37 58 60 56 52 58 40 32 57 53 56 43 42 30 44 44 32 49 52 39 52 40 49 51 40 32 48 45 40 34 33 41 42 34 52 43 52 47 48 40 37 51 41 45 58 60 35 57 40 53 30 33 48 48 60 39 54 45 39 52 58 47 32 42 38 46 34 45 53 38 52 53 57 39 31 50 57 40 33 35 50 40 53 31 37 58 43 47 47 38];
num_passangers=[54 57 33 27 89 34 95 91 23 46 84 67 46 35 24 98 56 43 57 84 100 59 79 79 97 95 100 37 99 43 38 37 94 57 74 20 24 87 24 60 56 59 74 86 49 96 54 62 82 72 64 55 25 90 38 61 30 80 60 40 40 98 95 22 78 96 46 47 66 56 68 79 61 79 28 61 39 56 59 78 38 87 66 42 39 75 23 49 34 22 56 78 95 92 89 72 95 72 23 100 40 49 37 20 65 46 56 72 91 29];
BM=250;
CBM=0.500000;
CEM=0.800000;    