nBuses=101;
max_busses=90;
cap_B=[106 87 106 76 63 22 79 63 132 24 102 126 130 40 100 70 135 97 28 138 92 42 70 129 27 26 78 42 131 117 76 21 60 58 47 113 24 124 136 129 134 134 84 50 130 60 81 116 85 131 64 65 74 20 67 27 112 98 21 49 134 54 59 44 36 105 84 133 134 111 62 125 32 51 98 59 52 105 54 53 44 130 136 80 97 92 121 79 75 71 33 57 98 65 125 72 108 45 116 22 121];
euros_min_B=[14.757498130763803 10.205828003066095 6.911739746396334 2.43902738544712 10.211336512469945 9.676268691466786 14.914384149950637 3.298234544371499 6.248665291411348 5.52773567011576 2.2739945990910297 13.324894160370143 8.460387286840046 13.448913178946336 6.9125693494358575 10.56298790205767 5.612170677692918 11.592265308764993 5.308848092742075 2.429305966940033 11.412648827758654 13.113733071939247 2.0468009507187834 14.20055042164236 4.638538743421327 13.043021509886731 9.468010222852794 11.732377460173534 8.20364646077119 8.599137616996277 6.9989808321252305 5.775805380439273 7.499299510362723 7.356563002160009 3.486612366935624 13.772463873189139 14.349031061932699 5.865343234596782 2.301641143085619 14.762975153709075 8.497958931164511 3.120290141918849 4.197596733787733 13.422614673804066 13.49962098476664 14.283414883577557 4.802736694293648 14.437908551325068 4.238840653072762 7.948911368144923 13.860896860785928 11.15126874040703 4.050172719233767 5.37768210129422 2.559168269618624 6.192488637070191 12.839532254477506 11.17804227450214 2.5617696963655208 2.2375168147276905 7.330537290321271 5.957749731900539 12.414006645359608 6.930735445986246 12.639403417739176 10.864979494970074 4.3801893576671596 4.689295901831976 2.350839469245219 10.25053693037389 1.9667698527644486 14.590705227675684 12.613669726866377 6.897823584815445 13.612090713752817 3.050914558388591 7.033947108670303 1.262833568668616 12.026087658819279 4.182577623599943 12.289930690179945 10.751464275470676 12.623996926002292 13.039043572122264 12.65892562930901 9.677669191377465 11.972816899845629 10.393280084274936 8.686898154560494 13.042786340034077 2.933316297403077 6.824746536709605 3.0559321513331383 9.385958082246983 14.105507723243136 8.253340760765122 1.5709443082904444 1.5330979411643804 12.998172799976814 13.532444452892737 10.611233211089827];
euros_km_B=[29.058660211796056 11.773563186800239 20.02248921370771 8.585195104586687 17.83390022044126 24.206877407556963 4.446313090034698 26.741835850094652 20.592093287704067 23.84103375083837 19.690311227683235 22.627999545665862 11.216206607006026 16.22247979898693 26.365341486367797 16.905364447504745 9.33319433102526 1.5620741255780566 29.34924043706376 19.951816506984784 16.59193262699283 28.66934804969731 7.6509065210930824 11.224340287987474 28.161888242437687 11.148107976419299 26.620852671512896 14.474835560943495 28.17722930930779 18.269381898735205 14.453749851524568 2.3824823074159753 10.215100288764566 3.8732394764011624 6.211616250780965 7.7592315363678335 14.649672666695759 9.241522870827414 23.665747974446838 24.202748752049807 10.697029279071256 6.954107009395574 25.23314535460164 21.358795011123622 22.09088409097054 5.6604761685438385 1.739171771473241 19.55026351862214 18.8700061141658 1.620955569559666 29.15877102057725 14.530988837429687 23.443892857892436 12.30720414705845 26.885130395667126 22.673058388716367 5.065433353154213 20.786223287342036 4.316979926358225 9.193546883796103 29.047211942022706 21.572015090994 2.327278727835496 4.574588725712273 1.0592383571807031 28.676085318839142 12.579843753962617 28.636568179273034 2.2630352646631007 24.963444498644687 9.054247501948902 22.638697073568867 20.65295715215931 5.913523238822216 1.0682898677444952 24.83510254396578 10.122046927037676 27.1457544727292 21.66146827720631 19.586539552846368 16.539168110528102 5.188723367179117 10.392184222713036 5.084287674453345 28.76896081884058 1.351515456139377 11.861012505157339 21.539048260187222 29.146764091732972 15.8873172141617 26.33591097664043 5.111827989165577 23.26877074748375 25.79084503290002 4.453420300257995 21.269003889740464 5.5245930954007765 28.07250416917151 10.801539818776002 19.336476076472124 11.821275721152908];


nDrivers=98;
max_D=[206 147 171 163 205 221 232 239 210 228 183 198 171 231 202 232 154 224 187 185 170 228 148 139 190 153 134 182 145 238 125 232 218 212 160 146 221 173 190 149 208 194 215 217 188 131 200 240 131 213 151 186 133 147 182 200 148 184 178 164 211 238 188 124 202 146 230 229 186 141 148 150 150 226 199 150 149 204 228 196 153 174 229 139 175 133 177 122 162 169 120 189 225 194 171 132 151 147];
        

nServices=105;
S_starting_time=[55 593 213 438 453 58 370 456 286 434 328 502 474 20 327 687 61 291 257 271 328 494 609 700 405 664 237 572 395 80 555 229 35 288 311 297 17 21 147 581 108 529 104 534 525 505 110 123 64 703 540 637 335 159 529 717 147 263 366 72 288 13 293 265 105 169 133 630 709 23 200 73 294 127 362 526 154 545 108 482 622 590 87 234 119 336 516 170 541 271 320 621 388 304 254 219 595 688 186 134 247 369 454 110 131];
duration_s_min=[119 94 86 112 91 103 72 103 80 62 98 83 117 62 103 67 89 106 76 92 112 99 87 100 112 106 80 89 95 120 63 105 72 64 81 66 91 65 80 64 93 101 60 71 90 120 103 103 90 61 102 114 87 68 85 88 117 67 95 84 103 114 76 67 96 93 76 74 60 71 78 107 103 76 91 112 109 92 113 85 118 103 118 88 66 88 90 63 74 81 105 65 88 67 82 68 85 61 98 99 106 69 105 116 105];
duration_s_km=[55 39 48 37 44 47 42 36 43 43 41 59 31 41 53 39 49 46 55 47 45 38 35 54 58 51 45 58 32 34 31 32 37 51 59 46 46 51 39 54 49 32 43 51 46 44 42 57 47 47 46 36 40 60 54 40 39 39 33 31 31 42 38 53 35 43 43 30 38 60 32 54 48 58 33 56 37 45 58 41 41 45 38 49 56 42 32 50 55 48 52 30 52 52 45 59 44 41 56 60 57 41 34 32 57];
num_passangers=[48 71 35 59 83 44 24 38 42 53 58 55 99 50 29 73 66 91 47 93 90 75 100 37 47 97 83 32 62 26 20 48 78 47 46 57 93 76 74 82 70 65 65 76 53 34 63 91 29 58 38 74 93 46 51 84 25 68 52 54 93 68 73 40 22 47 30 43 77 73 45 56 77 95 84 75 38 63 35 46 79 43 39 91 85 36 93 66 35 60 82 54 45 75 86 68 98 47 22 78 39 45 59 47 72];
BM=250;
CBM=0.500000;
CEM=0.800000;    