nBuses=101;
max_busses=100;
cap_B=[119 43 66 29 84 95 69 46 71 29 50 75 71 106 101 57 56 76 85 108 122 71 82 28 51 29 116 100 63 32 82 68 45 86 28 53 66 27 114 80 78 89 134 64 30 64 22 99 80 23 107 61 102 24 52 115 106 131 34 31 50 134 90 36 31 100 60 119 134 28 88 138 74 89 27 65 98 72 82 97 109 84 98 40 34 56 47 77 82 30 121 126 29 89 101 91 139 28 60 41 124];
euros_min_B=[13.775084207193444 6.291470160350808 12.597146937361556 7.612821101200623 10.423025842266672 5.761423631856147 6.144968882803477 6.264833359638998 9.366303592237145 1.2032765614342602 3.821054123507299 11.553382896959441 10.988862243926468 3.280517694047643 7.32935374479228 13.220492436828708 14.344408998196123 12.346461472759525 8.348593821145812 5.455892550589166 1.020397191002204 13.20281099921535 5.887028237615526 7.076636159862515 2.7351171851891873 12.745384222684388 13.217256302950023 7.261612087836767 8.063718692358151 7.227493519156518 6.87031667611049 3.3266877475137937 2.65408968349939 5.241934586760068 12.640659370705846 8.287648453964065 11.683258497123393 4.598082070496369 5.95545939505196 10.871039880496099 12.477973038913328 1.1027382792918095 2.4404292230900024 8.005043129207166 13.248771143760688 10.84259396671515 6.200247504209904 6.93232444908743 7.835217968512488 2.1091412027420633 4.690832285967128 10.434910533634698 13.617969604046284 9.03428664184211 12.129415124796498 5.02946627797104 1.5083369993760207 1.3429072711229593 1.694029377324663 5.523422862780024 14.576088271434065 1.6974554867223959 3.3022161238440226 3.4593973081252987 3.7943407458701888 5.985110403925821 6.17423579774148 8.509396331505918 7.071650388760718 5.40884133173271 10.564237908879896 13.88885212601721 10.930742777852291 3.341952228665705 11.507886107097363 13.174533686083624 5.969252891617038 7.854014028666336 1.151507237095367 14.239099034111781 9.283034607983293 13.002923393919703 11.620077250148242 6.240179752032197 13.550477691819788 1.0265853321081873 14.18123458580117 3.096589104126153 14.660335139552936 11.92900751991101 7.588149989138095 5.038193096644479 9.885539424475725 4.604089967270509 13.593079960584651 4.501306336775165 11.963929531567262 12.979312042197607 7.433050427031112 9.070495524778865 7.454889210796951];
euros_km_B=[7.015368175435344 26.972099792499762 26.971736870893615 24.875173487136138 20.5512014523334 9.547008957436573 19.747684387037854 8.594687171261521 28.470141618384613 26.27777718261039 22.58215857401543 18.76634873282216 14.774827871170936 26.46488723356787 18.970574732560618 10.011101882864555 22.820271906915366 3.18405476375423 8.560972709856669 18.775337950961113 16.768250570767545 6.653797584110897 24.794161734571688 23.630333833012227 23.870325949307475 24.05956303916346 28.221036356149042 11.900981900200955 25.575425358432582 2.632667935912307 29.35857520980124 1.228246706823703 27.88910065484412 14.803170106294772 6.474080519530878 28.631569689699077 14.398623880839027 7.916767020096228 13.505155372951288 20.749449396401175 14.718350874441423 17.82333452983964 18.869340352649004 2.0137776456142635 25.747408593036376 3.571496914056259 4.358931794213825 14.89204353211625 18.23248642931744 4.170774750691416 18.4305598769028 11.349566509188259 19.610195950029226 8.250838969199252 4.2285172948393335 8.484330526778367 28.57249794392436 25.710765726375282 14.522267232186051 8.495825799823479 13.331771502481022 10.744195194500875 15.666611084087915 21.81840200171102 16.75939572869089 27.392279562128817 17.27144144545058 15.420849279694169 19.10657173986201 29.153580212173015 20.120016307988166 2.8812624957667503 27.056695969012367 21.151937234116687 17.39460806908122 17.219386256670383 18.93279063048672 2.0958209812050823 21.84199316726681 14.507673488648154 21.453774110538856 13.62910221103197 4.1893703612649675 18.178178369902756 24.7007201661267 2.065674068146427 4.120170720311613 8.705667890997084 11.30277338180801 28.043096605565573 14.539529939305847 6.891759887225632 6.359129586299547 22.318272351281752 3.131887297971158 12.957595841939742 23.80617061619728 5.799577551416491 5.3814718721655765 8.849686405625711 3.9842910345855733];


nDrivers=102;
max_D=[160 174 132 208 178 132 134 200 149 124 143 150 178 159 205 177 193 186 173 198 189 165 135 226 148 239 188 199 202 226 190 180 214 227 168 225 189 216 133 208 178 178 188 223 187 181 158 219 126 187 180 214 128 144 124 164 139 235 198 159 127 232 184 210 209 230 228 157 133 165 214 190 220 148 147 149 240 226 181 218 187 200 131 143 197 126 146 220 148 170 160 232 144 154 204 234 210 136 202 138 123 205];
        

nServices=105;
S_starting_time=[221 547 372 399 252 19 379 625 502 624 99 581 410 596 415 344 24 69 292 497 378 89 365 674 150 666 262 135 78 674 186 457 303 404 622 441 705 693 283 480 715 590 477 164 69 117 355 245 162 526 365 130 696 256 585 478 284 329 275 54 148 252 316 122 707 446 251 589 186 512 230 581 252 599 228 400 618 34 192 186 428 227 237 245 464 633 110 152 678 163 679 677 650 578 230 199 95 389 194 350 168 512 605 435 508];
duration_s_min=[84 101 86 79 107 72 95 65 120 85 77 101 84 81 62 84 120 80 89 93 102 109 107 83 92 94 96 109 77 115 90 83 102 65 100 109 92 94 65 72 67 71 61 79 103 61 89 114 91 103 68 100 111 73 100 61 76 91 66 74 93 87 63 102 115 106 117 103 85 63 84 94 105 76 68 97 61 97 112 96 94 70 112 68 114 68 99 85 66 96 108 114 74 110 93 87 101 82 95 60 119 102 70 108 79];
duration_s_km=[48 37 51 47 33 60 36 43 41 32 35 31 39 52 46 48 45 36 43 56 50 48 56 43 30 39 41 32 59 31 49 60 38 43 34 34 31 47 56 57 42 35 46 60 49 43 51 50 40 35 44 38 60 58 56 35 47 45 48 54 30 43 31 38 54 43 52 52 33 33 42 57 58 58 54 47 42 55 47 55 60 46 31 55 49 32 31 30 48 47 38 54 42 32 44 36 33 52 50 55 33 42 33 57 34];
num_passangers=[58 95 79 69 21 95 82 70 30 58 44 88 34 62 39 92 27 62 90 76 22 58 82 52 87 56 61 80 57 59 25 99 74 84 64 66 98 69 60 74 55 87 21 45 50 37 89 82 96 53 87 90 57 64 31 90 67 40 45 23 52 43 59 74 29 94 32 49 56 98 21 81 36 28 82 60 82 45 89 56 53 71 49 28 37 91 27 22 63 54 57 52 71 100 71 36 79 70 52 62 47 87 100 41 97];
BM=250;
CBM=0.500000;
CEM=0.800000;    