nBuses=74;
max_busses=61;
cap_B=[43 102 49 102 111 48 131 127 31 26 106 130 54 135 95 108 105 79 113 59 45 63 138 45 132 112 78 98 90 59 65 24 125 35 54 90 76 40 51 129 55 41 117 135 44 90 131 91 77 67 110 28 57 58 108 74 28 21 76 112 124 119 96 54 101 56 45 60 116 134 114 23 39 102];
euros_min_B=[1.524778402204274 9.46437265202926 11.553476577441122 5.7467578261204135 8.950380029859675 13.968913236238379 3.228064948886616 12.298920530627571 13.562219297385589 11.688579712538855 6.116532730415054 6.107877080180818 4.321501247308095 6.8344333758782465 13.041639632413448 8.295509968854208 9.336794849219242 12.295955290832664 9.36272310244636 11.649029549810212 6.215404692449818 12.313352958656717 6.211398351684506 9.53893286771907 2.7691021866326664 6.7665157401316804 12.562830263011785 13.203760308467373 11.269802202642138 7.915651574592289 7.466036596274534 4.325434859869537 3.8023065879421982 1.5242959066802237 9.747392787710577 14.133041917080776 10.837377410805956 10.414001695190915 7.979586345344104 7.408888742646973 11.819568848175017 1.4677324714290607 2.0443159792910732 1.5722221673286263 3.21357242284891 10.622657811319323 13.73491682278014 7.906423339702858 5.208515304925311 10.37581496405498 5.743047576590008 11.96330060484079 10.382975828531167 8.123436510258994 12.897680705426064 12.265937945280786 3.2692566839197355 11.10163569541381 3.5893276535756398 13.236639407365097 13.674001030945279 6.615629263062589 5.507604439992326 14.624337080070958 13.376271997395213 6.6216663684052275 14.659400426442874 12.574805630193497 1.190762429056196 14.030913080800703 3.1903003039639755 14.06804927813421 2.7403871249600034 6.607397735352573];
euros_km_B=[18.06570258272404 18.755920240832506 9.84814672042501 3.1855124663205885 3.3035073198821525 7.792057219474991 17.1868467050427 11.512285127085336 9.487233403892809 18.830311535606338 6.361073836632086 2.756409335449832 4.928026498966769 27.322678285290266 12.030531480911275 4.577758704609904 29.159261090325042 1.4125486855995173 20.89680420907808 1.4037045963144277 21.830796659704447 23.850992661236532 25.817284372891308 7.0894311753147905 1.5076932371625165 26.501723260101397 3.492204675366501 18.027389997530687 26.741480757467226 16.223007383484084 5.794037686069093 3.09675286611299 8.305276870238387 19.4693934985507 29.506691375455244 1.0541536600285801 19.631181784751686 3.3015746042180134 3.7778871521018527 15.201752343768351 18.343691997360935 26.628861363572035 15.756764862017553 6.673713547288976 22.345111940525815 16.779625817709785 11.136413973750425 8.160858174483636 15.377185134220628 9.037742795505773 15.064059744880318 28.28343710399354 25.362863269008944 16.7849610387823 22.626531608888175 26.725607250561037 16.444388911794967 3.3202703064381955 13.415475572454088 13.111600769674517 3.0151828014916697 10.08802924161618 20.697672326669363 16.589271540543795 5.541867732056526 29.52104119031151 2.208751771389836 28.407594789092176 7.8643279588646795 27.464985986419503 26.230827966705558 13.607073164513436 19.692472262473768 3.5209982829871618];


nDrivers=75;
max_D=[183 120 235 190 148 140 221 217 132 170 180 162 191 221 141 166 231 178 233 183 170 131 146 184 173 139 124 171 239 199 167 143 178 175 151 123 218 231 222 214 159 163 221 138 120 151 120 182 184 191 159 180 237 226 236 239 228 229 191 219 184 238 218 235 135 131 209 202 203 135 211 155 171 234 229];
        

nServices=76;
S_starting_time=[529 92 441 257 297 301 117 46 406 503 687 168 90 650 89 137 18 17 569 462 539 551 294 621 711 89 7 319 154 587 442 658 100 70 612 393 591 150 710 495 539 289 274 491 99 703 670 616 689 134 391 396 49 108 712 250 202 348 468 529 703 273 28 597 114 499 103 715 82 295 162 485 677 51 23 310];
duration_s_min=[118 68 80 100 107 102 97 62 77 80 98 97 65 113 99 86 108 80 92 82 93 95 115 103 94 111 94 64 70 91 60 74 76 93 94 60 66 110 113 72 80 108 84 104 85 93 117 102 92 74 68 81 98 84 67 86 100 80 96 95 85 100 70 81 75 70 72 98 64 65 113 88 67 107 65 118];
duration_s_km=[45 39 32 56 44 40 57 41 38 56 30 52 32 51 53 52 30 52 34 56 52 34 51 33 59 45 58 34 30 51 55 32 37 33 49 35 56 51 45 58 44 41 50 56 44 55 34 35 50 50 44 57 55 58 30 33 57 43 46 60 38 56 42 48 39 53 45 45 45 51 30 58 58 47 30 34];
num_passangers=[74 43 74 39 74 99 77 77 23 53 55 29 98 63 78 86 94 52 41 84 69 26 98 39 41 72 24 83 49 80 82 25 89 97 49 31 77 95 30 91 39 33 45 27 83 82 69 35 63 74 85 69 36 33 30 45 76 74 54 89 44 68 95 82 49 22 67 28 77 41 45 66 23 72 59 80];
BM=250;
CBM=0.500000;
CEM=0.800000;    