nBuses=102;
max_busses=98;
cap_B=[109 25 113 117 125 56 58 124 59 59 135 55 46 107 51 42 62 95 90 83 25 116 89 85 33 57 101 39 122 75 102 86 58 86 104 52 106 133 69 84 44 106 85 27 59 65 93 45 126 123 136 48 25 74 58 49 118 29 83 43 104 34 33 51 81 94 131 110 47 25 39 118 137 81 55 90 80 94 70 48 64 79 109 139 111 27 63 130 47 98 47 81 136 121 118 65 104 71 66 69 22 47];
euros_min_B=[3.80621374759966 9.015315781148917 8.355486025431937 12.602442872002483 2.7905929847114797 14.308136787901864 2.1941855505046357 7.2327280409617085 7.6420302166293315 8.601343256975838 12.550993564597386 3.4622019874264476 3.817859183928181 8.715839293604931 14.70148632788041 7.837290591459299 11.37369599524909 8.770242916439841 5.7648674580968065 5.633564355777279 5.269982396594798 9.37595604905103 8.916098884152492 2.7820276316491404 8.33292862161391 9.633787275750988 6.696139570914955 10.109170027702302 5.144967464993617 14.15901211038063 6.047005087848152 11.592340880916462 10.642990317308342 1.3521805377720462 2.3250480064438115 11.099575326338128 12.836642023049706 12.570772688547784 2.9245877109871716 8.11464495177594 4.555285353499731 14.466153383540968 1.8390685966137301 13.875682447458452 13.444964408826412 3.489284912998941 6.321231262353962 2.4360791170869946 8.259558263299962 7.2219601189900375 13.389439218021396 6.524989440067431 14.265884845315396 13.296982536645688 12.559120818371083 14.172350215462167 12.704294223795488 4.613787691198788 9.12864833738029 1.9952858717581787 2.197466867929331 7.183387848342848 8.675581178307752 9.415333304069064 13.13693091696276 5.964702149929849 8.258711694776629 7.319805898973834 7.500359769194107 11.269030212848417 11.355548507844475 11.37751971980747 14.489258245043413 9.512556213908756 10.22695177992787 6.735325659244246 8.338127244167858 4.933628488752059 5.669234531021624 2.9803565724835464 2.136170860790094 13.730971149218847 12.617458921161612 8.042001306945902 9.843763937360844 6.23031105425601 5.861270436990625 11.81162865627079 14.610390197267435 9.498661748360345 7.218692004761063 2.489762617030875 3.3638653457190077 14.924752256440197 14.076943205802808 4.530461439354578 9.03942897128363 2.6779776971355043 7.427152701369433 9.749212438031249 3.7613173585102495 1.9471546815298744];
euros_km_B=[16.0496859200504 28.330661366656642 12.523096076894339 9.283536160572703 5.307432915040328 19.697769640957436 22.139301190859648 27.878111398545926 22.883013109611646 12.394809562704959 14.74490939793209 29.834370921633806 26.65162583209546 13.55687806129388 20.56730606547774 9.580812868034975 4.477711845726212 23.58877427093974 4.357153580070069 29.099403588791045 26.647440947588425 16.566982027041732 15.403753813238811 14.183222532825605 3.697306902000329 27.42562999747838 23.28563606649955 9.921743922450997 19.302362899251776 3.44094743450053 23.026466439672802 5.925232748657612 15.761803252376165 7.270921682192326 3.8602027356469617 25.405538217906788 1.8495103582885948 17.72582752004172 21.695695236539663 11.464066021969195 11.409259601978407 11.360691431955722 10.916967869505145 2.8049601771471955 26.739350048060707 25.527486709082357 10.058764452099979 12.817351140106302 29.326401401537893 4.579805497956205 15.412136655892386 25.924554503473512 17.811415676557704 12.933355434401804 28.483809665992784 26.249910683635687 29.813635503470497 20.18016018838667 6.66022496726216 14.721292026922768 1.9308788082932706 1.213762584508197 13.587122767841846 18.586678672637582 5.9008178230764265 13.341979039885894 28.197368022678823 26.393095211894355 3.3408026909753725 2.8149846943776637 5.3115851729142545 19.402895136471766 12.944019383832014 3.7468508415924324 17.2250842634403 29.177618294060576 19.141869933950247 19.992855814006173 18.3462991745902 25.267414484621526 24.14891339799192 11.509698265000079 14.912912606304774 14.46033244707235 15.000707887661658 6.528514480661189 5.215939405937567 4.180381051428075 12.535174993766244 8.025861222230608 9.353113650133452 25.029045720193427 28.090968753330692 19.308281139057094 19.49341252509236 12.928511814531856 20.367122946759377 9.055793765546712 11.523482179952824 27.60194556849309 13.233731084706186 15.943149901405292];


nDrivers=98;
max_D=[133 184 234 198 228 238 207 168 179 164 230 224 239 181 198 206 155 221 210 174 210 154 239 165 170 151 227 164 205 154 130 206 209 127 190 202 189 125 190 177 240 169 189 191 191 120 201 193 186 155 182 132 207 225 162 140 169 158 197 230 155 172 240 229 154 177 232 138 128 191 188 184 211 127 210 125 233 220 147 170 227 146 224 121 236 149 200 204 190 235 135 174 213 133 151 145 173 182];
        

nServices=105;
S_starting_time=[310 672 3 51 263 322 484 539 391 353 632 460 395 274 305 113 582 34 244 283 433 361 493 666 405 209 333 129 649 360 558 157 215 450 324 192 142 163 92 317 363 301 369 178 383 496 570 182 211 267 322 418 54 241 650 516 269 62 416 256 256 705 633 558 156 536 51 28 281 535 602 44 249 485 665 394 468 429 682 162 629 183 192 14 456 51 29 27 616 544 82 53 339 228 30 21 325 460 506 149 90 236 450 124 383];
duration_s_min=[118 77 71 79 72 63 81 118 87 102 61 66 93 104 63 88 69 107 117 107 69 67 120 94 70 97 95 82 96 81 65 106 118 112 64 82 75 115 68 62 67 108 65 102 72 106 83 107 117 107 60 96 66 118 64 67 97 93 78 71 89 78 108 69 116 68 79 108 119 117 80 118 113 72 88 91 106 77 74 103 104 87 92 77 81 72 81 61 65 78 114 109 86 71 83 108 87 60 114 61 107 72 65 79 110];
duration_s_km=[58 38 35 31 35 35 42 52 60 35 47 47 38 38 51 46 53 30 52 42 60 59 43 33 42 39 32 43 51 36 58 39 36 57 55 46 51 33 39 44 46 44 31 53 34 30 50 48 34 33 51 43 46 42 40 48 49 56 47 43 53 37 37 42 44 58 49 42 54 54 46 30 57 45 38 49 37 52 34 35 55 52 31 60 51 44 41 44 56 32 35 39 60 30 41 54 34 33 52 53 53 46 55 45 33];
num_passangers=[30 85 62 59 94 73 98 38 46 48 50 85 30 54 79 89 80 69 45 66 55 51 44 28 29 33 56 74 68 25 97 43 20 74 64 35 25 40 28 46 50 43 28 95 30 31 46 37 41 67 96 28 77 69 29 22 69 44 87 87 64 53 64 54 49 51 88 81 74 73 63 86 63 97 47 45 48 70 67 49 56 80 26 62 22 98 63 100 21 32 28 72 22 57 64 26 63 28 35 54 72 48 34 40 64];
BM=250;
CBM=0.500000;
CEM=0.800000;    