nBuses=69;
max_busses=65;
cap_B=[61 62 72 52 21 89 97 78 76 92 99 34 56 69 38 69 99 121 44 50 98 114 30 22 107 132 39 76 67 67 50 22 85 110 136 110 33 63 110 85 81 65 82 47 69 119 66 53 87 128 114 26 93 47 121 65 31 64 123 79 99 33 134 125 21 45 112 114 117];
euros_min_B=[14.465967864283432 2.7210798667977647 2.2407318060412087 2.1322167023550676 6.41955850016882 9.464669827926482 7.710857431508195 9.026705047746537 10.231635008996053 11.614732670238084 8.889204431006998 14.393985597156782 2.4732401326600653 9.830197845316018 1.0076209954672404 10.58320041849317 12.343182970976935 14.133855942069609 9.629039899142953 9.232570712153231 1.3155383991236933 12.992095718665613 9.903161369307382 13.057638141055564 3.009722853851488 12.40479090912632 3.7124656338828386 1.968461543648141 10.020617554559129 3.4550143270806153 8.349940521692123 3.4720022698444275 12.036992014864726 13.146746962602432 4.719366693370051 9.458744158455875 8.910304959599383 6.209558823822817 14.336306896542869 6.7458510949641175 9.487179918205898 7.384172639452993 4.579489950603506 9.803481317677653 8.107916777848594 4.514685580641955 5.106018261311389 2.185352049328632 7.79073681912163 1.4035538853600187 14.045606763368303 8.711210414892879 1.111570979933654 5.32260098688906 4.765469963796276 6.018125124954886 5.743369558169153 2.826383407787734 8.249491591514122 13.954365699427827 5.512742616324698 12.24588666896682 6.826843391356897 13.141954573932379 2.7772676095986926 8.727816115675573 1.819394019697203 13.037926773161493 1.4322606092167969];
euros_km_B=[29.085145153394933 25.274400808407858 26.751391897463925 20.227285265105632 19.796655503249905 9.604953228350054 9.267816095247996 18.97159985311085 27.119879282356035 29.036708393316406 7.1061729783560015 3.7932045044463703 10.278821574468013 9.548503937472532 2.130601371905811 9.359665372883915 25.951919571530052 12.074457385603848 18.786093615060274 2.192026928574255 25.29351168559646 28.466020564628472 22.23169536615768 9.495075057141552 7.222783781140164 24.288249066174995 29.95521473143104 22.021862183770526 4.762864240846838 26.47709799891361 19.59641088361496 6.652208050138499 24.67945769948492 16.401535229136332 17.59317398679824 8.12049121497438 15.495613044621567 16.52646083104991 1.3315223727232954 5.653977779088857 27.56475404173524 28.062061164218232 12.537780751130372 18.11175220640805 4.295099630942884 24.832013517149864 19.34771748395876 21.357240979951936 6.959088902317682 12.679263559174016 17.868329932873046 2.6587697797349037 4.684867673776109 3.957453682222329 24.45246423596136 1.9929193888878434 16.753693480123527 7.713011908794868 3.1518281688400904 13.107820656940065 18.321187699514716 10.805638772997455 4.59302679061798 1.4372838735278632 6.732503826669526 20.548503909005955 26.773018496093552 10.530005331592559 12.279000260262022];


nDrivers=67;
max_D=[173 153 137 172 175 236 182 208 204 143 147 151 217 155 136 177 180 137 201 179 216 168 176 134 219 151 163 157 148 240 220 160 188 218 130 133 125 149 186 180 232 198 209 231 194 217 120 150 176 205 228 186 164 153 136 183 120 155 169 190 230 223 155 186 197 226 165];
        

nServices=71;
S_starting_time=[65 316 63 62 468 636 434 168 74 646 136 340 662 151 382 116 177 681 179 420 283 349 218 367 21 491 266 560 386 297 594 524 302 691 422 412 436 11 63 448 180 370 167 711 418 416 560 566 287 348 290 632 83 551 76 382 480 8 198 686 68 36 474 4 11 368 17 518 484 558 142];
duration_s_min=[69 117 62 113 110 111 71 67 76 110 88 105 96 79 93 74 107 66 78 80 61 110 102 73 111 73 68 86 113 114 114 100 92 95 101 102 96 67 115 110 97 66 100 78 97 68 103 112 77 101 61 71 99 82 71 117 65 91 62 61 115 75 110 63 67 90 96 98 86 87 82];
duration_s_km=[39 36 53 32 55 52 30 32 38 58 55 46 30 47 35 57 39 57 35 51 52 58 34 54 47 32 58 42 41 31 37 56 35 30 49 56 52 43 60 32 31 33 60 38 38 37 44 57 57 36 54 58 54 57 43 57 54 55 50 60 47 54 53 49 34 50 33 51 49 46 44];
num_passangers=[60 30 93 39 64 80 55 72 64 56 61 79 36 90 53 81 48 96 100 61 70 77 85 85 73 25 80 100 67 72 37 48 84 76 42 84 51 63 78 78 54 62 93 50 33 94 43 25 63 45 72 24 66 68 96 41 89 76 87 74 33 35 41 36 67 64 28 89 95 76 83];
BM=250;
CBM=0.500000;
CEM=0.800000;    