nBuses=120;
max_busses=118;
cap_B=[63 105 31 119 138 75 85 124 21 131 93 135 45 54 24 28 128 38 94 140 55 60 49 24 133 136 105 22 88 111 57 72 92 45 93 135 20 82 102 111 130 59 111 61 119 30 41 70 113 108 122 86 63 95 33 69 71 109 123 105 60 39 118 104 34 104 40 87 54 77 86 92 128 23 134 77 116 47 106 113 93 36 69 104 85 132 105 80 49 108 75 24 72 132 135 90 95 139 53 51 98 66 63 24 90 70 23 132 114 113 71 37 41 21 27 101 58 27 27 22];
euros_min_B=[7.916279396478235 6.74029472606273 10.827045729466485 4.946978541693793 3.441896329665622 2.9465897450499927 13.630410056764465 14.670507527160616 6.290665151475639 10.154983119490028 9.505219417948256 4.374021412565695 12.93763274141093 2.62203431596316 4.994619474362651 1.6269389826373608 8.606896597011222 12.674486265326033 12.654011383728799 4.476790501902904 13.480250957865577 3.6873544172500745 2.942430494239466 12.510747787387318 8.477685087210002 10.921983836898129 8.276797616091171 11.375123652584145 5.152243272113402 5.021420996503126 6.107560697198787 8.611422113742261 10.692570211196417 11.185363393788402 7.380904698531633 3.1665162986348685 8.065183139259593 5.341752769646224 2.781474149105624 5.284197363726623 1.4483743052594724 4.090888306477908 9.055803977762091 1.8774446285888942 13.729778212659436 3.4579683221154704 4.798039680845447 1.7645026570708964 6.562798984650817 3.0481993857302587 4.259907989189862 3.070933724695413 13.743509893177386 14.029212510257253 8.94301552349502 11.681096003406314 1.2207031328124127 2.2524071004214727 13.485727376359595 6.1311877732184925 9.376968136868486 9.154347396920473 7.999571726457936 7.838874225927011 14.213157655426098 6.8814302223247665 10.06876835522795 2.0566202561272355 2.3676349561980263 7.057505535395148 14.93229309946106 14.964501149472252 13.805277739497374 1.4479420904298312 13.352778277017267 4.35591399676869 9.392202176362579 13.565215347156647 8.582162053595816 14.312102060667215 8.265431369987844 4.035006397248368 6.564344448490765 5.413920553631753 4.110002648278932 10.388733892732404 13.702632312327292 12.609965224235427 6.335623877433488 2.5604314511688946 11.81214658286485 9.601721101383413 14.840335961361479 8.403459265077144 9.206815013542261 11.17487256796022 3.6406719253585518 8.20640425899359 1.123851646340342 5.944501568436281 3.6552184689074685 13.127424322778197 8.970708863282265 5.559949744882577 4.7448291481440314 11.85717521025533 14.24913189189427 10.171661611716248 1.3839274991358683 12.901170118471143 8.500859615160262 1.9874626096754358 1.1217042135504736 9.79972880812296 10.750006168688154 4.302495165431967 2.2903879377004595 4.302008725476021 4.724905753367545 12.119229314896232];
euros_km_B=[7.453737014865015 13.947553200551495 1.2155171151319033 27.140497416247637 3.35348509884929 2.9375110561904814 2.279408770290469 28.547205982026313 5.849247047606769 26.186598463266993 13.077907462241523 23.09446642235856 18.255694051459503 29.948433266491598 22.47614034545289 29.163707384027354 10.185752729454487 14.97897996984308 9.653895249756783 6.317651866476682 23.8345026360711 18.314410896432175 15.96500719421739 27.440760942566346 23.442757538185486 28.84509434452722 24.80131335182403 12.953157407193093 6.266755657082618 24.33768517095171 3.5532434934415953 25.93554009567329 7.4930340742136385 16.49927868323055 13.634611491159895 29.181747427894233 22.086365815761095 7.214457191001531 17.137570777683454 14.394729898615536 29.851760366815824 14.34754263839875 25.527410380066872 11.78420088691473 11.77082205449296 22.824728343294385 26.02216577958276 7.8298161658698735 8.910789925445993 26.180899009059548 29.452289838149003 21.122541910874666 16.09812251470723 4.543637463282247 26.186135664370127 23.152318565163203 29.83911087107751 6.9189192480881125 23.908260665322405 21.524694774803095 6.151925899193995 12.204934789638706 26.89328647972027 27.941989267659473 13.796962993744062 23.45518011965248 13.811669086080421 8.921294429751349 22.744321790504113 16.677474363268573 1.301606117626962 15.141638945671346 18.949355179951972 20.28371227249026 24.230590060972684 23.30507349077139 7.72021358171712 11.178798604208747 8.986052257328513 14.468064329071762 29.80371541156203 10.260775297948548 23.993890397033653 27.989234468986147 29.069415637958933 23.873964183405327 17.150077961232032 10.293542666639054 20.049591088341636 15.303356975202435 16.187428665719807 7.162688933753042 9.032777649916254 21.952900334686106 22.603797069230872 16.6181456907656 12.76369142791285 19.52016911373297 20.120982862119575 24.716525595479315 14.179266321418433 1.4825479595577493 16.395044559426125 22.76322913281611 21.44870954903099 27.827248427652687 7.882014603261056 22.761702307573653 26.40266222917305 28.58944617510593 13.282872893386443 15.130944209548812 21.957125748559953 7.426411915323345 9.038418865720528 25.668273469738676 23.519339342922034 25.143922184330926 7.316060725546743 22.897883627824207];


nDrivers=121;
max_D=[199 233 223 142 155 178 234 201 194 177 126 231 122 201 140 229 153 190 146 148 133 208 223 130 144 225 153 227 187 204 121 231 155 221 215 232 206 120 200 151 221 150 170 183 136 216 157 232 165 169 211 168 147 152 134 235 224 146 221 180 138 142 236 189 123 163 216 127 173 150 133 239 162 229 190 204 211 122 174 129 204 218 195 237 196 223 151 240 121 202 138 194 181 139 180 196 176 147 235 185 134 141 152 207 220 236 121 222 175 175 198 153 148 185 230 228 203 162 237 190 147];
        

nServices=126;
S_starting_time=[373 478 25 343 674 357 514 670 709 159 29 303 344 540 456 283 496 582 243 595 602 638 244 552 60 556 472 342 383 105 699 651 383 251 247 373 334 479 10 478 367 333 507 88 544 26 634 167 459 666 348 299 536 228 27 41 316 421 519 28 674 335 278 51 212 371 543 382 144 482 162 267 516 265 341 468 348 604 422 496 523 428 298 284 664 82 125 154 162 37 563 401 277 236 550 49 355 79 270 657 131 423 107 71 323 699 61 213 645 375 60 34 276 274 512 528 78 645 94 612 12 50 10 369 49 565];
duration_s_min=[70 109 93 118 73 99 77 93 116 62 65 62 97 108 87 82 76 94 90 100 106 70 109 71 81 100 111 111 100 90 78 93 114 78 86 74 64 89 70 109 73 86 89 81 85 71 77 67 63 88 68 81 77 93 113 71 113 76 118 104 103 102 89 85 92 78 75 71 106 62 82 102 60 64 97 112 114 109 91 78 115 79 83 89 62 82 112 81 67 118 119 105 98 106 86 75 103 108 118 104 88 67 87 100 111 110 83 106 72 63 114 103 61 68 95 67 83 90 98 95 84 68 85 86 97 119];
duration_s_km=[33 55 56 34 49 37 54 47 33 44 54 36 54 55 36 60 42 48 30 34 39 44 39 38 57 35 58 39 58 30 38 59 51 40 46 33 49 58 59 54 33 60 60 43 57 40 30 33 43 51 41 42 45 53 53 34 35 32 57 30 33 55 50 53 51 59 58 58 51 52 48 47 45 48 43 46 57 31 39 56 31 53 43 38 34 46 47 47 57 30 48 58 59 52 33 60 39 58 40 38 56 57 50 56 41 36 37 45 53 36 36 36 33 51 45 31 45 44 37 43 30 39 36 41 34 54];
num_passangers=[24 70 44 86 86 38 47 62 39 41 36 33 98 69 56 26 73 48 85 94 53 29 59 59 54 83 49 46 61 91 72 20 38 41 70 90 69 57 27 60 81 48 70 29 23 21 88 65 20 45 29 64 71 98 66 73 72 26 99 69 82 21 87 49 71 55 87 46 55 44 33 54 92 43 93 59 24 92 99 95 71 47 92 85 22 98 30 89 49 38 32 61 62 55 35 56 59 82 53 59 89 93 42 22 88 74 51 43 76 41 55 74 62 40 37 59 88 28 54 61 93 20 100 53 63 83];
BM=250;
CBM=0.500000;
CEM=0.800000;    