nBuses=93;
max_busses=89;
cap_B=[94 89 110 41 47 106 28 21 93 118 103 98 73 29 55 65 117 139 58 32 70 25 132 56 38 21 33 63 136 102 92 39 100 136 87 31 138 41 39 89 137 106 60 82 140 130 42 138 91 56 47 95 77 85 94 64 62 139 34 91 44 28 24 111 116 119 123 56 105 70 35 108 122 24 98 104 119 69 111 99 97 113 60 81 119 118 46 96 54 91 81 20 47];
euros_min_B=[10.60671727018759 6.2540764127053405 14.534357592305028 3.8524918225733367 8.491499998968106 2.4480760005702855 1.4435547600627625 12.810108847317833 7.926370742934802 10.040242931373937 9.813260418866067 11.842633922390913 7.740491854652063 5.963215995481065 5.674445343729028 13.618327111754594 5.588251739014465 9.542704590508752 4.553687248230995 10.623897014282411 3.3349910621134695 7.939604676503869 14.710744002433158 4.4107233490967275 8.341208927434437 11.20631982921963 6.203562355284983 13.308332460304168 14.779636616116312 14.700027712271325 10.365801118410195 11.652129995957221 7.057839479917969 3.4949715318575842 2.27669803745586 9.986673775709228 8.918202110461236 9.113353980317733 12.957840931676868 10.093605923512005 9.215518151300005 12.851484009765993 7.867485384902216 9.745757112225638 3.2509362056404 8.303866783212325 13.687865161643012 9.439923801355613 3.5170254424324705 3.1923246458927537 8.685436051768495 1.550697605701961 2.781714711618547 2.0078026767948485 3.2303276503769114 11.280369456803314 8.125023562100246 3.0433717243341234 13.633227004535906 7.305946946726425 11.961104042422603 3.439226877207421 3.8927513416948494 10.042336633040094 7.972316395489317 11.763671325290929 12.240199451826772 5.954240567377033 2.555166098750991 6.358017111103027 7.356158480519237 13.988727560192011 7.649064051964805 1.9036299887394503 4.349410804415303 13.663148968306151 5.547605725187586 5.946888955002305 12.913704229515917 5.333810224444926 7.690787195223342 6.740889646988637 4.254060543721271 1.63159161534665 1.9708522518435163 1.0243738474703836 12.503045751695803 4.496267539645133 14.87155470875558 2.977402411905276 5.900712147309194 1.6525549037251794 1.3341379297797618];
euros_km_B=[3.220543350669684 9.378186579599657 29.810304817990755 5.152152762413504 25.23070708759691 19.01295129187537 10.063845469851282 16.687401606553813 15.964051787794228 22.23502859544075 12.839994331902433 21.8974951539786 20.017809662099385 29.072496584017294 18.55893562269062 8.745091721317964 11.088146684393228 5.8003805420962475 6.748397817718958 22.200997924454594 18.84193538101952 5.04441374643174 27.256796852300848 10.171029199582861 13.612131443785113 20.61994629655318 7.807546358242958 29.98407109432772 4.161210031742711 1.1247102013057493 28.27899817984043 7.470512728557537 22.092486147686014 28.191668259732374 16.954506490243702 5.93468986858684 18.98173033526479 11.846956658069251 23.410362518577294 14.655982335539179 25.101469444435725 23.169335315274452 14.204945748832131 7.65326324726698 12.316027504259553 19.383481491621986 25.664512480489847 15.66044485464601 5.496935024633838 27.583437831048254 3.6498323796396686 7.173716573491431 5.342311635047253 1.2361221403159308 19.709796558241678 17.36700284874595 28.3896047827705 2.935778133367933 17.659987449304523 21.950888180228354 17.778323086623057 20.966130466209915 12.415919521292992 6.974746428213115 9.451433157927713 11.41987907556439 28.010242266433277 17.05819128577744 10.235106749266796 11.321592128904593 29.960319463613626 19.761820018288528 8.454227358165797 6.025297403869858 10.56335370022814 19.277870755912936 5.869989879735395 7.671037842834442 21.218739840224064 1.6351746814177326 29.007672714672353 13.862804417927016 8.607136151867763 10.719374890140381 2.0973684589403403 27.262487519196025 10.230837036408237 22.87621519738624 9.836143658688071 27.950914065048273 15.123714996283391 1.149646745307824 21.60111845432217];


nDrivers=92;
max_D=[235 151 178 195 130 167 143 223 208 203 239 210 173 153 223 134 231 218 198 192 237 224 217 213 168 142 190 182 140 212 211 219 179 234 216 203 158 154 232 233 166 188 212 132 136 184 177 156 213 197 192 203 230 221 214 182 132 182 232 189 227 193 215 223 188 137 235 204 240 151 148 175 129 123 169 238 180 127 155 196 215 189 192 124 192 151 157 158 219 195 148 161];
        

nServices=99;
S_starting_time=[635 720 492 571 598 557 66 176 545 173 458 15 19 518 519 619 149 521 186 105 57 474 254 248 579 502 221 550 138 588 401 407 9 276 343 489 349 706 600 432 198 439 322 281 377 305 261 572 52 44 586 278 94 256 268 561 46 58 486 472 634 5 176 126 565 67 32 650 606 299 342 380 160 114 334 26 450 588 378 89 569 559 219 138 254 620 231 91 659 677 560 288 696 201 46 363 682 405 255];
duration_s_min=[61 116 113 64 111 111 120 111 104 64 69 101 102 99 90 117 86 90 80 116 116 105 62 96 64 70 101 102 86 89 91 60 81 111 102 75 97 71 101 69 96 80 67 75 107 118 61 119 117 95 111 60 109 81 108 83 72 64 107 83 80 93 69 114 63 95 109 112 74 115 118 98 60 109 75 104 60 61 119 86 115 87 95 85 61 70 78 76 69 76 82 115 79 111 81 78 118 83 66];
duration_s_km=[48 57 50 56 42 32 55 36 48 50 40 45 42 57 52 54 45 55 42 50 47 35 37 36 53 43 56 53 59 32 39 32 49 47 46 36 60 47 59 47 58 44 41 41 33 30 47 45 60 35 50 56 32 56 36 31 54 56 57 58 46 54 52 35 55 39 58 42 59 54 47 59 57 54 59 40 36 59 42 32 49 51 60 56 57 31 48 55 40 54 40 49 38 36 47 60 38 59 45];
num_passangers=[26 81 100 20 29 74 99 44 77 73 49 45 84 55 48 60 98 93 72 33 89 87 56 41 85 36 21 40 40 68 90 76 72 93 44 89 31 51 96 39 67 32 86 36 54 94 44 42 72 29 99 68 31 70 38 44 94 69 82 34 33 62 40 80 46 53 57 76 98 90 80 23 56 47 48 48 75 31 92 69 22 41 38 67 45 58 48 46 75 33 31 54 86 24 97 89 64 85 84];
BM=250;
CBM=0.500000;
CEM=0.800000;    