nBuses=92;
max_busses=83;
cap_B=[91 97 60 26 25 110 128 24 49 32 61 120 130 31 28 140 41 45 28 100 138 140 135 28 105 109 40 39 97 54 20 65 103 59 55 116 80 123 34 30 61 129 129 26 52 124 25 95 130 73 25 82 38 129 71 140 105 61 75 123 105 61 31 100 96 124 35 110 24 74 35 24 60 85 82 136 74 21 73 116 70 108 79 49 36 114 74 133 71 35 65 73];
euros_min_B=[1.7296309276399142 8.968066156821568 13.635599693262643 11.659458412835752 2.460937740054855 4.6603847076670855 7.378538278832172 3.1435447453045233 13.29401762138504 10.614120346094126 2.370038109490557 9.593513851343356 9.492078773890622 2.2647205011285685 4.323110784953487 6.133709989722458 2.207643643458243 2.4088876219171347 2.404435700985198 14.824563620792723 5.551262084955962 3.1362039985245627 2.8493314746474323 12.419294539943603 11.531900168348775 2.3987220253767783 3.9243023720020798 2.831412363768692 6.764465042313942 3.8047388481325344 4.658005772423129 3.9067297953095697 2.9274926667312537 12.834156485546487 3.8365723201281448 3.1073702503591263 6.4277775661837815 10.328038092916076 8.816892327875022 5.083519324716463 2.26480508744896 14.451331229373341 12.585879748769992 10.208666030264098 11.222570940889252 2.367785048285879 2.131310287118945 7.782943971648141 3.262832325555019 12.531469962028023 6.45393395281817 5.698600660715337 11.111783528868811 3.4833482947930037 7.810641756538109 7.838024751565151 1.0119011185245688 5.221921886432041 9.44387248218143 7.406772464542508 9.03659227969361 9.831764565471085 5.702492667321912 6.40168788908803 8.007108346524598 5.522705873437728 10.851614402181353 11.426871901997051 13.272004148681773 1.0677393270529305 1.16750070552744 9.823343011435872 1.9042932023460697 4.559979989961193 2.950812764028403 4.338295302731984 3.3719480857649535 3.576567804991503 3.052595346379351 7.308257744576316 5.917556873960753 8.752291259744593 3.1095893268593024 9.017271573252577 13.410232629862891 6.900656168566744 9.765327874697856 5.142890258078685 2.5092739008595837 14.870884641551145 14.257816973642763 8.596101151280845];
euros_km_B=[24.25660514598523 27.800202119439827 6.610110778573247 6.356349676359459 8.623668449667685 14.176111928499028 26.5464928201149 25.687603347981458 18.79661272907331 6.764624539697439 25.025648627722862 9.309074044023152 12.921999059518397 14.327426881788607 27.349116554533534 23.43502973712804 22.69928619126501 29.559382565720117 9.415970589383749 9.067526561683518 24.96457880774759 1.9689684281961046 12.159512985296162 20.415342935925544 21.78367250443768 12.170149433105006 3.3242232453124396 24.204681309336205 18.965944272177236 24.19949691315319 12.327252059574842 24.928126226838074 21.8503038129666 25.8296068090858 21.485566194741605 12.428614948022044 21.70571729379212 17.502663119043742 13.006201852390308 4.0029894119210025 28.148308375151018 9.527894015949816 3.4294237690883813 12.085847086085577 27.462289819552137 18.826990823615517 18.282856863765417 25.40131858820276 3.9120920773004526 1.5925381739362767 10.334418168093006 26.570571211914096 12.159571623669374 19.65740850917303 29.857413835921356 9.774285853884825 6.363832655572873 19.106945586745752 7.275158271475215 8.71001130496554 17.46292406762008 7.529466194090101 4.861601114449842 26.040601313564725 9.909289910388166 13.291085378048999 16.034389836721687 4.3786718265574205 5.940550435023247 29.442336504233825 2.8187997945418117 20.831853572185246 23.63320809072263 29.594622634766658 27.39680088141074 5.2589595440750125 22.96323843403246 18.093681594530096 6.3211743350876075 29.378446944455206 20.303491773187986 18.941952756549576 11.436024196915872 23.085129166153056 10.910764827675827 9.580019162206074 9.308473513280383 28.00009906679577 3.4636330613821777 20.758362231971073 14.055880697307748 11.36845028670346];


nDrivers=87;
max_D=[181 207 165 198 190 166 128 207 149 194 160 240 142 164 228 147 127 170 160 152 168 129 201 124 198 156 162 173 183 202 240 143 233 167 227 235 196 221 174 175 122 152 218 233 168 138 192 199 218 236 178 181 122 239 212 229 126 197 193 226 171 215 125 215 183 184 169 123 153 208 198 236 239 135 201 182 200 157 201 212 217 128 122 135 174 150 167];
        

nServices=94;
S_starting_time=[357 664 115 680 364 334 710 204 564 639 573 491 550 68 216 608 425 709 45 650 639 384 548 576 65 546 166 593 39 469 464 166 16 605 517 416 470 435 215 479 546 348 162 632 312 142 583 319 76 694 576 134 139 599 345 527 160 373 321 718 544 603 410 319 99 357 223 577 210 618 453 380 62 336 409 533 687 199 133 470 96 225 509 227 239 688 348 476 94 640 426 292 692 636];
duration_s_min=[111 107 60 108 103 68 100 73 78 76 113 107 66 79 76 93 92 92 72 100 73 88 92 92 79 61 108 87 81 69 79 84 102 87 61 74 89 68 100 107 88 114 72 113 115 71 72 81 118 113 93 82 86 69 107 112 103 95 88 86 119 109 78 61 77 79 69 65 82 78 107 109 68 109 68 90 96 117 88 69 75 73 72 90 71 74 61 78 71 61 84 112 116 71];
duration_s_km=[30 53 48 42 35 37 38 46 30 45 59 34 54 59 52 31 43 33 55 40 55 54 37 30 34 51 36 38 33 33 46 56 31 38 58 45 48 42 37 34 35 57 30 41 56 32 54 41 42 48 57 34 50 44 32 60 42 50 39 40 31 47 42 45 46 41 32 37 46 40 51 52 48 52 38 31 37 49 42 30 41 40 54 42 31 40 48 38 32 34 60 43 60 38];
num_passangers=[75 36 72 82 35 83 91 20 55 56 97 73 77 99 82 84 36 60 77 85 35 43 85 20 66 35 22 84 30 90 82 29 24 88 77 91 83 32 65 66 27 48 25 27 74 84 68 98 54 57 58 81 88 87 51 86 38 42 73 82 66 30 89 39 54 74 20 67 57 76 32 49 97 81 85 96 37 36 77 89 59 74 75 73 61 79 51 29 42 86 85 36 89 76];
BM=250;
CBM=0.500000;
CEM=0.800000;    