nBuses=109;
max_busses=100;
cap_B=[107 30 44 30 42 120 101 62 132 109 65 107 80 62 67 99 90 60 138 104 136 98 117 22 106 62 31 93 101 39 31 109 35 109 106 106 25 87 26 96 124 55 95 89 95 84 115 101 62 25 59 104 108 64 127 34 29 104 103 27 61 71 24 122 77 114 139 45 49 65 102 46 135 24 29 138 114 123 80 94 80 118 71 34 27 62 120 30 139 33 118 66 97 130 120 47 23 140 116 31 127 24 32 86 26 58 39 115 30];
euros_min_B=[3.71626306330082 1.6053868621376253 10.85190408805947 11.111400786695352 7.7418468633939215 9.310355389698962 3.1672219208922203 13.877506316676943 7.803156119176467 11.642846285140065 4.148638574919347 5.256912458964317 5.879903053411572 7.256611845257793 9.042265410115844 1.0490149802983564 13.637498636273275 8.076323731844152 12.29167826105117 3.144804296716438 1.1414020376298981 4.624403556765421 11.783408981179793 10.477595529867418 14.09863376698685 1.7230758447023555 2.242453028358128 8.386452241407227 6.185610873884268 3.2334647760778186 1.4806617424560202 8.750294459827643 5.106016058296111 5.341660934050827 12.820936950866484 4.224799284296564 11.803423796335688 4.962943858598178 12.784311217536809 4.931298478547486 11.906967975891561 7.697200809914281 13.95980965679459 12.688230501058401 12.815323405869691 12.66665941133817 13.439887431762605 8.689075418193081 7.931092197695577 1.9542397880197437 10.346747826885814 9.305144432529271 13.247479553587436 14.242024868732015 3.1849550464832923 11.834657251632748 6.869959890305602 11.669031909742452 10.62757954776104 11.30897253655034 13.53531314037585 14.681159641358398 12.364916680480423 4.885578954630919 2.804936943404461 12.090452290403455 3.1343300456069367 11.280680689783706 7.837380586774835 2.6093192012409805 1.5586679562456278 12.674871607015215 7.288819395437307 14.143371509703519 12.778390782154469 1.2090247016069442 2.552533858511881 2.0538266589423966 10.845467511477139 3.3341902573499707 3.8367801509609736 11.849930361193977 4.071974898150049 8.017535695266783 1.8367251193673848 4.057529611082204 3.385341415091967 13.688355674669108 5.445228068434002 9.028417324217619 5.988612918646304 2.9780264904405946 9.308734596228295 12.45529389040945 8.192844042499893 3.5129882010791498 5.317910334409851 9.010929496217964 13.530187730642595 8.98168938107095 6.84339164697516 1.0163716090995063 9.70519643497665 2.7874145086972666 11.860753293049886 4.291413042503934 4.801271857258715 4.906165964539696 10.44385563046943];
euros_km_B=[22.729668040323496 9.423307702291218 17.141525766023037 17.75840292591173 21.308983904788146 4.632353365265576 7.337411640251782 13.681737319566865 5.871931475481463 23.546941661234573 5.025646978992936 16.151046902549872 6.781220089045638 17.170263015023483 26.662717364661358 17.102591518051717 29.359141395309855 9.137650134303309 7.89430186266768 1.7490986756502163 13.844701905408943 17.03830847232888 13.736085877418388 6.856325371826134 21.587394954347225 6.752211527052121 18.09333725569762 2.904491592516181 13.7766616812936 16.871329701171394 11.94476010705167 17.54768843528316 13.117577534021876 1.7390794110493744 11.316998888582225 4.184390557485209 24.292187340100572 17.37567027382858 19.4793461220767 24.341848405540368 11.835439398359137 16.517052956534954 4.338822992540368 7.589063593096449 12.100771608824815 21.89721000509111 5.338739715334943 10.521446547754426 2.7275705009602347 22.05166776452015 10.885758275448993 29.331385707566085 18.906526310171742 6.3261804374671655 10.314210830147605 13.769595980660842 5.440779856646504 20.520818127217932 12.416819174415537 6.36624577329 15.0763943029431 17.41738038866661 28.062849918861286 24.28866356528354 15.543661236822754 16.298461886389155 7.573358893837378 12.204654625251646 20.014977998905785 8.535716018973336 24.34531844379211 5.836297392515884 22.691127952590293 27.989709005549425 12.794286167769087 21.63507485080497 12.561491852537607 28.19435615491572 8.331131211303184 7.898278830324739 26.447900278517835 28.91743295380804 18.183448248501588 7.286562094574533 29.551063343488188 13.154916444307013 24.297853208827433 9.69024293058093 21.669189338296146 15.626830260836583 18.680274044553546 1.2113100276146018 29.067089108181968 12.063008263351847 12.479018843902395 21.753106693438188 25.827102737883177 27.982567890904324 18.84240590554424 22.03872242599198 11.368769713418558 23.499076047608213 7.3561637491998395 17.391726842317667 25.633107364241702 28.3870764683406 15.712520447121202 9.89879812578032 8.59577562890515];


nDrivers=107;
max_D=[184 141 176 149 230 172 148 204 176 125 147 217 240 155 176 171 153 130 129 230 160 163 166 158 121 157 214 173 178 175 198 213 162 186 167 169 154 209 169 173 208 141 140 240 167 127 136 138 203 211 137 215 192 156 127 234 216 126 188 198 201 233 192 164 162 122 129 129 121 171 235 201 219 230 125 188 148 158 196 163 192 222 169 204 147 240 207 194 231 214 197 144 208 186 203 163 228 124 160 196 124 166 214 129 234 206 181];
        

nServices=113;
S_starting_time=[413 440 212 47 4 310 566 27 324 81 45 492 124 435 499 666 456 295 176 145 672 460 215 98 124 535 287 447 473 148 504 156 656 224 634 294 593 492 213 295 157 518 680 400 575 476 535 210 650 716 428 562 671 179 469 671 91 375 431 542 709 102 466 166 72 127 433 496 564 8 540 341 578 716 51 676 496 132 229 515 366 521 71 64 632 344 326 319 96 81 679 338 291 471 300 305 562 385 48 259 416 133 427 558 638 156 368 346 470 414 699 507 443];
duration_s_min=[101 70 80 93 69 94 75 65 116 113 78 60 102 119 84 73 110 80 111 89 63 86 118 77 113 87 101 68 61 68 107 111 66 89 69 89 98 114 112 102 73 79 77 99 105 109 78 120 72 85 101 78 106 69 69 78 101 107 90 120 61 60 68 109 101 71 92 68 86 69 93 85 87 94 108 70 107 115 83 79 117 110 74 94 82 61 114 60 96 63 69 81 94 101 95 64 116 106 120 69 107 118 69 103 105 89 60 101 85 97 95 117 78];
duration_s_km=[52 33 49 47 34 44 43 45 45 58 51 35 42 48 43 34 30 33 42 39 37 37 32 51 35 56 60 52 34 49 49 30 58 30 60 48 40 53 49 40 45 36 39 60 58 33 41 37 35 51 51 42 54 42 36 54 43 49 33 55 39 35 43 48 54 54 50 33 53 33 34 39 32 56 35 36 34 47 57 38 38 43 55 30 49 32 53 41 50 48 60 43 34 58 59 49 33 35 37 37 35 49 37 31 52 46 42 56 34 46 35 35 41];
num_passangers=[83 41 20 73 64 88 39 41 63 51 50 67 21 56 38 61 99 72 79 98 36 41 100 88 21 45 60 31 94 31 97 79 83 24 84 84 38 63 40 75 42 43 26 31 86 36 81 46 63 45 75 83 55 92 74 39 73 58 23 37 92 41 21 57 60 30 68 24 26 59 35 24 90 21 48 99 41 49 53 29 72 100 44 22 71 55 44 33 22 73 95 35 98 44 78 31 89 100 63 60 43 98 45 55 67 78 23 62 27 39 71 51 79];
BM=250;
CBM=0.500000;
CEM=0.800000;    