nBuses=123;
max_busses=121;
cap_B=[40 120 38 93 67 28 123 45 75 98 120 112 95 29 121 61 35 104 57 138 116 116 120 83 81 134 75 103 81 86 50 139 134 110 24 99 87 120 49 103 58 113 32 21 109 72 134 75 74 85 107 105 130 21 125 134 130 123 140 80 82 51 63 76 119 48 24 62 27 20 32 57 100 88 29 33 107 131 89 113 26 92 100 32 86 37 89 88 48 135 38 58 65 77 111 20 33 67 84 89 120 55 23 114 94 77 133 74 105 127 134 32 56 49 44 140 123 101 135 57 33 122 118];
euros_min_B=[13.46941089999237 11.436482986126553 8.687349877831734 14.244192057324792 2.041296898310687 14.59856429324552 3.280723660421618 13.24795988602984 14.175672111191002 7.2877151062359244 14.428985215261493 6.123491351519036 1.7438683120006602 7.69829849807597 12.78024238659975 4.9848701173314565 10.759778699064835 13.86243315825428 1.59605255887459 6.4139872365411845 6.934306608766004 12.428856137309893 8.94026467286177 3.4216292079005672 2.4666189923458046 8.582890718083497 2.4905741286185394 5.545292544374651 1.6637718407419864 7.6262100255883425 10.542268160375942 9.264687484057411 10.584086062964916 12.480638995896456 5.971109157925946 7.513374874401019 12.885431961947386 1.554932103775496 5.86401823998526 3.5210415284442735 13.725393468587797 6.136932690070813 8.128918853714518 5.585489729006197 9.858008161577109 1.515359042468423 12.0728239309384 10.395243665096011 14.770699196228533 4.4307310692453195 8.7447306831263 12.456246031803774 6.810591083219662 10.304750734066477 13.846101487051484 12.068359822831441 2.725985077103487 12.258434803025047 13.266268664986884 9.232627282557534 9.331059493441273 13.137752798205383 6.475784678380986 8.855164858876183 11.827773989098777 1.2108111624581703 2.0267541511167537 1.9102350121168663 12.365205235855402 8.556785124813906 13.971492223623068 9.201477912237984 9.199867211942541 12.790660989883525 10.753759258972845 5.2946975150260185 4.174566274708955 1.5008097869109154 2.2734711865601076 7.96605825198823 5.0000973744294965 3.553285318389656 11.055749744640687 9.531185165744619 8.630257257550612 3.274096373477514 14.817468582798128 1.8426167207707544 5.135471332856753 8.935848364831115 10.718420707901032 1.3033561497345056 9.742748967530144 10.412714269594131 2.56541855610764 3.0241066202389204 14.585403139271538 10.053630073778743 9.643595622464721 4.0557253566972795 2.303581110946615 5.966668852374212 12.975398152403278 11.76555760462008 3.6491005794229663 10.705740878370829 4.422921341723759 1.780660814025385 14.908813754074265 4.658373289727643 5.6800059071077165 12.391346818348175 10.022712973942703 3.0559114318968117 1.0526785015002398 2.51733815373795 4.090967591049841 8.663868879888073 11.129467807958584 14.233040870613433 1.3945120750821258 3.2892791763523133 1.6282765352480766];
euros_km_B=[19.622850201400865 28.7633060406136 1.761206771388077 20.354915832909718 3.753538088119568 1.4953206653855982 6.993538300501663 7.903265872161828 3.7981092481281618 14.735995997542295 16.458683542087613 4.084114144933412 27.91954254229771 28.022551857687063 21.642663789894154 29.19500291163083 8.99727579438121 25.707300684489866 1.5811348151819766 16.014552894095164 13.240458132012094 26.298146759468263 23.43185749595728 20.829316731225592 10.920132594328138 24.68330216491008 14.557637687226508 6.312865795984747 3.0089694272049115 4.226167618798041 5.363931923453863 21.203085049688106 8.11376692399728 12.49237749831321 17.380878910934207 5.237102091103484 19.819960743851492 19.139213138629025 25.327191772986158 6.816854149746339 22.847308013820896 11.3763431393613 11.317294663838945 17.21482995039443 20.36130529419446 25.852394233981357 23.886683379396505 19.215736217916053 29.827149500590284 24.110665995186725 13.175814217946018 2.6953765950011217 11.977946561187036 15.960112209906365 6.216665762933026 5.849926731619931 7.179537387271196 29.6287346417056 21.120314131472153 3.2818399832262384 6.8127358078213245 2.9811524712654203 22.937472915725927 9.214761181083267 20.12003704510265 26.18009880996834 17.4843800529521 20.536267310221003 25.84882769779097 23.605450428650816 4.242355651259395 9.503116079571221 8.14809181746561 8.579645506883518 20.93829755938915 8.177957173974292 28.648623658913543 1.7908290199269152 6.450285738295744 11.776724931825118 15.129300685329587 14.46150379184095 15.382714551856369 19.840023404371173 5.936262604696509 1.078618905321039 5.14357908476892 18.68991636080032 11.726450707350478 10.42284340888367 1.3990651048218314 25.838238662120894 6.196548885636464 12.083820271785925 27.059834284798956 29.97310000813345 9.237589243493996 26.342034528286526 9.452482611003083 16.972465639537816 6.426864508341255 3.9021526594904175 17.003257513420902 19.45780185291199 23.431770899321446 26.90987818356782 23.738533855110706 1.4391596050694062 16.775900609665758 24.5270467307306 21.622283314608012 29.1321039511944 4.380250919451533 1.6820560820799324 18.829331097929288 16.062706513284347 1.5142984224727356 2.363467972442224 12.621075691606258 2.6988769086275157 27.565668970805444 11.2339890503123 27.00003259349713];


nDrivers=119;
max_D=[205 170 187 196 170 182 226 177 178 158 214 186 151 217 189 234 122 208 180 154 175 195 156 160 143 132 225 205 238 205 144 126 169 123 163 224 216 168 170 160 173 231 175 185 202 153 147 132 233 137 222 171 144 148 213 124 240 197 186 216 128 224 178 236 163 225 192 235 150 240 131 145 147 172 128 217 197 142 196 216 175 227 140 125 146 169 181 195 121 180 156 123 188 174 198 159 221 140 172 128 159 211 188 228 152 138 182 142 175 179 226 137 192 212 186 184 159 226 210];
        

nServices=124;
S_starting_time=[188 222 304 11 425 253 594 314 160 56 334 595 631 41 239 340 282 71 673 396 584 166 495 642 117 383 205 42 423 325 602 173 407 659 636 605 29 311 20 419 168 504 177 702 82 196 117 556 390 234 59 695 7 493 384 303 153 690 87 404 386 7 223 377 49 111 13 63 189 100 224 391 332 704 247 1 135 650 34 338 644 279 392 162 387 338 344 604 412 227 663 411 93 95 301 173 553 687 380 223 119 642 77 673 445 253 255 662 476 196 549 207 711 213 228 478 74 449 500 379 518 541 325 384];
duration_s_min=[60 112 64 114 105 83 78 71 70 62 117 63 102 118 113 77 96 110 116 77 102 112 82 68 65 60 110 81 118 70 66 74 96 79 104 113 117 114 80 68 85 65 90 68 85 79 85 82 74 110 96 74 97 119 82 115 70 115 86 107 101 111 79 120 102 116 84 72 64 104 115 69 84 67 87 107 73 96 110 93 103 120 77 90 71 86 111 90 101 69 67 72 73 114 68 87 67 86 85 111 92 71 113 109 68 76 94 82 90 90 85 64 81 80 97 62 103 106 85 61 103 67 82 76];
duration_s_km=[40 50 48 30 38 58 57 54 54 57 60 54 40 39 36 48 47 51 53 34 57 39 53 40 52 46 45 57 37 35 31 52 52 52 56 33 55 58 39 60 42 31 58 57 34 45 43 35 31 41 46 60 41 47 46 43 40 43 32 58 56 42 39 33 55 43 30 43 54 43 40 30 57 54 40 37 40 53 30 41 38 54 32 55 37 54 60 31 59 32 47 57 35 43 49 33 52 37 41 52 52 57 40 49 59 54 47 46 35 38 59 50 57 59 52 38 33 43 36 56 35 48 50 44];
num_passangers=[33 44 67 39 73 61 80 69 67 40 70 47 43 51 66 26 92 52 83 61 100 77 74 79 46 85 28 63 23 97 83 27 77 83 95 70 85 35 85 46 48 43 68 84 20 74 32 82 44 30 37 58 64 82 31 69 78 29 64 51 30 59 98 44 37 35 92 24 69 58 99 34 38 100 39 47 68 44 99 72 20 97 32 26 50 47 76 56 85 33 90 77 24 98 63 99 87 76 31 82 71 33 58 65 98 86 32 25 43 35 22 64 86 54 81 24 100 47 87 89 71 92 32 61];
BM=250;
CBM=0.500000;
CEM=0.800000;    