nBuses=131;
max_busses=127;
cap_B=[52 104 91 92 79 38 118 92 37 26 46 71 54 40 60 112 84 48 119 111 37 88 67 117 46 98 137 108 131 31 126 21 65 85 34 132 100 74 128 130 54 137 63 133 76 140 87 117 105 72 81 109 24 82 135 124 131 100 81 94 43 88 112 69 36 114 105 42 20 81 117 134 42 74 36 80 78 53 66 24 108 29 85 134 135 121 119 135 23 139 117 106 114 28 104 37 94 101 114 108 37 101 85 99 125 22 71 114 58 41 102 37 92 52 67 97 54 132 101 129 55 111 106 60 91 56 75 112 37 54 95];
euros_min_B=[11.996494019755945 11.818962363792426 13.828916631001503 3.9367473497497745 2.3924587672811857 2.4353906807494177 14.316618790869148 5.359368035950991 8.943394446370768 14.12927156139524 5.765254459163122 5.508315513109068 2.2254315506826785 9.55322712902963 9.097758805260975 11.390883459821733 3.608392453196122 5.095287308946834 4.233680065056488 1.1626383793166346 11.879136066492528 3.9325996989578265 3.7666217373069353 7.376844273653661 7.6949468354266335 6.4990181865646 14.361440520428154 14.089537660250206 7.522427911588701 2.7667557916842567 3.0989741977107013 9.411086043088135 11.669940184731756 1.5581743568127002 6.317866389766886 4.630281553938452 11.626304295534048 6.901063307798431 8.718177449134764 9.277364273104158 8.973274106874815 9.992280535802038 5.050769135951377 10.55150761417024 9.935834737309579 8.76118416738763 14.62376643553208 1.6783394442812327 11.499905178153567 7.203771569615087 3.4271172189500048 13.277686326887995 3.017218210429629 12.49681507549377 11.50078134185959 11.712178495070159 2.257370831100877 9.070719351353066 9.092229705821236 13.408096021222352 9.102885892397634 1.3441215366417116 14.495847987670606 4.751922690550865 8.009982168158501 14.698679998851313 9.541168551036987 4.295353042681652 10.859539041401895 12.484742215659153 11.47580859879715 5.4740563938455615 5.264718668180464 8.93328496287487 7.7468858273256895 7.836440878926906 5.802665544522602 4.886581190735201 6.1689049259028055 1.052394231997235 13.394132583485343 12.44186897318094 11.37612893117138 11.909014066272153 7.579441659615988 11.060886276424725 6.641073915936477 6.542149602351248 12.98547852286454 14.562272436534258 7.024477364046668 1.1387378876429162 5.066402417141671 10.334116474548532 5.515871090041678 1.790071590948196 2.9859545627849573 14.007739632215557 5.735437988263485 4.143363870681409 12.854496155211589 3.0190252771749035 11.591418574783349 4.898294761713049 1.8564477223708213 10.697665523334848 3.459320011666833 5.864300829195483 14.282447632073811 11.613858713223541 2.686193019196182 4.264266877405185 10.674401004497764 1.5470344383532684 9.641213659199757 14.130396008398307 4.547306399854513 13.124187972058357 2.5800318549416477 13.876510522250872 1.933171370459464 14.11750181590644 5.060706568907502 9.785310482747638 12.67950438570334 7.156019914504841 1.8923230123123145 4.068755808205864 9.08188790315033 1.010252731531999 1.3883088189300918];
euros_km_B=[1.9173805574240006 1.6121098944481518 27.70197412362699 10.119594824173275 25.36413844502747 2.734629802374096 24.585682414715237 28.173843474477827 5.411389591560468 14.120706301140073 16.633437452280976 16.380488069158545 9.864340995810608 20.67362625891654 23.428400144845142 22.914007392218803 21.679149551932834 14.423434376621469 27.596120370206975 4.29528357495503 25.7291855288563 25.91221374498675 19.530125965912298 24.13543533724423 8.679899786869752 25.892691149757255 21.044541247832647 8.453315369329072 15.185296376461288 11.660102396162351 10.610011044400713 17.43496238767591 21.791358409097576 4.750193892365306 12.910011463674516 1.763961110654287 22.706095846958966 9.819754137430555 18.638875397918344 23.117518723429566 2.154403367140746 3.5682324426998204 8.692309479020832 21.985187869488612 2.975395041134559 13.467035941860876 12.516693656411997 27.910015946088688 19.578824977462958 23.24150969717236 18.511918196080806 28.120581847744536 14.504768525565332 9.614531012148483 7.780438079634369 21.52933148727506 10.217454435072776 22.107859796628954 3.8182242681217593 22.832539109617837 24.367850945119525 18.13101487933832 24.83970345869719 4.461436733517333 18.779786456496417 12.608815814604943 15.935121823669704 15.656109788010726 28.76149497224279 24.05548670301922 1.7557415499237852 26.633752379656467 4.64450783075939 11.464499385161286 10.056094839006372 11.563875834396079 27.76633228367322 3.907985047034073 5.9090382101445265 26.079752006182666 24.40671931593052 7.694699974006914 11.88488339119199 24.795343540378674 18.474628769450756 16.489754465675823 25.571539734112413 23.413443595430294 29.244614197073332 12.38412458665641 20.564685426490197 15.968509841270443 23.30559239530529 26.683304100463765 1.3536362254035903 29.004134147114048 24.070932843162062 17.197501516261386 19.187970353215743 7.062738103274951 19.005838884973304 28.992431658202396 4.397274832764348 7.683123333602035 12.688290764508125 18.37732081572674 27.624076555635508 22.752204493146667 27.38295821478154 11.579806179810546 20.00669502735157 11.875225404245661 23.987864803705413 29.71919688489005 1.4748833695803465 23.614787851159075 13.573250319381518 21.942124579692013 8.760469070205096 1.146475693619886 23.84554448727732 6.502098728796125 24.317435532773143 16.191731834476073 16.172688149966266 25.316263298301145 8.043334936129462 28.77087186138485 20.059565559844213 4.477265408525259 5.246655785472325];


nDrivers=133;
max_D=[234 161 218 177 213 164 158 216 136 176 158 174 188 140 234 204 198 200 185 138 211 125 198 148 177 219 232 126 141 125 135 151 154 179 160 224 216 173 194 189 135 151 139 217 202 236 147 191 224 152 213 158 227 172 151 155 198 122 219 193 175 202 126 188 143 235 154 194 206 191 152 220 138 232 185 188 152 207 120 163 202 239 169 225 219 202 197 163 160 153 122 121 157 208 179 222 155 129 195 161 137 169 171 237 178 146 194 160 170 155 215 167 147 197 165 190 164 125 186 128 131 191 183 236 207 222 175 155 187 213 179 158 211];
        

nServices=138;
S_starting_time=[282 500 445 392 80 183 600 608 566 67 314 115 257 304 558 714 658 9 654 132 23 656 317 473 172 243 492 171 606 107 154 199 232 379 146 609 334 0 702 440 599 447 547 213 542 431 345 583 125 716 322 499 665 270 501 182 136 316 322 329 567 462 591 8 280 264 62 715 456 119 119 315 215 99 453 418 390 52 710 390 216 312 39 249 300 409 238 578 69 667 223 199 659 190 287 464 633 468 616 330 285 163 429 120 228 435 633 190 96 514 288 622 416 562 147 140 406 176 9 167 400 51 62 625 354 526 349 113 580 508 488 540 317 447 213 619 125 198];
duration_s_min=[76 120 78 116 118 85 83 90 62 63 113 97 87 64 95 83 89 76 84 92 113 100 83 66 105 114 103 117 65 88 87 80 114 111 118 80 106 61 79 117 65 120 72 60 116 107 98 107 101 111 65 90 76 112 101 65 72 91 103 72 113 87 87 62 107 112 89 74 73 96 91 91 107 78 114 78 100 75 73 109 96 72 65 75 97 69 84 68 75 98 105 84 78 67 63 77 79 72 104 78 105 81 98 96 65 61 67 77 105 78 64 108 85 86 98 106 66 93 94 118 68 71 80 63 99 76 109 109 64 94 117 86 70 99 73 66 111 113];
duration_s_km=[31 40 34 54 36 57 42 47 60 42 46 34 42 33 32 60 58 46 39 39 58 52 58 34 39 40 48 58 38 40 51 41 57 43 53 55 55 32 38 59 58 52 53 45 59 39 42 46 47 55 57 48 39 60 38 58 55 51 53 45 60 34 46 50 50 55 50 58 60 59 31 46 60 31 44 32 34 56 49 47 35 51 47 36 40 40 58 46 58 36 53 51 43 58 34 58 54 50 50 38 43 40 60 37 56 60 43 31 50 36 42 44 46 32 56 59 49 47 60 60 39 54 56 39 51 53 48 33 46 46 58 32 55 36 47 56 40 33];
num_passangers=[51 93 25 33 64 23 32 77 26 83 68 37 76 46 38 57 78 27 97 79 29 59 24 59 46 42 54 47 77 43 30 37 97 76 52 29 81 86 36 90 27 99 73 55 88 35 76 59 91 70 86 28 47 41 56 46 76 62 39 27 60 83 54 99 42 57 70 98 46 99 59 39 35 99 33 61 32 74 93 58 97 78 27 30 54 33 61 76 78 26 92 80 99 28 70 70 83 89 86 47 20 49 30 20 88 49 75 25 35 62 32 37 85 32 51 28 100 75 44 84 95 55 100 48 73 55 59 56 28 78 22 37 20 29 74 46 35 20];
BM=250;
CBM=0.500000;
CEM=0.800000;    