nBuses=100;
max_busses=105;
cap_B=[43 95 118 39 114 45 135 75 96 59 88 30 92 80 64 57 68 24 83 90 45 89 50 88 74 130 23 63 31 116 49 28 57 96 50 58 45 61 27 108 115 138 21 80 102 127 40 108 55 73 122 57 137 116 132 74 53 73 37 91 46 95 33 20 58 60 120 96 91 50 118 78 45 114 120 73 62 74 42 129 59 55 81 90 96 100 63 112 106 60 92 103 104 34 58 128 84 110 129 115];
euros_min_B=[6.098262382355515 9.329322985667975 9.811164621785323 9.655499539278361 13.550715033841522 7.894676109162211 4.9586407692946315 5.213633770035564 12.82859824112026 12.902285846538021 7.0769559442542675 7.524494003416102 6.698283987913825 11.062350464578037 3.87868018930387 8.497077385868936 11.68147695551573 8.79184421236717 7.778307035178339 10.979703014821915 9.977140529485222 12.754879007749249 1.1204309572939097 6.596089813318558 2.8441525261758764 9.07780930483612 6.944763045384498 4.331181121713047 9.985230466020536 6.865622999582436 12.872916196024674 12.615189712654347 2.528264027046564 14.670374231987942 10.49665933824619 6.504881678836492 5.837718850964342 4.229178262715381 1.8606634416753884 7.455467650311652 11.711862474634936 1.0255520911629197 12.82816330241846 10.25662213766537 14.441830093074934 13.971956270922224 4.072727876955843 7.237695434470957 3.0627935540268787 13.456099007070684 8.89625622991431 9.691850957324583 3.012006661059357 5.128805681663181 3.502790540676817 5.554214683634951 4.84552806037569 1.7267283193283383 2.8290240149117345 2.76229715919944 9.843639832398452 14.991286908095532 6.473155469675833 1.0338141891766681 6.244425173377888 9.170441429500816 6.387744300888514 2.537213743430401 13.65948583311719 5.725194338156577 2.0568137270818916 6.194224520095612 13.258146224143488 7.757075071333249 9.420733142916482 5.299556738792113 4.622033522632755 13.475859065954339 13.267219127632046 5.534697413631148 4.771917770184125 4.294950593911453 3.3309979629704003 7.0475477625403675 13.282980969045525 9.24639750343096 13.683300853023685 12.328414607268432 4.713290120332181 8.17372064615623 14.418948570599756 4.264989853632464 5.811592186249338 14.85532682142812 10.862550442937977 7.522174099960787 7.990629769840989 6.025180579770072 11.4475103688569 1.4381655869929069];
euros_km_B=[4.745997314891522 25.02086964286318 21.460285206194033 7.496907808930574 29.1358067430419 18.390351621808314 23.427290392320646 2.7002329288950455 13.763511207307953 16.146565588555973 22.46204586936003 20.262559156441817 15.408313830041566 4.040078174348022 27.576116461523426 12.987860907002267 22.14917518450993 17.33014812430375 23.12520022080928 16.89670231166106 29.1659477655921 17.444976187423315 13.422696945714865 25.272447364986693 19.295473096241313 13.507616265099234 6.352863080462268 17.729864390256626 23.0614761124257 23.075208873675916 19.28384383871492 10.88716450418282 20.072476625871364 25.37470744323592 3.8271196202170517 24.716734199557596 25.826429624970352 7.038603807468178 11.602371305496007 11.394899053325428 19.561552384651698 18.747562580447582 17.71146934455031 16.727879746517967 10.424934428515144 21.243440901808103 19.558997714186255 16.591735565068966 17.55038908809599 26.262719267112395 28.67107125412482 29.400894489463546 12.134879667147839 26.694180759717767 7.754708223187039 8.818480620520084 11.18183620388097 14.120241724493013 1.7559277160172182 29.52257180736219 25.39359211771119 22.66902923125331 10.268903355100239 5.665356213457736 18.22509234986538 3.6094854695451484 9.21820118570948 2.5965752370717183 17.51794413326731 7.696472286028255 6.441937057283098 25.4713221455177 27.369290329772745 25.154796298889604 8.916538532812247 11.282891870477458 11.788538512202706 7.040978561216165 29.020017162846237 3.9878468076726254 7.795768081729449 19.335561955564945 26.21910904843175 7.620741112332667 24.875475956307437 12.410087484396556 1.611708449600223 4.897036849454896 27.19236021886747 22.937047462576157 26.62970607612219 6.8653219433722485 25.004464471407 13.157585417086665 8.528212682150738 22.850629755896392 7.877095566151127 27.824510968094977 23.640693698419263 25.329852812664747];


nDrivers=106;
max_D=[219 145 231 158 123 157 179 214 204 189 123 197 176 149 179 197 133 168 238 168 187 125 236 154 141 184 129 163 187 190 130 235 156 238 120 230 223 145 239 232 173 197 220 152 197 197 187 139 219 203 196 183 169 136 205 236 181 223 190 172 227 166 198 140 180 206 196 131 127 226 172 148 121 121 181 192 170 215 157 226 150 154 233 144 151 154 143 176 185 200 143 212 165 201 137 133 176 196 159 229 208 189 154 240 151 216];
        

nServices=107;
S_starting_time=[41 417 373 364 362 412 345 53 238 699 234 449 256 207 530 225 579 633 404 59 153 607 597 716 364 569 643 356 558 269 537 671 110 581 104 303 581 405 327 248 585 636 686 275 369 87 646 345 315 148 482 330 483 637 518 585 633 351 326 173 234 53 155 88 218 33 87 207 441 692 214 375 432 35 483 169 496 637 440 521 546 256 464 710 106 600 287 270 613 250 126 425 603 227 392 165 421 541 583 446 653 512 249 267 16 390 146];
duration_s_min=[79 109 68 62 96 117 111 112 92 60 69 85 115 63 120 120 101 82 108 100 93 107 105 103 87 82 95 106 79 73 60 103 90 83 113 101 67 106 80 116 96 115 109 108 117 96 101 107 112 67 106 105 64 63 62 105 60 98 120 76 83 63 102 93 113 68 105 71 100 71 88 107 103 74 95 76 111 113 117 91 105 85 65 85 90 105 63 61 105 98 85 120 107 96 61 93 97 119 92 119 74 103 65 106 81 119 87];
duration_s_km=[47 31 35 40 35 30 56 58 43 59 60 52 38 40 34 56 40 56 41 30 42 42 43 53 60 37 38 60 37 47 36 33 45 30 45 52 34 55 47 40 40 43 42 37 41 35 42 37 41 40 41 51 42 34 35 58 54 40 60 44 47 38 30 53 56 52 33 58 34 53 51 36 40 58 53 52 47 38 36 42 56 60 36 43 34 44 54 31 38 40 47 32 44 50 38 49 59 52 47 60 55 41 52 60 45 35 34];
num_passangers=[48 51 40 86 56 73 25 28 72 79 82 63 77 42 53 89 59 59 47 93 38 45 35 54 54 68 70 20 44 41 92 39 90 83 91 39 45 86 77 93 26 77 98 22 65 72 94 83 23 24 96 59 43 94 35 20 65 35 43 26 69 92 100 24 38 22 89 26 100 71 35 37 87 38 76 39 26 36 75 65 20 69 90 86 33 50 60 62 66 58 43 23 41 61 89 68 88 60 86 84 86 45 99 37 92 92 60];
BM=250;
CBM=0.500000;
CEM=0.800000;    