nBuses=67;
max_busses=57;
cap_B=[79 59 73 29 32 77 100 76 94 73 42 94 90 127 78 44 50 40 126 71 59 31 136 105 61 71 125 105 26 60 105 37 109 98 106 131 38 39 66 117 97 124 66 76 28 116 130 78 117 25 33 123 43 135 45 96 21 82 130 49 100 59 73 116 50 135 43];
euros_min_B=[5.631917871418924 8.030545497543308 7.511994446864966 3.4056198492563543 11.056508773462618 1.551438885994641 4.347674267849862 2.081755369050334 9.43537990577991 3.442439690541634 11.36780852791095 12.925049612378258 7.19601439370273 12.84270609021988 1.6413144072101884 10.982013257622786 10.4842377581628 1.0209464023449282 6.900998360348443 2.4550584217346687 12.85164751205594 4.163407937142662 12.571610978886545 12.70042832501864 11.301900647687384 10.353850389997039 9.900093827569792 7.473983966813092 1.696728340839661 4.88593441347431 12.577484086580931 12.715802577073443 4.6585732177063015 13.996754320120626 7.923048372618817 7.376377591290251 9.630722664493387 1.4462421984526628 6.090667917380571 12.130212385941343 1.268571083283061 1.8503549476435377 4.846637085422414 2.9012909228313113 13.189892993162724 8.58500238284332 14.141760586201709 14.21849667579449 12.178358940675027 11.130215354164116 3.3342732817349736 8.744664491866535 3.913791916825365 3.407109589165065 8.01232517065623 5.16870666886127 11.84429905835818 2.3829258491292853 14.648209568521972 11.30464901511683 3.9737074461815274 2.868253224042659 3.3122121064488086 1.9771946580929476 5.568603633248353 12.235652657186305 5.407947671293367];
euros_km_B=[3.6512246905023034 11.573610074939793 9.825466873679822 11.512818387468977 19.69659206939198 27.787594610098736 28.02706135980965 22.09887360284355 14.593839719459657 27.864796222697795 11.386149135488468 12.756794821682647 10.028678445349144 14.833288447770192 24.148664918161135 21.623083442935854 25.428970602945096 12.506138731986319 6.839873271698322 9.274967937863078 19.756950435718117 24.691857119730205 18.936072979223276 15.337945593832751 29.809441378404465 16.03665878517577 10.45844166781376 1.3862750796863792 21.040054976982336 23.85125272594038 15.463542668296373 4.0822067012332965 17.410420555864146 11.020923801627204 22.507446796201826 9.81679305117468 4.116482761484951 19.70848953642208 24.64822589137149 16.895009094211893 13.783268694170186 3.0166158288287845 3.160114827170146 10.14006942760561 15.722904667141215 21.43802927528248 26.154067383915727 15.701610034247278 11.140846270810595 8.275534433073144 19.652371813945734 18.67640438368001 8.07894666544798 1.5485439076908352 12.909097272055813 2.733983801805234 22.730510692151316 18.120598529995203 18.63720569490173 13.51859075677543 28.58596844046446 19.544460693483686 26.73169386914691 27.31596625664116 23.175716448056644 4.06267684782813 5.050606247590636];


nDrivers=65;
max_D=[123 145 216 164 212 219 218 210 164 204 125 121 146 143 193 203 169 156 180 223 220 183 157 120 222 180 230 240 199 161 214 148 143 132 168 223 211 181 225 160 175 235 199 180 138 190 215 146 192 168 144 231 197 187 153 170 151 149 202 155 188 172 151 234 180];
        

nServices=71;
S_starting_time=[624 473 393 404 602 275 89 578 108 214 675 226 379 692 84 265 510 229 83 329 321 573 300 297 597 138 512 581 58 676 188 367 409 362 20 84 599 187 314 241 380 717 204 34 136 696 433 218 137 564 194 441 35 659 191 85 381 297 285 626 43 702 236 640 189 410 20 655 498 419 354];
duration_s_min=[113 67 73 106 68 103 62 101 68 97 71 76 61 102 69 69 119 91 60 67 62 68 90 95 119 115 73 89 99 93 118 68 82 93 97 80 83 117 89 104 74 88 74 94 63 120 61 116 116 73 118 105 86 69 72 118 83 72 103 73 78 76 101 70 81 72 87 61 73 73 75];
duration_s_km=[54 58 51 56 56 40 58 34 36 43 34 47 31 52 50 37 37 44 30 49 50 43 39 32 31 55 46 31 39 59 44 60 31 36 59 52 31 50 36 40 55 39 51 31 35 51 34 59 34 52 32 34 54 47 48 49 58 40 36 54 37 40 40 39 53 42 49 46 57 56 34];
num_passangers=[53 60 74 38 92 45 25 56 65 98 27 32 85 73 66 57 74 83 95 32 72 82 30 71 58 25 89 36 87 99 74 80 27 93 99 70 33 77 66 66 90 20 42 65 36 34 76 32 77 29 93 72 29 100 56 78 23 43 93 84 28 25 80 54 20 66 90 49 72 80 86];
BM=250;
CBM=0.500000;
CEM=0.800000;    