nBuses=80;
max_busses=69;
cap_B=[122 72 58 88 124 108 55 111 79 20 22 128 66 99 121 64 26 23 69 140 62 60 136 27 70 86 37 97 97 91 54 137 53 72 116 33 40 107 118 38 73 139 117 27 122 134 91 49 51 101 28 22 36 83 92 32 127 43 79 79 49 102 38 53 35 49 113 56 56 98 89 102 27 120 24 26 107 49 104 47];
euros_min_B=[9.813671095049125 8.943657708023373 2.2929458946865204 2.882923257826044 10.028808439841768 8.481689873411693 2.1986643817493956 14.946623458693333 3.6517362267575164 10.140519128542874 6.997695337423455 7.9478446509828995 3.5610336691799054 6.7159091145475465 5.929679279275314 8.217726731844358 1.0074987861464424 7.551979100732525 3.3624975213838253 12.17525804909048 2.208284016395204 10.209454442619574 1.44628383565106 8.844645660487481 12.730029252013527 4.416390976743096 3.0063601454126037 14.505631975941686 14.947654262220889 13.016796813184168 10.602155143141731 1.2405705986940352 10.18768503214425 12.496410505674149 8.572061448261474 7.0499483227233615 7.531509841860956 12.041500082693847 10.035992200024129 4.837552939670041 6.834099009714457 2.216090819935805 12.538258814525909 12.748300551324789 12.112832858886547 8.769621225457765 3.3096236536134995 14.696347087024904 12.94064554632595 3.1063672501363166 11.075523834041995 10.906464051471856 4.266672155622871 6.767285036884035 7.449832744313783 11.296904613625049 11.616586682770823 8.77384504547191 2.7322054995629297 7.47881179636351 5.034419185137688 7.67126436011365 12.485316946074844 5.679763280232275 13.645560849345747 13.449769580626786 9.653761926179746 3.9172607556461605 6.67600443781215 11.494091874306687 13.209542270963725 8.405672842330068 1.4237133004935847 7.181460974903133 14.169276631527355 3.517759896680843 12.67062290067485 9.767068627554142 2.0806812005436868 4.7432564132832695];
euros_km_B=[22.158350227869438 7.33685284100718 20.63245925289726 5.841867689115995 10.762791398931432 24.03389872165669 8.248515212668387 11.551094202661297 5.043480222189105 9.246308594735149 10.915092379537247 3.687501213861959 4.458773979921551 23.144916203067435 20.49214866269792 19.06743981899006 16.76497550349147 22.90799464687833 29.747017656776695 17.40842869210332 7.856513681666631 10.486318685253428 28.52407282699526 2.9032338770467403 3.2141422006637033 20.900067701610887 4.385279364428435 18.90934326312022 1.5488843571483475 17.72573922558485 22.33381591623434 1.781153992678778 12.588304376002336 29.912001140624145 4.148881035674228 25.37176249015267 19.172381203008996 15.682173085547273 23.152354490729564 23.84090037627076 2.463042300149516 7.379228887514428 22.4064710729607 16.770750825469673 20.591619478589124 29.919793428577123 26.421876029493152 19.567708012045944 13.328347356096584 25.906234451638344 1.4802800682040351 13.555419035829075 17.40315754135319 4.285452168338718 20.503613984469798 20.726380260625405 7.071613510950776 16.371815217378142 26.50537237537636 1.1432732634702722 8.88028945651583 15.281609608463402 26.116560986725347 11.819169436092313 23.35577075604262 11.118272680538695 25.516816640373065 17.994820021984243 22.58443586106712 4.661371168401593 2.2421824290913897 8.96220308353776 24.09638319267591 12.570791544309248 17.414105100156554 22.75664145712121 27.223326651080193 27.151227010438404 5.720190056090547 14.280375879164446];


nDrivers=80;
max_D=[194 141 149 163 222 203 240 128 139 170 153 188 133 235 209 204 147 174 123 235 123 221 160 228 120 192 170 220 230 202 226 198 222 179 178 165 127 145 145 207 203 125 224 155 155 193 169 209 234 160 131 182 185 226 126 162 187 187 152 196 194 235 224 191 187 162 203 142 125 120 139 162 163 202 226 187 166 150 129 186];
        

nServices=82;
S_starting_time=[670 323 502 182 297 294 650 555 63 483 563 298 74 601 492 221 155 113 29 58 15 464 167 491 353 330 449 381 394 158 390 129 485 71 390 232 281 641 58 216 601 572 205 530 146 679 219 36 407 8 382 155 455 680 476 513 539 522 361 420 572 664 90 218 609 13 255 681 202 698 2 428 160 708 582 289 528 373 23 447 52 179];
duration_s_min=[93 74 92 74 119 94 97 98 67 67 115 75 65 111 86 82 99 119 60 94 94 81 74 73 107 72 91 71 80 60 78 103 94 88 117 90 65 113 87 70 61 95 75 107 99 64 90 87 101 103 76 81 91 116 109 107 98 83 115 97 101 75 113 92 81 79 80 116 73 60 80 96 69 94 93 112 114 115 61 98 83 74];
duration_s_km=[33 45 51 52 49 35 40 48 45 35 37 55 48 31 43 58 47 54 33 34 34 53 34 54 43 53 41 56 33 56 37 35 46 55 57 39 37 52 39 45 57 52 36 49 55 54 52 38 35 45 44 58 37 42 58 50 35 57 38 34 30 34 54 40 51 42 52 46 53 58 47 35 53 31 31 39 52 54 47 48 41 36];
num_passangers=[61 56 81 52 73 44 47 50 69 36 58 33 22 94 49 37 75 97 44 38 33 41 55 63 84 67 79 50 69 43 88 57 88 55 52 87 88 79 49 81 24 74 43 84 72 71 76 23 70 33 68 24 72 73 45 65 65 20 81 86 58 66 76 47 66 81 62 22 62 73 26 31 79 43 100 39 78 31 77 20 58 22];
BM=250;
CBM=0.500000;
CEM=0.800000;    