nBuses=84;
max_busses=82;
cap_B=[112 51 85 126 71 58 42 87 96 73 47 119 129 110 62 39 140 95 93 123 44 63 91 69 50 80 114 126 115 82 133 116 66 85 70 138 103 111 24 115 86 50 46 56 112 37 53 39 51 29 35 123 103 133 100 70 88 39 55 93 117 119 93 32 127 46 101 123 39 85 27 103 124 77 81 33 99 57 104 43 116 69 38 101];
euros_min_B=[4.27672483518462 9.388203854512865 4.788279649695722 12.097123519765237 12.740676927265596 6.7885434454252485 11.833902617852802 14.480434671723508 14.709494957827436 6.198154857828687 5.661308808231629 6.2769692914905875 4.667603010573267 6.051865776967617 3.053813174679326 6.420835399730886 13.403458286557491 5.866578651050577 5.135505188358702 8.813836664127507 9.040537394075841 2.9265078674370164 2.898667350392067 2.5018075324462137 8.693110414864602 12.509948785535247 14.929521747853949 4.686355646706554 5.306086194600402 3.117242112948359 6.125196908859202 13.90230837811901 2.3132989410489646 11.096095024644402 12.61248472373905 3.5906669194990117 14.25513903084244 5.905225264072031 9.457530516865198 12.313981708953012 7.217917460235935 2.462999756913014 9.839110547697034 5.838493199457045 6.160416442514524 10.930787104664528 1.1171091164354132 13.190842860166097 13.569764571779313 1.6287084825239773 8.733645325749404 3.1656394207456557 14.70979324353919 5.509756141475896 8.073845147334417 2.4592925456800434 2.675086492741533 12.346914674352647 12.573045534983653 8.67403002087209 8.756562391724962 3.734963644540696 12.925553663462935 8.973337662329637 13.944860668282399 8.232217344712048 6.126920282309282 14.545094387938269 2.670330704021943 1.2066155738427704 13.356765674547756 5.259559953523529 14.579012563996342 2.3359041278210992 3.2152515027874298 12.596485192464245 13.185236300803801 6.15305232211481 9.896055052315766 8.52429333388023 5.769120674167457 13.548125483195726 5.4011259036729085 12.110850645207535];
euros_km_B=[2.2571390022030053 18.165484092417042 29.314759469978487 24.634038021979737 28.273764535331402 7.648139466196136 5.257859484536347 13.665505205515935 22.19965153537951 12.341828298345986 25.410951502398728 9.13161058970615 24.66051585978403 15.717101970295964 17.361596833338915 18.670870135396356 20.353834690223586 1.5731816953639335 11.76001108116644 20.406631301013796 3.9847081121151167 27.031998504511 2.484379940986422 10.688223787111225 15.892163803613778 23.63175588139618 21.71439848738819 16.084858635513918 4.789532505746577 26.42751635699068 7.635308342953059 13.782433191220015 3.337261261507207 20.98866333121055 14.775308544268421 13.01306036215598 1.766854812687992 25.338097700176966 29.49993687706676 7.928967055438721 28.7658911394894 5.579144381308715 7.283502449497079 10.804791865424507 22.70499745691137 8.77851238274748 22.00425045337464 7.676880716049396 26.32571374784174 27.644187038689303 19.56241353176642 2.7751545293634425 14.392574520887505 10.450191897623194 4.076373324621111 10.302873303876344 11.244942374921099 7.065958079642206 29.51038148493298 16.858094271310243 2.9115734787164516 9.46978939462659 3.598186794630168 28.088047044459767 7.452000998116018 17.870170380876406 11.737849713274272 15.26045782588461 20.600334280585525 9.644921014782984 24.023846651375404 4.033705907042384 24.719306581623353 13.087800860150152 19.688443790238257 4.682560215120374 7.230530508594071 16.550690348230507 7.301870908214472 5.543492337322023 25.639098583021475 22.38447857401038 27.35594390954232 6.134621415781308];


nDrivers=81;
max_D=[209 145 193 201 177 228 147 211 122 143 229 214 121 183 190 151 165 160 213 171 129 188 229 156 162 124 127 215 211 183 127 190 187 221 210 220 203 198 180 211 132 194 176 217 239 195 172 221 231 149 184 141 201 200 207 212 180 189 227 209 146 156 120 158 124 140 170 163 123 142 183 174 125 176 205 180 166 152 149 121 137];
        

nServices=86;
S_starting_time=[387 542 381 303 230 607 454 553 198 402 215 516 207 290 250 297 314 628 487 493 600 586 601 299 34 307 310 632 272 223 416 640 178 48 128 396 644 233 182 253 545 473 408 278 434 68 332 237 546 582 61 568 59 673 255 235 152 656 127 495 474 13 240 402 646 165 713 119 18 130 394 146 464 681 502 139 219 86 396 280 672 499 226 4 330 378];
duration_s_min=[67 116 102 88 115 64 70 88 67 68 91 65 117 84 81 95 68 83 96 102 108 81 103 98 63 109 108 106 79 114 85 119 115 61 94 118 114 67 97 92 74 106 106 97 67 69 103 76 83 120 113 100 107 63 96 72 85 98 68 76 96 97 97 99 120 76 113 63 67 97 67 92 67 105 114 109 66 111 96 110 87 93 86 95 87 112];
duration_s_km=[46 39 30 34 40 58 60 30 35 40 37 47 38 31 53 54 42 36 31 43 47 50 55 36 36 45 45 37 50 48 32 34 38 49 57 48 48 36 58 37 58 47 33 31 35 35 45 32 41 36 39 60 57 51 54 48 60 49 55 43 34 39 56 42 42 36 38 51 45 60 48 46 46 42 44 38 42 38 38 44 40 41 40 40 57 52];
num_passangers=[50 57 63 39 43 60 65 99 43 81 34 44 54 75 88 21 20 62 48 82 56 56 44 65 71 38 85 75 75 22 85 70 83 46 37 58 58 36 80 75 28 43 47 71 62 75 42 55 81 55 71 53 54 79 72 47 20 34 52 28 20 66 52 93 69 34 42 80 66 70 94 29 40 64 79 73 33 32 58 21 35 56 65 96 82 28];
BM=250;
CBM=0.500000;
CEM=0.800000;    