nBuses=75;
max_busses=66;
cap_B=[80 94 112 123 37 77 39 96 20 22 93 44 130 59 105 107 117 133 98 76 103 29 76 57 40 41 130 26 20 94 58 106 84 87 101 121 84 64 75 50 118 95 128 62 53 40 108 49 99 59 108 65 124 55 77 139 38 85 121 51 120 90 74 112 26 99 56 86 125 77 20 30 134 34 105];
euros_min_B=[14.96853717541365 8.739563037161213 2.2749119852968933 12.397569374356664 1.527582501180952 9.989292092616331 12.210169153678526 14.020134472044878 6.047229741662866 12.150637710220167 14.86584501395251 6.204086239674638 6.739736259302061 14.261351805520219 1.7206304951733127 5.858251277492084 12.335349701522201 7.55450205219528 5.466709327630548 3.262610605965283 3.25967801161682 3.738968857685234 1.011480423800607 13.491676166945446 14.779297582068512 13.39123709709937 14.769761339451517 1.2819924942034706 1.156321317498922 4.573161874916494 7.048131827659223 1.756923583674528 3.3596886017511483 14.700757810492387 12.14383743925227 14.747957443511076 14.83710782999318 5.240107222755198 6.107204554505019 8.027184573740422 2.473550954870584 9.346355561087641 14.295560970573387 13.362671893316731 1.4551154327788483 12.967747236660662 3.3468208569741424 2.406451697875657 1.0759320667199939 2.7279124048096897 9.377480773182425 5.243142285816155 3.1350749725724496 5.36821284575797 10.130302268554185 5.371006398755419 7.897355371000151 3.306517910884967 12.057198040725126 12.452302671330674 10.62639454031622 5.36741847393187 3.4808904235768146 10.173857593613645 4.235423697205123 14.283276228349704 13.772691916678369 5.344808865535393 5.695291142979585 2.3420311367897484 10.383558263436694 7.289922575377281 10.84508463787275 10.994445839969737 3.4906931832684163];
euros_km_B=[17.119639740558984 11.914402558564213 8.025946851331987 16.341894052657757 8.421128432410285 15.477530503820624 13.530291383563464 24.68033832240399 2.5545714173383502 26.91631370172044 2.978198942753026 10.202842301607975 1.6698152478417527 9.208252755767267 1.5648526743082813 13.086075562236802 20.244862983333142 20.723291684176235 4.79903002530487 15.98653569345615 7.943249950902915 15.006185183220069 12.04145630680294 23.764215792679455 7.313815674275758 16.821293204623444 18.474235829872832 14.241835200980951 15.314966484753839 4.341125960334606 22.18916114666791 2.877775935648354 25.428790506791653 13.96590458791803 25.757555010938948 6.8238993385402456 21.228823100458836 3.613926629412223 25.149552259844135 4.533401597252386 20.803213248572703 1.7747841107652524 29.584298444037046 15.67259162143261 26.851811581007176 22.28299473950216 23.970547330690735 5.619413143378972 26.37638787797989 17.01002735593771 13.34521269814827 19.698616808073734 16.715868577459574 9.435029367599268 22.34065318930228 14.394989448270058 21.661158606791915 12.681166472017464 13.51672325333866 23.026119692159376 11.492218715004276 6.845175056142034 4.728495553471063 17.230175799153177 17.025218756890716 29.497869388191557 25.210381123791407 11.161459994747789 26.59752751987554 1.9131412316784275 11.571700076270785 14.933015980799723 12.23245173804744 20.61336628455594 4.508365036506087];


nDrivers=70;
max_D=[213 120 160 166 160 217 154 204 236 159 168 126 139 151 141 183 161 188 123 176 148 207 225 158 185 191 127 172 219 175 176 198 205 222 171 216 131 123 184 157 219 197 205 140 211 168 219 141 166 178 144 147 186 230 184 158 239 204 140 232 128 132 162 199 170 175 124 152 229 199];
        

nServices=77;
S_starting_time=[636 600 18 192 613 691 346 317 700 316 405 271 563 680 88 266 283 107 339 45 3 143 677 410 488 715 280 68 425 108 508 35 49 131 217 399 141 345 644 693 439 453 490 511 437 148 13 606 41 152 252 440 380 288 668 241 627 600 541 361 58 147 340 157 288 373 56 10 448 188 67 511 643 547 518 428 55];
duration_s_min=[84 111 61 96 102 98 113 62 108 94 109 92 105 109 77 92 105 112 107 72 94 112 85 93 90 110 65 68 65 66 78 120 97 94 80 103 70 105 115 96 85 79 73 80 82 110 118 72 75 104 97 75 82 114 108 86 112 87 65 94 63 108 104 95 64 100 99 100 76 120 60 70 62 113 97 110 93];
duration_s_km=[39 37 56 35 38 36 43 38 39 50 47 36 51 39 53 34 50 54 36 50 49 49 57 44 44 32 53 58 51 46 58 33 47 39 33 55 32 51 52 37 42 39 41 59 36 51 33 39 55 34 48 39 59 57 49 33 60 32 37 38 42 30 53 56 42 40 60 30 39 49 53 37 44 32 50 45 59];
num_passangers=[44 81 59 93 89 24 27 52 92 32 71 49 48 88 50 100 31 64 84 42 25 47 36 24 95 89 69 51 56 84 54 28 39 40 94 98 39 91 48 27 83 73 34 35 74 61 21 36 47 85 57 42 20 28 100 44 58 87 72 33 100 91 86 20 70 73 84 44 43 22 53 89 51 80 95 65 97];
BM=250;
CBM=0.500000;
CEM=0.800000;    