nBuses=114;
max_busses=115;
cap_B=[140 109 134 135 133 30 128 138 34 127 21 55 132 138 86 87 27 21 124 65 58 36 68 79 134 106 78 77 83 28 107 120 23 136 28 51 93 25 43 106 66 29 22 96 89 82 44 95 140 27 109 80 120 110 50 31 28 112 33 60 41 51 106 73 126 130 65 136 45 96 138 126 49 70 84 20 64 66 45 38 27 48 21 51 137 31 92 66 35 97 74 132 94 94 115 125 115 50 51 59 44 24 71 54 65 25 86 94 140 74 107 135 95 49];
euros_min_B=[13.524849091121943 9.540535858985624 12.55984855259817 1.2868323731633653 11.625445283998149 13.269140278465908 5.3342044287620585 1.0419994460104232 12.571605354974368 9.380871515674851 6.3501981715282945 1.0905572067424285 14.469632663743141 10.326279777413554 6.644258636925726 8.426780850685438 9.089993754178344 11.105114175394217 7.29903710362583 3.440863320286221 4.679019619048784 3.1120774999983847 13.026779912890653 14.648592995783222 1.8033662283223064 2.38123543618053 5.059848410751684 4.698984910557335 12.024039953811291 13.522408397499596 1.494286332209688 2.3192799879966266 6.4846714798821 10.570607772447934 10.06728546844767 8.225272774565736 12.13046468996759 3.3543776578602786 7.149653232094525 9.467602537390448 6.3203647144831745 6.689000444675198 9.669255970472834 8.222882544674576 6.00051593341982 7.782731661522073 8.049091813255263 8.278408386725722 2.4784105468982522 13.213270416702276 6.46305019911089 3.82912264499912 10.118870402039757 10.804542311528653 6.699692918285283 11.684558941115155 5.07990301444329 10.743759757572612 8.049468604840385 10.546275205981587 4.183587495359525 13.895287403323927 10.445422727342379 9.906277713864782 4.20633213743256 12.096628419157753 4.151777508219289 10.164497888412878 10.931937639489442 10.688353531502042 14.16315879204485 12.294916262215683 8.696791208879517 8.14865377961891 2.8050495378258304 10.046597519326502 7.684207132829983 11.538567658733577 8.9434939074266 9.177436741923636 1.658553561658978 8.40717641804649 5.6949702168945215 1.756884555083129 14.2519267443509 4.017602993844159 1.7845031836911023 5.442298907709313 4.976543302153799 8.488107770554763 5.102272812563616 12.743469445403733 4.458491832353843 5.868603626589361 13.457788672200328 6.498921165583173 5.115285052301241 11.668664333792442 8.285969936962895 1.3250225909580802 10.496076438969713 9.173845208750633 13.767849686883903 11.885547921715784 1.807155227431673 11.414200129995306 7.058226616016142 10.742541256810302 12.408475930510301 8.417877598311518 6.279941440267007 1.8514632411499727 13.311771039861572 12.784220839694889];
euros_km_B=[13.353889446218318 23.106754658908013 9.7778206844189 24.247788488236967 11.90767328727433 11.026437978790522 23.6130254935099 20.479255674220802 23.66164584922224 23.57649538564835 26.7154572107068 14.492715555284253 23.114308083915873 26.677761283905365 8.524259028377722 2.432311193436931 10.257063529118046 29.098178903489256 28.4798650725974 26.98484833607408 9.841986687973652 26.913532352899022 1.397237583527453 11.088845479327821 8.163875115232958 13.574110450974578 26.095351606776177 18.14785500340778 3.152569571389566 27.4509202018112 4.727325415875769 7.637481580877795 8.058389049242447 5.4405314314403785 23.36312312697665 4.862886348300526 14.569474524690706 15.039435266639003 1.370066881229741 12.704220755998003 13.521611405778462 4.893439424668312 12.693734487544864 15.076959238107591 16.717537158277004 9.53675810928374 10.251040415605903 15.598802888069432 21.064666393238586 2.7961489522234304 20.394747279154846 2.335296703392234 22.55353721345069 15.799311625000875 6.63959036037045 22.47145772077829 18.11962727906475 10.74040151848123 20.096685173070192 22.667539362945718 8.33476485703249 19.628584077010583 14.561027241913827 24.2558561206749 24.433246506338744 21.39339505246159 6.647292152543565 9.678399133621 11.663286013669962 6.667272367382928 10.778025180818538 8.600456614485639 27.39507665797377 7.756149609786581 17.621146986369926 20.720976726831378 26.689533750127538 23.337972735220855 17.050947422592923 3.61033257451337 23.620120841574035 27.086937645460544 19.776419929732974 19.96629023875443 13.446907903139635 6.260055571078863 3.657608366531883 26.782225057146274 20.17516806120723 7.259163950551507 22.27462154944363 11.263340634672335 21.846275915947235 3.668315737726962 12.98028676916899 9.038472406346564 23.465539284659577 20.546081203597577 22.18617753348579 1.232477037359276 15.713523254145432 25.407862844171188 6.281784417033878 5.311621848282719 2.486521354582001 6.926323592739403 21.317624159500163 15.8297115322389 5.774413305094373 11.542152743756684 19.139408743670145 16.265551249498216 19.53104527911819 20.8700142863536];


nDrivers=113;
max_D=[142 175 196 169 179 122 121 222 227 198 156 192 190 189 198 131 240 196 158 194 181 148 235 177 133 237 233 150 165 179 156 234 208 207 195 177 144 137 230 157 208 130 218 130 192 129 133 122 237 185 200 173 134 178 161 141 219 237 205 167 199 179 125 131 175 203 174 184 200 137 166 190 214 129 228 140 198 171 123 155 153 133 122 219 174 219 169 188 151 149 159 152 238 214 217 157 182 197 138 235 234 205 209 233 195 191 217 147 199 169 135 127 169];
        

nServices=117;
S_starting_time=[373 695 132 415 517 582 274 638 114 194 102 114 232 354 674 556 267 101 312 627 665 44 706 202 624 355 176 156 571 470 459 534 453 528 324 63 11 237 79 417 119 121 540 292 101 178 187 267 470 25 237 509 281 434 581 324 410 189 97 649 315 207 391 153 655 78 400 252 358 73 19 169 501 302 324 77 601 619 344 404 617 615 699 285 252 270 378 592 150 265 133 636 473 251 165 681 192 42 77 580 255 168 427 3 504 63 229 483 654 683 456 115 6 425 56 17 541];
duration_s_min=[95 108 71 114 68 63 60 104 110 101 65 101 73 76 110 67 99 95 101 88 112 117 115 61 71 75 110 102 115 100 86 68 93 115 88 84 108 82 112 78 113 104 76 71 68 82 91 113 91 80 91 66 109 68 89 92 103 85 67 94 72 118 80 87 100 73 86 106 85 74 73 75 83 60 63 62 62 90 80 101 73 82 117 107 119 114 115 78 117 91 72 94 72 104 64 97 63 102 86 88 95 106 83 115 95 89 75 64 106 114 107 86 82 64 83 61 91];
duration_s_km=[43 42 36 57 35 60 47 46 48 31 56 30 41 47 47 33 43 35 56 60 35 54 43 40 36 36 54 31 47 41 52 52 58 38 58 46 36 51 51 53 46 58 30 60 53 50 52 39 44 34 49 53 39 38 39 45 46 60 46 39 31 52 44 42 46 41 38 48 44 31 35 52 46 58 53 39 51 38 32 53 31 57 30 46 53 41 52 47 48 43 59 32 55 58 52 40 38 31 41 46 43 41 38 55 38 35 53 32 34 50 34 44 40 36 42 49 53];
num_passangers=[90 70 22 63 82 68 52 54 86 25 96 49 70 54 86 42 44 20 76 90 32 55 61 98 60 93 60 96 53 64 95 44 40 87 27 98 51 84 31 88 92 38 92 97 39 82 66 98 35 84 49 25 71 85 62 91 49 51 55 100 67 47 20 79 26 28 86 20 77 79 70 50 71 35 47 78 96 21 58 70 72 36 72 60 38 34 79 63 92 47 98 56 23 27 97 71 49 84 65 44 65 42 63 28 56 90 65 70 41 48 41 94 82 50 85 41 58];
BM=250;
CBM=0.500000;
CEM=0.800000;    