nBuses=90;
max_busses=85;
cap_B=[75 87 27 31 49 77 116 62 70 73 132 36 73 59 85 43 91 90 33 93 56 132 27 120 48 116 61 127 64 97 47 33 137 41 69 120 20 63 109 110 45 107 122 132 29 45 37 77 34 78 71 28 26 61 133 85 105 38 79 104 44 29 83 122 66 124 48 64 76 103 49 61 120 140 126 118 67 68 121 58 129 48 43 87 100 62 101 117 118 56];
euros_min_B=[11.221488393793837 1.363467588239493 4.293767453143214 7.869850510772193 2.672725517063342 4.170036086245047 6.032447230437575 8.271671827684894 14.160750871903524 7.7987507535337555 12.912080036045054 2.8888078121042513 12.392255260858871 9.439496273481264 1.2571576232686767 14.55413623060694 13.297083996065535 4.260772839432382 7.226611209983388 14.747701362291256 3.9312981617606493 13.855386541482646 2.9077169558761478 5.354687316522686 13.388055344187027 10.94888931453128 13.921892700322779 10.722085302572456 2.1669289948878414 4.491693247651185 2.0846489541494133 13.259828843847561 11.251291905916302 13.03284917630689 13.406223665202603 6.058045868240111 4.064233351192112 11.671759693918268 14.790053510484906 1.7134510300180565 6.453805404403912 3.10828536804508 13.847642214657766 11.564571772714855 6.30724448072861 2.649792640920172 4.869660520988511 13.936691439796755 6.270286928525337 2.3144205032586873 7.228378532318502 10.470128318252156 7.076477086017846 12.214118286486697 3.0761317052021706 9.511056960213583 7.47835550093674 3.1918955660570685 2.7382571975447565 13.886825431188267 3.032919477230112 3.273649432851058 4.411012523385056 1.7872426118582931 1.339107046289955 4.509752602982419 10.961984017516105 1.6571169162264539 4.819069178737031 8.86089133135579 9.983960543561057 2.2064794082666626 4.04153036870585 11.626708611906466 12.270195708638408 3.9895250988919635 10.224564143060633 2.0304514312794764 10.232417062177877 11.771679388318105 3.223817036232245 5.438958884752989 4.3014162874202535 5.3306958332779555 7.198879499537368 1.9792705613075738 2.5295193988149474 6.284819086914382 12.19856682497624 2.0193085612348094];
euros_km_B=[14.15088932476555 11.535648561135321 17.434301865514946 14.911005952724116 10.514698599764632 5.930408053192037 15.754976098057147 10.889076562773221 16.606643671263864 28.47599604706641 22.4183144909179 18.051174438376936 17.250637732865542 20.825704960085687 11.29052556424625 7.1274284579219644 6.376457191555848 10.885796934774444 10.011023168156635 29.557695825758742 12.135164940519168 7.5797914429385145 1.475996292301031 15.19722474437505 22.699643726028498 8.722357378927597 5.987205061429863 3.0674297902478647 12.186792142758964 19.416080951496475 17.675468938207153 29.153722353188265 25.839698875714795 5.308473101309014 1.185425136406565 5.530037899329729 10.847216826288982 6.6461769315565755 5.292636556550132 23.122549395350713 29.443041328355847 19.12485708481828 27.29214902776189 14.233102448036984 28.981021173213893 27.45217114525833 23.0273359327043 3.1462799645576345 23.030195555573485 18.073094617798873 19.728792944128777 20.19840196259075 6.034047904087926 29.364275242031656 12.322596719991198 19.477126338193443 15.768146922328617 4.950809067180536 9.99795497718779 1.9130737570595764 24.880446138556138 21.20762143814895 24.687757632647436 29.629749781034914 27.934637522576207 24.396529994581215 11.104703256177645 1.853499975548409 17.87136127317499 27.822725095895592 10.45906598866879 25.040118103760737 22.135849485172084 6.982745581598293 11.470724621729511 16.808500305376583 15.596073493275014 28.717308728450167 15.602167133024208 26.90924989435942 20.32606666786469 20.945313872971536 15.385203184405942 5.309939972497394 4.936908018542184 9.60646785851038 11.848429642137356 22.80031377433913 18.556664735136234 15.276154369362352];


nDrivers=88;
max_D=[131 128 139 167 168 124 238 129 161 209 221 148 184 163 172 217 235 189 127 201 153 231 147 162 214 214 180 200 146 184 176 196 200 196 126 191 151 132 206 237 167 143 228 165 166 139 124 182 150 162 184 214 124 149 130 209 141 177 172 166 229 230 216 124 168 230 226 168 149 137 176 238 240 217 210 129 166 193 209 194 206 199 164 173 133 220 173 206];
        

nServices=93;
S_starting_time=[410 676 262 652 145 66 330 83 181 619 184 103 201 443 24 468 344 465 209 695 257 636 520 542 53 239 595 237 194 233 31 79 619 437 295 412 34 634 387 320 615 526 450 234 34 396 116 228 88 340 716 331 625 14 172 670 346 478 378 197 394 502 503 305 360 88 333 374 599 458 215 661 332 11 209 597 22 656 407 129 550 32 254 68 242 586 530 419 113 80 355 690 88];
duration_s_min=[90 113 114 64 66 102 103 72 95 96 98 86 113 85 71 103 77 114 106 91 116 104 74 88 76 74 112 82 119 108 92 108 79 116 83 62 69 94 72 88 108 87 75 110 88 74 67 108 69 79 97 73 79 116 64 120 68 105 117 79 117 93 76 119 111 90 61 92 71 61 64 73 116 102 83 74 100 108 111 100 89 60 86 63 83 63 75 96 99 72 74 91 119];
duration_s_km=[45 43 31 53 39 33 40 51 38 39 54 42 37 37 35 44 41 37 49 41 31 49 51 47 52 57 51 46 36 58 54 46 34 51 42 55 43 60 44 56 51 45 49 30 40 58 54 31 36 47 30 35 54 48 47 49 42 58 44 30 57 45 45 54 59 59 49 58 54 34 42 40 40 37 35 35 39 44 51 32 60 59 44 47 40 31 33 58 54 46 54 60 58];
num_passangers=[51 98 39 63 62 36 76 21 45 74 21 82 47 55 23 23 53 40 32 46 26 58 86 79 26 65 31 85 72 95 67 45 31 46 43 24 84 40 81 91 93 50 25 43 29 36 68 83 30 100 34 77 41 96 85 56 25 60 40 95 47 33 54 70 25 26 67 61 53 60 93 86 50 44 89 53 52 45 54 50 45 22 30 70 20 86 68 66 52 62 48 36 46];
BM=250;
CBM=0.500000;
CEM=0.800000;    