nBuses=115;
max_busses=106;
cap_B=[75 24 86 103 26 98 124 108 62 80 137 95 89 108 41 27 94 96 20 62 139 65 65 110 65 114 29 115 37 55 82 49 55 33 32 124 47 108 26 26 33 21 38 78 53 70 46 53 132 121 109 124 42 46 21 126 51 107 78 106 138 77 123 123 126 124 54 83 21 127 127 124 65 78 60 38 80 88 48 28 94 68 41 74 26 67 74 39 127 32 102 35 132 125 94 96 35 115 109 98 59 76 108 39 87 60 130 107 64 125 74 52 83 52 135];
euros_min_B=[9.689696999987378 14.305823150103688 1.5054199548928913 4.414535701076725 9.28652476383985 12.346888774621164 1.3108574440936784 4.335385520073056 8.589046858634624 6.847328919513309 1.3024693607082816 3.1650686237781827 8.384742003246489 10.085417969330038 13.5097157998092 1.228464095441342 12.890814210388909 1.675686923217193 4.751456526275643 8.859009755703019 14.017672294049232 9.270781816490922 6.331623645861445 9.29969225548533 14.558797530332214 3.0468649037606172 4.377005626804872 11.274839886140075 11.371996745371561 14.874930085659221 12.716977409489283 1.0981392276295117 8.85379547942084 10.732783192822277 2.844140643137993 1.7445024136764027 8.181632947821011 7.657193197112579 5.041644112769608 10.242619943364943 11.489195482278518 4.392485358975988 3.9590520483464386 14.607271751068973 5.672175244709917 9.771771696622519 14.812369217819443 6.611441535079701 3.686279331086302 11.804717088397556 13.678889982276436 1.0860008312915685 2.117344437682272 6.508198388088137 12.434524824798805 8.779431184969427 1.7558925499587557 11.868850582800157 13.477819754068218 2.692702270275014 1.9811009472582344 6.120332651788106 12.693556243656158 10.697179204233837 7.847866290626634 2.778659639614555 11.865044900601523 8.648902045346778 13.634877898219035 6.4550784065100935 5.495256501711728 11.552423836543635 11.776806969822333 10.234462816108751 4.556990799190333 4.088973185727495 3.7793050675273667 8.628282170751676 6.8768777895112345 3.6795256221709094 10.360887494694143 6.262807068216048 1.0995061504514092 6.942881242722706 14.002384795318127 2.634454546877754 5.817807320652587 8.168626509862882 2.930544647224644 1.1283271201313783 14.24422518768959 12.155217321753868 2.268196505561341 4.409529980103434 12.015886385249422 5.992877449979313 4.505725378888666 9.301309668021482 11.404251549821732 7.108924377493937 5.648454024670395 13.666229721929849 2.6039747084621654 6.890751021292789 7.888888457173692 1.8717202953660406 7.30402123104945 14.955092911737415 2.841495528926388 2.8720740322410077 11.12282145290592 7.20886102280223 6.423134450325853 8.416539438988059 1.0457315123152633];
euros_km_B=[9.260108252813094 20.225803299685765 1.494998938949668 16.430694322575476 1.319922219450985 7.994393623593981 22.42201616013214 4.04096413004922 23.6025130028806 16.36190887301458 4.65919103304757 15.74726647190852 21.3683214093233 27.315420599013134 29.09419614365516 4.496494052094933 8.538011754807373 9.1668790936063 8.455089104378626 12.620321831252733 16.21534951831306 5.3890466566352675 12.943008802252635 13.231686484374197 1.377402181235719 25.71960516949551 25.123187474258653 25.117977550691307 8.20398349710209 28.772870239197378 8.39049667136339 13.577754178724945 11.42938277591607 11.300532055257312 14.956803103159546 5.51325337794826 6.579774595078474 23.16290433956231 4.840308498896717 14.525584908624813 12.717825900886167 9.710928953168091 28.41172825188185 15.059312418128048 15.904701381837686 23.054255117254993 11.143974064428555 14.703319458817068 19.269020734111017 16.98142123735112 10.126980089761112 8.011161141064228 22.190098764674467 15.888115637221759 23.356409195461207 5.48294118349933 18.38782316088642 10.475124331265294 26.68487782815407 11.376101863086081 1.2261022060944282 26.667269246179384 27.855623352795835 11.001588773187205 6.981018577696051 15.15646529115906 21.503423386268736 17.002174231069095 5.086822856134493 8.431335405442152 10.749978723723967 24.143953703472246 9.674465498147018 26.500960024402197 29.44771482121401 24.51002831713942 10.408786144045513 13.531786949676047 2.3029254100210568 21.675011544972612 11.519027973404393 14.688770610873332 15.432178629800996 21.29785982902176 18.68568919118479 9.89834723891033 22.545332560994993 27.84291118334006 22.498549664799278 18.72709145391777 2.615302917886214 11.414570984783424 14.866522273483003 27.590717613928064 14.785440796290931 16.362041254862703 11.37049312299646 11.564939102162102 22.05345260567058 1.0328699445454697 24.851208607995385 21.172690707008265 15.529869428525087 19.914966272645497 5.5550876228065285 17.471500757777736 4.668615197752744 11.673755366546052 29.449282637371834 5.30421409164658 22.06958028556249 19.79423218189346 27.984453164820685 18.741443623045924 21.61879076145019];


nDrivers=116;
max_D=[154 173 138 133 181 120 234 191 224 232 187 175 145 156 214 182 221 140 229 160 195 128 236 164 230 204 225 124 206 172 152 153 171 215 167 145 207 144 236 214 212 208 201 142 179 165 159 209 166 174 180 219 227 180 156 177 200 229 159 141 148 175 153 182 144 217 162 130 199 206 240 235 120 148 151 156 127 166 180 217 227 193 189 172 149 138 174 148 214 223 154 120 144 176 134 128 152 205 224 179 203 229 194 221 136 145 212 135 163 164 147 228 164 187 197 120];
        

nServices=119;
S_starting_time=[568 312 593 656 65 558 158 709 410 471 615 668 685 598 615 309 604 496 656 108 484 327 429 440 178 571 150 708 445 631 132 265 87 66 323 246 48 285 161 130 605 92 48 35 55 689 580 311 469 508 447 678 251 627 455 373 229 401 443 139 62 607 426 98 279 234 229 187 546 133 455 111 532 648 146 601 699 626 178 633 558 700 270 617 281 96 335 8 284 630 448 207 631 711 310 707 151 123 46 596 189 211 164 683 102 277 671 267 309 404 145 576 197 193 153 32 76 222 233];
duration_s_min=[88 118 112 76 96 86 96 99 95 62 72 106 98 97 78 74 117 97 84 95 99 85 90 101 87 89 71 107 120 70 95 87 91 120 118 103 71 87 120 74 92 117 94 69 111 61 101 99 99 74 97 79 66 115 117 110 80 79 72 68 92 71 77 63 74 112 60 113 100 91 108 90 67 102 62 114 94 60 66 107 76 95 112 116 107 65 117 112 67 66 119 82 87 116 75 116 85 78 85 113 114 105 60 93 101 91 67 119 119 91 112 100 70 77 76 109 105 84 77];
duration_s_km=[46 58 32 34 41 34 53 59 35 60 52 57 54 38 45 54 56 30 30 36 44 53 35 48 55 49 36 44 56 50 38 54 32 47 59 59 47 47 42 30 36 51 41 50 32 60 34 54 33 40 60 39 43 59 30 54 36 34 57 43 47 58 39 56 59 43 34 57 58 60 44 48 47 42 50 59 47 44 57 34 52 57 41 60 60 38 54 54 57 40 58 31 45 36 51 60 43 37 57 56 57 58 36 44 33 30 56 53 56 38 31 59 50 58 30 37 43 30 32];
num_passangers=[28 26 34 51 78 65 86 28 61 98 57 58 100 95 23 79 52 28 37 43 85 89 87 98 92 98 45 54 92 23 94 49 37 47 72 29 55 57 20 42 53 94 80 82 39 85 93 97 51 57 66 37 100 92 42 51 28 58 42 25 56 42 93 55 69 49 37 76 59 69 42 54 72 95 88 25 50 44 31 65 81 43 31 41 49 46 71 89 83 55 51 55 60 81 87 46 98 20 45 72 77 93 37 36 81 92 55 93 76 92 95 78 84 46 27 62 98 25 82];
BM=250;
CBM=0.500000;
CEM=0.800000;    