nBuses=79;
max_busses=80;
cap_B=[46 53 76 47 49 88 73 54 81 25 97 36 32 129 59 92 132 106 31 131 92 87 43 58 135 138 126 114 83 47 39 129 140 112 70 90 44 126 136 67 96 113 107 42 105 35 60 63 46 97 121 136 71 92 48 25 136 40 115 74 124 128 40 131 105 34 43 64 92 138 79 31 27 126 107 128 74 63 32];
euros_min_B=[3.0619348524660297 14.828329577810818 13.53657497856199 2.773428604087358 8.71126610624855 2.4096863766286365 1.5844979461494697 1.3191250544652888 3.6957956523441418 14.688844565874653 9.683824007278751 9.536029736257346 14.819534013808935 9.859603175878357 8.896641406299212 4.545066313766846 10.978125236214368 2.142509706630608 11.133167056365465 13.688653269793626 9.398276767950907 4.947595842298425 8.402746441766169 10.019482842633678 14.467944060443394 6.533079526218853 7.020238835279304 5.947337972713187 6.475746587703061 5.824232727062394 14.629544384609014 9.947813694382951 9.319856838117586 4.41099713670964 5.911382699026731 11.054506821667994 13.134794331542597 11.304968181040898 9.83231777685413 9.638716322876505 8.46444869860106 11.226315554583996 13.431266729447819 9.836720061586592 4.950141543841701 7.635962527923242 13.307852072881035 5.026413932760451 13.740827121687273 14.075135611643494 14.194116384252233 8.211942096513674 1.9294890030306302 9.52929769518216 1.7158228775719764 2.4137669568158246 8.233709184369427 14.103795493648224 14.192319522338707 10.295714216422375 9.531459488135637 6.775150210754601 7.567546184776456 8.389698876315475 1.8740211955451491 12.102013427889402 3.9663759927167987 1.033765835832173 3.3144036316334065 6.653374053948708 2.0428843112516053 6.041256224174556 2.711349262055659 7.028180389113286 11.77423624968267 8.667801137157026 11.439014679377227 4.310556020900543 12.432019965986193];
euros_km_B=[5.107578224192573 1.8407640019831968 16.12274865655028 12.846063820770773 10.199072447041923 9.097192450123954 15.296172888066437 10.612425503104648 26.64201865352099 8.01260977677429 14.393183135507401 29.722328435677063 5.133449584809666 2.640092676677661 24.851373435714848 22.624043328495702 28.4233246862465 29.659483608804276 3.7995280785834145 19.802014685348386 29.649069369668297 7.310730516494978 1.3415739778729183 15.702909452910259 14.20088936355736 14.206686869014131 10.774317014655601 3.8534886975653997 17.58966367573297 3.483525892118117 11.548050136890327 17.93624063505016 16.703316202277023 9.194217973837091 17.779737947504337 14.124698429299388 12.656684545185428 20.155817986844813 4.277686783159545 28.08097813776552 16.216785852254876 5.269207674544437 27.15998053872405 27.391024070228895 22.70051540046626 28.049334484498566 11.024111981920951 19.83312513615787 20.268653276316922 29.189477701329412 9.851499624201809 28.84766183648668 22.31176931058718 10.697660304303689 12.63227366649934 1.2804994660733682 9.434540574586224 19.09853103016714 10.516586311494336 5.262595792808979 18.63567293659531 11.111804915799876 1.1995971777143928 8.028660295566942 10.45222737812179 6.659682295619556 17.917069187757058 10.884468654017995 11.564159302961913 9.343744714200646 27.265562538733704 29.840723106267998 29.33482896928969 29.378527811810446 6.304962847445234 13.647971730071646 3.9323653850551628 11.494959113598792 14.89008968699562];


nDrivers=79;
max_D=[203 208 214 196 218 135 164 134 168 209 236 204 143 172 130 163 138 153 175 190 176 206 232 134 195 178 235 181 162 201 190 152 239 120 233 148 121 132 231 125 187 181 136 146 168 180 184 176 173 233 238 143 212 173 197 120 166 186 169 223 127 133 219 200 226 191 143 158 133 173 139 134 186 207 184 203 236 181 128];
        

nServices=81;
S_starting_time=[518 636 137 24 700 182 351 425 109 41 317 36 369 528 171 324 233 323 680 601 371 179 18 419 34 578 172 17 39 679 603 624 429 164 183 240 330 649 291 211 533 332 556 204 675 641 662 215 643 103 244 15 386 174 670 607 586 272 591 524 193 411 471 349 493 396 469 502 167 207 309 663 120 125 462 0 612 124 92 574 658];
duration_s_min=[96 97 97 113 112 99 68 74 60 63 80 119 83 85 78 101 61 85 117 89 120 64 77 96 82 120 109 82 119 119 91 88 104 109 65 115 91 112 60 115 67 118 102 115 81 92 77 85 62 66 88 112 98 95 78 73 96 105 100 70 119 108 101 83 114 89 114 115 120 100 62 104 81 71 71 120 86 91 73 84 90];
duration_s_km=[32 49 51 39 56 33 37 33 57 31 47 36 36 59 48 36 52 53 60 42 40 37 60 57 36 41 41 37 54 30 38 34 59 32 46 33 41 30 39 47 31 53 44 39 44 33 45 59 46 50 50 31 34 44 51 53 55 44 55 31 60 52 36 37 35 31 57 50 52 55 38 54 44 46 42 57 45 40 32 32 60];
num_passangers=[60 22 71 81 27 43 31 35 55 22 20 35 39 80 83 55 31 24 66 44 75 44 60 99 48 52 43 40 55 76 32 96 39 100 20 44 69 37 37 30 81 30 88 53 89 87 29 64 59 20 40 80 77 52 61 23 74 60 24 64 27 44 46 46 66 33 58 48 99 43 45 79 85 26 55 64 79 23 35 51 72];
BM=250;
CBM=0.500000;
CEM=0.800000;    