nBuses=65;
max_busses=58;
cap_B=[98 85 90 77 129 70 124 45 58 42 79 69 22 74 29 28 23 98 133 28 135 107 121 130 96 51 29 85 90 50 119 32 77 82 126 92 65 113 32 128 117 41 137 54 51 53 126 130 113 36 81 33 71 66 123 30 97 112 99 69 34 124 134 123 120];
euros_min_B=[11.004601693333129 5.762364081001271 9.795684718386198 9.076245973246463 8.699981498767109 3.568829845353571 1.7708032843091277 3.0967196409847175 6.994401822104672 8.305274982123418 6.622578071114726 10.729923816715141 7.6270994653237265 10.349771259731153 6.571420551685361 2.4210121074555957 14.293172546865787 10.315413852178091 2.6976322877269383 6.551747879661765 10.741733481555785 3.2291448474762516 13.540830366988416 4.772257699223632 6.915194731563674 3.771221489917391 4.113741035149077 14.993721417055475 9.525788272569462 2.1924684772693404 9.077087562054174 1.394081244052646 2.0619816003899865 13.637282315397188 9.424302216725426 12.400120946828928 11.420360073643769 9.683490911510159 3.4538837363400527 3.4645354155227084 1.0476155101558091 8.413674368054895 3.5947810304816414 7.547193458048693 12.70530182371316 1.161081929751907 10.289922160991566 8.247421473913697 10.644967557097907 10.858365745291895 5.133844884180255 10.19794431232369 3.7283620542098554 1.883708603063529 13.65295483498039 10.823801397322255 5.908879807013269 5.384863765304847 14.299868392140802 5.359956775403427 3.0204459154082937 1.2448427710654424 14.973663323472032 2.383326948758802 1.8658987251496573];
euros_km_B=[15.155211590390723 9.916092986960681 10.214337695254644 2.2157995915597564 20.1762052408762 2.9381872366576784 13.657626418980797 24.53264427185275 23.3504991990224 28.744307562594322 6.541477270067982 12.552208469423766 22.691584899023486 10.032085968593266 12.826265363109794 17.439629672062413 8.143750027465298 17.180376224404952 17.851191914698617 12.17398284294587 22.964000083796307 1.6212968499652853 10.287269978213676 1.411165329536446 16.6958572031589 17.13646772974493 24.151365007660853 14.285792345967407 13.344971594824301 24.135162935330115 18.713564441800358 3.7417868002623336 23.850145597195215 5.120733402422814 29.596026158077827 8.237474906198692 15.77103451608379 18.071270221033032 15.540885076801862 19.25307199624245 3.1902873386379755 13.18495543709498 21.825072865949792 16.815981553680587 2.956206528896585 29.252871650726494 10.404230157559605 11.31073725354625 21.150799128377543 27.446420762646362 19.288415812637915 12.97431643873927 25.316148283558917 28.670311044401927 11.918042761908355 23.20204641306119 24.743069225779784 29.385334573685604 21.865180629306177 20.279700927237357 21.69488704887936 26.95242295019063 6.235460004321514 11.818430986439006 20.11257671662153];


nDrivers=68;
max_D=[169 204 230 121 137 127 190 161 190 121 145 175 147 202 213 147 196 198 155 212 236 238 221 146 157 180 173 123 135 229 195 124 224 159 153 129 173 132 194 193 186 133 165 202 162 234 233 235 125 134 171 219 226 151 152 210 236 133 170 188 235 211 195 232 207 221 186 224];
        

nServices=71;
S_starting_time=[217 261 373 458 71 499 709 460 41 312 349 293 716 624 374 697 336 146 164 664 103 98 236 305 259 711 82 359 139 709 212 613 273 245 250 702 681 378 426 121 142 275 464 213 433 419 325 510 102 278 381 102 572 93 262 202 203 449 467 131 196 505 663 311 300 640 173 477 158 692 256];
duration_s_min=[117 71 95 78 120 83 77 77 101 118 114 73 90 111 107 65 70 103 74 90 80 104 73 76 92 107 86 117 115 67 89 76 83 84 75 109 64 104 95 84 78 101 73 88 105 111 90 90 66 95 115 118 110 119 68 89 108 74 62 92 87 65 115 68 100 70 113 92 116 100 89];
duration_s_km=[54 45 58 42 41 60 60 43 41 34 48 49 50 56 48 46 45 48 39 50 46 34 57 48 37 57 44 41 32 55 54 50 30 59 58 55 48 49 45 54 30 31 33 30 33 48 45 32 43 31 45 52 30 43 35 43 31 50 37 48 59 59 42 52 42 46 36 50 51 48 45];
num_passangers=[100 67 82 24 70 88 24 68 84 21 39 26 37 74 57 34 50 95 100 74 37 53 92 47 51 55 21 99 76 69 40 40 22 42 49 24 96 46 95 97 92 29 60 77 85 96 34 79 54 52 21 27 36 26 23 82 42 51 51 55 59 82 91 92 90 29 50 59 26 81 20];
BM=250;
CBM=0.500000;
CEM=0.800000;    