nBuses=128;
max_busses=125;
cap_B=[58 53 65 68 117 97 42 24 47 70 63 61 37 124 66 38 108 34 84 90 36 52 74 101 122 48 21 30 81 126 27 98 59 88 34 80 39 90 61 31 112 29 132 124 103 85 95 25 85 88 31 22 90 63 139 112 106 87 115 103 32 41 123 136 60 27 76 72 81 102 64 51 83 109 128 38 122 81 116 60 87 133 68 125 40 55 93 55 72 128 20 94 118 140 135 40 124 91 112 32 125 91 72 60 54 97 109 140 81 103 112 37 102 99 99 110 76 62 133 40 97 97 133 22 118 23 113 110];
euros_min_B=[14.179426172167137 8.190199623208015 6.010538217020538 8.353035599101633 4.479884277731115 6.688880769658903 7.005202655405095 6.682603300338435 10.02459755418428 14.771923883046819 4.041747896189458 8.906843132931034 11.980796199322025 6.399449322747903 13.313656068022585 14.965382556704967 5.137538570045592 11.68215448499853 2.2221065897999797 13.026630687054098 1.2782092880206701 9.009503830892337 8.90877361870894 11.509241945655921 8.617396355266045 11.36639367981195 11.71602684259731 3.777441730245779 12.755971854710472 13.699371208604404 13.972302019149563 10.843934954324292 6.422174790389046 5.512212299324575 13.474541039688521 2.077427283659755 5.278061390415383 1.1260382408090694 8.965167002505169 9.273820013268331 13.621853946204547 11.213937326666468 1.135921801399102 4.1239876296097435 5.87527300056282 14.93987827017918 14.130950146019096 7.046107989183846 12.287385630160205 11.163294781428442 8.316571601151725 13.166520071314466 14.240100874671853 6.55175289597868 12.10626113508003 5.980358710207531 2.000299136229476 6.143218723946361 13.64094369534565 8.957571234646297 12.540542815093133 13.48040491083001 8.898153273167946 1.7818371677359548 11.595376838880606 2.189179888627363 12.296792075373425 6.792169706651901 5.160483113126516 7.5340554966549105 2.0284222740768607 4.5015448074964945 7.347325257611812 12.035264694872488 3.165777306206266 3.8740780670125643 3.3928709467870695 6.1410624364146225 10.779189113243785 4.030727798262679 6.735442711256362 2.754353540613212 5.811574341213441 5.8448395957733394 10.828836837700921 14.850477159613737 11.51852939411235 9.712586079365972 9.820092632338149 3.894786295517462 3.267162412747255 7.020980469097051 6.726477021407579 7.606668016216451 9.829274644038364 13.677945699585024 11.304835857471993 12.01424024846858 8.63175325663168 11.218629553820122 12.66035266099044 9.685305551932878 3.7919232006300105 10.12078129278728 8.647417104861404 12.499938735463802 1.0719559456697847 1.9853017323089486 13.013522461616217 8.615856265071645 11.53275104153339 4.399346368997234 8.172172455196996 3.490471776078418 1.584110234828874 13.338429124396008 1.68332051318331 4.715766791598886 12.077995140292659 9.669970450409908 5.040987475193711 13.095363305975626 2.23529895996651 14.53438564539037 10.025207909577151 9.543567920850373 6.287061460508897 7.326734784820604];
euros_km_B=[22.680689142206198 26.194839410224322 5.870127485351282 28.873051160062673 23.24956077709292 17.360243428394494 22.17980540194943 7.1721751293272415 14.751177660093207 3.3943289046376397 25.323166103844894 25.410808861373535 21.79117761224865 6.68665242833127 12.375362561657724 26.270389403244533 15.401718976367153 11.707422261393274 4.24308955712653 9.730933927914744 23.757751509546523 23.590681469110017 18.825829821538814 6.4051070720631085 20.0803728137306 6.3014952352115765 20.737756086376006 16.117752066726077 26.647181107480364 2.570356572881434 6.950173828882911 14.58940905834201 17.346783185419454 28.925149688088364 18.474546558613667 8.804412720794343 27.665650305354614 26.080672260298435 27.217035003974377 2.577154503371973 25.821512539021377 26.72008505416086 3.089200414688002 21.974086909765862 18.74480021175519 18.655673972484596 2.6877960657717597 15.291784286898505 15.034894324726046 29.956435759663435 5.3077243462616455 7.902610744304594 13.724104589729349 18.3315426033869 10.2347199320706 10.11701480623728 3.206195505946173 2.04359355191046 6.214827775766654 19.071977060949443 26.782864038054846 9.232962856441608 28.41731580136318 19.92037284355567 25.117270492370658 19.314111118957772 26.093916771441716 21.967509178819178 23.012406514754304 25.534049140055945 25.34374087881135 23.85572973395158 5.6208455944471005 7.37116594390125 11.749662014646622 13.410514546829043 6.129247762611465 10.708392480474451 9.486327010564072 5.491454318618134 17.316868530555126 21.316338352739027 14.797026273678417 1.3659798074677494 7.608335075176758 27.719012804908882 24.44233316589982 19.936108037880835 4.146520132745906 7.934267186847579 15.08773690187103 18.78179978404941 15.459732504033147 24.735721815308544 24.269060761831344 10.438302385804427 25.945193136936542 6.383273205415507 25.04984033739236 11.034937908723983 28.74435540778892 12.536246364952735 16.584352698958874 4.3132072219009405 20.309549523422085 8.421127380639442 15.717002088493977 25.11028131305468 3.589897400467691 7.816889565809454 17.350065601605966 20.9931792311486 20.06464813319692 13.240586388322091 21.563485508195587 14.673142834877346 18.079164168940164 3.808223797496563 23.999376487551284 23.904325700799674 14.698349654423183 21.60978160022937 29.56490599727567 11.3986319382035 7.3018089211532455 20.441823350264862 4.842651004154057 8.520320211615335];


nDrivers=134;
max_D=[196 214 206 218 160 205 146 158 179 186 142 170 210 152 202 219 149 157 151 209 124 195 140 133 195 134 153 196 147 129 138 214 212 147 237 132 226 198 239 219 123 167 228 148 149 213 222 175 170 230 170 130 136 220 147 136 180 122 156 177 147 123 133 160 123 210 231 124 209 206 181 224 218 157 212 229 168 128 174 142 183 135 153 229 232 183 153 150 134 123 209 157 229 138 166 186 147 147 178 155 237 209 229 164 167 181 163 216 150 213 168 228 216 129 206 172 141 188 159 129 194 178 215 210 232 183 191 122 134 141 145 192 185 193];
        

nServices=135;
S_starting_time=[228 713 262 101 153 311 231 245 25 663 264 243 261 502 525 497 501 261 635 101 101 705 669 111 172 388 441 18 120 596 595 287 424 331 502 519 178 633 524 295 275 573 420 130 349 167 718 41 638 444 404 218 640 649 4 182 551 487 141 554 231 521 137 589 177 389 673 48 583 535 273 240 380 482 499 162 150 134 637 9 65 17 558 408 351 307 342 513 567 202 262 694 443 294 264 189 624 200 417 663 632 305 454 530 702 589 504 153 12 348 711 511 135 443 224 256 387 504 59 233 634 576 309 659 267 363 366 557 158 697 172 33 299 679 159];
duration_s_min=[109 74 67 63 116 116 61 64 119 67 94 112 66 118 116 104 100 60 67 86 113 89 101 86 115 65 66 108 80 99 96 113 65 104 69 94 79 114 69 65 68 94 83 66 79 73 110 71 115 83 68 98 75 113 96 78 100 75 118 75 101 111 116 88 99 64 74 104 61 119 76 118 113 71 65 106 99 65 101 86 64 81 119 111 73 109 99 79 75 70 118 88 110 67 68 69 83 73 120 118 72 78 112 101 111 114 106 80 102 68 108 112 113 97 87 102 120 105 113 89 83 81 64 99 90 71 78 120 82 69 90 115 74 82 112];
duration_s_km=[32 45 46 40 37 42 52 45 44 58 60 51 34 31 39 54 54 36 42 33 47 48 56 34 46 32 54 42 45 45 53 58 39 46 31 58 49 44 38 39 35 37 32 43 33 49 38 60 30 40 37 53 45 46 46 51 39 41 36 45 50 33 53 56 37 30 49 52 30 33 57 54 49 44 48 48 59 58 50 58 46 56 45 50 59 32 40 37 45 58 46 49 46 48 36 36 35 35 36 53 41 48 40 38 42 54 48 59 39 38 59 36 48 37 38 42 31 57 41 40 42 43 33 32 35 42 52 47 60 35 32 30 38 44 37];
num_passangers=[53 46 54 97 48 48 82 66 37 54 87 63 79 28 92 29 58 49 92 95 41 36 32 23 61 66 44 53 94 20 69 74 84 74 69 30 94 80 85 21 96 86 39 39 45 30 27 25 39 86 71 71 46 59 84 36 70 25 53 29 67 53 43 59 31 37 29 53 42 44 74 44 21 84 38 94 69 92 93 51 27 82 70 77 93 45 77 92 69 85 37 87 20 32 51 38 75 47 31 25 32 35 66 95 49 53 42 55 32 41 76 38 75 90 33 45 59 61 68 79 40 53 77 52 21 28 89 51 35 31 61 50 59 20 23];
BM=250;
CBM=0.500000;
CEM=0.800000;    