nBuses=102;
max_busses=96;
cap_B=[20 134 55 74 132 77 110 128 32 72 118 140 91 60 70 133 105 47 34 138 39 95 88 132 51 53 91 119 30 59 81 108 40 100 37 62 31 24 21 45 27 69 73 110 84 84 48 128 86 138 67 124 138 122 57 139 104 80 137 122 103 115 118 25 97 120 75 78 36 89 22 86 131 45 98 124 58 24 71 32 84 49 130 86 53 84 122 54 119 57 91 55 135 123 36 62 109 92 88 100 65 75];
euros_min_B=[1.3844399650125083 3.3469579019640214 14.56339375185127 2.7405141736403476 14.499389356909358 6.358359283884345 2.489329673894708 3.8986803474669203 1.1229345215143838 2.7432896729233835 9.380937256037644 12.357490018934923 6.088611929123971 7.349895053605344 10.520626339344844 4.457624560750783 13.700772393154958 11.380500824858169 1.0129285636745882 5.066567341705509 3.9525909184494026 5.9323423383216065 8.02117762294835 7.589403900032666 8.098584678446215 10.4654142617383 6.913300359715674 13.386056220543827 8.6970641498592 2.493210405713703 1.8157621350791997 9.968924340672453 5.26066763608033 5.1484325146254815 4.49362356774702 7.64427778875813 2.0081706750003305 12.07659672194913 14.781733795766302 12.783137117884277 6.32362905345628 1.3018830458501027 10.785841724121614 10.96815346328022 1.257622908721629 4.47465483599807 1.9532234079237412 12.646091987187697 8.023711492203885 7.967825580704537 14.787506951023653 14.385943449167415 8.016316244509303 7.354911904828522 2.063084046908066 5.946917721753021 13.326346488100175 2.8806505087352483 6.879830311076335 12.847077105772184 4.064975175013336 5.193362376188523 5.319901420771101 5.03740559744293 3.6683086546806405 13.386901182881498 8.741302695047395 9.192832880590112 7.881961965554951 3.6843937371288424 2.4312930436289175 1.5956473897537353 1.564237845494979 14.491166327651602 8.71198231038055 14.71541141978429 6.712663858295997 6.919419478034817 8.599339875587997 8.459534028447786 14.871979206135467 11.020680560907504 7.714721959636897 13.478767961874885 6.138003564592221 4.212897944485258 4.247535581769822 7.225013364002775 14.345659020498546 10.35703912392104 5.394983908199048 13.95891765729001 9.684324223595464 6.166804581203661 8.03844659584649 7.0678840936931255 1.7559261295475999 1.3663002104913173 1.2318444418723131 7.31589304539996 14.005837772661785 12.822280014522315];
euros_km_B=[9.53134739997993 16.159977164995453 9.189285260159934 2.252979744788221 2.595372471679458 6.657702023523367 14.585040853875308 18.50816281838115 8.723053659727022 21.339600108891762 14.31761914152114 10.658394017921593 14.443468596335254 17.794464730058987 11.545063070686492 5.237674079697188 11.04433231363131 27.313148623586077 19.451470841975848 11.421395404738346 29.023855259466778 9.990029746129602 2.834189224461857 28.882343623149648 21.8486321886597 11.780193613950008 1.3336013369647663 18.208186081083138 2.732821711506329 22.576394330729254 10.948609319984843 9.763777907706741 21.801504359471576 16.946107792787092 8.91944269566956 12.372637528922068 15.158603685648645 15.420804930765664 19.770594181273253 21.290155957959684 11.323125715921345 5.664187127373932 5.559104181530041 9.971644272904156 27.162983419072024 25.748130707136358 10.265179171306501 16.13901632348292 11.177519762696727 26.41475528850971 14.451204651878895 10.250831108874904 27.930626137634338 17.628429560239272 15.527840343810926 6.564618317380235 28.24375988513597 18.950762404697176 11.230882086981579 23.774012997741746 28.399273589069324 7.035830376759995 25.272634118365684 28.371902280548287 10.969926328708057 27.009551606760304 13.463684238185124 21.004525338118224 28.89157175335644 12.220805150110621 3.354033712560673 6.353331719380172 19.196819111980638 12.887133685829689 24.115498946536604 27.63179927630622 19.086981624281275 25.189005977048204 5.2925359054907215 11.596151676542476 11.51720886959578 16.227143194533603 26.292482319967295 5.861900035149474 27.348743026850347 24.58267179701026 3.1424404551642344 9.528030846764066 19.07241653975309 21.348263245451527 11.795548088591218 29.20280903486834 21.826340139097386 13.018418614323368 28.47389058775971 15.363965083418687 17.859874214879763 27.919974245043495 2.1736553848591513 6.224399191679528 4.0684809950845375 6.967389690313159];


nDrivers=103;
max_D=[234 121 163 138 220 225 134 139 150 189 151 125 157 222 123 217 218 193 191 125 154 212 142 132 144 181 159 215 196 144 203 153 232 185 162 181 126 170 163 230 210 228 212 168 130 170 148 191 207 121 122 216 230 170 206 127 142 220 143 139 127 174 180 199 142 179 181 229 213 239 144 228 214 202 188 141 152 228 171 169 206 180 148 150 230 141 152 152 196 184 154 232 163 172 231 140 191 233 230 191 161 205 165];
        

nServices=106;
S_starting_time=[598 533 418 561 213 600 484 294 449 407 111 521 14 450 9 682 658 568 92 231 302 426 636 126 588 44 163 397 91 215 231 225 342 699 507 333 495 85 675 610 442 669 542 268 659 333 153 36 148 133 151 364 418 419 158 44 504 627 88 569 642 232 166 483 509 164 124 66 374 13 3 552 466 61 681 281 52 614 503 467 386 586 227 185 176 644 212 355 650 111 656 130 2 64 148 168 459 99 609 607 678 297 327 327 560 271];
duration_s_min=[74 63 63 78 116 76 107 119 106 100 118 94 113 102 112 117 120 118 75 78 119 100 62 97 108 90 96 104 113 115 100 91 100 115 118 100 104 106 118 66 98 82 106 79 119 62 91 92 102 113 90 113 74 106 71 113 85 80 108 109 110 109 92 104 106 112 86 100 106 75 100 110 61 112 67 102 93 109 66 100 76 120 95 81 115 118 97 89 88 103 64 64 100 81 86 88 66 107 117 115 119 111 107 69 60 89];
duration_s_km=[57 60 50 59 35 33 59 32 38 40 57 37 41 30 40 59 57 38 37 43 53 53 31 55 47 52 55 60 54 53 40 34 35 43 41 58 51 40 43 55 53 35 54 53 46 59 38 52 46 33 41 57 48 52 50 41 47 58 48 32 31 38 43 58 43 53 60 56 55 46 33 46 46 38 53 36 33 44 50 33 52 54 53 31 56 57 57 59 47 46 35 43 55 51 57 60 34 43 35 50 43 44 56 55 57 48];
num_passangers=[40 57 92 57 99 86 95 72 87 59 96 88 99 50 47 53 25 81 25 38 99 56 50 61 82 48 67 26 62 96 23 97 81 31 89 72 88 95 85 100 26 20 36 83 47 39 78 96 62 64 31 94 78 58 68 84 74 98 49 48 75 39 82 69 32 29 57 60 44 57 89 83 40 87 98 68 71 90 57 82 86 83 22 56 46 20 35 63 63 25 77 72 41 22 62 77 84 74 52 99 39 86 70 65 85 38];
BM=250;
CBM=0.500000;
CEM=0.800000;    