nBuses=122;
max_busses=113;
cap_B=[85 132 87 59 79 137 69 102 36 83 82 136 127 80 56 85 91 78 105 21 31 130 20 120 29 86 96 127 126 106 121 114 137 21 91 59 39 110 140 102 27 35 60 133 20 132 132 57 40 87 126 23 70 86 122 111 57 126 118 140 43 36 59 29 50 54 81 52 133 47 54 29 35 55 94 66 81 67 44 61 36 124 113 44 40 121 50 131 73 129 41 127 60 94 121 68 86 58 86 66 84 54 92 116 92 86 57 124 97 43 102 30 104 104 120 107 100 110 139 91 71 42];
euros_min_B=[5.645333548784849 1.7146232670978132 10.858207841984735 1.699572757699315 9.62105928125841 2.4416832350887683 10.285107727496968 8.366646293955156 11.14407362716752 7.63868558142563 1.6883121744397322 5.797787495436067 13.087479029839063 4.696880055487907 9.24630775898389 11.531267394974291 3.4692205841838835 3.7826661135687294 8.98341200202304 2.4531249929799728 6.324941273347374 10.100619487748975 3.765458390047274 12.919633510851664 3.418332663993443 3.2281721659152485 10.986409446935516 11.250973858343226 2.011741104714832 1.778524483570623 1.6723886092247977 9.66261900105558 1.8433743532183209 13.266535457425725 1.0636482813523371 3.8310990339201494 7.9265458026330355 1.7939118523479878 9.655856940256175 8.06984920769557 9.32312243767387 5.939538438238915 14.108690814847666 12.125929557632134 13.017515612259025 11.754286152091348 10.359176066924418 5.726418016374398 12.591381519211208 5.9865275840711565 11.329784884002112 11.262376862811575 14.42481095630489 5.499773820457398 2.745368360124383 14.463101200823827 7.923970533188807 10.920777198145947 11.912380854511014 12.456377253939662 1.7641794912783966 4.663265505847842 10.36943828103707 1.397978581127004 13.726293474208527 12.452361959787043 14.015810491331285 7.070458546148481 13.026728841870796 6.794858784374662 10.923326409152615 3.07411912645676 8.600014180602825 4.285888465352143 3.092757605417847 14.626543224008746 11.89483880838464 1.1457855857639607 7.895796098250342 14.540285785942716 11.204246252203916 5.80585300658902 7.176389312599348 13.789560026557584 7.317513405940694 5.688140856607855 11.692918907889359 3.055159033265298 10.186085560693881 5.235230334507817 11.934346689424325 9.77144403998368 3.8359428643825346 5.813435020366312 1.1454448789492309 11.571590271765306 12.252224560715646 4.293769851480372 12.02107675608988 2.1194027109746 3.775550335553829 11.705786261818192 7.267550352814282 10.300255601099876 12.733536460698982 3.664148873441775 2.7642417889328197 8.917714894871569 9.1042826154423 10.01205926948687 1.4427180419034822 13.509543732480964 14.825498234995118 12.19143617370301 11.32101346172233 6.094793876593309 10.231965402522537 14.150373862007802 11.101416244354265 13.94419751842128 7.104405436827248 14.827663635378869];
euros_km_B=[18.830501608877395 24.0991118295559 2.130239797886336 28.966726999610263 11.785542665231866 14.542201783400952 7.939410499249565 4.704010850909418 20.15361925222923 18.829502593688893 27.988189740063927 17.759796928473325 8.799284146348025 22.255629100860858 19.420168976084543 13.953020695174832 22.09072055148904 9.645692821265204 9.876641426495164 2.367532832865071 13.523357895448656 1.1350614283957523 19.216727087299557 1.5735839731790002 7.561526263124195 9.949441467886178 15.012161587178717 5.232567481035993 24.87261823979729 18.365958690984026 7.748402818764682 6.9275632691422215 6.102307730887421 25.551086405077392 25.407331040212913 24.673609879469844 11.391678260135077 29.01209871092267 16.346758422559724 17.191389773114313 4.106338850435487 2.472093148128934 26.965523761069797 2.7329757681484685 1.572677821553793 24.121674020716615 29.08137068546499 14.19624509073537 19.697929573126817 10.074021308946756 21.077428667670357 3.1088722495008474 24.24120269482278 8.790339577566344 27.520789491275647 22.544708893122667 6.601314087736763 8.097402276972312 17.516446695977052 28.95684446903941 5.4063920232237495 27.391660167617534 2.2499583642079006 16.65091886360039 21.628523324789235 2.021943953713529 21.052171911458117 9.938060887212872 11.687055380767875 17.095560310260804 15.47295942651006 8.136654836496053 15.002949826524643 24.342367217560433 11.900256756904586 24.288209160521113 26.92332275605668 25.339740975809182 1.8309689046750564 2.7451323480698084 23.447757968170215 2.951076038732074 25.94425096674059 21.845697509196512 14.900386683647925 6.2375305749411725 20.39407156714565 8.672684418208576 5.272073690669975 14.719119703854982 11.260478252870715 7.460539164293052 1.4593180064047249 24.07258149797398 2.356559725423386 14.776032940600793 9.57947928813161 22.476728838294868 3.814364670962939 1.1674233100253633 5.027235015616757 6.314762553210962 20.53425587820874 24.459705155096586 27.944046648668884 28.57706972796226 19.14753230918107 1.8512053094028442 29.487146805802084 14.337533785583862 19.14682740344162 10.184188268498204 27.46531510508898 19.490439891209167 9.218730174922323 8.125919634409806 24.219812324461675 20.754240059279166 18.77005360490798 2.8156366218966804 6.312530659262419 21.197577785931426];


nDrivers=120;
max_D=[168 127 218 133 132 175 153 138 149 173 233 199 232 215 224 149 157 220 135 176 134 197 122 234 206 129 182 238 202 151 221 172 172 216 193 187 194 198 175 237 160 140 162 236 145 186 167 154 205 138 158 189 161 193 162 154 125 196 204 198 230 122 133 156 223 175 234 126 121 168 129 153 221 129 196 174 176 142 200 231 140 200 128 147 126 133 157 205 136 181 134 167 139 135 141 172 199 138 215 194 184 189 206 208 143 177 203 163 195 208 175 221 142 165 193 214 198 192 229 121];
        

nServices=126;
S_starting_time=[392 656 406 70 665 106 185 699 252 101 717 52 155 522 521 13 540 616 194 285 96 175 184 28 359 20 184 219 219 50 285 650 241 565 260 210 520 710 693 490 610 61 567 523 256 137 622 283 710 222 325 34 547 416 205 14 481 291 20 61 23 301 663 68 69 564 569 538 309 702 117 618 472 84 208 381 245 227 178 167 675 571 403 58 219 293 620 173 21 681 540 256 172 434 628 360 164 137 339 242 89 212 458 603 360 351 178 716 452 293 71 360 353 543 339 319 179 343 235 14 259 449 164 652 424 345];
duration_s_min=[61 63 103 60 109 93 84 71 72 92 95 102 104 60 110 73 97 71 87 110 120 110 91 63 62 98 91 108 119 69 96 76 94 61 88 70 97 102 69 69 72 112 83 111 73 118 88 96 69 113 84 77 75 103 61 94 110 76 106 115 92 104 105 93 85 85 116 87 63 117 104 69 112 114 116 69 104 83 93 62 65 81 102 84 68 104 69 120 62 80 101 119 101 118 86 67 64 94 82 116 114 70 112 69 81 76 96 103 98 62 116 67 61 73 91 77 104 103 110 93 64 104 77 118 120 90];
duration_s_km=[44 56 56 34 58 37 31 42 50 34 40 47 59 41 60 36 37 36 47 35 40 42 45 58 42 47 35 54 53 36 41 59 48 34 32 52 56 51 36 44 59 51 42 58 52 59 43 39 45 46 40 34 42 38 47 32 40 39 30 46 46 30 54 54 55 36 33 33 52 40 47 38 58 45 30 57 32 43 38 33 47 60 33 54 48 33 31 39 36 30 55 39 33 32 43 31 45 56 34 43 49 55 33 53 31 31 51 43 48 57 33 51 33 59 35 47 43 35 32 44 45 36 48 30 57 54];
num_passangers=[88 21 21 38 36 29 53 100 27 99 58 31 86 85 93 24 36 94 70 61 22 79 96 99 29 96 92 76 85 41 32 41 48 24 47 63 100 37 23 73 44 51 27 76 26 90 34 67 73 28 35 25 75 100 37 32 20 90 65 72 51 32 64 41 20 40 74 96 85 24 61 92 53 76 20 80 42 63 48 67 82 73 26 79 39 31 21 61 96 21 69 72 96 26 100 50 48 90 29 62 38 62 60 66 58 93 41 68 88 72 46 49 82 89 53 90 28 91 46 39 28 77 60 82 42 70];
BM=250;
CBM=0.500000;
CEM=0.800000;    