nBuses=90;
max_busses=89;
cap_B=[53 82 126 63 23 78 108 101 102 20 31 94 79 101 80 80 91 35 84 26 86 76 76 92 34 27 44 106 20 98 140 140 27 74 139 137 23 67 28 109 80 132 56 98 74 133 108 136 61 30 107 133 71 103 79 26 44 37 109 36 101 52 71 46 43 88 104 109 28 96 45 39 130 54 26 62 105 27 91 117 45 30 140 68 47 112 126 103 53 107];
euros_min_B=[7.0486862155142385 12.413480318397474 6.411343636854977 7.051748065722275 4.8095956297953695 9.648225970139336 1.3707247715263877 11.964432849817399 3.80787670399175 2.864704528364356 9.539963461678164 2.5563617321209344 14.049512066399139 3.272814632585974 7.518143600489001 10.644122465963228 8.525124530093308 5.847683151554436 7.077686272258651 10.554352953966857 6.71578913664119 2.5013018422987354 2.9642747083801413 7.376736610359646 10.244794873035397 1.7628179010164364 12.134366298707317 14.705677836257436 10.099534451060471 6.74121024223704 11.820099007279811 10.97243490749504 7.47755743454105 6.840257908483262 6.656342709629854 10.472600303240526 13.886663473969886 8.637928441444618 11.845922234257548 14.604852642773091 3.669692689051289 8.117043616293243 13.152585594050597 9.780306855527646 7.057579485703474 4.283698121835792 6.0108014083581285 10.532239345700145 5.988973181865154 2.2306701370416007 2.7465004778794677 7.651307300258356 10.48291963202147 9.79141851031316 9.964669654801588 4.96162097895494 7.1185300759619805 11.306729473319034 3.3187513490158507 3.778772324847062 12.127312814709255 5.960419036978679 5.455940170149081 5.708266045897002 8.277069982848017 10.782629900426725 9.541363550995365 6.457339620787598 14.166321168019033 4.377442418155259 3.8865665252948896 7.534750218898199 2.2164034617951853 9.835181449960245 14.86146225654586 5.9883327491184195 2.133867426680064 2.4949409866613568 11.483443026544787 10.83412835378101 14.289735409895687 14.554674508252583 5.7462861175260045 12.615017662115815 8.605457408170933 10.006088297694113 4.870821468749396 1.5778193392887894 13.169420769543246 7.264233233163164];
euros_km_B=[6.2044794054685415 28.78737621791762 7.637625301092876 28.72242852024151 20.00074415220843 27.231647491401148 29.97854496316916 12.163310616146337 25.664534779639393 18.65875029125367 23.150194920070692 29.365703759735588 25.826487788851193 17.742088616795794 17.77974493783041 26.01049794448296 12.915531958505483 28.875241722374295 21.68413660128158 8.126704578340261 20.106800903315484 12.069396655674431 3.0967363381145843 2.5081654581962636 15.593644828528285 12.5458102296993 19.836949730604957 15.73380686446624 1.0851728143942656 15.134188027548937 18.983637400503092 25.26974494664004 27.42590020010287 12.392851656242325 15.170386453205271 26.415613470529447 7.53896673573629 20.860709210824496 1.1439246098113909 17.37772926585639 17.831483732445733 4.110533392994304 17.862309536910406 16.70658593820008 11.959373552145626 27.315981617915803 23.789100300275123 1.0010451676965917 13.244619214117597 20.732727433933597 20.69089435057617 15.989633274417296 5.812786591994479 8.343392425515407 22.42239444196761 19.320278180871465 20.52394927183903 25.969086372446633 4.468015130239731 7.316358288225868 8.27122541022997 16.906485119946502 8.199109090670605 15.969182177178187 23.80374250014719 10.194363085251931 28.520803832281505 1.9937893091546006 21.730505387499772 7.55627904566551 3.8456728663437314 14.031167919139069 14.044169137672414 13.464656141003978 5.078090765108357 4.632986508852806 25.235601050025352 16.826082180492776 26.305399419408033 8.096346643062219 12.437521948573478 1.0528038236396993 16.846249339412687 25.03652143423243 20.677953422253243 2.8545368626371683 5.337349006262263 25.42464260100582 18.543599808635978 18.03251226303628];


nDrivers=85;
max_D=[179 178 202 172 154 178 191 217 225 149 147 123 235 175 173 125 133 229 198 197 216 194 193 123 143 127 148 133 133 183 153 167 125 196 152 162 187 155 129 217 202 206 206 234 139 153 146 152 136 184 145 182 164 231 201 201 233 127 172 194 238 206 170 216 191 201 201 226 156 130 213 172 209 198 135 123 161 197 164 193 172 181 240 167 234];
        

nServices=91;
S_starting_time=[573 362 459 198 351 126 163 671 161 118 119 4 451 553 492 582 74 416 187 511 596 81 372 654 399 39 283 158 489 610 460 670 461 532 715 36 495 502 552 398 203 230 580 414 287 325 543 198 534 450 716 691 557 597 48 104 603 67 677 479 667 650 74 605 40 218 330 416 343 323 572 5 55 672 234 544 267 109 401 339 413 424 499 86 372 4 509 683 471 171 644];
duration_s_min=[78 97 68 64 95 90 90 107 92 120 99 102 71 116 111 70 110 62 106 96 61 106 76 73 67 91 93 86 96 98 98 114 100 97 105 109 99 111 119 72 79 70 69 62 106 108 75 70 85 112 102 119 111 74 97 112 108 106 90 80 67 77 108 111 76 70 68 118 119 108 105 78 105 78 106 105 102 120 106 78 64 104 82 60 90 109 114 64 66 64 80];
duration_s_km=[36 35 50 46 35 47 45 41 43 51 46 49 58 40 54 45 59 52 48 38 45 49 43 59 50 54 56 48 42 49 45 60 59 57 54 42 58 37 36 38 39 33 57 55 52 32 40 48 38 30 37 32 39 36 49 50 42 36 48 50 51 40 57 52 42 35 33 30 53 44 59 48 30 60 42 49 48 45 57 33 55 36 37 48 44 36 48 37 52 57 38];
num_passangers=[35 40 49 72 100 58 72 44 55 43 30 48 25 28 60 79 42 97 72 31 71 74 69 55 44 48 88 69 20 64 41 100 34 65 64 22 48 42 87 32 61 81 79 64 42 57 82 35 83 45 96 87 42 93 65 79 54 47 20 41 44 28 37 92 25 83 30 21 53 83 98 61 78 20 89 42 56 45 72 21 89 47 88 74 96 71 32 67 63 98 62];
BM=250;
CBM=0.500000;
CEM=0.800000;    