nBuses=126;
max_busses=118;
cap_B=[77 88 45 63 139 31 86 86 130 32 106 34 95 83 43 83 76 103 45 127 31 107 76 138 112 109 57 47 79 37 112 96 75 130 78 106 115 86 65 84 65 27 115 60 127 98 71 102 138 38 123 45 91 93 124 89 87 87 101 75 63 59 109 53 79 81 61 60 97 87 87 48 63 124 124 55 31 109 136 58 94 41 70 41 71 133 70 67 37 121 94 42 28 51 56 120 113 83 81 111 31 87 86 98 122 48 97 135 54 89 138 127 56 119 30 81 132 135 114 83 120 101 127 131 60 114];
euros_min_B=[3.198655997528479 4.888312115967807 1.174917310278513 10.102502800382812 4.896574175363666 9.098659688420035 9.196689610710488 12.56255078421045 12.066863574460584 3.590312675764281 9.351560662528069 7.882070463617459 14.966003502942446 11.484714004319544 3.503306082943233 9.418971396844507 1.9284335918380922 9.36320906434781 14.81398417014555 9.678900888735953 8.828317050891368 14.755184121129506 13.771104247425072 8.944395725242998 8.440304376556112 7.14626983436546 6.024205061205938 6.332222093483881 13.891122025105252 2.204433681389892 11.832298376938393 12.111135798543138 5.312141113910555 11.154272627651368 11.09946865689769 11.431156571892434 9.871461841003088 7.563004695645743 3.573944073114098 6.600879220594212 5.235206627520786 1.482122368029821 3.9709336675217592 3.360483384122885 1.877679110250859 6.156430784337911 2.1688696699692014 7.518599270657196 8.813291029873751 12.022353665951748 7.007903116865628 7.516696392988756 11.510063551497154 3.797056086643436 1.8828755495448783 4.377649197782362 5.216061550183971 10.431239039239514 7.8252331862239135 5.174142814467216 5.614995217264392 12.314311730369761 6.106701553218781 10.041358644238677 11.26864639144067 2.801439165653762 6.71027384663462 7.262362079983059 10.702135812542164 1.2446391551752016 8.608489017048514 8.288511242271008 4.43611032402345 14.771922986608173 13.413321996644603 11.636926191884278 1.301779965806013 12.324887828065812 7.067277568893475 13.524918040945849 4.341876492267996 5.238090231498968 13.34548555505104 9.485034192000558 9.374202968065406 4.182037684395146 1.9858885402686162 12.002362613090801 7.334332480410907 9.516818230815039 12.973854627124755 12.697841092932448 13.63057834035928 3.0160012361197492 13.708884831987346 9.465160554546486 7.9090359575061395 3.4505005935221114 10.310419193547089 3.877902711332859 7.514927837220953 6.826795957854487 1.6353297718630728 8.570637449599616 13.833192207931138 13.998659597153393 4.679718587864051 12.331286422017875 10.517756951123499 2.4046223370891413 1.5703590018649995 8.492955731450092 5.135878343062278 6.807187310330137 11.15800024113976 9.024959641360896 4.837408213444737 4.710539202764867 14.380287753924247 9.844290666080306 5.087268054035101 14.089765411413254 9.512937521240978 1.1445991253779104 5.254866997724414 14.489272294437265];
euros_km_B=[18.858688685129017 10.583968329801198 19.29838166352008 20.410171446744585 4.14034682654373 25.542928755529008 25.365111055610882 2.3392626243016292 6.815870947407106 13.162534558426191 14.910140536369436 13.139782701369 9.250829872942424 29.43124002036758 9.387728801163053 27.337291478192306 26.449968413305943 10.783297631376737 21.247879095669376 15.008994060556146 7.797621782443555 3.8456161230801253 1.9232847314130517 27.700487766284066 25.79681702736524 11.325323640678715 3.985134583978526 27.529362945177223 12.655867678771004 13.11881480154446 19.8512311353171 8.374684491142279 23.510730029820255 13.978085404384935 25.60045733644658 27.6553854797317 4.754506947153365 21.610712385657223 25.780823558933868 28.266870337495156 8.299341520217446 10.785691862522528 2.583620650494671 25.182188454522908 7.307609388956745 16.54342834748937 14.38833243510796 16.883569168945336 29.518072507318507 15.106878758192034 14.208391908161069 2.841713976458344 25.30315283047402 16.418200628423406 1.6843340594607104 18.01127504284702 8.441951565994597 14.818169433586307 4.579212370750348 25.82065563192678 18.352287102545738 17.78750950419954 1.4827433951343267 13.256788996520905 6.743421206357568 23.079424013308987 6.103472325740048 19.49790795733323 23.41637725221043 2.142380393443295 20.050000666492092 17.248078300310013 10.987783581256439 23.58948643273567 9.896392404518345 28.106160161111838 8.970999627109725 27.339169848077578 15.551531761798236 20.67251640333743 17.461669714922046 22.1280283065797 22.43397819954346 16.414073173869703 2.0472075046612055 19.815784384839816 12.21077574238502 25.535934174337623 18.761989496925224 4.397185436099859 26.082727943609733 5.047518901202338 23.028980627304332 22.954541047069064 13.356237386104418 28.307624498722245 14.39190998237176 20.935189879568014 22.793119190727833 2.598509169600376 25.600908786827546 24.008686863985258 28.27112578792649 11.468440773223513 1.9631952157423225 23.677545748742876 27.119366796175242 25.10186630354382 19.35432677880798 12.200032362604494 19.844234686284086 13.366985129518326 22.989638733292868 1.1247599490825895 26.051260460884166 26.12131465787916 23.716105937532433 21.921964010454925 9.684934531476088 25.800834009544946 6.475064363434499 9.517083979193904 2.194476804547467 15.882332982393297 8.943668082737112 8.802631365369104];


nDrivers=129;
max_D=[183 167 195 123 191 218 130 191 173 193 125 196 146 144 164 218 183 130 195 223 218 129 163 204 142 191 216 128 202 199 189 128 200 141 130 229 187 197 141 199 214 161 149 146 231 198 205 204 209 135 149 219 122 156 169 220 176 230 129 232 124 124 169 186 129 190 206 133 128 163 128 230 239 144 216 123 220 196 177 129 146 228 179 220 142 235 214 163 233 162 141 155 167 129 145 198 148 167 180 204 128 240 136 153 151 138 166 202 204 163 199 136 154 184 226 177 132 212 152 175 125 189 146 208 235 188 187 126 165];
        

nServices=132;
S_starting_time=[452 321 232 346 492 683 645 409 42 258 606 694 188 529 355 306 79 439 210 622 521 247 224 84 250 381 303 277 409 597 554 357 274 74 379 428 451 387 363 388 34 627 406 311 152 591 569 11 628 114 129 607 607 313 273 613 316 46 692 401 32 621 207 433 257 491 123 86 595 625 603 415 682 109 86 71 429 680 471 389 496 694 523 538 644 261 703 265 71 581 305 583 256 83 527 577 639 565 209 694 278 154 445 435 98 356 381 137 192 224 675 526 186 696 208 604 11 394 5 710 32 39 532 291 657 665 399 89 647 141 435 539];
duration_s_min=[101 93 92 62 80 100 65 73 64 83 102 87 105 98 112 82 111 112 118 66 81 67 112 117 66 74 116 69 68 92 75 66 104 75 97 103 102 111 114 104 95 89 77 63 91 72 75 114 80 99 105 86 62 110 84 97 118 64 62 66 69 106 107 111 86 63 62 79 91 61 72 117 109 71 116 88 61 84 94 107 107 98 82 93 104 62 79 106 97 97 103 68 100 112 82 82 102 111 60 78 90 92 110 63 102 112 119 80 93 81 97 108 96 70 81 78 80 76 82 89 105 119 61 104 107 67 98 85 68 81 111 106];
duration_s_km=[42 49 30 55 45 42 34 40 37 32 55 51 49 50 41 33 41 46 31 52 31 46 55 32 51 36 37 35 37 43 30 53 40 39 40 37 31 53 39 44 42 51 35 46 47 47 43 49 43 51 49 39 38 44 54 56 60 54 30 48 40 38 49 31 41 43 55 35 40 49 46 38 36 52 53 52 55 35 44 60 34 53 52 34 57 37 32 49 39 34 46 33 34 52 58 57 40 48 39 37 60 34 33 57 37 33 57 50 48 47 60 55 50 54 35 58 32 38 51 33 38 30 59 35 60 37 41 58 42 44 44 53];
num_passangers=[56 47 28 63 83 84 25 92 57 26 41 58 31 89 71 72 20 100 63 85 74 90 36 73 79 60 92 32 83 23 82 50 71 76 32 92 99 64 68 55 82 82 73 98 72 56 91 46 85 36 50 51 29 53 37 91 94 39 62 37 20 23 96 75 77 99 92 71 87 56 97 66 32 24 76 59 60 41 54 61 46 73 27 47 75 30 44 81 85 79 25 25 73 84 37 91 41 26 78 62 43 59 56 44 86 80 64 66 53 62 89 87 98 69 60 27 63 90 73 71 52 73 52 84 56 61 82 46 99 70 69 99];
BM=250;
CBM=0.500000;
CEM=0.800000;    