nBuses=82;
max_busses=84;
cap_B=[56 38 24 108 57 70 124 127 117 64 48 116 92 126 133 90 72 117 95 86 37 30 44 137 48 98 40 66 39 59 95 96 66 53 127 77 29 34 71 60 74 105 138 61 83 37 71 29 39 33 31 62 59 110 34 68 133 20 62 43 79 75 100 99 126 114 92 61 60 120 79 68 42 108 60 68 48 134 121 73 33 126];
euros_min_B=[7.438462463895675 14.86780162654031 2.810787148526126 7.944915255325538 4.4914096569231585 5.597054058454132 1.0675745125367249 8.668338937854383 8.25461835373335 2.415225878746282 8.75560360468698 7.757204634530373 14.477058040852427 5.6998132661078795 1.834904410644022 10.582350449861716 10.971662460377509 2.245876406298593 14.180536879407695 4.380652401396146 8.740936733648468 9.982080658078297 3.2954753463731645 2.482295308798327 11.806714224257929 3.9977241970961526 13.336217043337342 13.107244129254543 8.88523543617637 5.729697205441631 3.4426039132732833 14.81333455634234 12.828559427336243 5.159576101067219 8.833102206875557 2.8447615126848884 1.3454329994620957 8.203039711149582 4.472090401399891 2.5953784964805413 6.251531418426846 7.351840612001628 11.544827356593338 8.031662413259703 5.915615319559878 11.486647195248 9.557057799103847 14.161224176862499 11.819471086675614 2.437916739705237 5.915176906137511 7.657208474841565 1.1283064149145305 4.9882605812366885 6.278819466670415 6.9724579763951375 9.621297419695548 7.267789181420717 11.19236791507919 2.87449909191395 10.173029873682541 3.050187982247127 7.793042613575691 11.797693002407533 13.169870932337517 7.70117898544541 12.42940524998092 12.560235083003997 8.794094544998622 13.262365881605174 1.4887145997626823 1.8291657881342365 4.254778821303996 8.357821996049825 14.00038093650042 7.063043605765889 12.661367639628256 6.83635813021063 9.864585423038545 1.4101856938471715 10.963604764252294 4.724456291279692];
euros_km_B=[15.215425854108227 13.638506711493807 9.315044356906501 21.32015718193326 7.210489397889841 22.699841852145074 17.3165184784226 1.6981494427270372 8.38665444465868 14.169259309273688 10.684436708294044 28.516461369569043 12.094529856964906 17.913542035646966 26.35315041504691 16.52073932998033 13.119180636121042 27.656892747236217 5.819516430854702 25.69801556166692 16.072573513401785 12.546838251629302 23.7804881601721 23.942009505766524 15.050137033478716 7.054663014116311 4.13314919459541 5.444421261869316 1.0852439568253336 2.791075683982002 1.5311934945743297 7.435488200052147 2.4986376965771493 27.829974415043537 2.9438736805089656 20.596667521721912 13.009518035998113 3.0608878431699407 16.08713661904836 4.821347592851116 18.222827807492266 29.801219736767337 24.137872644968404 28.382884064700107 17.269287755766943 19.740887251465484 23.887651886129863 19.139753782461938 11.588900131578123 7.483334007944405 3.6913273456991815 23.27597557610766 15.14272213689679 7.5424671271845565 20.586479853381732 21.682710456625212 29.405782777710165 17.927381664535936 21.529279527928374 13.312221806204743 28.138109879577257 3.8936604047733026 4.508284155869951 24.108383468301863 19.577347359382614 1.6403440026214973 15.003906778191581 14.388540670518681 27.73020628025859 7.198641724430214 8.906723828697567 1.8323884651535174 14.617730878842876 9.761973391184192 26.049993416792688 9.051312697600306 24.323810248269705 10.696645700310144 5.259638914201497 2.022856518947495 16.983780610872454 25.664389673374828];


nDrivers=79;
max_D=[167 221 132 197 138 238 145 165 129 204 239 233 200 237 188 206 189 176 225 151 142 156 240 141 142 171 202 186 129 137 126 177 225 186 188 199 147 199 171 174 231 204 166 176 139 177 150 182 141 226 188 128 183 216 156 159 191 147 182 168 132 215 151 209 215 140 144 238 172 162 224 184 170 215 125 226 200 182 154];
        

nServices=86;
S_starting_time=[247 388 428 64 677 16 241 399 521 195 363 74 312 715 566 527 286 372 324 212 243 582 364 435 215 165 595 700 697 713 617 551 222 523 617 589 253 600 455 653 538 553 2 127 465 413 276 631 267 631 567 640 615 147 715 510 247 515 567 505 634 291 406 335 295 481 678 140 191 497 671 129 217 92 112 516 526 545 89 584 359 689 315 241 427 720];
duration_s_min=[120 101 83 113 92 102 93 103 79 108 84 70 100 94 107 67 67 102 70 104 100 104 72 74 73 102 115 109 104 86 102 100 115 74 69 96 78 66 90 79 83 76 101 104 117 85 71 76 110 102 114 83 94 75 110 66 102 114 97 97 96 104 101 107 103 102 97 104 111 61 91 63 64 120 119 88 96 110 96 93 71 108 67 101 79 71];
duration_s_km=[44 31 31 55 34 49 31 46 35 39 39 57 51 58 38 32 59 51 59 30 45 36 49 41 58 35 30 40 49 50 44 42 35 59 43 48 57 38 52 33 51 54 33 54 48 40 41 56 38 51 45 55 48 52 43 35 41 42 56 42 48 41 60 51 54 60 46 33 53 31 46 44 41 57 52 43 55 32 40 55 32 56 42 53 48 30];
num_passangers=[52 90 38 95 65 63 79 42 56 37 27 88 94 91 75 40 72 100 95 81 30 69 55 44 21 99 91 65 92 61 45 31 65 67 53 63 92 55 66 80 34 90 29 69 84 74 25 30 98 95 69 22 34 50 36 22 89 37 52 92 86 70 22 85 64 54 62 84 82 51 87 21 65 47 41 92 99 33 80 35 100 40 31 23 100 86];
BM=250;
CBM=0.500000;
CEM=0.800000;    