nBuses=113;
max_busses=107;
cap_B=[68 134 78 71 48 89 44 101 113 98 34 105 128 37 134 62 106 89 80 112 76 45 38 95 84 71 39 90 72 101 90 133 111 99 86 56 42 92 69 44 133 106 29 137 64 24 124 44 122 109 105 103 58 85 56 53 80 87 77 140 129 55 61 45 79 34 102 105 90 91 36 138 136 38 23 125 110 120 99 104 53 82 27 23 84 92 122 39 84 117 134 34 80 112 28 61 27 127 113 84 98 106 48 137 44 52 109 24 87 130 97 132 39];
euros_min_B=[10.0913282935308 4.871262333958027 13.321225708042062 1.717583815108401 3.6455001504916065 1.8903961051362679 1.002651505528099 5.589898726226073 5.852195948687316 6.118906970284565 1.2147410608368838 3.984385251734891 12.054290358209526 5.117834658761966 1.9806459152622353 11.346388969038879 14.56433890595656 12.899440226228327 7.394837123084243 1.7958965515969059 4.31927891588942 4.258876044242014 14.030219821117749 13.301035071818674 14.463280539854997 6.292009159880016 10.183866048004226 3.1807074064888807 5.011139157779557 7.488589803810103 13.827343592576675 9.922581208116638 9.02612148148379 9.758195839382244 11.17051238999837 10.769864193400023 5.831785915664325 6.710350876555314 4.984610049757662 10.144963445731836 12.442551154998272 12.98388348116834 3.9641142168758186 3.0114767306560895 12.580475749880897 14.293302622740164 13.609290362666744 11.193871772712363 7.00103832951636 3.926920021986076 2.4049529692006417 9.769013155140936 3.279001890094867 14.13947868941143 12.37446670254697 12.050601590738609 11.868417479596076 14.515616348273985 13.09003294052923 8.660100272210439 11.877631266841249 1.2758640163178363 14.228812802621555 4.669774815490056 3.044014744991793 5.9440391515474325 4.204668040191937 7.740883030346496 4.640544502113746 11.564739222559913 10.109860128117107 3.494257250343895 11.816573018363483 14.06149202707238 7.064076154387247 3.128737066509351 5.273331820109204 5.915556739539327 9.180118178464667 12.370474299346515 2.6480523424923588 12.056199662768224 4.43113278269551 3.3049666885181157 13.265872489013397 1.1761580194339862 5.81834826795347 12.554750101763533 10.010856144697243 13.306698887379586 5.1577673888044755 3.8690768924813232 11.103996131079615 13.345531990167572 5.248358480625157 10.196934591447386 14.088423753318368 10.616861520984212 7.739098603431159 2.507644654343022 9.411039011454854 14.202865341538963 11.200036971340971 10.713532933905029 12.209319023537285 8.671262712527692 13.62244214019601 6.194929669369185 10.157351765874127 9.368354943595085 6.203527259871819 1.8507286772770335 9.124087736269582];
euros_km_B=[18.83048948690848 21.113918630256514 22.881213455934777 3.233838187719803 6.962306682727629 14.987630473835578 11.561389050038178 21.537725075648613 7.87003561969627 13.62996972804087 16.508908656475636 10.07784720575539 8.999259660053804 13.62940760898186 22.532615595101536 2.2472675860190976 22.285379454191062 24.168345214983205 20.097226947891706 15.248765337257064 5.427870901445228 20.228436713173576 18.070305828704026 28.74456501713372 6.920397972618023 7.783368130513421 25.399174375215505 1.8869392028101646 20.022476864523934 18.184365885097407 24.58836667607663 26.26725880723704 3.459696923501548 19.062235226005473 24.60103047483415 29.094696788994572 5.444007230516796 2.4024759493425787 1.4353957067686332 7.573143757909015 17.636992177317044 26.395298856778634 20.101622408135338 6.804492727587651 20.159583522212003 23.442793318029864 26.66083532413404 9.323563778844001 4.369950519092262 10.131003966793829 27.844004666349488 15.44992181842176 19.516876428467175 18.673295103445454 29.224752590014617 23.493772058207142 13.183458123987725 3.989043005090127 16.934781464468337 1.2999566317526927 29.607687854957337 26.693981017787515 20.116318381816484 12.411147937937711 18.262424361706376 25.690404128791094 3.2165609696902866 16.382127210296957 15.043181294971333 5.82033013989049 26.059320549224594 18.727896023721478 14.616229767465951 11.724930101088956 24.703999178967003 19.70163715005071 25.784668365241767 3.4218730731263256 14.153720700903579 14.515460361382523 12.102210725620544 12.201375235773556 9.691957877426397 4.141385423821699 5.003643725582009 7.992827748053029 23.84755204955716 14.255719383227946 15.680790711016417 29.820983061100517 14.884198416239808 1.673742106882568 18.481253804403266 24.849584698818944 22.467765949915105 11.637343599823534 26.235258247398317 11.92801293867931 8.02728528593326 20.4525149211565 21.52958593788786 3.0411240613105295 18.373069002870434 22.719159480827035 3.6526703567562815 22.207197501466467 3.5354015572072246 21.86836072865346 10.517453816574813 11.444307453860372 7.149945942530447 1.2736842346351713 18.691808284251568];


nDrivers=114;
max_D=[190 228 187 190 213 142 123 157 120 235 204 228 229 224 130 163 143 235 216 172 237 189 224 202 139 210 156 123 203 141 171 177 217 196 213 124 188 128 142 194 160 196 140 194 149 138 240 230 176 128 191 217 169 191 228 181 227 171 173 216 148 177 195 170 196 220 141 128 182 191 129 193 121 185 147 120 231 158 226 210 185 210 120 156 130 150 155 189 182 196 232 154 193 176 212 182 208 181 130 165 125 185 184 223 188 175 190 165 133 154 226 182 198 224];
        

nServices=119;
S_starting_time=[536 51 538 555 389 425 99 239 379 248 585 375 672 407 209 439 234 643 626 244 278 322 648 419 100 555 138 377 712 71 265 238 101 448 666 218 108 472 25 545 548 205 540 54 667 299 503 359 64 421 712 178 677 328 584 549 193 450 170 554 253 281 681 179 153 149 279 135 515 478 29 69 377 719 13 636 374 433 268 719 342 339 698 236 271 575 256 274 21 163 4 134 181 353 567 0 228 340 679 60 190 17 319 645 227 639 540 572 354 323 627 311 161 575 694 32 7 695 591];
duration_s_min=[94 79 77 69 86 71 95 86 111 114 93 62 95 102 92 104 75 75 79 98 74 100 98 118 84 65 86 105 100 65 100 111 118 95 84 69 91 87 98 65 83 77 114 92 101 103 88 83 75 84 93 87 110 68 101 62 62 99 114 83 83 82 80 74 118 63 63 68 77 71 65 115 108 117 78 80 106 96 70 74 88 71 114 61 119 86 97 64 78 113 82 114 76 111 118 102 99 71 102 107 61 111 120 100 108 120 69 102 111 75 112 89 91 109 75 64 76 79 83];
duration_s_km=[31 41 59 45 46 60 53 39 42 58 54 37 31 54 53 43 40 58 60 54 58 35 59 54 54 38 36 58 34 51 47 32 47 43 41 43 37 41 31 45 31 60 57 44 39 54 56 39 55 38 43 36 35 37 49 44 47 53 32 38 50 50 47 34 36 51 46 58 42 31 60 50 54 58 60 47 55 49 38 44 55 49 33 52 60 40 51 45 40 49 34 31 48 58 55 57 60 32 42 31 32 42 40 45 60 57 44 45 32 60 57 47 44 45 42 41 36 43 47];
num_passangers=[28 49 65 50 48 80 44 72 81 89 27 81 83 39 59 69 24 72 38 97 69 25 92 68 95 46 45 58 84 43 98 29 38 41 35 80 50 73 52 59 65 98 92 28 43 99 20 45 62 85 38 58 36 93 38 93 25 25 95 69 46 28 36 87 37 39 73 38 53 62 31 56 70 96 99 91 47 93 51 64 38 29 25 91 57 99 56 31 83 98 56 62 77 55 48 77 40 100 82 97 24 44 56 52 34 75 74 46 55 40 23 81 72 24 80 52 99 66 97];
BM=250;
CBM=0.500000;
CEM=0.800000;    