nBuses=122;
max_busses=126;
cap_B=[140 60 99 46 50 109 75 40 76 42 126 118 69 107 133 44 93 130 132 45 32 139 103 62 128 120 61 64 32 59 120 91 111 118 48 93 54 107 110 23 27 102 110 74 130 90 74 118 132 89 42 92 86 43 60 129 83 76 93 31 120 35 76 115 47 107 34 72 104 50 74 57 112 23 84 67 91 85 31 55 55 60 87 73 113 106 68 136 114 64 37 125 62 108 80 81 121 77 60 121 90 68 77 117 89 77 107 100 125 24 73 83 49 93 72 116 82 103 36 105 42 46];
euros_min_B=[12.974036239435566 6.360364694268042 4.2777450914558655 12.102129743459775 3.668611431579806 6.193628933339776 3.2689217799159143 7.247512803635981 14.201043780126007 5.290506539755497 8.09493341931135 14.36302493720359 6.123634822438379 4.489912827988993 1.6427495103469218 5.140010919442756 7.574914750716419 3.5217086078714237 7.6797674610445625 9.86830193414556 4.906201048392108 3.408903577674276 12.414418744406829 11.56343136473361 5.141989915205849 8.263849041047576 12.331287029521926 9.633862858654505 4.6455829588734705 9.478816109969987 2.845423438845943 6.5376828670445954 13.034168236701886 3.070272597094694 14.46724608976688 5.3441863823821425 6.989686379571435 5.568456618094478 1.640490004662758 5.202600212766137 7.004053432736787 8.550398647667949 2.3485627080717055 10.636772887455281 12.642535773108452 3.683022519967218 9.782055053603472 9.921085570293275 1.5949804454967669 7.895191664824345 3.2302965328715305 13.138523344105819 3.307024191171996 8.280893466769248 10.545605381832148 13.807711214831148 1.769405316550524 13.294865449824847 7.144738877111316 1.5972663869280388 8.128470001181057 1.321416968685389 10.998632515681937 11.100442937554043 1.8299059311678434 11.924662078252021 9.636472049902046 12.353759272337516 3.623749653038983 6.53205795735669 12.61454955916167 3.0343214259644 1.7276959171462678 10.892901219566959 13.245377575183559 12.749416876430312 10.097214978368957 8.063328223413901 10.462232314793651 5.002587905022294 1.6041231855648588 5.511647149019716 8.437645801372472 4.885508597862537 6.554770767278265 14.452002505909759 2.2391907324269527 1.5178091765923016 11.389903348297402 11.656676969683021 12.184260385072763 4.91479902894692 14.338739609653139 11.942970176835855 2.414055664119892 13.241984038240364 12.156350387117604 8.682279076518443 1.6793943837536218 13.940462246225966 2.332907610867613 1.5333803384896645 13.390037879790754 14.710944400038198 7.855639046032808 5.684179848487915 2.958078555115794 7.577389689907016 1.0309792443225891 11.209445813096044 4.719021301911472 4.162634295518174 8.051001372550353 7.856445244432757 5.455734392983175 13.155246347750554 14.466517749096411 10.638222024124936 1.8290415299446288 8.70354577732629 8.723951919717013 8.439743665448422];
euros_km_B=[21.97071183404965 8.128393964202273 15.686091816767146 3.7449859403729504 28.021036603713664 20.679542819274708 23.45581225009314 24.153718803667815 13.26749509643112 17.43388495730483 24.353940881579145 9.006272728389128 2.3489673409857152 19.7769067290976 16.244025339942617 19.93867710467711 9.733860511577747 27.469937159525834 22.7720459716759 22.70544056332073 21.279891052477225 6.823511969856758 6.639262205600507 25.487810289997462 2.2125934848446493 23.802917914685175 24.64438242304057 12.725972505937307 5.090182191508167 17.66333393749717 28.848242473387394 16.624433859885954 21.101437609114114 7.671005409535755 29.033333506733804 3.4973642519925114 26.837704902642052 2.1265549181344268 18.603985529680344 9.439934647733551 16.57847441016564 4.016028283486083 26.268744154293923 22.75600163627351 24.05318014064072 11.150702881613874 1.6022123768601635 13.439024984852516 28.423884229747795 14.333063926213477 1.4863758028140441 29.87679973908708 29.20101157193475 27.299562432031426 29.083230379377994 8.39213988618188 10.031252392693686 26.972554009433164 8.462003594548523 24.829107385624624 6.173800963690911 24.13702645592057 20.404830837168596 21.034011694179107 6.431268094154748 1.5722851451318052 29.306587517104667 17.838917899052152 29.05437805729385 15.028249489950081 12.600282297356824 28.59246985149139 28.164778833525197 7.2963162775113934 27.534026648189716 27.110168140892608 13.72541831575995 19.139312202637598 10.128425048860834 22.446508350423887 13.250631017872868 27.74444386506511 20.48741247062934 13.273331867376038 7.273242677678729 17.376850351155774 7.704151261097021 6.164448580582502 17.196936884783266 3.607641422575919 25.789343335510537 17.874456452324154 20.672348730847805 27.179432798056535 20.990677579794102 20.808570724582378 25.321252261837845 16.82597010869737 5.7552746344815535 15.325149095764555 14.053384935964626 10.54431938603051 11.246526959907296 13.662628754006183 25.152747436487775 23.884149466478455 16.312679308539344 28.68197032684689 17.813343718946467 21.034351619851442 23.917710482864525 13.365368705239865 14.063981288265357 4.4951507552674705 13.433541287577302 27.04724792327591 9.636288828262566 12.055291237798041 22.055081559275777 20.22481354471733 19.34136320316845 10.216506000087024];


nDrivers=121;
max_D=[129 153 156 198 140 148 158 171 212 168 211 218 124 151 220 122 206 174 159 159 208 131 177 185 181 127 162 227 182 153 232 131 152 201 192 232 192 138 173 140 239 230 153 218 155 230 146 240 145 133 212 187 208 225 156 185 214 143 227 236 183 124 222 136 217 147 121 181 168 142 218 176 227 176 133 153 131 134 138 178 144 192 131 183 220 234 203 195 120 188 233 240 152 165 193 204 206 213 165 154 163 181 170 165 170 166 142 237 237 193 196 133 125 137 187 145 172 216 149 215 138];
        

nServices=128;
S_starting_time=[678 433 186 360 182 290 160 667 82 107 623 558 278 462 259 692 446 164 454 47 581 480 675 215 239 358 232 258 1 142 548 452 671 475 640 381 521 404 470 216 610 457 314 232 8 373 428 224 323 666 622 609 570 229 99 592 460 83 626 89 184 97 109 438 513 317 497 366 290 625 188 173 636 365 72 414 259 440 321 358 103 540 221 329 399 114 95 302 7 313 324 652 577 120 149 334 679 467 375 707 47 523 595 156 240 297 275 260 162 563 707 682 496 324 163 223 321 482 278 625 130 418 630 287 446 369 635 25];
duration_s_min=[111 73 116 83 120 111 91 87 101 90 70 63 67 101 100 72 113 91 82 89 67 117 61 64 62 97 64 94 81 96 69 77 76 94 104 80 88 75 100 100 98 87 104 113 72 106 74 104 90 82 68 111 110 87 71 103 88 101 71 86 118 113 112 118 77 63 90 89 100 71 87 119 64 78 113 115 107 94 106 105 62 67 87 91 101 117 96 64 105 81 81 72 85 64 95 111 115 80 118 80 104 109 63 68 103 81 70 95 68 94 72 77 96 75 99 85 79 90 107 112 77 106 81 75 88 68 118 87];
duration_s_km=[38 57 38 53 56 59 36 42 46 37 51 48 57 36 48 58 49 48 41 35 39 32 54 40 53 36 37 53 30 52 46 45 55 52 39 54 54 56 57 53 30 51 60 41 57 58 45 37 40 59 57 50 54 32 46 56 55 47 52 49 50 55 60 57 39 58 40 42 50 42 60 38 59 51 34 60 39 44 32 44 55 35 55 44 50 45 48 37 43 54 60 36 35 30 32 43 56 56 30 38 34 52 38 57 55 56 35 48 55 46 60 49 53 45 56 55 36 30 43 56 46 41 49 50 31 57 31 47];
num_passangers=[82 65 57 42 72 49 27 58 39 38 22 28 46 41 30 25 26 56 43 40 34 60 76 81 60 71 72 96 71 59 49 87 31 25 30 57 41 69 64 32 89 22 42 62 94 92 61 59 63 35 93 82 68 88 91 48 84 98 47 81 100 73 90 44 52 81 77 68 94 73 52 50 59 93 22 62 56 62 64 77 62 57 100 83 78 60 78 67 49 40 89 94 33 25 85 94 33 31 44 53 77 81 94 20 95 45 71 69 41 22 62 46 78 57 82 44 75 36 56 98 44 88 42 33 94 89 21 30];
BM=250;
CBM=0.500000;
CEM=0.800000;    