nBuses=120;
max_busses=120;
cap_B=[22 80 52 32 54 102 73 27 70 99 72 117 71 26 133 104 129 139 38 79 72 27 85 26 89 113 104 89 72 132 91 130 50 128 20 80 114 88 35 35 75 57 32 109 74 123 25 26 114 132 57 46 125 90 70 92 127 103 109 77 130 58 129 60 59 48 94 61 44 118 78 28 38 140 80 22 43 114 81 137 137 117 42 83 108 102 45 127 78 104 75 125 27 103 56 45 91 65 48 79 134 41 96 66 128 77 33 75 46 91 30 133 127 36 81 51 88 68 123 57];
euros_min_B=[14.003584121200696 10.893637377230238 5.387842379249986 13.745839198833378 11.966283401832074 7.018998224717106 2.6980742355035305 3.4683582678088163 3.9002645252011607 14.595665862906174 5.9359114449942485 10.066658308384836 8.082163342754939 10.904657946840954 3.015904410698832 10.807695619483276 4.714740492687886 11.58762883294226 9.188811265902874 10.61858019123237 5.61953839586362 7.28774174172368 10.321247285788994 2.089038217098819 9.7477826287183 13.136597138125564 2.0510007388975655 4.206347132511751 8.131140559840567 1.848373239181768 12.945668746288968 7.984038899152848 2.442427386396959 4.1538187136164435 1.0869853827566793 11.06016144879047 8.727965392503346 13.745179796534527 12.907760048412257 12.350602879758899 1.2540078375926427 9.9616166238202 8.252682534309933 9.101140450555851 1.9440942684010891 10.376143133987387 3.902493330263478 3.64550232002912 7.894760046646436 6.469303815791145 8.717866078673406 10.84083156905558 13.27860466599407 6.18699202288655 14.413306889275646 8.852059767429303 11.762897166384299 11.177085622719416 6.232152536514502 9.596006054564837 13.699287713624475 11.260081512538495 5.361204204129629 13.750623012762183 13.276477143757411 14.341046695976473 1.7391174441405985 9.504720576430968 7.620069159809317 13.78380030947466 4.937765186555135 12.362848238946526 4.09966411903951 13.889579258287934 7.399252107542868 8.654056247797882 1.9842490069708412 13.469047113085555 2.8658580986105555 4.2880745041884305 9.513512995083751 2.6695550262354946 5.1951845630548785 3.7795780973150093 7.703730567703915 6.9480315879026 4.486018774580813 6.654568250796807 10.77047167008052 3.4369551196921577 13.210091336018776 11.623769084137749 14.551884221625057 10.011765792281473 12.9469026629043 3.3712272101699785 2.0742543368842776 2.0552318329364825 4.913092323677026 7.079491531362976 5.172773109308966 8.325802503192941 14.839931493812946 8.47983347588173 10.193887701005307 1.2339900134848323 3.7753081315291706 1.5630849827148117 5.460973946835261 12.830511427167657 4.372541233136421 7.022982158868146 2.4149084284307474 14.456377918250706 4.492223596641864 6.788075169521062 7.616819754983926 2.9897061747302267 12.543486715583152 4.381453341542499];
euros_km_B=[26.38339266665558 6.744785428581096 20.25124382455816 5.32031587319359 25.43639261202923 24.207974974166984 13.194375471500567 1.091250843129669 2.2030901506952234 12.730552192562923 12.559934995893066 18.486285133671423 26.37952508295326 25.105070006469223 10.239043640058732 24.16413108137719 21.854207193394004 11.91345355854416 9.629050438057615 27.24852193437831 4.777282813370048 6.936578559128976 9.95155515567625 13.756389815114485 20.489021593580492 17.890714223241694 16.571345234626552 3.046582087959804 11.422437638540421 11.873357719661119 22.91361541950433 17.091252388716356 7.279108584491743 20.2845280708676 1.2400677621348262 20.97869936493305 3.714957167260526 12.70363175768829 20.18358243600219 7.577466688462326 13.368156067463705 20.563298947113818 29.76470938345017 1.9402778071670048 20.865541731531582 23.676287093602127 19.280653652723846 24.295251609481312 28.958517085627413 15.241359899368755 28.46251447479064 21.85097785935902 25.096382310734235 11.066885865773305 9.75431296153064 12.950214688732663 14.600844634148132 25.69713937252927 4.79703351143121 24.769763745149262 28.429295191517106 17.991010786217743 19.32871927383231 2.597681786319397 2.430278708523781 14.432056618043653 11.58915767781298 25.615565353742088 20.02231543292172 27.999368924846863 24.276984724788075 20.14727890152283 25.07514480699489 23.434313993422297 12.464227352071992 8.239256227215275 11.397027917220552 9.056198000866436 14.088864492322994 1.6251404793204514 29.243708711117762 15.32199843326001 4.942313308351125 1.2969752815929467 22.56047207996797 21.406904410326167 18.57271876961183 17.06405866766838 12.470966446755297 20.796642147298133 19.784210709571745 22.128080910196186 7.896579728600717 5.494193961604033 16.830639381039518 16.0792139479339 13.05251061615117 25.641877573521874 10.481543576354913 29.440263381316488 12.443642937373918 6.831741818662136 29.296655323673967 17.165937968249118 6.092515932417469 27.655460438615656 22.949091369511777 13.011950665960208 23.66288144216098 26.199908736837703 2.9216748504600405 28.60646198611511 15.812929756762697 3.732186940398077 28.129055388930688 10.995327562082693 28.052150570308275 1.5462617388498403 25.416058116966905 11.00469426650303];


nDrivers=120;
max_D=[229 186 155 223 138 189 193 207 131 184 169 161 193 170 182 120 217 185 180 128 213 134 212 199 178 151 205 142 196 206 192 215 159 137 130 181 188 126 238 140 195 175 143 129 182 121 236 191 218 240 172 200 146 217 222 184 235 191 173 178 175 187 130 122 128 155 171 151 153 173 174 165 120 230 181 148 213 222 147 173 143 224 217 143 213 184 165 205 174 142 212 145 234 225 174 158 165 168 127 137 164 186 237 131 187 228 145 214 237 205 151 218 145 215 225 182 225 155 199 209];
        

nServices=121;
S_starting_time=[62 515 315 263 89 329 68 511 504 125 706 142 194 564 427 244 134 32 681 503 569 337 290 258 550 358 641 135 142 57 398 117 84 180 83 105 65 565 541 527 528 434 356 220 641 167 61 391 665 148 660 114 189 479 14 170 688 123 661 624 676 264 90 249 135 175 391 164 280 681 444 697 547 22 344 536 556 384 374 574 113 714 390 360 675 607 155 441 27 488 333 555 241 502 478 101 153 115 359 324 290 536 230 553 452 461 629 429 465 534 639 582 104 220 450 416 30 641 322 396 692];
duration_s_min=[92 102 83 84 77 115 89 117 80 61 69 105 106 60 116 78 116 79 76 114 84 104 115 113 87 113 110 67 92 106 107 95 83 63 73 115 109 78 105 110 102 84 69 85 70 91 91 63 118 68 92 82 104 61 85 91 97 100 68 70 85 80 116 116 114 109 61 119 69 101 106 104 77 107 91 72 89 109 118 104 111 81 109 95 77 120 73 110 120 111 106 88 78 86 83 95 114 102 64 82 79 95 60 98 103 90 67 107 64 94 94 110 74 98 110 80 91 110 67 112 67];
duration_s_km=[59 57 30 32 35 58 41 43 34 31 42 41 39 41 32 50 52 49 54 56 59 59 57 30 46 57 39 45 41 43 41 50 39 38 53 47 52 39 54 49 57 35 38 36 52 58 55 30 59 33 35 55 54 40 45 30 47 35 56 43 40 58 60 46 42 34 43 52 31 50 47 39 33 37 40 55 50 51 54 60 47 37 51 47 57 41 58 36 60 41 50 58 45 35 39 34 48 45 34 32 43 53 52 43 48 52 58 40 36 52 52 40 52 39 38 44 45 52 39 53 45];
num_passangers=[34 60 50 21 36 72 90 85 99 20 63 69 37 33 50 89 48 76 85 84 87 43 43 29 23 49 88 76 66 98 63 22 47 34 84 34 96 23 91 92 90 80 47 86 23 97 48 33 72 40 47 22 63 38 42 43 37 22 42 57 47 61 25 21 46 36 67 28 47 21 48 58 86 36 20 49 67 46 88 31 92 65 91 78 60 70 21 22 74 95 69 75 59 48 91 25 77 37 48 99 47 75 82 94 59 51 48 56 22 63 39 96 95 81 80 90 86 45 56 71 94];
BM=250;
CBM=0.500000;
CEM=0.800000;    