nBuses=69;
max_busses=63;
cap_B=[37 81 81 44 72 25 114 43 89 20 63 32 121 99 35 104 41 129 131 32 103 102 84 69 32 35 112 27 43 26 81 74 124 79 73 107 80 55 22 138 56 43 109 33 111 82 110 72 39 133 72 102 107 100 132 56 62 132 135 123 42 25 54 44 74 97 121 124 77];
euros_min_B=[2.0510628936064115 9.589251343922358 8.785449862339087 4.549648948853652 10.775561230262706 14.842611957590172 14.355212016296637 5.7101779552123135 6.12850958880912 5.7300459478902095 14.604419487907155 7.968155431745293 1.0593822490551132 8.477310548710982 14.9795471101984 9.591983720417327 5.562874539660739 10.322833416297849 8.633901382695015 7.5626764054688635 12.575898720826185 12.03610891474737 6.954225343045689 14.86538585318074 8.878096097713101 3.507583137725057 10.010862524604509 4.2128679539439275 1.6436794567110682 6.6140741344309175 14.219237384524842 5.059631621870171 4.530909536735901 12.763467811583734 7.062565780861009 7.078846948657729 7.442427916603208 4.78448583283336 5.028208140162553 2.129076327414806 7.287977591983756 11.199352786077753 1.3682275034819502 2.0930113750892803 2.098845209202605 4.320867985192455 4.698544175332531 6.739355321324991 14.965126401530194 2.3364787200953057 8.344202844128617 4.48793791791039 5.688936658851202 9.931765584007826 10.823113428102495 13.669193344780462 4.073817403525025 2.543330870310542 12.773217725086562 14.709562188305423 14.079946846059226 14.701757400323764 9.004976642589641 6.761870865193143 12.123432955813126 10.802674937862038 14.061817317706142 7.969259326339783 9.93704305275672];
euros_km_B=[28.05368235989852 5.561135683406024 9.046364506281652 29.769686022013072 19.83600305861155 13.8695805446094 21.38765185039748 25.835406559894754 17.058130361816865 27.974810926601048 11.628112613599718 23.438835738462735 27.34523366822128 10.221952620524172 26.367196546449648 10.331899467958682 27.92981895809874 28.30988346342607 10.192708466811819 9.054397112658242 23.937702587885276 2.182152270052426 6.3505889019790045 2.9365256061007385 8.647607641063296 25.84422763317092 22.773483198646773 15.93541248226922 12.888974059801669 7.467913855397491 5.104356730952842 17.533766132749815 23.07273232860489 15.533721080781941 17.956001201975887 22.765338938284863 4.807173362761226 7.4334778031752915 15.571840434399721 13.581595142764337 14.439617526436004 4.914985953733011 19.912091798481217 13.48105758322428 29.31107908827828 16.407924877900545 14.64430310676772 26.792083786199683 3.3386776869053465 8.802347226653191 14.122810431501735 1.8783653001389817 25.605900313243872 17.680345730634023 17.208668048889738 23.536465005304347 15.719156794369407 29.433323214222085 11.791261458137198 22.71885900949854 5.919535833052484 25.75039188994792 10.91335531248978 15.747262408861696 26.645618426836926 17.937925649765052 13.907798435872962 6.9523269686751865 17.15560753088811];


nDrivers=71;
max_D=[167 205 230 191 221 158 159 125 206 130 202 225 228 154 170 176 225 183 162 186 239 129 130 190 226 232 150 227 227 147 164 137 127 211 132 149 216 183 198 207 131 144 209 181 164 123 238 205 227 158 195 159 143 144 181 189 160 236 144 185 210 159 207 123 193 187 188 181 204 225 205];
        

nServices=76;
S_starting_time=[400 502 579 457 320 82 113 430 402 86 188 647 620 4 597 524 353 360 581 209 73 561 645 108 106 629 90 117 671 570 712 664 441 679 561 153 600 628 450 240 412 40 488 156 668 348 455 20 292 564 281 635 456 69 344 337 713 166 444 466 335 453 146 667 340 27 271 709 315 344 155 191 173 147 493 482];
duration_s_min=[90 84 92 102 104 109 97 76 107 73 99 114 113 98 76 63 88 101 71 91 96 75 105 65 63 103 86 66 71 76 115 80 110 91 120 75 77 109 82 109 67 98 72 105 117 90 114 64 117 88 68 87 91 119 83 118 103 83 79 75 101 102 63 90 86 71 94 68 70 101 117 75 62 93 117 86];
duration_s_km=[60 39 36 54 37 40 56 40 42 36 32 33 53 46 42 40 45 55 45 39 33 53 42 50 40 33 60 58 38 55 35 34 53 48 52 35 60 59 34 48 57 35 42 38 42 56 55 39 47 48 59 53 51 58 57 59 52 52 47 51 46 43 53 32 59 54 37 60 49 60 35 43 40 34 54 53];
num_passangers=[59 96 83 77 87 21 98 88 55 59 26 35 41 28 79 44 78 94 83 40 67 59 21 90 55 23 80 57 87 62 50 94 90 91 26 64 78 50 40 90 72 41 90 94 73 43 49 71 21 96 42 56 78 62 90 44 79 35 83 37 52 100 25 22 45 26 38 100 43 28 62 22 60 64 52 39];
BM=250;
CBM=0.500000;
CEM=0.800000;    