nBuses=128;
max_busses=120;
cap_B=[20 61 80 111 88 33 117 38 132 32 67 29 20 41 41 87 68 68 45 64 74 42 107 69 35 98 50 86 92 66 66 81 128 33 72 27 57 30 71 65 20 125 33 73 110 137 42 117 130 40 135 95 88 64 120 28 34 138 70 98 21 47 140 82 48 71 116 77 81 63 63 65 50 131 66 72 23 21 79 111 86 53 91 91 124 118 64 77 48 125 121 109 93 40 31 115 100 122 62 32 74 104 51 112 125 89 23 119 45 115 96 74 102 127 32 56 119 130 130 123 103 105 71 84 134 25 112 86];
euros_min_B=[10.916972735526107 4.988597209752699 6.038046741619809 11.72374889423033 5.453526157016774 8.337840686614637 2.2299340222290542 8.210412242245656 3.303232038004671 2.0301020785885084 11.203566827764053 5.989643280378455 7.7120291510060905 11.303597641151574 11.606917190308977 8.760721476095071 6.202192429115117 13.068981627371917 13.086013360236628 12.206000894132103 9.7976375797779 2.260107893223736 2.086601162346261 12.47516645305111 10.991698193703105 14.37361392586227 6.476176659166753 4.731876183162731 2.2453041399417284 10.456865041602539 10.956971530904328 7.212639718171808 13.342736663135028 3.109315628379176 7.946933928877893 4.938991515289829 11.693980270551776 6.937087093475718 1.7958442246396313 4.759633024689279 2.5448345204032847 3.6070312430381968 10.234150383788913 2.0821434552679166 1.4487726151789961 12.32675707493495 8.899558627522092 14.310467581821014 14.124643630358975 1.8054926707430807 13.272996464775856 1.331414509808224 1.9040295911853995 2.805575185888755 11.654766580008936 3.7616614677853324 5.615891290291293 8.050838896918947 13.446037385663452 12.869004485030356 10.010571438864751 1.7427265268805057 7.875242173209357 10.414738826124983 10.827077910857179 3.690493719793807 11.796255872405156 12.632158876423055 12.230600462241306 12.087506190892098 12.47339202984599 12.333481051166585 11.670284929113242 13.439255047457854 6.43797614505835 4.382287588067008 4.082317235152459 11.82961310522171 11.580904090809751 11.18425105418805 5.084913870934333 3.2044911623995023 12.46231276652114 11.692633717173784 14.991880868751807 9.009312809322758 4.899566350969474 5.791114701155739 6.28920272138311 9.449803656506912 9.930161719294107 10.153238963285009 11.444416709012003 1.0223056903555685 14.85024606940432 6.351105842827986 6.886978918934313 4.67078546062211 6.352231754275749 11.617909898697787 13.154020416687873 7.05422865933455 8.799505190904885 2.565998148588755 3.979834018231494 1.4152332176408198 2.184140969593532 12.52767876368808 5.8954567761766405 5.345888154292242 14.426927407579 2.0271693933290456 13.023009700173334 3.615525140128349 6.850733978740694 12.311537231426698 12.055449349289567 14.420124761499016 12.180198305261236 13.81737361552005 1.2529104229763546 3.1833021737454352 5.1659195548504115 2.808440943431581 9.969269730672641 9.543308898141495 13.233375323839583 6.641970955149501];
euros_km_B=[18.66381696944131 10.638052749478863 15.179338242294282 10.658301736013676 12.936914117223086 15.249482033914212 26.240308712802637 17.767124256552005 13.156198954632952 6.908156478926833 1.8164253498328702 7.267198767925087 1.625577679328149 18.092969301817458 13.953713864968298 16.692928090736316 1.3396948817583605 29.38279695553739 23.510360243051586 16.303908480503736 28.426579310679966 19.51951298432057 28.358626356077313 28.096200181830685 6.491828882469419 22.893942952361968 24.719630625064067 27.534989833824778 19.89537572126591 10.614439509202581 12.500088287909154 16.19043001581376 11.609847939453733 12.805788341144737 26.844772664773004 20.274397167330235 21.411735096724538 21.127768548830424 23.953895312071374 15.576235303822548 27.242744953897112 27.05299138143202 17.387298069760895 13.343941033155371 7.845481846488526 6.427393102032877 4.924164829029227 16.97084824169435 18.468674647906088 3.1606237727243007 7.713815719441125 4.365577616826901 25.32424778126998 27.8998824949743 16.990513696589332 24.38143416949724 19.12784956362404 15.54632629086679 20.819627388413558 19.69584948482561 27.517104167153427 18.99512872591189 29.057532550841003 10.915432610365528 24.938351205208757 26.106018680032104 13.844215863245976 19.968243802200323 18.31739753009299 2.9228839937853133 29.537024517296484 7.511850573879548 14.89224385188734 8.647163255603093 19.06465837567834 14.154178385089402 9.120106101556104 24.014743143361375 27.598490510816774 11.373691270229413 14.215927425407852 24.96324708773047 22.561618116563267 28.97649958902091 25.309800514045147 9.484432817376486 9.910943372827404 27.895125818935416 13.938036174822331 4.641983026748861 24.84625190530181 28.349319029411046 3.098423659317188 18.83971300449079 28.859507040254563 17.89057879813962 2.649340395356201 11.523824246835822 29.35877725969453 13.737207946991509 25.259023040184484 22.753916479756 22.788015461290062 8.74921772656215 21.45691675693962 7.724898341280354 11.910878903309886 7.746571680427139 20.991040366800664 24.569127964367862 15.497507938970756 6.9263645187608365 19.50934322247499 26.38716832674853 16.279004188051942 18.309294582210676 8.139971542368269 24.337032894244302 23.353298072694727 25.399568427623255 16.420882450021786 22.846827252424614 29.831144394932487 11.586863977929797 1.5853873283815831 29.690541296707263 1.581005636164924 10.290223501144139];


nDrivers=131;
max_D=[240 170 197 238 179 178 162 142 139 125 170 146 165 133 154 125 149 225 135 140 177 197 143 188 129 173 128 145 199 137 166 152 128 128 122 238 156 218 235 162 203 142 133 180 157 163 161 137 172 132 233 167 153 199 163 126 209 158 182 240 125 144 123 121 179 178 160 161 137 184 236 131 236 159 164 219 160 147 133 222 162 160 222 168 142 148 231 142 154 240 177 239 195 181 148 185 238 209 218 141 138 186 219 175 163 128 172 130 229 146 131 219 138 195 163 168 129 230 224 222 222 229 170 156 125 211 140 179 169 121 237];
        

nServices=135;
S_starting_time=[232 148 90 504 1 450 29 392 440 162 475 594 69 182 6 471 434 506 532 679 32 181 353 340 559 218 129 390 234 551 538 353 113 111 100 693 486 466 284 448 493 25 484 442 586 469 166 160 322 112 615 381 224 512 628 126 10 455 667 407 642 711 344 599 314 709 402 398 71 131 512 273 110 309 419 487 510 359 52 718 421 28 172 669 590 374 173 237 186 509 234 253 669 221 358 388 546 571 716 374 691 401 529 697 646 152 287 512 12 394 220 712 693 153 366 95 565 312 183 262 713 664 715 196 142 394 265 588 149 453 316 94 35 675 642];
duration_s_min=[81 91 115 65 104 103 105 76 100 98 67 108 77 90 70 66 81 117 88 72 99 112 100 111 115 115 88 81 91 116 63 120 110 72 111 85 61 78 100 78 79 63 105 62 61 62 63 114 73 61 62 61 95 62 98 111 97 93 119 112 110 69 83 64 116 119 72 81 112 109 63 68 99 118 67 107 91 119 82 94 67 90 111 97 96 72 120 71 65 114 90 119 101 74 60 81 93 81 79 74 71 62 101 89 115 76 61 107 70 96 101 68 78 103 111 78 105 111 113 80 114 119 93 91 93 93 95 109 93 117 79 112 98 98 80];
duration_s_km=[54 31 43 34 41 58 38 51 40 53 41 42 39 52 44 42 52 34 58 31 30 54 33 42 58 59 42 45 57 52 53 41 37 31 53 37 30 45 37 49 45 31 49 59 49 32 38 55 44 33 55 38 50 53 50 30 33 53 51 35 31 60 51 45 46 56 33 39 60 38 32 48 55 60 54 35 54 45 48 34 33 48 42 34 54 46 39 33 32 44 41 35 59 40 45 35 37 51 52 37 48 45 48 36 35 42 46 41 37 43 51 39 42 56 32 51 57 58 44 60 48 41 58 44 39 51 49 33 59 55 52 33 59 37 31];
num_passangers=[33 93 45 57 94 78 80 94 73 31 51 100 46 89 37 73 84 67 86 92 99 88 25 84 47 26 92 37 92 54 99 92 40 86 78 24 71 27 47 90 77 88 31 82 77 90 28 72 75 50 42 95 87 35 39 50 33 20 24 32 71 71 26 65 58 35 20 81 51 60 71 80 78 34 78 76 89 78 79 21 49 61 48 85 49 27 81 34 80 70 64 89 55 37 38 40 93 71 70 96 27 34 79 65 92 48 68 72 66 94 80 87 38 84 64 65 87 66 93 55 84 83 84 59 77 73 74 83 47 23 44 99 43 61 92];
BM=250;
CBM=0.500000;
CEM=0.800000;    