nBuses=109;
max_busses=107;
cap_B=[78 125 124 73 24 140 47 36 66 93 56 118 90 97 39 116 138 31 54 53 72 46 135 127 140 101 70 115 25 86 121 112 80 65 111 116 73 128 130 103 78 35 102 25 125 68 63 53 32 81 88 91 104 35 62 60 99 121 122 119 38 65 46 101 62 20 53 34 118 45 69 72 114 69 76 95 91 61 104 78 49 37 26 102 137 89 26 101 97 85 130 69 78 41 77 130 31 74 63 135 71 33 60 77 51 140 41 48 102];
euros_min_B=[4.7429687787777075 1.9038663041751083 7.856825819745698 14.26998738546534 8.903672050497557 11.439630161530392 3.5018833311517543 2.4697326425289647 9.175115781635759 7.83466507773575 1.0018289944733516 11.116845196568349 4.224734238041611 7.585379229317564 7.497760006859163 5.0247628392170665 6.388103103854542 7.174288771015885 10.164487255718942 13.608410360132044 11.554119811130231 7.202161049772524 1.3666638873509225 12.572187078951758 3.263765344020567 8.987584168270043 2.4582381855683053 11.469792349435775 3.2754725698485725 8.60815755275451 7.9161288931754346 8.52934090335404 6.798264479488467 6.035284255518372 8.890227153401442 4.069998842174067 3.463577072862865 3.344568572114238 10.865767101005533 7.370725297659986 7.218470888113079 4.449472655713877 13.175175147216818 3.0925053653548202 9.917089293006383 13.851262885460184 12.111497625916835 7.280759653345248 11.481439502845687 2.877634840686924 12.986274279899277 13.13916882128709 10.904843451492393 13.548354122141056 6.18438900270477 14.93992357433891 8.290557821287301 11.442737836530398 1.2229268630785797 8.105350765681035 14.30546513205497 2.758496492282327 11.52421466234827 14.024798201228212 13.017913770684146 9.272815580199314 11.579954380292659 2.870084475194182 7.419160486553763 3.9919574573966345 5.5263891744963995 4.341722904204371 5.60626916417381 12.337206394989762 10.398656957755339 11.823594936389288 8.057845599447361 2.304457002700123 2.932763044970471 5.808725147346105 13.212489886836952 9.133610390454237 3.438872640152403 8.29367505636614 11.851737212662448 13.250797420585553 14.079123343094496 7.285124832057427 2.3977930926312894 14.291876196821839 7.762487920427923 6.170964415868291 13.263194089743653 12.146776396526608 3.0109557039149952 10.339370474374375 14.904197689204024 3.8684400382047706 11.696594628502464 14.920591958214391 6.301326120703976 8.62495524316294 12.792005436338247 14.86218799609314 7.405104195078878 6.068632621729471 4.261850312523901 10.586021826842284 6.2575354252541];
euros_km_B=[20.87679183851049 26.600927994678912 28.13061743018662 21.23413850813665 17.29657129606476 1.8574807029549787 4.466999117094367 28.847081604096346 12.729267346134172 6.773577228092542 14.529444673717947 10.200894868513615 10.496625244451778 28.84881304252889 16.236893310027444 16.703540310362584 16.10220568832669 26.419136609041892 4.7705320332485845 11.853535992194193 11.584297434624 25.865086084863524 8.613704129154218 13.416434375623492 23.155100148713895 12.355066201448274 22.755300787474354 14.776198476935967 25.691008207247876 26.754652522055217 10.88100419539031 29.12202357801795 25.69349683844814 17.470241138788232 7.426305367879359 12.75172033863455 17.46844895162875 10.852788304267392 2.172238840157664 21.3677078643553 5.0243967552532105 5.257659601664112 13.614262881483771 29.12410637893406 7.060930574864316 2.8463713440482836 22.341368152756328 27.480556773862872 26.321166038092723 11.483538947101739 26.57212576692253 20.42874297950338 5.864692625467005 1.671827918238312 4.119160402074073 11.455536363126914 4.194918071700432 24.720615312130313 10.392128453238993 21.04003765321853 18.54506350060317 1.0082252584072973 26.648004972258132 17.5820865942579 23.300797118735012 2.5315626986379214 21.004770025872304 1.3030497884662793 21.302971056307722 12.879013361842858 9.022761591479274 1.2607735285207204 29.1496652551044 15.379863498829751 1.5963563666688843 17.74404710551393 4.371825953163814 17.933745263355462 23.393326928375433 16.423544333744772 18.879681470536944 23.68792194716434 16.086472434686907 10.064996327555043 11.919580648770843 11.254459769764583 16.946591360247467 7.544231747436918 9.645428192727826 5.302034474828096 21.95540990233814 27.649187516542224 27.254712491012402 12.553020459181948 28.035968860902187 9.950847563298021 12.965697472795073 11.6159820713692 17.390526013499056 6.718447890218491 23.07323067365575 26.613425835235986 15.880296512907552 8.277241441501156 14.907186437073463 23.756766211449037 15.413928170355101 28.51725953766538 17.672333063860066];


nDrivers=111;
max_D=[225 200 231 197 140 126 193 135 214 221 166 146 203 223 175 218 173 157 186 204 182 121 172 151 177 133 162 222 121 201 217 185 123 222 131 152 189 154 206 178 171 185 174 120 173 191 202 229 126 143 130 125 221 240 131 180 183 201 149 189 204 210 227 154 215 127 220 145 146 131 136 178 203 200 218 175 234 181 221 122 145 227 222 199 153 219 124 228 177 182 184 158 220 196 136 221 144 195 240 187 137 233 176 204 178 221 172 220 140 134 121];
        

nServices=112;
S_starting_time=[29 645 595 572 100 663 219 447 571 288 79 380 90 155 654 71 304 649 269 571 139 485 654 632 636 710 659 136 207 248 566 543 604 545 543 493 275 274 203 675 43 461 341 370 293 589 247 350 420 97 217 198 49 271 321 283 165 435 364 562 59 255 41 707 315 378 615 281 642 565 454 264 165 686 711 148 377 145 586 650 310 493 242 525 245 81 355 310 502 397 421 709 79 628 530 462 466 476 265 192 331 694 393 357 498 41 454 160 711 706 643 289];
duration_s_min=[81 94 70 108 62 95 119 60 96 117 91 82 119 96 62 79 108 112 76 109 104 117 81 69 99 103 106 104 92 65 90 105 78 112 77 96 107 117 107 120 72 81 64 87 109 86 100 87 83 89 108 114 120 67 85 60 106 67 61 93 97 119 98 89 109 71 102 77 112 62 64 83 91 83 85 102 110 106 108 62 66 97 111 85 80 100 95 74 91 66 62 110 94 64 95 61 104 90 112 77 82 100 95 60 117 103 120 96 60 103 92 97];
duration_s_km=[50 51 31 54 37 34 57 41 36 43 47 38 51 42 56 45 50 45 46 43 55 33 49 50 48 59 50 47 37 37 53 60 44 45 38 51 40 59 38 34 50 59 30 56 43 36 36 39 30 55 35 58 57 38 30 60 60 53 53 37 35 51 36 54 42 30 57 60 56 40 54 60 34 30 35 31 59 30 45 57 45 40 51 52 60 45 56 35 39 44 46 32 60 34 35 38 35 59 45 50 48 57 50 60 31 52 43 52 30 55 31 40];
num_passangers=[55 54 53 21 24 31 25 29 47 91 59 63 25 32 84 72 65 87 100 30 23 69 65 86 74 27 72 81 70 85 58 74 46 34 69 38 90 67 43 29 97 24 27 40 55 67 88 81 52 54 20 39 22 22 86 59 26 42 98 58 77 38 78 21 69 92 28 99 80 30 60 57 59 65 35 80 51 30 77 56 53 42 33 86 23 21 93 68 41 91 94 66 45 46 39 70 81 85 93 53 95 28 99 46 85 32 68 42 94 50 44 52];
BM=250;
CBM=0.500000;
CEM=0.800000;    