nBuses=97;
max_busses=93;
cap_B=[39 24 30 98 46 97 56 136 92 92 48 65 130 38 80 93 104 31 72 85 20 99 54 134 99 54 24 89 52 110 73 33 73 65 66 64 121 138 111 94 85 110 56 108 34 74 24 80 115 22 67 128 94 83 31 81 32 62 120 39 34 32 69 123 131 131 137 138 56 91 123 69 27 137 63 23 88 96 107 140 24 73 28 70 60 35 23 42 126 67 131 68 44 122 84 59 37];
euros_min_B=[4.300496655555859 10.417890400540315 7.3866238908038335 14.04404825234567 8.067584225094407 7.876611263200884 4.809921495453025 6.622044880588454 8.665682820456784 12.370102520314818 13.64190847093576 4.766173217319882 7.733313453542618 4.829504367730912 6.154143817080407 5.042691456293063 12.435391215419784 10.174111513172821 9.135469995426329 5.547244806620448 1.2736959435694881 1.8955381854736852 5.244945655278027 13.260986304471647 8.94165500114129 13.635687089203238 13.769275912623632 4.514730198938314 7.156700583559697 14.764988826854117 13.491799805354281 8.626070658864553 7.090919431823991 14.953456762598798 10.713487087017935 5.98870697240553 5.989605642579506 1.8850617679863215 3.16266523120787 10.97089578620403 13.499309060614927 12.915038156553528 6.2501439640307375 9.551381152349856 9.093700736964474 7.8914610411128825 3.580754319204348 7.083255827669085 2.137805357529475 4.160075999533934 4.441069063182319 6.145134195216868 5.820582060119433 5.680761496809553 5.155258087599611 14.545098647078314 10.080794797283716 1.0426939756952927 2.5381828058716667 8.21042255119017 5.513693398081434 4.894477628536708 11.709138666192572 1.3867822242006993 14.288067856733711 5.489548654044825 3.208032555402263 3.2768989549555103 7.5086302114748165 10.607526368716304 11.534192709911748 5.095184063721614 5.395538866009067 6.826051841278845 6.838375846702599 2.2448911665031446 3.438071703050674 6.871997407708136 6.773794232769282 13.210983555906795 2.109914167855101 7.515295758892684 14.938698275712518 7.591963096135908 14.899679458529409 10.476658425233529 2.220750098143859 6.441876931384931 11.536721097071489 9.410057848919037 13.034054316185923 3.198651541696126 10.482139985145263 7.029280264396915 11.437631148226684 3.9321381131077784 8.857579072836797];
euros_km_B=[28.19714969255815 3.2842248497479902 19.659274546969872 8.621491532705253 4.420223568372336 24.234340123795423 1.2147470315928466 15.194151045833989 29.604543698443678 27.86506213026648 18.58321937638223 13.535204417995635 26.951201831436965 10.746083458777301 9.248291766831688 12.11221665089538 8.762537927905505 15.973616784573348 19.08836847177915 13.28672298131878 6.973977661046068 13.994404826627532 7.201824675665514 24.526097804556944 27.99597364136881 19.28967740638164 8.215789483427692 13.489614712339321 26.212901398121183 5.9779178655443115 23.72670361142198 19.035019637400108 3.4839118400769884 2.18593912554992 10.888181280194319 22.420892386477835 4.396224654459292 7.212131325358917 27.864128427681134 20.99649165723361 16.178443362431288 29.33888507864115 29.48803277500592 15.47949494366277 21.941239560356056 18.215667375623152 13.459728922532673 22.80614396675192 15.670677294448618 6.9060588896557515 8.708822131070871 4.421836890946781 29.791966027516573 20.31708270548047 24.879248984674405 26.839337594003172 6.953776417876858 21.117792756997076 12.375344263478604 14.196393797814878 29.331573190135792 5.044908498204012 4.779337927280522 13.987148920049117 23.820555965037556 22.41048626235372 12.643768819081698 7.466484024842555 25.426383576087925 23.9715513795521 4.162998897297394 20.543711569129627 7.680630768575234 19.380533858747388 25.406833008299998 10.284221621780848 23.545141584643744 18.190851839835137 9.916737894185472 4.484213094528583 7.286859552857182 10.8110247840715 16.909755235938963 23.47729681239809 15.111053935382655 17.03351384720368 28.47192296898928 24.664692893282073 28.408472703806137 3.5426064907956785 4.377999409558387 14.587622552655114 9.90752397260737 20.63825378092887 10.274743508391062 7.317278077550333 2.5793403821626852];


nDrivers=98;
max_D=[140 225 205 143 181 171 189 239 238 190 151 130 223 228 142 208 180 216 134 190 223 187 156 193 191 164 156 120 141 160 125 140 228 182 205 227 220 235 198 223 123 189 222 158 224 143 231 210 216 166 207 169 181 145 170 164 222 152 198 186 127 184 233 161 225 196 160 199 201 210 127 166 141 165 190 124 207 235 162 133 208 187 179 154 186 167 205 190 223 226 124 182 169 142 169 197 143 198];
        

nServices=100;
S_starting_time=[138 523 192 682 657 317 87 1 458 560 553 626 493 248 372 410 207 207 112 712 473 129 509 594 448 549 440 688 70 353 578 41 232 585 607 114 85 245 451 399 650 708 641 5 85 213 96 585 598 215 173 477 99 205 687 537 683 488 391 479 35 586 388 218 50 425 511 359 288 468 519 531 128 374 289 461 168 435 695 641 313 430 191 314 397 324 392 301 398 372 379 419 415 370 108 239 484 491 42 342];
duration_s_min=[66 105 61 110 110 114 60 67 101 93 88 104 95 95 65 86 120 68 77 78 91 63 74 80 107 118 93 73 64 107 93 79 93 107 65 76 70 119 119 111 103 94 99 77 79 105 74 97 89 94 60 102 62 78 64 75 61 101 66 118 74 99 63 119 115 101 70 113 84 117 105 107 68 99 72 83 84 115 88 69 91 116 99 67 119 88 99 95 115 60 115 90 67 60 82 66 108 104 83 67];
duration_s_km=[58 48 54 46 60 38 50 39 36 58 45 46 46 58 31 40 32 56 36 35 34 35 49 33 31 44 38 51 46 42 40 56 52 41 42 56 55 46 40 52 30 60 41 43 48 57 35 47 46 36 32 47 32 32 39 36 34 44 34 43 56 51 51 35 50 48 41 30 52 53 42 30 48 49 32 50 45 55 44 46 53 34 55 37 36 44 40 36 41 50 33 31 36 30 34 45 49 60 43 55];
num_passangers=[67 28 76 20 39 80 38 25 67 64 85 66 78 22 75 86 66 35 76 29 73 83 96 93 75 37 51 82 93 52 60 47 45 42 93 54 97 89 72 30 89 94 65 69 70 100 71 52 48 54 37 41 85 33 28 97 63 37 62 42 89 79 21 44 36 53 74 32 67 81 60 84 57 50 21 93 31 67 83 84 82 59 81 57 62 21 78 62 59 81 90 63 81 57 34 42 41 35 28 36];
BM=250;
CBM=0.500000;
CEM=0.800000;    