nBuses=131;
max_busses=125;
cap_B=[52 133 48 129 48 61 86 109 132 31 35 126 135 131 94 59 74 66 100 50 116 47 132 57 40 114 25 100 98 87 97 51 68 41 121 52 118 82 28 55 137 80 39 60 34 136 135 108 85 20 43 102 45 97 117 34 80 53 37 102 98 87 21 48 68 42 93 140 37 55 134 89 102 96 60 137 107 49 62 22 131 65 50 23 101 26 133 114 138 26 128 97 126 139 120 135 138 80 84 79 86 87 55 59 21 89 51 54 56 114 53 131 99 116 24 101 102 30 38 29 98 47 111 45 32 28 34 112 76 101 25];
euros_min_B=[10.698916736471158 2.6559285106681543 2.49628791740487 9.308019679162232 13.379520570816204 12.65950470433351 2.830346134816364 6.056393248018287 9.987015602399135 2.7457973837359444 14.596090233128908 11.198122428664467 7.007071024777186 14.792199639465291 14.185901804398187 8.129439836950047 4.490305938552112 7.252763655396249 7.228966087568523 4.3221505019917155 8.262710485415328 12.812641860037822 14.717291815577388 14.765886076290059 7.989114133758549 13.07794624195691 4.752955969851923 5.303015063248894 4.983357164993921 12.4301087663362 2.89445948828258 7.894423460701325 12.31841567799542 9.786140668371987 11.914785856133197 9.533600962376116 7.845379402615068 12.118726626796352 9.613411388885746 1.546269281097671 12.813043834215279 8.011682915870121 7.129738450401305 11.881520221045433 8.15710893624229 8.130353538135783 10.921795123239605 12.47206954738138 6.711335455465959 6.020340851829133 12.922134022037481 7.033818403548717 3.4841444844977314 12.762536835236373 3.5408616059925184 3.834774808027823 8.614899283347505 14.935498274310826 6.870656154763007 9.958240147917843 6.608512857521441 3.9529698327257154 2.898725011225769 6.341452219698042 8.084589030266379 14.100840438635698 14.732693841408356 9.986447603370719 14.867369692772044 5.428455154014208 5.022996726033224 7.976728001185453 7.929061614372077 10.97911443572559 7.037412160874793 5.413692923064387 9.46289430328506 14.467906493566081 6.1365369059407255 4.273749145107406 14.690259882116537 6.967880640844562 8.415423331598944 4.969866263291898 1.5923735656348719 1.6948032889020237 14.205924993665377 13.216190262261584 3.2117096550161865 1.4704063081533594 9.250394276357381 6.903634868122536 9.930603045748969 14.938500869883097 6.575430291255213 7.203064699732806 8.124827168268602 4.636919485343892 10.493359389901132 14.53614816150585 12.745634678864988 14.8896998705217 12.088472757123116 8.405187394235828 8.28630647200081 4.911950348710622 9.628770907860423 7.05715362553861 2.36105111499049 8.418502699861694 11.542706588813337 8.105215171034919 12.206292094564416 11.066518718573631 6.566718801827802 6.998135107586642 8.34459573760793 4.669100299628118 12.762631233287685 12.412332255448344 11.074098097939723 11.866990069418828 8.958439691476833 13.383983890981176 11.367053890980058 8.43924095915678 2.3839474777006417 8.822269508624657 9.383620231704613 1.3753879239511468 12.790877490008542];
euros_km_B=[23.568300350456923 27.918088758745295 25.213393958629542 8.687258604882906 28.14676452288784 17.681335350193926 20.080990342891024 1.4824924095118437 9.12760272486949 14.886543129782211 27.686832645317217 10.594465135561059 22.85723627374301 1.810033692648495 3.136329080830159 13.310884044905315 21.47474596961105 6.689209278179115 7.680810288553905 10.525384054591573 4.468151432463776 16.322187761718098 20.2155022624246 20.43303266717355 27.971934043660692 12.875477448521629 2.1939452609645063 23.13420711451374 7.817566061097493 5.096886576972515 16.73763915223008 28.158141269246705 6.333162916616913 7.261906085301414 21.02119218944858 20.14730754338903 26.074257978522 6.01280980650207 25.65687375101788 19.172555271510248 28.32951282900281 9.110722517068867 23.23824698127394 8.680405920949694 27.236768357046124 20.222041297263004 13.6888312839204 5.398535810424005 6.768516337907086 24.709550082078593 19.087755370664013 20.361989859290016 12.045861904506792 14.42722895944164 21.184917861152343 8.189113962019475 12.133738842149052 23.551211406826404 25.835324658444772 11.066927695426818 7.3771247776860145 29.60830855378562 3.454039558566869 18.466033390523272 19.47201545245043 23.40878042617789 19.677040843295515 9.584078160263111 8.51628986881257 3.0815155734458175 12.64145899811328 10.159036587538285 17.338376228080733 29.737961058527393 1.433113444335488 17.524093924430836 3.3878130380827836 9.732956927222983 9.222975545492002 25.989799709670702 19.91801276395466 8.410769760852705 8.108015728629315 2.7334170362081402 20.806960492385176 24.60378686493506 5.040613438524568 6.973960451200428 11.060882348202172 8.593025727072128 24.40860995805516 25.891286528467994 25.83839705376159 15.289883957009911 9.944549067400152 25.197915959267533 29.34670499571412 4.697493295014217 4.621357909770643 10.400141413045404 6.769010722026988 14.90523334480797 1.6243204460207612 16.71638147222543 16.728750734596137 14.005717075315562 28.25140415337205 28.844930043609157 22.766077994973553 18.5648339710878 27.442236141685495 6.399463094971785 15.10310144456918 10.554753308462654 20.871716032236105 13.779364300192677 17.932132604824577 19.12809781034716 20.972479864815668 1.438979531808939 12.503186139667967 19.23132639721183 17.360423643952814 13.932686845274569 15.549736045773964 20.192636261242818 17.868780870183215 13.739017463584416 23.666203287958048 16.264425729699838 6.384976094770102];


nDrivers=128;
max_D=[189 200 226 172 229 220 135 180 133 188 211 165 187 149 219 214 214 141 170 144 121 182 221 129 171 120 184 224 164 230 144 186 210 224 158 197 213 219 239 194 229 188 165 220 152 144 200 134 240 135 206 144 131 198 183 230 233 239 153 177 145 220 126 203 185 134 144 125 124 214 167 230 171 183 201 216 129 182 128 143 153 214 204 234 231 187 127 164 141 210 143 200 128 208 226 196 238 177 123 200 156 180 126 182 129 180 201 205 180 127 123 160 222 240 154 189 191 154 197 172 201 121 223 177 132 229 209 128];
        

nServices=135;
S_starting_time=[150 492 469 326 692 579 125 147 609 693 670 532 98 56 404 113 325 321 331 431 106 362 681 2 437 59 305 418 272 515 278 176 92 95 522 612 188 232 340 265 275 686 570 101 485 88 673 257 280 661 294 268 332 215 203 150 694 303 382 132 110 128 551 545 244 479 450 280 117 664 327 469 16 177 492 33 135 198 314 5 459 503 649 438 591 680 491 171 315 327 596 433 678 416 318 434 627 498 212 380 297 256 37 228 328 119 554 188 45 559 3 269 305 4 692 587 460 103 515 33 611 707 177 52 691 60 711 27 413 429 10 164 172 426 343];
duration_s_min=[73 82 120 116 81 105 100 106 69 105 104 81 83 98 83 117 119 105 75 100 61 104 99 60 65 79 65 95 116 84 63 70 82 71 77 64 61 70 113 97 92 71 111 100 65 98 77 79 120 97 88 107 101 102 61 61 112 99 63 62 108 61 102 83 100 74 110 97 97 73 71 65 71 76 104 68 67 87 95 90 87 116 109 82 115 116 90 102 73 63 111 113 69 100 103 116 86 86 81 87 97 116 68 100 74 84 80 85 64 105 69 117 69 91 104 82 70 72 92 92 65 80 81 114 111 90 119 106 88 84 107 90 99 97 113];
duration_s_km=[58 56 32 44 54 31 32 40 53 53 45 41 30 53 41 54 41 55 58 58 32 41 50 45 55 53 36 35 43 48 31 40 34 46 39 54 38 32 40 51 48 59 33 32 33 43 56 33 30 51 38 40 42 36 59 43 54 44 46 46 34 38 53 33 35 52 56 57 44 50 49 56 32 56 45 43 34 56 49 32 59 52 50 41 53 39 32 56 35 53 39 48 44 32 41 52 54 32 31 59 49 50 42 59 59 51 58 32 50 32 49 53 45 39 37 59 34 47 58 38 55 56 41 44 34 30 53 30 39 60 58 39 42 45 56];
num_passangers=[21 37 55 23 39 93 59 36 24 62 35 91 28 86 68 45 78 46 54 70 60 32 20 47 23 22 58 70 48 56 60 30 32 88 99 34 74 52 64 57 61 43 91 35 78 65 58 49 60 76 35 44 54 32 79 68 37 49 65 34 39 24 98 24 78 33 31 49 44 24 73 75 86 80 24 53 41 86 46 33 61 21 86 24 49 100 48 42 73 45 22 73 86 65 42 39 20 40 49 47 85 75 95 100 48 46 86 45 90 76 31 74 37 63 58 53 28 41 65 98 46 97 37 79 100 73 31 98 81 82 95 36 89 49 59];
BM=250;
CBM=0.500000;
CEM=0.800000;    