nBuses=132;
max_busses=119;
cap_B=[30 52 23 77 62 50 69 135 82 107 51 98 34 101 116 126 44 109 133 50 89 89 59 36 42 87 86 21 79 85 30 30 105 89 77 45 61 70 69 112 64 56 31 26 140 25 129 126 71 91 128 118 67 80 69 137 102 53 109 20 54 67 46 92 29 84 26 138 38 58 59 85 53 82 72 41 65 96 38 20 110 36 39 94 35 136 90 114 130 97 140 83 22 47 87 100 60 58 121 27 89 106 116 50 59 121 64 123 22 93 124 80 80 107 58 92 45 125 40 86 137 47 78 64 73 44 129 84 33 89 101 90];
euros_min_B=[13.401650573298308 3.845970812426344 11.761236542102807 5.915060315989548 2.7882943988928695 12.417403189217461 1.9083199949490377 2.649008401624724 1.0854542490510315 1.2856224841570876 10.086911402997991 10.824014344248559 8.1302696257291 8.467269414579704 12.978510126716946 12.673702839778109 14.1796906887396 3.4263685816634646 8.6656271957946 14.453299316092764 11.263906215595558 4.461853186353995 5.189547884321311 6.918711383642791 8.781493249554646 3.6531173156393137 12.908855758998417 14.134510099025638 11.997838835980666 14.265143198401402 3.3028504916360033 13.679752418220932 3.3323130603031865 13.833704095876396 13.257128228512814 1.47967395535076 3.9493908331147507 2.00625242463148 11.91151759163114 1.9890637514071265 13.875702566891475 6.555672946433662 5.353020518450192 10.407910265625882 1.636811217549907 5.966437369569955 12.203887462245802 1.3879294948587488 5.5444418204443595 4.757612508223129 6.71026386791153 13.543084309233883 10.705892073035997 1.6967806643601786 13.417706310722021 2.7018426778924214 14.606288922785344 4.754161268773845 10.392783707353475 14.923717880003817 1.6352504678045077 14.069656706550349 4.349467717706343 6.995200688933054 10.016301253075412 6.88549360659887 3.6813498192450598 10.425058035173803 3.048222236365243 6.164146964963782 3.707240830878635 8.46821166288399 2.7566048246275683 3.1617041496667326 1.1237079907588898 7.689553767191525 8.8761230154941 7.002664431100602 3.4997186484052785 9.454286353928023 10.731052256535438 1.6336793272204213 6.023824224856615 12.837627664157015 14.981167928368475 9.794875867079336 4.452123022477477 11.929383671034262 5.117224738648547 7.096227777236556 10.088711989472987 7.987548689531501 2.5126441098898624 1.6383180858182282 8.121863710429276 13.804179993766255 13.659242821661259 1.164931729780381 2.3093254855823404 7.757947300057992 3.547712776633505 10.574791408278328 7.895469831807105 1.3999744961272418 4.290611031878901 8.949773040349076 12.84893762452387 9.55531861798558 8.550824908081466 1.991821931840555 9.333773519729949 11.63045321514182 1.652539890976148 10.25748649745604 8.00859509182742 5.816971051299744 14.207838472864953 8.092682110847491 4.9201830556093595 3.8722917077061654 13.646491339041582 8.051303586174981 11.803266178440643 1.935641542999076 14.21477937861999 10.236034429137696 5.264971791923007 13.620544228454019 10.799460818772253 7.113042629966335 8.349408305514674 9.546666522248012];
euros_km_B=[20.25464860472253 27.098676294853686 11.283623217046319 22.526344608687943 4.960623058880494 9.854859923216203 21.267968180768417 6.938057434761057 5.2090226588003485 13.520123614088076 19.45867924754083 6.882426820536831 13.102780940212064 22.162922728251853 5.4312444395397685 2.7476370143307864 19.709280224516014 25.994419713643786 11.659114796711895 8.036321369656704 7.5808460759645735 9.465329392427304 28.15758628421527 28.411291830768555 4.496450723516693 25.011311931366883 20.794239758132406 16.531084653772268 14.461746673004079 29.61719120445081 24.92192822544252 16.484796361967504 4.364615855733714 1.3648716181874736 20.622285287863495 10.99097485904249 9.641997917982119 3.5776980924731756 5.062433914263348 26.064796587275687 23.827781503909684 20.01872646649116 20.812828468416154 1.004874143045094 23.68404293108683 1.6882375227085138 4.439096049667441 8.527848575649042 28.652724367781364 17.097098922402427 19.50884536777279 25.293745118414865 23.314436946605152 9.444875931994371 19.90969129319804 12.61561202670244 12.83154020292124 16.10939845840805 5.967390157292126 7.167206241257972 5.55714402339777 16.199743172051207 9.659298314797496 16.118029173718792 27.22448330596091 26.179204573101725 5.907277206942187 5.136141204401426 26.514554145556435 2.1262071209202755 16.405115084743507 24.81532089321377 26.2212415885356 1.0122189477014278 3.523571511997044 25.8293395113311 18.166404968754943 6.484928464098777 9.328055513380548 15.693096684668227 8.494578435305076 3.6884326130425267 21.313967314078685 6.371580728325564 13.753695986038721 20.779925903739564 23.482629078377993 6.789044026007393 14.778205291914677 16.237421800705786 2.1807509695242677 24.06743785642191 5.860778767992079 12.95713632745952 10.307090749287534 16.228242763512554 14.630667569457767 25.96206413049992 26.422301695936493 15.98450051047536 6.748445509905021 17.11320506367083 27.275972758687402 1.6122240349824415 25.58437997010656 8.234227258898017 16.232014556513775 21.03017558135604 26.565945210183017 21.911886991109032 4.301796896531203 16.85906920600327 27.85885720588168 17.785768988765255 14.4678268012012 14.361840750903758 2.906691582790284 18.749496674632717 9.592546793511527 21.537943673847685 24.83484035346668 14.017169008804974 22.931843792265457 8.414160418137731 28.90826535695716 21.52318722425554 23.48352200710909 19.813735837761868 4.204932892115991 26.973467002090437 27.903225388287137 5.837676464119892];


nDrivers=127;
max_D=[202 217 234 162 168 176 151 186 133 167 235 209 163 145 179 214 137 192 130 175 201 218 176 206 193 170 215 179 133 133 175 185 177 183 135 135 150 143 239 207 146 225 233 208 136 126 149 212 216 130 211 141 212 215 147 150 200 185 150 218 164 164 232 215 188 206 124 173 169 133 139 174 198 193 230 176 224 144 127 204 218 120 146 142 219 169 210 176 186 221 170 193 157 122 209 142 187 204 125 142 208 122 232 219 137 219 186 212 203 181 144 202 226 209 211 136 159 239 165 212 129 171 143 141 120 136 129];
        

nServices=134;
S_starting_time=[433 609 252 580 615 691 521 354 446 520 3 374 711 335 424 285 175 386 315 586 148 266 556 348 500 57 544 245 292 489 614 40 292 11 607 154 353 205 113 217 302 523 146 602 140 165 572 288 319 49 517 666 411 100 342 395 439 266 553 350 191 13 355 194 584 424 280 144 561 148 474 119 660 640 656 150 249 259 449 542 174 335 300 296 350 373 719 16 361 126 418 493 449 458 95 636 675 564 537 370 227 21 629 457 551 671 247 70 567 476 118 112 262 541 659 5 559 303 446 526 171 515 223 402 419 269 297 387 530 688 89 674 81 640];
duration_s_min=[93 75 79 85 113 80 114 62 116 67 62 106 120 85 82 66 113 76 80 68 92 70 92 86 118 82 103 88 118 99 89 96 117 107 88 120 88 70 107 106 113 82 66 69 78 114 99 98 94 114 72 65 118 96 68 62 66 112 112 89 65 100 61 89 96 92 91 61 88 114 112 88 119 92 78 71 74 76 120 66 101 60 119 60 71 112 83 67 73 81 80 115 82 87 91 73 101 109 80 83 65 76 119 118 64 94 78 111 78 65 83 110 97 109 72 118 74 104 84 120 87 75 111 112 102 81 72 61 87 113 86 67 65 84];
duration_s_km=[33 50 49 54 40 41 36 39 55 32 39 39 56 35 55 58 56 36 31 57 31 52 53 39 51 48 40 60 36 55 60 51 47 53 43 46 46 33 58 38 38 60 50 52 41 43 60 43 30 59 48 42 60 34 53 34 58 37 57 46 42 41 37 59 43 52 59 50 50 51 40 56 45 47 47 45 44 34 59 53 42 47 58 57 43 34 58 57 50 47 32 36 41 57 54 48 34 32 41 57 41 31 59 41 36 46 32 38 55 50 39 48 46 50 60 45 60 47 54 37 43 60 48 51 38 51 42 60 56 58 30 44 36 31];
num_passangers=[69 49 28 88 97 75 34 39 36 26 62 88 71 34 37 53 44 67 30 99 66 42 32 40 97 61 59 49 57 58 84 58 82 31 54 58 39 90 79 87 97 32 78 59 24 20 38 48 26 67 93 40 62 29 86 53 64 28 88 86 74 52 39 98 78 58 42 31 69 96 56 75 67 26 93 57 71 73 34 95 87 59 87 20 60 37 43 26 33 94 54 90 46 72 42 36 27 64 71 42 91 82 81 77 53 89 39 74 49 82 72 22 68 99 33 55 56 45 95 80 81 69 46 65 85 37 47 43 40 27 83 97 65 40];
BM=250;
CBM=0.500000;
CEM=0.800000;    