nBuses=125;
max_busses=114;
cap_B=[22 54 80 48 101 95 98 56 52 111 53 131 43 83 53 23 53 61 54 113 41 54 70 108 129 35 66 130 48 72 105 92 106 131 126 73 107 72 31 114 139 30 82 37 124 113 33 40 89 23 139 60 137 20 73 127 29 21 71 49 50 111 87 107 76 52 79 139 25 131 74 127 28 73 139 115 89 103 94 126 139 89 70 113 26 93 96 40 87 52 93 50 53 125 85 98 49 20 48 123 25 85 47 99 40 80 120 135 133 105 87 39 110 96 47 132 105 117 22 46 37 51 131 67 67];
euros_min_B=[9.979268973647997 11.634154943600395 14.375831450883979 4.861702330884079 7.044806953430015 6.160718001045478 9.63210057759999 2.2075787003180922 6.160553703868212 8.532350457901202 2.1353654192972873 4.291637033066358 5.95268717053772 8.981640476257205 2.065203613250125 12.104417226169346 6.245925206900961 4.26712065403123 13.629325464263157 10.344980760911817 4.059271647645847 7.8576366804539575 10.03216449284235 8.805971950938371 12.97824486800304 10.456167355921702 1.5986678228622928 11.655865989248149 14.561992118621104 10.18776454104448 10.077430811410753 7.508727312466419 13.747212727509467 5.434291460905669 5.0980644691216765 10.18045424568018 4.146768650807758 12.71021773916299 3.6178277892162685 2.76400920118809 12.0831592324419 1.999746385494141 5.228666281663126 8.893015654323964 3.8765548181032674 1.1108814203035375 7.739008684903427 5.6801204225855235 7.0492301864887255 4.372474684118553 11.530398025831799 13.830954689120404 8.442256299891737 5.540252314094936 3.529737435623842 10.064844105643228 8.516981629449802 6.610455381332106 3.9580309854856344 10.572415157271173 10.906887977279355 5.272216444337918 12.859210682662361 13.628627911738034 2.1628587788897926 11.411282878094468 3.1311869584854564 2.9771370986231456 14.497226908025738 4.941012224350214 14.579928417547405 11.789161311614464 2.4531715490563046 13.652537731821822 12.043845234145358 7.446111299778022 10.61322011847246 4.365556319186488 10.418869134011963 2.6512859849321924 5.491468490949759 10.357032083211557 11.443766428780416 12.044136485253238 8.364006794309324 13.536395489853005 14.501343473596075 1.3464917537708345 11.10307970768152 9.444946202631273 1.804871953118364 11.751758339455472 13.607944881980895 2.090146939604427 12.637154171307412 8.27226975850613 9.520423324338385 6.192917908003404 8.278564011124612 8.403066090852734 5.412725436631537 5.682375220082219 14.305470354678723 7.1347870908268645 11.288715248744497 9.81639045497666 13.415144269740662 6.4726284396426985 9.702370596054514 9.100844197847293 7.774345403644908 8.418025955666591 5.700727603576675 12.319643662387476 4.202588507568561 13.528674551142904 8.691633481380176 8.034751624730994 13.91301132335222 1.5809608271230844 7.062429158156499 7.328930841758494 14.973357376694713 9.83223835205077 2.3069949329255524];
euros_km_B=[20.159840398183892 3.8279643023052285 29.506146780719302 22.66136721185177 1.8661355129987118 19.608342128588898 9.166091496764894 14.907184899413071 11.046690266614812 23.212116537797776 19.81055441972363 22.59834431166462 13.691263736479444 23.89309435559948 19.834528626823868 25.46616127323456 19.632067625996708 8.074677964422154 18.387146419512852 24.539002573432604 7.409288838640545 26.596500657774076 17.824305586101097 25.394960965934203 3.563461787737986 6.783444451609645 5.421347484850256 2.7785436633821385 1.0828127585060345 22.762133617277655 12.466423431001509 8.86973789184467 3.588695180594562 12.02727686503381 24.850697034129276 26.38001598133893 6.207947644245058 15.420973679940678 16.192902610193514 13.18783751868259 12.9391294576903 14.821811098223966 15.991128203589076 19.309622942151194 17.82692261330609 23.917658480684654 29.298944641746136 8.255232936127118 10.408874861948041 6.447674863184662 24.138614507862595 11.695423323967155 11.258533266943006 15.775865697187887 24.924513368615806 10.461014932115262 27.117274780168405 20.994871108763153 3.9567893304069925 16.606225773694153 8.176261655871244 6.7685590201015255 16.576429841573646 17.301072305835458 10.438704563969992 7.111719593922935 29.480036621309708 19.798236691555815 23.33385733450473 9.003460440106641 20.467927798208766 23.08640050154516 3.193398575502069 16.934688408329755 22.507245625357296 15.180516407419153 25.725087539131607 23.670802369378535 6.137784845819958 28.974162462164944 16.541933876145443 18.808137859751525 25.984883855221568 15.515155209380765 7.984462653392811 3.7799097097205783 1.8301476596191844 13.221132364436867 2.862347677267989 8.460232380462998 1.6346262473111288 25.74468014296777 15.55320566588475 20.46149609128885 21.213078932839405 12.847521058411145 2.613566294698106 25.066329128568178 9.474376651981904 3.9087573047430273 7.375258206890422 3.923854839159519 19.688542565192808 27.492914140368473 17.51706618812918 21.692539252250505 28.90145564597989 19.500372277198053 28.93368667351889 1.172252779328507 21.290757249549255 23.949415773467223 23.382658628236154 11.060157077840973 17.621609634603924 8.307061542265412 6.43007230394356 14.76586891141786 6.055544477712676 22.662237680511154 18.26769816812487 2.0688295838777657 5.6839207058941446 25.08690675792631 15.963181629438614];


nDrivers=122;
max_D=[151 123 123 210 153 172 164 174 202 187 134 126 130 190 227 149 163 228 206 182 195 149 187 160 141 120 214 152 204 127 172 168 231 148 170 161 146 179 223 234 189 165 121 207 195 207 181 140 195 130 227 140 146 132 239 129 162 139 203 189 226 152 213 149 226 127 159 127 210 140 141 232 178 174 183 199 148 216 122 151 152 232 127 216 231 236 170 120 201 228 201 230 187 169 160 211 214 169 123 164 166 162 188 190 197 122 149 128 210 190 180 192 125 150 156 236 236 136 176 130 168 168];
        

nServices=127;
S_starting_time=[507 270 656 434 532 122 359 272 76 59 394 391 569 516 370 236 397 520 257 464 267 638 605 138 510 80 253 96 251 348 77 374 114 241 527 22 27 266 430 707 641 475 478 672 55 162 695 630 143 325 146 134 339 25 107 169 82 382 289 451 693 662 493 403 168 107 332 437 181 2 423 381 559 356 451 260 168 81 291 232 297 577 386 380 115 143 285 249 169 153 274 362 146 78 16 524 322 466 144 717 675 255 635 48 248 455 529 318 241 441 503 290 132 683 425 458 197 231 312 439 144 587 19 412 290 575 318];
duration_s_min=[99 64 120 118 93 69 92 73 61 111 84 71 66 105 82 87 84 108 104 105 66 78 117 112 79 92 87 107 78 81 85 105 103 105 110 117 75 108 120 70 75 94 105 72 107 80 115 85 64 89 119 98 105 105 66 91 83 82 74 117 61 71 72 117 93 115 119 100 97 102 92 61 84 75 95 108 60 109 104 81 120 106 98 97 88 65 101 118 112 65 91 78 99 76 81 108 71 74 111 106 72 117 72 117 86 79 116 75 94 86 83 86 120 103 74 115 68 80 80 114 105 82 119 62 62 113 62];
duration_s_km=[51 59 41 36 35 39 34 48 49 60 30 34 36 32 30 51 51 57 56 39 60 60 33 48 50 43 33 45 40 52 31 32 57 48 41 43 48 56 43 33 32 54 33 44 52 33 59 31 52 39 30 43 59 40 38 41 47 30 47 53 57 36 52 52 30 36 41 46 55 35 40 33 37 53 39 56 60 52 43 60 43 44 42 37 52 31 42 57 60 35 60 55 49 53 37 59 33 60 57 38 45 53 50 49 58 49 48 59 46 34 41 41 55 41 37 60 30 34 45 57 60 33 59 41 35 46 43];
num_passangers=[24 97 86 54 35 26 75 42 86 89 83 44 65 38 85 71 26 88 94 49 44 73 75 72 37 97 37 70 23 94 46 82 42 74 27 33 89 58 44 98 69 62 68 39 52 54 54 43 78 47 72 59 40 86 71 78 36 40 67 34 23 89 56 60 29 21 65 77 63 88 85 68 46 82 22 53 30 39 67 72 21 32 55 55 33 77 37 70 72 45 84 48 79 46 39 22 48 90 49 27 91 44 46 32 57 58 56 20 95 68 24 63 68 26 34 21 60 25 34 32 83 59 61 60 33 49 83];
BM=250;
CBM=0.500000;
CEM=0.800000;    