nBuses=116;
max_busses=112;
cap_B=[98 105 110 22 131 130 66 109 113 122 78 89 82 123 91 107 103 130 44 124 92 28 56 118 114 128 101 28 124 36 66 95 58 100 113 53 46 90 58 80 99 110 103 114 135 77 47 41 68 77 77 77 116 121 32 75 55 80 74 52 71 76 74 111 57 45 78 99 125 58 63 61 138 41 44 67 68 32 78 60 42 72 120 36 139 107 49 95 79 60 107 127 43 23 86 24 98 104 31 52 37 101 96 97 121 140 87 124 44 89 38 94 51 65 71 54];
euros_min_B=[12.094773946300613 11.642515561343313 1.852699531248915 6.8753604223079625 14.653193524131721 9.561197074761687 13.227642268502665 13.902174219353254 14.775448437518707 2.7314073113910458 5.931462459058049 9.157176352004555 10.421038393884565 14.49485649985738 4.207797307597465 2.808649357755161 9.134682295656962 14.528896138122025 2.4122221569087445 8.933377776540677 2.556991503960915 6.296378904915086 2.6166196263883412 6.677939206607338 9.006673932991262 6.157740406562229 8.441125122940075 12.38821916252762 10.476000633119094 13.652721963049194 5.061908432376979 14.859549849567978 9.553176871686372 10.252290490492127 14.800815467297944 12.364136408653433 14.959183217975758 6.418077183229951 4.795676278918462 2.446322466012183 13.489324383596404 11.340521110114757 9.789332953465049 7.353496081052501 8.828023457597757 7.908822567551933 7.453276895497546 4.197704055176835 7.959628799164106 3.2540879459695056 5.714636168991813 6.539981201675195 11.782901465931449 14.182467260094512 1.9557043547178923 2.4805939287036733 10.01749505782123 2.7436476692109375 7.6414452950482055 4.255020032709638 7.903950584959544 7.734334399721801 11.737180397938916 7.981022381802552 10.870707197317937 10.122094920127429 13.363883562881988 12.02084382680324 7.552256120416251 5.837134509974008 7.043951421012556 9.499450348755802 1.504004454037211 3.4989796344645656 13.720844800819526 7.88006998098392 13.324983102087476 5.844986956842368 2.7658797849863688 5.139592491371287 9.636705146762226 14.378864666728367 5.830256008413545 4.490832053537944 11.466180207838432 6.645444118105693 5.181299224762546 2.744080072504632 10.993182079064841 12.156582907272755 13.831276455918584 8.138692303439282 8.666743907571696 1.7652787966497923 2.4112866491519513 2.5634274260632894 6.340302103368137 6.048043241822919 3.754409405514794 4.9390039187719745 14.717304852389791 7.333067315606591 3.5905293310270823 12.017995439992601 11.658065662581024 9.728888358095764 9.078511810340292 6.707719369278285 7.019326209854027 7.502404724996013 9.63088318957048 6.681721126280996 6.371302579408089 9.776028108871046 8.581269280699477 14.606516226455893];
euros_km_B=[4.819501047566957 22.330494455366555 16.176892312922718 1.702491220435373 21.119579762367778 21.653781372836836 14.196430306180048 9.739868351103336 8.128274793548417 27.672801347042792 22.48571799457435 10.859967675664718 25.81500821437418 29.324167199785155 6.864728241352265 23.804545624877843 28.308646276630373 13.360586302912736 1.1319208616545382 9.869642082309348 8.369554065034011 29.073064231200572 21.858814029956157 17.426318768461737 2.3982664387201345 29.233264988199867 4.692875852762665 13.727488654845674 5.023541548248442 8.05225422373038 3.98589285006981 17.978492404745896 25.062797923060767 24.06442888630057 1.773866603801309 16.313042095637684 22.068096657319952 27.48271548683998 8.146223106494858 11.675764687304294 16.398214665179662 2.9863394081684294 1.9486873832503426 16.41248824614281 7.929616775522221 3.3864055626566687 29.392736134322963 15.455732459880766 12.647938711606315 7.12239671229505 18.171794743136523 18.363096907797367 7.870293699468124 23.642822559295684 27.8993064353142 11.071899343630564 5.227126259241449 4.107516032122265 18.526536798137798 25.00031033286882 10.151764395097484 3.100039550554804 2.1375905300767357 16.41690095347162 21.041887945150158 25.42974197400081 15.580405148688115 29.32076826170257 27.025118710036924 19.01074887820489 5.5040828064037175 29.146528032088245 10.044406114511654 10.068446137598412 23.476570128860907 22.823709876105994 1.1769083198314292 16.69460543307634 14.284323867341735 8.443370375685383 28.240153424862864 24.26576810340058 10.94106356993657 20.756657944228618 6.217958175992394 3.9911011010014406 9.55842789141482 15.531839097118844 26.639852951449694 11.660203564482707 19.26472866909581 18.185652362978196 27.467135824000046 25.82680006696642 14.919551540860281 17.02106428756454 26.53763189231004 10.480889352845463 4.73102718367641 12.672273079835781 26.249784264027088 6.113772539024307 9.185699250012753 15.491677195229185 21.669204952606837 15.239089269584815 10.013326132936044 13.242245491345797 22.44969398463071 2.5351406355143014 12.898519798798903 6.448496093590023 24.38434624870904 8.65484187762771 3.317086836276684 19.079733156997683];


nDrivers=118;
max_D=[169 121 186 157 207 166 185 214 131 207 198 166 240 155 159 193 186 191 202 192 210 132 183 196 218 132 185 164 179 153 133 240 156 224 144 211 206 152 134 130 176 123 191 188 235 182 219 225 234 209 146 154 195 206 221 196 157 219 200 132 236 135 125 135 226 216 231 148 239 208 230 187 226 196 174 193 208 154 215 167 214 225 171 162 157 185 216 127 149 194 213 165 175 179 215 121 195 208 157 128 223 206 141 184 229 145 151 136 145 219 238 168 147 142 214 190 150 184];
        

nServices=122;
S_starting_time=[384 409 19 375 576 698 97 348 182 372 565 25 693 81 184 429 547 292 347 558 691 581 420 265 56 614 440 420 78 628 388 711 6 78 473 712 204 455 670 290 690 602 704 671 385 115 240 158 59 642 65 279 284 552 424 695 685 186 571 175 47 710 590 581 289 483 653 48 57 126 346 704 679 449 250 386 217 703 201 716 560 60 531 625 337 580 127 235 416 337 167 157 616 527 588 42 431 21 366 527 31 565 459 659 118 19 476 130 688 606 438 513 322 101 662 555 535 555 496 399 337 322];
duration_s_min=[65 103 99 71 65 76 83 110 99 79 82 88 77 61 85 68 102 71 64 75 69 110 83 73 103 115 99 99 74 80 112 101 115 85 74 118 119 85 91 104 106 65 112 71 114 107 72 73 117 79 91 86 111 110 98 60 93 88 77 65 89 113 115 98 102 120 111 69 103 91 95 63 95 109 109 86 69 74 69 120 70 72 88 79 100 71 120 66 108 91 91 90 89 102 112 88 116 109 82 108 80 83 102 107 85 74 101 62 70 118 61 103 75 102 66 112 61 92 68 62 103 100];
duration_s_km=[36 55 44 41 51 30 57 55 43 58 56 36 47 43 44 32 33 53 53 42 54 53 49 40 52 50 53 31 41 58 35 54 60 52 35 36 40 57 41 55 57 52 42 50 41 31 38 39 31 45 57 39 41 58 39 39 33 39 54 32 47 30 53 34 46 55 30 44 33 50 37 39 41 33 45 58 54 57 48 58 33 33 34 41 35 60 33 38 38 42 50 47 34 35 53 38 41 31 38 52 42 53 40 41 37 47 50 48 48 39 34 44 54 51 57 56 31 53 32 59 33 58];
num_passangers=[95 87 99 63 90 33 53 41 100 46 30 20 64 28 81 70 22 99 93 72 32 30 76 76 63 61 49 62 31 42 24 84 94 61 55 68 73 89 83 88 68 78 40 31 71 64 35 35 48 82 66 77 97 68 69 36 23 68 66 68 88 38 34 52 53 68 51 48 91 36 36 80 76 97 30 26 25 68 51 81 98 42 38 83 42 50 96 77 81 53 67 100 91 67 41 66 49 50 80 36 75 53 92 28 58 73 22 54 91 56 80 27 83 90 64 82 59 30 81 85 39 72];
BM=250;
CBM=0.500000;
CEM=0.800000;    