nBuses=119;
max_busses=117;
cap_B=[35 94 44 103 117 99 138 95 24 83 50 125 61 127 113 39 116 55 68 124 120 87 65 61 119 127 137 77 134 51 118 66 133 31 76 42 75 31 69 94 104 99 104 119 57 80 36 120 49 31 90 98 35 75 59 73 79 39 37 138 40 62 59 76 70 40 61 132 125 68 124 68 137 109 34 31 135 121 35 69 25 91 73 121 42 24 66 38 126 117 85 28 32 33 139 101 99 62 120 52 109 95 140 123 51 93 20 80 134 64 28 39 55 57 57 112 32 109 48];
euros_min_B=[11.00412544319489 3.374895607020511 8.482839452273868 10.859677465249312 6.36039511988217 10.914966968264203 4.2925477243352415 11.17983889473477 2.1885452996815147 1.475738973773901 9.98680665041813 9.416489977319287 11.90202169999969 2.9067974461306596 3.909437521857562 1.4869457972632907 12.68011504607593 3.3402660704164155 11.168260564150998 12.541888832943291 14.324528253573062 1.4995872530173628 6.020308459052224 12.420599436135863 14.767342797428611 3.134858109869008 2.453561512440734 11.382462836083958 4.9855540787708605 13.910601885065455 10.852938198520585 9.553069166067917 6.866278311239309 1.8354860630025747 4.93793494366696 6.219668910152723 10.498995316999673 6.783848703096379 4.424531226907983 2.2079835673323087 1.4957648328421747 1.2887585375957893 7.3799168028962185 5.073867514405629 7.757117682458908 8.841330316294785 11.073477568671981 13.654116702832866 11.277260751970035 4.958689258625226 12.907583942202061 1.1169969880225303 7.263890726313905 7.346851756284941 10.68142517131453 1.2172187302242683 5.296118493353848 8.252788226552244 3.7639880881016423 2.0467279678445527 3.2284495370109054 7.428388768892383 14.236053504729718 7.424119903596339 10.26082682234042 8.655865793803155 5.192886459642631 1.843817281253108 9.524647843126472 1.7095325849558776 13.570275036715158 6.526982688228585 1.6402628815665803 3.9431188611772128 2.781070203778521 13.257863895028434 9.635180290098035 13.669579160295598 11.87890017633889 1.3992661550518029 10.552244407959874 9.131008968617127 9.514377383780802 10.641988756442696 10.92837666049726 10.763128622827873 4.288524552006115 4.702069671964016 14.905756464068464 4.782403147843436 12.78848657016635 10.060385502577686 1.666721377229481 5.601304067388977 1.5818406947388002 9.123703427347996 7.529897897748869 3.067394882676912 13.88198888700133 11.066017283898015 13.97904364748891 3.007946617813709 6.742466921254724 10.582486015616007 10.205584914364843 8.959729352561576 12.33404952700604 11.368178410263491 13.59636154185631 9.379236147877286 13.908110560049453 11.319432028614543 9.487805314339214 7.9133542483091865 8.971697891732262 14.104896987046578 1.897262180814386 5.295878419170819 5.309922266989998];
euros_km_B=[23.844902320239697 3.270539998681607 14.077108539670064 10.747223600833982 6.261407695407417 5.2991214118934185 16.656002719587246 26.63322298398444 13.847873163816146 12.252802525346652 24.20009201212333 27.05370993947298 10.797968446703335 14.161176721536133 11.51824838312383 13.463839703176829 5.109987928322078 16.273149545770707 15.164743922521769 18.640732318316097 6.9851178751864635 19.9335233325369 19.379889412165134 15.980483568664585 4.145799199057086 29.862568581006617 13.294388905661675 2.0831757467723038 3.209441560292048 2.78678515922258 16.555815278984056 9.408175585977304 1.1002839209164317 14.608643705344557 25.5214752350056 25.22356415077857 15.939828496183157 13.42095685479656 28.87639560727236 23.188773331295895 16.752587901431948 9.621120926520405 13.684105615582219 24.137385985503236 7.196204044250271 20.43367971830706 8.056611982692885 8.415514609971227 7.7845503900829565 25.826146968784826 13.922824108492772 28.959711513209122 21.354423475545488 4.489562346460231 1.1911115585766765 26.264277599680963 11.32158638912659 17.25344941622232 16.70689994015803 29.29270701310703 23.254999340005043 9.656361184331915 19.94549521088135 24.549201306749598 19.94149382977735 25.37725298120293 11.907428039957262 11.42107071115473 20.913277498071842 26.26101562798151 20.536454537598544 3.945339090838247 3.6595016100347717 14.696723613278586 16.8886370475254 9.436155100890717 3.589283479213977 27.31411664490208 5.039296931627384 11.765709903964442 6.261521380704929 19.6599963158455 19.78085640380613 3.6152314450631873 15.83185767722623 28.691459070115016 6.054664933478615 2.7021547657066245 17.403931549837495 28.279805373118414 19.428604599832514 23.639500271746968 12.064755314544945 14.518467388753159 26.83045581215146 27.986675359790986 26.425414386825217 19.946207673845173 1.8749491145925186 18.742588454258826 22.722599976836793 12.095369157684997 13.281092684410867 5.578320361620745 3.358994615157423 25.714592365365284 5.995608216756114 9.434004075585447 6.549983982906026 5.040838923881272 1.7191864997782242 4.775328583051052 16.0659632846073 24.76998009835583 9.935477516913306 7.320456154184528 13.703997882700646 27.632153912458662 5.418414497782987];


nDrivers=113;
max_D=[226 173 173 129 184 159 162 154 194 198 161 155 211 214 204 144 221 209 185 125 171 217 140 223 158 154 192 238 236 124 185 149 158 135 201 156 238 167 175 182 158 172 235 226 203 204 204 138 165 140 231 207 168 226 226 151 175 184 221 201 155 169 198 206 133 237 217 193 178 183 219 184 135 121 155 197 180 223 169 176 192 123 220 198 127 209 212 228 130 220 236 225 162 218 172 162 213 130 146 180 161 135 189 129 177 144 169 169 202 165 167 197 121];
        

nServices=120;
S_starting_time=[93 517 552 457 331 335 563 53 685 85 0 94 248 198 531 302 634 362 569 293 431 367 309 156 569 171 286 149 146 103 501 478 51 259 384 370 602 684 338 133 297 172 34 409 17 28 465 652 311 447 40 35 353 162 599 253 711 386 412 119 586 271 59 322 282 619 329 560 214 281 676 227 712 319 574 296 127 591 178 60 579 678 174 566 10 328 397 243 552 289 296 487 371 143 694 119 557 640 0 672 653 297 672 369 625 158 339 248 625 306 316 307 469 257 199 597 421 44 521 502];
duration_s_min=[60 71 81 86 115 74 76 92 114 105 96 101 114 93 83 73 60 116 101 77 92 109 81 113 62 88 112 116 113 92 70 92 72 84 61 72 107 102 111 111 94 105 120 106 115 75 87 76 71 66 85 80 89 87 70 60 76 100 70 71 75 106 106 99 120 119 107 72 94 94 64 107 76 108 112 82 103 98 60 114 112 80 107 115 69 60 79 99 62 72 63 103 120 64 89 73 96 119 118 103 91 63 82 61 80 99 96 117 105 69 112 113 92 84 102 86 72 84 114 119];
duration_s_km=[31 48 37 53 55 37 51 35 51 33 46 55 47 49 50 35 47 35 53 55 30 35 46 56 39 57 52 52 42 36 45 36 58 32 43 60 54 34 42 50 54 59 30 35 36 40 35 47 43 39 60 47 32 50 54 39 53 37 37 42 40 30 54 30 50 39 52 58 32 31 35 30 44 51 44 32 36 47 43 42 58 30 46 51 43 58 35 55 58 45 52 50 52 39 50 52 42 33 32 34 55 45 46 54 32 34 55 36 45 43 37 46 45 31 43 37 39 35 57 44];
num_passangers=[96 75 80 64 89 100 95 44 75 79 26 91 95 21 34 89 38 55 76 68 45 85 51 46 76 65 58 75 35 82 52 87 23 95 93 55 53 63 68 88 65 61 95 70 43 87 54 68 45 90 52 45 53 55 56 83 98 31 43 20 83 77 71 61 85 89 79 25 23 83 76 36 69 32 45 26 20 35 77 86 45 77 39 33 28 32 36 42 42 46 53 66 85 52 21 67 78 36 78 52 29 22 42 36 36 39 22 23 56 70 22 61 81 73 22 45 39 35 52 71];
BM=250;
CBM=0.500000;
CEM=0.800000;    