nBuses=84;
max_busses=86;
cap_B=[117 47 21 62 24 116 71 76 28 117 44 48 71 41 91 39 38 138 134 58 24 135 103 103 132 105 60 39 114 93 27 42 114 111 27 120 123 41 87 57 79 97 91 71 127 40 43 125 33 106 107 41 75 42 34 47 114 56 65 99 115 98 30 101 133 67 54 92 53 94 86 85 61 81 47 44 33 35 93 76 95 20 83 23];
euros_min_B=[12.677456026736976 10.35387635164627 1.0570837762324319 6.240937672002793 12.301515508903838 9.138628463524961 3.1800442553174886 12.023244224232668 11.64951262876799 1.7419300535744773 13.575438770342808 1.9650111305634796 4.29511250315944 6.79410469958078 9.836627830528485 6.458020177246824 2.8422861991784916 10.325460105863346 14.47041976315307 14.79102771690033 10.732404032448079 1.6890729003821296 14.709690090586438 5.968801599405721 13.224737838425703 5.959784526663183 7.327738314642283 6.400650331248643 10.015150367540986 11.47060557113376 12.745227359908949 12.961634024215146 1.1662120771016034 5.220576808536164 2.0651311084921606 3.4666391931196827 2.78890084078544 14.984807195666898 6.928438547914489 8.664982572048622 12.381936824700484 2.2954549420517973 3.3554941608776425 13.743905183115182 3.5121472944545653 11.607127891306124 13.39332371904068 3.29083818591002 2.21866259842754 2.7213355808497663 7.8957044386462965 11.27074963531842 12.623798349864856 2.1614429898039793 5.986011983389806 12.378924209813345 1.092237431600743 2.6230351862108314 6.944251767526328 11.17205367124999 8.420716782810942 7.133807803245717 11.45648752551864 10.858460361423688 13.722895780039838 5.798167995999501 10.161265858786846 3.590395771038754 13.43653918220416 11.159906714714834 14.494027729669606 6.481045353006592 8.393027265940585 13.798864258042379 10.064101027695465 6.2853453328218025 2.4323970648222106 10.767390743892092 2.914257694613262 7.6410825178442785 2.886237185406771 1.8762166713640656 8.531507930209777 6.426974501091203];
euros_km_B=[4.065120407913621 4.82047735408008 23.49647618265082 4.986961344389812 5.960964779680918 14.116555364656946 5.670260660499607 4.785685802817568 13.026394626484375 17.618175182497318 18.648915266549743 27.754070479303913 23.98998962877158 2.0349860173097514 24.371572341749314 12.202437116282272 13.95027692058662 13.263627665649606 22.10939995425925 15.487555559634501 8.257570702537858 18.443748305531173 4.99091778971192 5.283770720574379 11.365377716260483 24.506361263925275 13.991066936618136 25.55742351468106 15.859926490911663 13.159327392314937 14.967092629068507 2.251051673540598 10.887048680516838 3.8109757963668143 11.18053802860198 7.844324478973009 20.542126354558594 19.635146782203968 7.934294632320781 8.063660320697121 22.42842471955758 17.064679726868402 23.01118322445588 2.438568585966172 15.706518004581975 6.418479970910946 21.058675201560188 3.349961949064613 11.806778436829807 8.020520572367417 16.547746403123178 8.704427457527592 14.820088802696846 23.504247878203273 6.455889829148595 24.993160225298993 3.6581559781270356 13.035827848128598 12.022271809677834 1.7771177478920501 6.075547246579675 17.211426155394754 18.98315327440199 21.67471641189702 10.604948663752229 15.499882276208771 24.736995487930376 3.1159813614982386 8.33665700341301 7.525780352760286 18.3994219964918 21.953448883698307 24.101558495315594 5.151732123560724 9.270252615936334 22.257651952168352 8.486200888760111 14.836063199445885 15.99058035655542 26.701586287839433 2.1455275685824127 2.0984353708431747 16.470060269347996 2.261223705985533];


nDrivers=83;
max_D=[155 195 158 163 229 174 171 142 212 170 231 236 188 151 148 231 121 156 201 146 147 196 144 224 140 188 230 230 142 198 239 202 177 172 213 122 175 166 201 173 198 176 218 232 132 168 211 178 233 170 192 200 235 159 134 233 145 194 221 120 200 231 129 127 219 212 219 219 128 188 163 142 144 236 155 175 160 235 232 125 236 229 131];
        

nServices=90;
S_starting_time=[367 632 36 354 695 551 296 553 221 79 536 639 146 302 582 316 229 591 182 318 548 91 298 557 332 695 683 137 221 564 13 498 44 457 625 104 127 630 364 450 427 79 654 534 499 688 178 354 155 617 683 371 694 152 517 182 657 349 258 656 706 708 20 213 573 278 105 329 490 548 160 237 228 21 454 214 566 131 436 471 25 710 509 233 261 152 523 176 623 277];
duration_s_min=[103 103 91 88 66 81 83 86 69 83 108 94 78 114 61 72 90 64 110 78 105 110 65 100 89 85 104 77 109 116 91 111 62 110 99 96 66 80 90 70 90 108 72 107 63 69 92 89 118 62 96 68 115 115 96 76 117 66 120 62 74 70 71 103 104 92 108 118 80 81 106 88 85 103 72 70 119 104 88 85 68 91 64 93 90 120 117 118 62 92];
duration_s_km=[44 54 38 60 47 60 58 50 35 40 33 40 59 59 44 52 52 43 39 54 45 30 40 52 44 35 47 59 30 57 56 32 56 39 46 53 37 42 47 46 50 34 56 30 49 43 38 38 55 35 40 52 45 33 55 54 36 43 32 40 41 34 47 60 38 56 34 31 59 32 43 45 36 35 41 35 38 30 55 30 33 60 32 55 54 30 32 50 34 60];
num_passangers=[92 70 52 25 99 39 53 83 44 77 75 47 21 79 88 58 74 81 49 29 49 75 23 22 50 62 77 50 64 88 81 87 26 96 85 100 36 70 22 57 51 64 82 53 20 96 73 79 23 80 90 90 94 46 76 68 92 97 35 56 45 22 81 33 27 50 86 72 90 70 33 98 31 62 26 36 48 90 70 100 50 65 36 40 79 100 85 23 22 46];
BM=250;
CBM=0.500000;
CEM=0.800000;    