nBuses=94;
max_busses=88;
cap_B=[55 90 86 138 110 74 48 35 139 25 117 114 135 139 32 93 99 109 87 94 95 104 42 29 22 82 61 94 67 99 65 82 97 132 134 85 80 51 95 60 63 44 69 21 116 29 40 111 118 82 123 104 94 112 42 42 79 122 79 115 88 61 45 119 76 134 56 20 70 65 90 38 103 31 61 20 123 58 52 79 53 89 105 33 116 111 130 115 79 58 61 27 54 92];
euros_min_B=[6.829712668132967 10.46603601634815 9.200449108853556 13.547453888998051 6.200559345858969 2.4716129519678 5.8717504216455065 12.35498643269173 7.606782381192255 2.733730786828297 9.853518668819367 1.3267979284438982 7.0197024327405275 3.093396716667678 11.18154587075969 9.638337428390205 8.191492298271617 7.094217205272905 8.508391752774909 11.629808453270709 10.195946864975975 4.054037275798175 6.756947952323782 11.638298163610184 10.032702762976198 13.09224539325586 7.2097574283866255 13.977550647441651 4.108041396944095 8.697064609589898 5.8758750633963235 6.006770592525946 8.943974780710764 4.484194897363849 7.432035338360707 8.242154224124322 13.566452472025748 6.711532758265446 6.004246900578265 11.600909081556583 8.411209586111966 14.101499237179755 4.836973016235497 3.700273822002928 8.038454170825794 10.493131600999233 12.336268843870108 14.656107778414967 5.9969132231225455 8.429527536087082 1.9377785983716023 7.911929028211474 6.489776714908615 11.27984535065379 13.956894408672627 8.463817999199158 5.579008778256456 8.588207574499178 14.084657347813987 10.450380931121403 10.509629752172312 8.83148929432328 12.778013869212387 1.8051657912156456 3.058961051354591 4.994246069484291 4.310798086655705 4.1601075144024815 9.015860933960338 4.993735088918268 10.761135172819008 3.6496746105667106 2.859783297357928 7.2714955897443065 3.547332216006448 13.670697322685538 6.948883252498182 9.89977537356685 5.475947381994662 1.6289370550937898 11.690421886837292 8.516322795138908 8.9051765514901 9.850612200825235 7.825591015539941 12.53229153376512 4.798986392659124 10.661882370723177 6.352383384345823 4.854294806826763 10.013442133157588 7.019016200276457 4.903920246364561 1.0290355228163708];
euros_km_B=[26.73884134000714 19.37472518462312 7.27814314771221 28.857989749447075 20.39233658210195 29.306606102538645 5.351207184949664 11.763484594477438 12.360663029085126 2.307105912936371 27.188390262587767 19.407590274979455 10.925009173580479 28.62976163501382 28.574187268425405 5.119030524973052 2.5286297495053844 26.00578478460107 24.4136313482732 3.6841301754027898 13.80216483297906 15.201468767357435 8.070035395018417 22.033486305137053 24.080103422020372 26.290338390745944 5.087636603035577 10.017442106752455 27.73274679644499 9.32623113643497 10.61597270484608 17.92774013177551 10.26415623525982 29.042942411553273 7.8630762561582195 28.161104778049616 4.417745101450992 24.679444782608535 26.656983083688328 20.057898723317056 10.502897279761292 22.850751381878922 22.78367405861212 15.502591435950967 8.610063197745259 27.97324697894711 10.946205422818025 15.76355583343878 16.71971114397862 27.08626832258117 23.692434197115745 15.339220157799161 8.899955899816138 22.808013709279624 13.439835452697523 2.0585626240458406 29.68186212071164 13.780010435262763 20.690100544422492 24.3993320024177 26.615874297812784 29.092297344772565 1.590207888363569 16.270357692121394 2.1423580452770663 6.160164554928104 26.246513425354117 6.758448531607555 27.366959593151 6.958400842224343 26.525676696330674 24.633962583470577 29.853831648769095 16.22686236087538 18.317629033802483 22.487396577543013 4.790871787214686 20.099310103067744 21.957822204523424 14.051770194369169 10.699733501934977 14.596707203721833 12.029571002233638 19.89736615206426 9.491889020148804 4.472200832308696 18.342447062595426 19.825734806060876 26.574383494491045 14.315323557433604 4.5246570107290704 24.071874555622973 15.000697448354073 3.061130197633795];


nDrivers=89;
max_D=[219 228 167 209 155 223 176 148 166 217 134 202 144 206 222 194 221 134 194 210 216 181 182 175 121 126 159 185 212 154 239 145 237 142 207 128 217 126 173 225 240 189 156 219 206 189 208 178 185 165 211 122 197 127 173 186 195 130 230 160 194 143 232 149 155 133 126 172 217 215 173 165 165 236 183 199 135 130 203 150 150 234 170 163 124 145 181 221 146];
        

nServices=95;
S_starting_time=[304 588 395 692 17 542 680 169 467 619 388 430 412 347 599 313 489 408 497 641 552 23 75 316 86 420 352 444 690 317 563 499 676 188 382 612 11 23 435 643 296 534 479 472 574 665 609 251 216 201 88 712 295 173 647 391 338 580 148 501 431 382 559 293 336 124 374 715 185 73 191 115 131 586 205 518 501 386 321 586 390 131 620 695 182 597 221 344 596 436 359 426 359 337 48];
duration_s_min=[65 87 90 114 65 75 76 68 112 81 80 86 118 102 66 69 64 83 65 116 85 91 100 105 111 101 69 120 80 88 82 104 83 95 74 79 63 83 109 68 95 60 63 79 87 87 92 90 86 64 69 84 86 92 77 110 88 93 75 73 75 90 62 71 82 69 85 71 82 98 108 83 87 111 79 94 81 75 72 117 61 80 73 111 104 111 83 80 108 102 83 90 76 76 114];
duration_s_km=[30 47 35 45 34 46 40 44 54 57 34 57 45 36 36 49 39 36 43 31 50 53 44 52 53 53 53 46 56 31 53 51 59 38 37 41 33 42 39 37 59 46 60 30 33 53 48 49 55 37 42 49 32 37 42 37 50 32 55 44 39 53 33 58 30 54 30 54 51 55 30 30 56 45 42 50 42 34 48 55 52 52 34 53 48 46 32 34 38 49 42 40 47 47 46];
num_passangers=[49 69 97 35 54 98 71 97 44 76 59 42 36 95 81 49 31 34 72 79 93 46 63 43 29 49 59 25 40 100 89 37 86 98 36 83 54 67 90 46 58 48 68 32 32 22 40 48 45 55 87 87 93 86 93 67 37 26 46 46 90 28 88 31 71 88 22 67 72 98 86 54 31 36 23 38 49 87 55 25 31 40 39 96 98 94 81 57 54 95 94 38 90 27 81];
BM=250;
CBM=0.500000;
CEM=0.800000;    