nBuses=116;
max_busses=113;
cap_B=[132 84 67 137 58 133 99 113 27 124 104 34 130 116 113 114 31 115 72 32 82 30 117 105 43 107 101 118 61 72 137 46 75 64 23 43 79 31 106 60 44 113 115 94 105 123 138 20 94 52 103 122 129 98 124 25 76 37 88 82 77 115 49 97 100 137 100 112 100 99 53 120 103 66 54 80 35 90 65 47 20 127 126 94 104 125 119 55 107 135 63 90 24 36 131 36 57 62 66 129 50 110 129 83 35 65 106 127 82 111 39 68 132 23 56 72];
euros_min_B=[9.190206149815028 12.506294575985153 1.90485498688577 10.607128617866264 10.113577446192053 6.7525610003111725 13.088302267162204 13.403884514529755 4.185864407318985 5.939901932443211 9.745021420863734 2.7317808328529765 1.2830271318136715 14.208884484270776 1.84788697601523 2.7183702085080506 9.313451111262744 4.4108367183393575 7.793656908211393 3.289967706287393 4.880496558110915 5.209023122777665 11.750629496968692 5.89987069550523 5.259971384275779 13.052155194354107 12.507267911482057 10.879458216938668 1.069442904374497 1.3045226436385746 11.55990061571237 1.967591922062029 7.70817761025449 7.5110453826243555 7.326419762819797 1.3617208843687427 6.434412822747199 2.208868284306659 5.639891966879903 3.1367834091301354 1.9079299302843455 1.69939589171879 6.093457642191652 13.198750434053855 1.9937579984632072 12.133999757725684 11.799724509633604 1.4485301428813393 14.630295135361612 3.465677631610538 9.36421136174734 1.9506323519107882 7.147743734033433 14.96818769652279 6.963214132760682 10.930348207155308 8.063185629415344 7.77077846337365 13.19725414385888 11.270828303424029 11.884631143312188 2.83872372567585 14.652915480203237 8.131946556238418 7.127412912091723 4.2188627627057596 13.12631160576452 3.415107028963111 3.4445685050549706 5.713281622539941 5.556382575898723 13.695829063186736 8.47826300807601 11.35350979839913 12.38644575432079 11.458184016465548 5.345256229049077 9.940196118501913 13.20611494308972 5.214555519522816 14.6425774539071 11.174827025520324 11.675219822925682 11.481039204733086 13.094190771416859 11.212717412440107 1.6650732560804762 4.6025067073710915 6.339360762938467 2.887279870198896 1.8339054580700647 10.098119241494654 13.609212502437654 2.9387583594465303 4.904048384697505 10.164810260270944 1.7906265026759007 12.017759103190558 12.960118119964584 4.936088900904819 12.020747943262847 6.816200957636801 11.932706488851867 3.041032948285727 10.522535179547956 3.2142501047974434 12.325908631245355 10.43834965557334 6.823543136816426 4.730972315918101 11.226962736214155 4.812024453954354 11.4718574948839 11.49328517787659 2.561065193848468 2.982962079436491];
euros_km_B=[27.04841983728014 3.8639020996178806 17.96659701383271 1.147097829065634 9.767523426741507 19.018212726296124 1.3313746205750845 29.52612244784575 10.54159214697878 2.6667353358304258 4.084463396877757 23.365347993727735 13.436577263312813 22.54383866297865 13.315982726799225 28.687417994536485 22.890036850598218 3.5799824942192497 12.449445685260551 3.1625000250872035 18.273355226052285 6.342971825358521 18.50947918263972 16.223165808853196 11.232528957832935 27.990257319888 27.04802012183287 13.258890144364239 21.441963076978784 21.177529975912975 11.703789853325953 17.120272760607307 20.873621340275392 3.6002029916642266 14.309430838464488 22.881946963624028 21.161985356111863 10.417164998088085 7.45967226961669 25.53868737900771 4.827442520290959 12.46876923284862 18.121299865184408 4.95676122708192 2.653073281742183 6.797277503121741 13.35162861667005 25.486264999060364 12.825898851818124 22.009538929397266 18.14296076528998 21.835118929914216 20.645943121008216 4.4156975710533235 9.862862627191856 28.29034512878378 5.1030232552021175 27.347026621888347 12.24283842269187 15.170068396999326 7.959280027839167 23.535325440902888 23.80257639754253 11.949169992227674 18.580572624375936 6.2327384246265884 10.570471221522553 1.4185854425857212 17.730284018296487 5.192249867939471 2.234976757631678 18.128355149050684 2.613577351071454 13.215597156768222 27.05985658475024 13.094003197611752 18.628661789497464 9.37583717639868 6.416581544932492 10.101531870331804 13.707264046847275 27.758876275685616 13.867544655790056 19.663549014741307 3.86620808107817 14.343469754494047 22.199339551040246 15.54625053107644 11.93054571827741 10.733756484825872 7.715144929923438 26.349383043265952 4.411440926722829 6.046954003444137 20.82716843892781 16.492497189907652 18.013493838581248 2.3824155033302556 6.93826024042045 6.017005610624892 16.857882911301445 8.026311075927605 27.350625618430005 28.091074984924017 21.504163563551018 26.96315110916893 2.0045312794749206 18.197431474512754 27.946470048545073 27.89638994531421 2.15047104809368 4.35626560419086 8.497841762937664 23.605660864136475 23.85307101555093 17.916601761910858];


nDrivers=112;
max_D=[150 214 218 171 225 168 125 154 192 126 144 153 139 199 162 211 195 164 189 151 217 120 209 138 120 215 136 123 195 136 226 152 123 136 161 130 164 200 175 174 205 196 184 180 204 136 225 187 189 165 211 172 188 137 226 171 190 182 122 203 125 146 144 190 216 154 234 239 155 139 157 225 225 233 216 176 218 165 122 219 214 184 178 136 156 182 209 205 150 227 187 134 194 122 216 174 232 145 165 174 202 194 199 165 223 154 202 209 196 150 198 232];
        

nServices=118;
S_starting_time=[657 326 400 477 157 23 285 43 252 532 487 594 368 316 172 710 134 393 31 297 336 317 259 702 419 463 616 38 460 82 226 20 698 258 71 347 559 147 257 307 411 305 5 77 229 100 437 143 346 538 390 632 478 208 426 330 383 217 394 297 545 718 272 345 502 596 439 365 28 228 309 574 549 418 499 107 79 615 153 531 451 395 578 69 624 615 190 666 396 210 258 584 163 381 266 336 403 469 242 216 165 658 534 650 626 649 184 129 551 133 581 347 462 101 514 342 37 190];
duration_s_min=[90 119 120 68 78 105 113 78 107 73 87 118 75 117 93 79 61 86 93 119 73 60 106 84 77 89 74 110 118 84 93 113 115 69 95 87 103 106 90 84 73 61 114 88 118 110 108 90 89 111 60 84 60 117 73 81 116 96 68 68 110 61 120 91 83 86 95 68 95 98 120 115 76 61 75 92 85 98 120 85 109 107 92 109 90 77 69 74 95 89 96 107 117 95 108 90 116 87 77 112 63 90 93 78 113 90 63 79 70 117 76 71 104 115 81 69 64 115];
duration_s_km=[32 39 37 40 36 45 48 38 60 30 57 41 41 51 38 50 37 52 36 51 36 47 48 36 35 44 59 37 31 40 48 57 59 31 40 51 49 37 45 43 33 37 40 40 55 55 54 39 34 55 52 37 42 59 55 57 31 33 37 50 49 37 38 42 48 49 54 39 59 42 51 36 56 36 37 38 36 56 35 33 44 46 42 32 34 44 47 57 56 55 39 43 46 39 37 46 55 44 38 55 35 56 40 35 60 45 51 58 32 50 48 42 40 58 48 58 58 34];
num_passangers=[30 82 84 83 74 83 65 26 87 76 57 92 83 66 95 30 31 94 59 54 69 28 48 67 35 71 25 95 91 37 35 96 43 96 43 44 90 49 100 36 83 39 45 59 78 73 40 61 74 74 56 86 41 76 98 47 86 56 56 25 84 94 39 49 23 31 63 64 21 58 26 79 57 67 42 50 55 80 22 30 37 72 62 65 31 55 52 20 82 65 43 83 79 31 73 26 20 98 54 66 84 76 23 100 67 47 48 22 31 51 78 95 55 20 28 97 31 63];
BM=250;
CBM=0.500000;
CEM=0.800000;    