nBuses=10;
max_busses=10;
cap_B=[14 13 14 19 18 18 10 13 12 11];
euros_min_B=[51 34 70 40 90 10 73 74 52 21];
euros_km_B=[35 24 81 28 94 45 32 59 51 80];


nDrivers=100;
max_D=[42 51 35 40 34 24 47 70 81 88 40 28 81 90 94 74 10 45 13 73 32 34 74 59 33 52 51 25 21 80 43 78 70 36 38 34 19 20 35 99 81 66 86 100 78 19 22 100 37 52 21 22 83 69 20 78 23 44 66 90 80 25 54 77 17 61 84 87 77 41 38 83 70 61 27 59 11 14 16 73 90 15 55 65 25 42 74 82 98 72 17 93 70 98 93 22 28 48 77 21];


nServices=6;
S_starting_time=[7 6 9 9 5 6];
duration_s_min=[6 7 6 10 5 9];
duration_s_km=[51 24 88 90 45 34];
num_passangers=[6 8 6 9 8 8];
